     1  1  0.00453515     161
     2  1  0.00453515     161
     3  1  0.00453515     161
     4  1  0.00453515     161
     5  1  0.00453515     161
     6  1  0.00453515     161
     7  1  0.00453515     161
     8  1  0.00453515     161
     9  1  0.00453515     161
    10  1  0.00453515     161
    11  1  0.00453515     161
    12  1  0.00453515     161
    13  1  0.00453515     161
    14  1  0.00453515     161
    15  1  0.00453515     161
    16  1  0.00453515     161
    17  1  0.00453515     161
    18  1  0.00453515     161
    19  1  0.00453515     161
    20  1  0.00453515     161
    21  1  0.00453515     161
    22  1  0.00453515     161
    23  1  0.00453515     161
    24  1  0.00453515     161
    25  1  0.00453515     161
    26  1  0.00453515     161
    27  1  0.00453515     161
    28  1  0.00453515     161
    29  1  0.00453515     161
    30  1  0.00453515     161
    31  1  0.00453515     161
    32  1  0.00453515     161
    33  1  0.00453515     161
    34  1  0.00453515     161
    35  1  0.00453515     161
    36  1  0.00453515     161
    37  1  0.00453515     161
    38  1  0.00453515     161
    39  1  0.00453515     161
    40  1  0.00453515     161
    41  1  0.00453515     161
    42  1  0.00453515     161
    43  1  0.00453515     161
    44  1  0.00453515     161
    45  1  0.00453515     161
    46  1  0.00453515     161
    47  1  0.00453515     161
    48  1  0.00453515     161
    49  1  0.00453515     161
    50  1  0.00453515     161
    51  1  0.00453515     161
    52  1  0.00453515     161
    53  1  0.00453515     161
    54  1  0.00453515     161
    55  1  0.00453515     161
    56  1  0.00453515     161
    57  1  0.00453515     161
    58  1  0.00453515     161
    59  1  0.00453515     161
    60  1  0.00453515     161
    61  1  0.00453515     161
    62  1  0.00453515     161
    63  1  0.00453515     161
    64  1  0.00453515     162
    65  1  0.00453515     162
    66  1  0.00453515     162
    67  1  0.00453515     162
    68  1  0.00453515     162
    69  1  0.00453515     162
    70  1  0.00453515     162
    71  1  0.00453515     162
    72  1  0.00453515     162
    73  1  0.00453515     162
    74  1  0.00453515     162
    75  1  0.00453515     162
    76  1  0.00453515     162
    77  1  0.00453515     162
    78  1  0.00453515     162
    79  1  0.00453515     162
    80  1  0.00453515     162
    81  1  0.00453515     162
    82  1  0.00453515     162
    83  1  0.00453515     162
    84  1  0.00453515     162
    85  1  0.00453515     162
    86  1  0.00453515     162
    87  1  0.00453515     162
    88  1  0.00453515     162
    89  1  0.00453515     162
    90  1  0.00453515     162
    91  1  0.00453515     162
    92  1  0.00453515     162
    93  1  0.00453515     162
    94  1  0.00453515     162
    95  1  0.00453515     162
    96  1  0.00453515     162
    97  1  0.00453515     162
    98  1  0.00453515     162
    99  1  0.00453515     162
   100  1  0.00453515     162
   101  1  0.00453515     162
   102  1  0.00453515     162
   103  1  0.00453515     162
   104  1  0.00453515     162
   105  1  0.00453515     162
   106  1  0.00453515     162
   107  1  0.00453515     162
   108  1  0.00453515     162
   109  1  0.00453515     162
   110  1  0.00453515     162
   111  1  0.00453515     162
   112  1  0.00453515     162
   113  1  0.00453515     162
   114  1  0.00453515     162
   115  1  0.00453515     162
   116  1  0.00453515     162
   117  1  0.00453515     162
   118  1  0.00453515     162
   119  1  0.00453515     162
   120  1  0.00453515     162
   121  1  0.00453515     162
   122  1  0.00453515     162
   123  1  0.00453515     162
   124  1  0.00453515     162
   125  1  0.00453515     162
   126  1  0.00453515     162
   127  1  0.00453515     162
   128  1  0.00453515     162
   129  1  0.00453515     162
   130  1  0.00453515     162
   131  1  0.00453515     162
   132  1  0.00453515     162
   133  1  0.00453515     162
   134  1  0.00453515     162
   135  1  0.00453515     162
   136  1  0.00453515     162
   137  1  0.00453515     162
   138  1  0.00453515     162
   139  1  0.00453515     162
   140  1  0.00453515     162
   141  1  0.00453515     162
   142  1  0.00453515     162
   143  1  0.00453515     162
   144  1  0.00453515     162
   145  1  0.00453515     162
   146  1  0.00453515     162
   147  1  0.00453515     162
   148  1  0.00453515     162
   149  1  0.00453515     162
   150  1  0.00453515     162
   151  1  0.00453515     162
   152  1  0.00453515     162
   153  1  0.00453515     162
   154  1  0.00453515     162
   155  1  0.00453515     162
   156  1  0.00453515     162
   157  1  0.00453515     162
   158  1  0.00453515     162
   159  1  0.00453515     162
   160  1  0.00453515     162
   161  1  0.00453515     162
   162  1  0.00453515     162
   163  1  0.00453515     162
   164  1  0.00453515     162
   165  1  0.00453515     162
   166  1  0.00453515     162
   167  1  0.00453515     162
   168  1  0.00453515     162
   169  1  0.00453515     162
   170  1  0.00453515     162
   171  1  0.00453515     162
   172  1  0.00453515     162
   173  1  0.00453515     162
   174  1  0.00453515     162
   175  1  0.00453515     162
   176  1  0.00453515     162
   177  1  0.00453515     162
   178  1  0.00453515     162
   179  1  0.00453515     162
   180  1  0.00453515     162
   181  1  0.00453515     162
   182  1  0.00453515     162
   183  1  0.00453515     162
   184  1  0.00453515     162
   185  1  0.00453515     162
   186  1  0.00453515     162
   187  1  0.00453515     162
   188  1  0.00453515     162
   189  1  0.00453515     162
   190  1  0.00453515     162
   191  1  0.00453515     162
   192  1  0.00453515     162
   193  1  0.00453515     162
   194  1  0.00453515     162
   195  1  0.00453515     162
   196  1  0.00453515     162
   197  1  0.00453515     162
   198  1  0.00453515     162
   199  1  0.00453515     162
   200  1  0.00453515     162
   201  1  0.00453515     162
   202  1  0.00453515     162
   203  1  0.00453515     162
   204  1  0.00453515     162
   205  1  0.00453515     162
   206  1  0.00453515     162
   207  1  0.00453515     162
   208  1  0.00453515     162
   209  1  0.00453515     162
   210  1  0.00453515     162
   211  1  0.00226757     162
   212  1  0.00226757     162
   213  1  0.00226757     162
   214  1  0.00226757     162
   215  1  0.00226757     162
   216  1  0.00226757     162
   217  1  0.00226757     162
   218  1  0.00226757     162
   219  1  0.00226757     162
   220  1  0.00226757     162
   221  1  0.00226757     162
   222  1  0.00226757     162
   223  1  0.00226757     162
   224  1  0.00226757     162
   225  1  0.00226757     162
   226  1  0.00226757     162
   227  1  0.00226757     162
   228  1  0.00226757     162
   229  1  0.00226757     162
   230  1  0.00226757     162
   231  1  0.00226757     162
