               -977.2026890646
         -0.004684925       0.000000684       0.000000000
          0.000000684      -0.020211298       0.000000000
          0.000000000       0.000000000       0.000000094
          72
  1     7      -1.080756007     -25.587792349       0.000000000  N
  1     7       0.051014985       0.134304066       0.000000000  N
  1     7       0.052578959      -0.126902658       0.000000000  N
  1     7      -0.053648663       0.129296517       0.000000000  N
  1     7      -0.053815557      -0.130094782       0.000000000  N
  1     7       0.019664361      -0.037921992       0.000000000  N
  1     7      -0.035869083       0.058940691       0.000000000  N
  1     7      -0.033846501      -0.067575974       0.000000000  N
  1     7      -0.002866966      -0.169608614       0.000000000  N
  1     7       0.119914868      -0.013045748       0.000000000  N
  1     7       0.096680646       0.043284258       0.000000000  N
  1     7      -0.021090962      -0.032963493       0.000000000  N
  1     7      -0.117725814      -0.023318442       0.000000000  N
  1     7      -0.096238528       0.038526638       0.000000000  N
  1     7      -0.053011744      -0.133820178       0.000000000  N
  1     7       0.038711178       0.059136734       0.000000000  N
  1     7       0.036834100      -0.063309820       0.000000000  N
  1     7       0.050745953       0.127876670       0.000000000  N
  1     7       0.054534438      -0.128450158       0.000000000  N
  1     7      -0.054274691       0.132357944       0.000000000  N
  1     7      -0.005261104       0.042817430       0.000000000  N
  1     7       0.005204011       0.123590581       0.000000000  N
  1     7      -0.006343634       0.039389112       0.000000000  N
  1     7      -0.002750271       4.284215370       0.000000000  N
  1     7      -0.054860507     -25.210170855       0.000000000  N
  2     6       0.022192396      21.180644709       0.000000000  C
  2     6      -0.018562292      -4.946913514       0.000000000  C
  2     6      -0.018947352       4.562353427       0.000000000  C
  2     6       0.009018199       4.920202104       0.000000000  C
  2     6       0.772951547     -21.624059939       0.000000000  C
  2     6       1.005754188       0.260828070       0.000000000  C
  2     6       1.352350215     -21.390208075       0.000000000  C
  2     6       0.048064944      -0.016799265       0.000000000  C
  2     6      -0.101581707       0.027985662       0.000000000  C
  2     6       0.037412119      -0.104367037       0.000000000  C
  2     6      -1.010256369       0.254371932       0.000000000  C
  2     6      -1.408281210     -21.459208384       0.000000000  C
  2     6       0.671922367      21.328748697       0.000000000  C
  2     6      -0.069020304      -4.965084311       0.000000000  C
  2     6       1.288795272      21.358156418       0.000000000  C
  2     6       0.983139541      -0.259996588       0.000000000  C
  2     6      -0.100920534      -0.031851370       0.000000000  C
  2     6       0.045415962       0.007386260       0.000000000  C
  2     6       0.032425216       0.106031260       0.000000000  C
  2     6      -0.567654950      21.275693112       0.000000000  C
  2     6       0.119627295      -4.943125819       0.000000000  C
  2     6      -0.259352605      21.345289934       0.000000000  C
  2     6       0.213650937      -4.845134333       0.000000000  C
  2     6       0.084076380      21.747238449       0.000000000  C
  2     6       0.951325464      -0.124704390       0.000000000  C
  2     6      -0.068972420       0.149932588       0.000000000  C
  2     6      -1.084183438      21.406047477       0.000000000  C
  2     6      -0.957786801      -0.268957953       0.000000000  C
  2     6       0.013562084      26.253235133       0.000000000  C
  2     6      -0.978181335      -0.124203385       0.000000000  C
  2     6       0.054740580      26.845945613       0.000000000  C
  2     6       0.100077312      -0.027207791       0.000000000  C
  2     6      -0.036962605       0.004648672       0.000000000  C
  2     6       0.073786838       0.148181395       0.000000000  C
  2     6      -0.038379902       0.110396984       0.000000000  C
  2     6      -0.035961036      -0.103330354       0.000000000  C
  2     6      -0.074702603      -0.122246350       0.000000000  C
  2     6      -0.018486825     -21.992578798       0.000000000  C
  2     6       0.074578463      -0.118834860       0.000000000  C
  2     6       0.892400831       0.202872837       0.000000000  C
  2     6       0.777469154     -21.676473046       0.000000000  C
  2     6      -0.907328719       0.189113162       0.000000000  C
  2     6      -0.804900817     -21.733418355       0.000000000  C
  2     6      -0.049243827      -0.019204177       0.000000000  C
  2     6       0.110737398       0.033595232       0.000000000  C
  2     6      -0.046219622       5.022770029       0.000000000  C
  2     6       0.062402718     -21.331969866       0.000000000  C
