               -845.5548742944
         -0.000433215      -0.000003085       0.000000000
         -0.000003085      -0.000426743       0.000000000
          0.000000000       0.000000000      -0.000000537
          72
  1     6      -0.008729986      -0.002130170       0.000000000  C
  1     6       0.003660031       0.002469879       0.000000000  C
  1     6       0.004239012      -0.000560701       0.000000000  C
  1     6       0.001394798      -0.004502334       0.000000000  C
  1     6       0.000277757       0.003827204       0.000000000  C
  1     6       0.000871768      -0.001666816       0.000000000  C
  1     6       0.006818260      -0.003345492       0.000000000  C
  1     6       0.000523306      -0.005103216       0.000000000  C
  1     6       0.004746416       0.001309007       0.000000000  C
  1     6       0.005084551       0.000084872       0.000000000  C
  1     6      -0.015035117       0.000657077       0.000000000  C
  1     6       0.002456533       0.006508235       0.000000000  C
  1     6       0.000368124       0.002717848       0.000000000  C
  1     6      -0.004995041       0.005133724       0.000000000  C
  1     6       0.000374646       0.002238887       0.000000000  C
  1     6      -0.003848873       0.002519388       0.000000000  C
  1     6       0.008602704      -0.002179199       0.000000000  C
  1     6      -0.004728225      -0.008054650       0.000000000  C
  1     6      -0.001522255      -0.007983060       0.000000000  C
  1     6      -0.005195892       0.003431613       0.000000000  C
  1     6      -0.001163457       0.003364628       0.000000000  C
  1     6       0.006508037       0.003585445       0.000000000  C
  1     6       0.002541376      -0.007989818       0.000000000  C
  1     6       0.005016793      -0.008131522       0.000000000  C
  1     6       0.000883746      -0.000614841       0.000000000  C
  1     6      -0.000130850      -0.000613372       0.000000000  C
  1     6      -0.000888445      -0.000835142       0.000000000  C
  1     6      -0.002222117       0.006579782       0.000000000  C
  1     6       0.015746199       0.000684456       0.000000000  C
  1     6      -0.042110095       0.015350458       0.000000000  C
  1     6       0.036974264      -0.028457190       0.000000000  C
  1     6      -0.000363694      -0.136452479       0.000000000  C
  1     6      -0.038034328      -0.028783208       0.000000000  C
  1     6       0.043228813       0.015537800       0.000000000  C
  1     6      -0.000293104       0.002296134       0.000000000  C
  1     6      -0.004700381       0.000354176       0.000000000  C
  1     6      -0.004076192       0.001352818       0.000000000  C
  1     6      -0.001581592      -0.021352693       0.000000000  C
  1     6      -0.119913072      -0.060867557       0.000000000  C
  1     6      -0.006784581      -0.003078137       0.000000000  C
  1     6       0.012753106      -0.004398714       0.000000000  C
  1     6      -0.012299232       0.005159363       0.000000000  C
  1     6       0.025857233       0.011894479       0.000000000  C
  1     6      -0.033670422       0.121510966       0.000000000  C
  1     6      -0.000198443       0.035246278       0.000000000  C
  1     6      -0.001841497       0.001991266       0.000000000  C
  1     6       0.003977345       0.000178477       0.000000000  C
  1     6      -0.012104788       0.003322877       0.000000000  C
  1     6       0.001310671       0.002550496       0.000000000  C
  1     6       0.000913966       0.002558430       0.000000000  C
  1     6      -0.000852949       0.000542280       0.000000000  C
  1     6      -0.002349639      -0.001913825       0.000000000  C
  1     6      -0.000319838      -0.001944524       0.000000000  C
  1     6       0.120191137      -0.060588372       0.000000000  C
  1     6       0.001589664      -0.021372057       0.000000000  C
  1     6       0.033017715       0.121114041       0.000000000  C
  1     6      -0.024864193       0.012201573       0.000000000  C
  1     6      -0.000939499      -0.000649945       0.000000000  C
  1     6      -0.000026678       0.002883024       0.000000000  C
  1     6       0.012869247       0.005101629       0.000000000  C
  1     6      -0.012899542      -0.004440335       0.000000000  C
  1     6       0.012693613       0.003265569       0.000000000  C
  1     6      -0.004218958       0.000174500       0.000000000  C
  1     6       0.001358959      -0.002139253       0.000000000  C
  1     6       0.002069960       0.000759216       0.000000000  C
  1     6       0.001875937       0.001858791       0.000000000  C
  1     6       0.000002611      -0.001624828       0.000000000  C
  1     6      -0.005178378      -0.000407530       0.000000000  C
  1     6       0.003872908       0.005255161       0.000000000  C
  2     5      -0.150230729       0.102065789       0.000000000  B
  2     5      -0.000967665      -0.201225332       0.000000000  B
  2     5       0.151938879       0.102770856       0.000000000  B
