               -936.3645227242
          0.000000113      -0.000009050       0.000000000
         -0.000009050       0.000012649       0.000000000
          0.000000000       0.000000000       0.000000990
          72
  1     6       0.012792336       0.006529235       0.000000000  C
  1     6      -0.015819680       0.008914196       0.000000000  C
  1     6      -0.003836868       0.005319659       0.000000000  C
  1     6      -0.000166022      -0.018937270       0.000000000  C
  1     6       0.002432960      -0.007046487       0.000000000  C
  1     6       0.024187628      -0.036094775       0.000000000  C
  1     6      -0.025405558       0.039580536       0.000000000  C
  1     6      -0.004056563       0.001830090       0.000000000  C
  1     6       0.018364183       0.014537174       0.000000000  C
  1     6      -0.014034132       0.036306032       0.000000000  C
  1     6       0.012390863      -0.035850408       0.000000000  C
  1     6      -0.018585572       0.038448060       0.000000000  C
  1     6       0.021129887      -0.041482985       0.000000000  C
  1     6       0.004056563      -0.003892303       0.000000000  C
  1     6      -0.006722547      -0.013870671       0.000000000  C
  1     6      -0.000448546      -0.013437664       0.000000000  C
  1     6       0.001316926       0.008703143       0.000000000  C
  1     6       0.007131116      -0.009389870       0.000000000  C
  1     6      -0.012526097      -0.011195081       0.000000000  C
  1     6      -0.015846039      -0.017668911       0.000000000  C
  1     6       0.016214257      -0.000868155       0.000000000  C
  1     6      -0.000845333       0.004511842       0.000000000  C
  1     6      -0.015224226       0.001076460       0.000000000  C
  1     6       0.024986435       0.014153862       0.000000000  C
  1     6      -0.015802197      -0.009062901       0.000000000  C
  1     6      -0.000447052       0.007322705       0.000000000  C
  1     6      -0.001839442       0.002461921       0.000000000  C
  1     6       0.006812307       0.008643400       0.000000000  C
  1     6       0.004016793      -0.000026523       0.000000000  C
  1     6      -0.017007479       0.004610601       0.000000000  C
  1     6       0.019407999       0.006966988       0.000000000  C
  1     6      -0.011840989       0.006470373       0.000000000  C
  1     6       0.006454204      -0.004994738       0.000000000  C
  1     6       0.001028509      -0.003872785       0.000000000  C
  1     6      -0.000923654      -0.001642325       0.000000000  C
  1     6      -0.008867996      -0.013456261       0.000000000  C
  1     6       0.018779042       0.002385186       0.000000000  C
  1     6       0.008771895      -0.004410780       0.000000000  C
  1     6      -0.005399054       0.009698564       0.000000000  C
  1     6       0.011923080       0.002397697       0.000000000  C
  1     6       0.003116236       0.003396963       0.000000000  C
  1     6      -0.016838405      -0.000277342       0.000000000  C
  1     6       0.011274024       0.015168593       0.000000000  C
  1     6      -0.015913414      -0.005311846       0.000000000  C
  1     6      -0.004004233      -0.017788190       0.000000000  C
  1     6       0.017252571       0.013257274       0.000000000  C
  1     6      -0.021380335      -0.006162518       0.000000000  C
  1     6       0.008785686       0.014584184       0.000000000  C
  1     6       0.023192455      -0.030652296       0.000000000  C
  1     6      -0.025127223       0.028893962       0.000000000  C
  1     6      -0.008442497      -0.019456750       0.000000000  C
  1     6      -0.011013506      -0.006739816       0.000000000  C
  1     6       0.021316123       0.012477939       0.000000000  C
  1     6      -0.021287765       0.002503400       0.000000000  C
  1     6      -0.029486413       0.002173331       0.000000000  C
  1     6       0.007561883       0.015512631       0.000000000  C
  1     6      -0.012436344      -0.027530679       0.000000000  C
  1     6       0.017132834      -0.001189661       0.000000000  C
  1     6       0.000028498      -0.005055398       0.000000000  C
  1     6       0.021282618       0.008731578       0.000000000  C
  1     6       0.008399537       0.004268808       0.000000000  C
  1     6       0.008339925       0.005853722       0.000000000  C
  1     6       0.003081804       0.003390693       0.000000000  C
  2     7       0.006921629       0.004783992       0.000000000  N
  2     7      -0.009626738       0.000014048       0.000000000  N
  2     7      -0.002822377      -0.000729911       0.000000000  N
  2     7      -0.004263940      -0.009742010       0.000000000  N
  2     7       0.002380610       0.000636814       0.000000000  N
  2     7      -0.000561257      -0.002240997       0.000000000  N
  2     7      -0.008239203       0.006832760       0.000000000  N
  2     7       0.001406415      -0.011432340       0.000000000  N
  2     7       0.012389037       0.008066744       0.000000000  N
