# EIG2DOS: Utility for SIESTA to obtain the electronic density of states
#  E. Artacho, Apr 1999, A. Garcia, Apr 2012
# ------------------------------------------
# Eigenvalues read from GRP_doping.EIG
# Using smearing parameter:   0.100
# Using   1001 points in energy range
# Selected bands: 1 to: 936
# Emin, emax in file for selected band(s):    -37.8698800    244.3859900
# Nbands, Nspin, Nk   =    936     1   231
# E_F                 =    -4.7339 eV --> (shifted to ZERO)
# Broadening          =     0.1000 eV
#
#        E            N(up)  (=)   N(down)         Ntot
    -10.000000      9.242639      9.242639     18.485278
     -9.980000     10.454183     10.454183     20.908366
     -9.960000     11.843370     11.843370     23.686739
     -9.940000     13.180374     13.180374     26.360749
     -9.920000     14.186623     14.186623     28.373246
     -9.900000     14.608569     14.608569     29.217139
     -9.880000     14.288772     14.288772     28.577544
     -9.860000     13.212546     13.212546     26.425092
     -9.840000     11.514209     11.514209     23.028418
     -9.820000      9.440286      9.440286     18.880572
     -9.800000      7.283649      7.283649     14.567299
     -9.780000      5.313878      5.313878     10.627756
     -9.760000      3.728060      3.728060      7.456121
     -9.740000      2.633549      2.633549      5.267098
     -9.720000      2.057723      2.057723      4.115447
     -9.700000      1.969316      1.969316      3.938631
     -9.680000      2.296258      2.296258      4.592516
     -9.660000      2.934343      2.934343      5.868687
     -9.640000      3.752106      3.752106      7.504212
     -9.620000      4.602690      4.602690      9.205379
     -9.600000      5.349199      5.349199     10.698398
     -9.580000      5.898616      5.898616     11.797231
     -9.560000      6.228372      6.228372     12.456745
     -9.540000      6.387728      6.387728     12.775455
     -9.520000      6.466671      6.466671     12.933342
     -9.500000      6.543489      6.543489     13.086978
     -9.480000      6.637063      6.637063     13.274126
     -9.460000      6.690694      6.690694     13.381388
     -9.440000      6.598302      6.598302     13.196605
     -9.420000      6.259974      6.259974     12.519948
     -9.400000      5.637005      5.637005     11.274011
     -9.380000      4.777766      4.777766      9.555533
     -9.360000      3.803580      3.803580      7.607161
     -9.340000      2.866060      2.866060      5.732120
     -9.320000      2.099715      2.099715      4.199429
     -9.300000      1.590489      1.590489      3.180978
     -9.280000      1.367687      1.367687      2.735375
     -9.260000      1.413985      1.413985      2.827970
     -9.240000      1.683056      1.683056      3.366111
     -9.220000      2.116470      2.116470      4.232939
     -9.200000      2.656127      2.656127      5.312253
     -9.180000      3.251375      3.251375      6.502750
     -9.160000      3.860690      3.860690      7.721380
     -9.140000      4.448354      4.448354      8.896708
     -9.120000      4.978578      4.978578      9.957156
     -9.100000      5.411842      5.411842     10.823685
     -9.080000      5.708423      5.708423     11.416846
     -9.060000      5.840574      5.840574     11.681148
     -9.040000      5.809187      5.809187     11.618374
     -9.020000      5.656538      5.656538     11.313077
     -9.000000      5.466854      5.466854     10.933707
     -8.980000      5.350841      5.350841     10.701682
     -8.960000      5.416516      5.416516     10.833031
     -8.940000      5.733814      5.733814     11.467628
     -8.920000      6.303539      6.303539     12.607078
     -8.900000      7.042032      7.042032     14.084064
     -8.880000      7.791037      7.791037     15.582075
     -8.860000      8.355901      8.355901     16.711802
     -8.840000      8.564472      8.564472     17.128944
     -8.820000      8.327638      8.327638     16.655277
     -8.800000      7.677281      7.677281     15.354563
     -8.780000      6.763697      6.763697     13.527395
     -8.760000      5.810684      5.810684     11.621368
     -8.740000      5.044378      5.044378     10.088757
     -8.720000      4.622288      4.622288      9.244577
     -8.700000      4.587636      4.587636      9.175272
     -8.680000      4.863576      4.863576      9.727153
     -8.660000      5.287623      5.287623     10.575246
     -8.640000      5.673445      5.673445     11.346891
     -8.620000      5.878046      5.878046     11.756092
     -8.600000      5.849796      5.849796     11.699592
     -8.580000      5.639013      5.639013     11.278026
     -8.560000      5.367178      5.367178     10.734355
     -8.540000      5.168288      5.168288     10.336575
     -8.520000      5.128078      5.128078     10.256156
     -8.500000      5.247403      5.247403     10.494806
     -8.480000      5.444550      5.444550     10.889100
     -8.460000      5.593499      5.593499     11.186998
     -8.440000      5.579970      5.579970     11.159940
     -8.420000      5.351270      5.351270     10.702539
     -8.400000      4.940879      4.940879      9.881757
     -8.380000      4.460594      4.460594      8.921188
     -8.360000      4.065568      4.065568      8.131136
     -8.340000      3.905882      3.905882      7.811764
     -8.320000      4.080799      4.080799      8.161598
     -8.300000      4.609464      4.609464      9.218929
     -8.280000      5.426137      5.426137     10.852273
     -8.260000      6.399991      6.399991     12.799981
     -8.240000      7.370999      7.370999     14.741997
     -8.220000      8.187819      8.187819     16.375637
     -8.200000      8.734741      8.734741     17.469482
     -8.180000      8.942676      8.942676     17.885351
     -8.160000      8.788743      8.788743     17.577486
     -8.140000      8.293197      8.293197     16.586394
     -8.120000      7.518423      7.518423     15.036847
     -8.100000      6.567126      6.567126     13.134253
     -8.080000      5.573050      5.573050     11.146099
     -8.060000      4.681123      4.681123      9.362247
     -8.040000      4.021116      4.021116      8.042231
     -8.020000      3.683086      3.683086      7.366171
     -8.000000      3.701171      3.701171      7.402341
     -7.980000      4.047451      4.047451      8.094903
     -7.960000      4.634856      4.634856      9.269712
     -7.940000      5.329045      5.329045     10.658091
     -7.920000      5.970825      5.970825     11.941650
     -7.900000      6.408611      6.408611     12.817222
     -7.880000      6.534399      6.534399     13.068797
     -7.860000      6.311069      6.311069     12.622139
     -7.840000      5.779385      5.779385     11.558770
     -7.820000      5.041038      5.041038     10.082077
     -7.800000      4.225195      4.225195      8.450389
     -7.780000      3.453075      3.453075      6.906149
     -7.760000      2.814258      2.814258      5.628516
     -7.740000      2.360883      2.360883      4.721767
     -7.720000      2.116763      2.116763      4.233526
     -7.700000      2.092361      2.092361      4.184722
     -7.680000      2.295510      2.295510      4.591021
     -7.660000      2.731142      2.731142      5.462283
     -7.640000      3.389534      3.389534      6.779068
     -7.620000      4.229642      4.229642      8.459284
     -7.600000      5.169138      5.169138     10.338276
     -7.580000      6.092461      6.092461     12.184921
     -7.560000      6.880280      6.880280     13.760560
     -7.540000      7.450669      7.450669     14.901338
     -7.520000      7.791339      7.791339     15.582677
     -7.500000      7.962234      7.962234     15.924467
     -7.480000      8.061767      8.061767     16.123533
     -7.460000      8.171433      8.171433     16.342866
     -7.440000      8.308845      8.308845     16.617690
     -7.420000      8.416905      8.416905     16.833810
     -7.400000      8.396526      8.396526     16.793052
     -7.380000      8.164279      8.164279     16.328559
     -7.360000      7.701682      7.701682     15.403364
     -7.340000      7.069108      7.069108     14.138215
     -7.320000      6.379663      6.379663     12.759325
     -7.300000      5.751132      5.751132     11.502263
     -7.280000      5.262795      5.262795     10.525590
     -7.260000      4.935597      4.935597      9.871195
     -7.240000      4.737750      4.737750      9.475499
     -7.220000      4.605737      4.605737      9.211474
     -7.200000      4.468727      4.468727      8.937454
     -7.180000      4.269612      4.269612      8.539224
     -7.160000      3.981374      3.981374      7.962747
     -7.140000      3.618876      3.618876      7.237752
     -7.120000      3.244380      3.244380      6.488760
     -7.100000      2.963417      2.963417      5.926834
     -7.080000      2.908420      2.908420      5.816840
     -7.060000      3.210496      3.210496      6.420992
     -7.040000      3.963609      3.963609      7.927218
     -7.020000      5.189273      5.189273     10.378545
     -7.000000      6.812815      6.812815     13.625630
     -6.980000      8.662542      8.662542     17.325083
     -6.960000     10.498311     10.498311     20.996621
     -6.940000     12.065679     12.065679     24.131357
     -6.920000     13.159592     13.159592     26.319185
     -6.900000     13.674465     13.674465     27.348929
     -6.880000     13.621130     13.621130     27.242260
     -6.860000     13.105256     13.105256     26.210512
     -6.840000     12.279204     12.279204     24.558407
     -6.820000     11.290277     11.290277     22.580554
     -6.800000     10.246750     10.246750     20.493501
     -6.780000      9.210791      9.210791     18.421582
     -6.760000      8.212403      8.212403     16.424806
     -6.740000      7.269602      7.269602     14.539204
     -6.720000      6.401177      6.401177     12.802355
     -6.700000      5.627108      5.627108     11.254215
     -6.680000      4.961474      4.961474      9.922948
     -6.660000      4.407449      4.407449      8.814898
     -6.640000      3.961330      3.961330      7.922661
     -6.620000      3.624836      3.624836      7.249672
     -6.600000      3.417284      3.417284      6.834569
     -6.580000      3.376956      3.376956      6.753912
     -6.560000      3.546110      3.546110      7.092221
     -6.540000      3.944431      3.944431      7.888861
     -6.520000      4.545072      4.545072      9.090145
     -6.500000      5.269325      5.269325     10.538650
     -6.480000      6.007308      6.007308     12.014616
     -6.460000      6.656774      6.656774     13.313547
     -6.440000      7.159550      7.159550     14.319100
     -6.420000      7.514997      7.514997     15.029994
     -6.400000      7.764180      7.764180     15.528360
     -6.380000      7.958377      7.958377     15.916754
     -6.360000      8.136274      8.136274     16.272549
     -6.340000      8.326461      8.326461     16.652923
     -6.320000      8.570331      8.570331     17.140663
     -6.300000      8.941644      8.941644     17.883289
     -6.280000      9.537943      9.537943     19.075886
     -6.260000     10.437463     10.437463     20.874926
     -6.240000     11.639972     11.639972     23.279944
     -6.220000     13.024101     13.024101     26.048203
     -6.200000     14.348781     14.348781     28.697561
     -6.180000     15.306667     15.306667     30.613333
     -6.160000     15.614204     15.614204     31.228408
     -6.140000     15.106519     15.106519     30.213037
     -6.120000     13.801758     13.801758     27.603517
     -6.100000     11.910142     11.910142     23.820283
     -6.080000      9.784199      9.784199     19.568398
     -6.060000      7.829091      7.829091     15.658183
     -6.040000      6.404248      6.404248     12.808497
     -6.020000      5.744359      5.744359     11.488717
     -6.000000      5.914188      5.914188     11.828376
     -5.980000      6.799253      6.799253     13.598506
     -5.960000      8.130427      8.130427     16.260853
     -5.940000      9.541775      9.541775     19.083551
     -5.920000     10.657773     10.657773     21.315545
     -5.900000     11.193845     11.193845     22.387691
     -5.880000     11.039805     11.039805     22.079611
     -5.860000     10.292553     10.292553     20.585107
     -5.840000      9.220222      9.220222     18.440444
     -5.820000      8.168586      8.168586     16.337172
     -5.800000      7.445846      7.445846     14.891692
     -5.780000      7.229354      7.229354     14.458708
     -5.760000      7.524768      7.524768     15.049536
     -5.740000      8.183743      8.183743     16.367486
     -5.720000      8.964140      8.964140     17.928281
     -5.700000      9.606218      9.606218     19.212436
     -5.680000      9.900595      9.900595     19.801190
     -5.660000      9.733686      9.733686     19.467371
     -5.640000      9.106571      9.106571     18.213142
     -5.620000      8.129298      8.129298     16.258596
     -5.600000      6.994567      6.994567     13.989134
     -5.580000      5.935809      5.935809     11.871617
     -5.560000      5.177223      5.177223     10.354446
     -5.540000      4.886779      4.886779      9.773557
     -5.520000      5.144364      5.144364     10.288728
     -5.500000      5.933518      5.933518     11.867036
     -5.480000      7.156497      7.156497     14.312994
     -5.460000      8.662526      8.662526     17.325053
     -5.440000     10.274087     10.274087     20.548174
     -5.420000     11.800947     11.800947     23.601893
     -5.400000     13.044988     13.044988     26.089975
     -5.380000     13.811160     13.811160     27.622321
     -5.360000     13.939226     13.939226     27.878451
     -5.340000     13.354247     13.354247     26.708495
     -5.320000     12.112423     12.112423     24.224845
     -5.300000     10.411098     10.411098     20.822197
     -5.280000      8.546827      8.546827     17.093655
     -5.260000      6.833943      6.833943     13.667886
     -5.240000      5.518174      5.518174     11.036348
     -5.220000      4.720782      4.720782      9.441564
     -5.200000      4.430518      4.430518      8.861036
     -5.180000      4.537425      4.537425      9.074850
     -5.160000      4.888026      4.888026      9.776051
     -5.140000      5.340063      5.340063     10.680125
     -5.120000      5.802176      5.802176     11.604353
     -5.100000      6.252520      6.252520     12.505040
     -5.080000      6.736337      6.736337     13.472674
     -5.060000      7.345824      7.345824     14.691648
     -5.040000      8.187813      8.187813     16.375626
     -5.020000      9.346556      9.346556     18.693113
     -5.000000     10.849745     10.849745     21.699491
     -4.980000     12.645519     12.645519     25.291038
     -4.960000     14.597312     14.597312     29.194624
     -4.940000     16.501998     16.501998     33.003997
     -4.920000     18.132987     18.132987     36.265973
     -4.900000     19.301345     19.301345     38.602689
     -4.880000     19.916006     19.916006     39.832011
     -4.860000     20.016345     20.016345     40.032690
     -4.840000     19.756346     19.756346     39.512691
     -4.820000     19.341378     19.341378     38.682756
     -4.800000     18.945341     18.945341     37.890682
     -4.780000     18.649118     18.649118     37.298236
     -4.760000     18.429296     18.429296     36.858591
     -4.740000     18.195351     18.195351     36.390703
     -4.720000     17.845600     17.845600     35.691200
     -4.700000     17.306875     17.306875     34.613750
     -4.680000     16.542069     16.542069     33.084138
     -4.660000     15.536043     15.536043     31.072087
     -4.640000     14.283117     14.283117     28.566234
     -4.620000     12.791149     12.791149     25.582298
     -4.600000     11.098735     11.098735     22.197470
     -4.580000      9.289933      9.289933     18.579865
     -4.560000      7.493393      7.493393     14.986787
     -4.540000      5.864620      5.864620     11.729240
     -4.520000      4.560237      4.560237      9.120474
     -4.500000      3.714808      3.714808      7.429616
     -4.480000      3.425292      3.425292      6.850584
     -4.460000      3.741804      3.741804      7.483608
     -4.440000      4.660644      4.660644      9.321288
     -4.420000      6.117207      6.117207     12.234413
     -4.400000      7.979946      7.979946     15.959892
     -4.380000     10.049650     10.049650     20.099299
     -4.360000     12.070125     12.070125     24.140250
     -4.340000     13.756491     13.756491     27.512983
     -4.320000     14.843800     14.843800     29.687601
     -4.300000     15.149694     15.149694     30.299389
     -4.280000     14.632281     14.632281     29.264563
     -4.260000     13.416621     13.416621     26.833243
     -4.240000     11.769693     11.769693     23.539386
     -4.220000     10.025637     10.025637     20.051274
     -4.200000      8.488987      8.488987     16.977975
     -4.180000      7.356257      7.356257     14.712514
     -4.160000      6.686409      6.686409     13.372818
     -4.140000      6.424566      6.424566     12.849132
     -4.120000      6.457514      6.457514     12.915028
     -4.100000      6.668734      6.668734     13.337468
     -4.080000      6.968537      6.968537     13.937074
     -4.060000      7.294059      7.294059     14.588119
     -4.040000      7.592439      7.592439     15.184878
     -4.020000      7.808351      7.808351     15.616702
     -4.000000      7.890471      7.890471     15.780942
     -3.980000      7.814653      7.814653     15.629305
     -3.960000      7.605639      7.605639     15.211277
     -3.940000      7.335769      7.335769     14.671538
     -3.920000      7.092594      7.092594     14.185188
     -3.900000      6.929534      6.929534     13.859067
     -3.880000      6.828816      6.828816     13.657631
     -3.860000      6.701784      6.701784     13.403569
     -3.840000      6.429773      6.429773     12.859545
     -3.820000      5.923873      5.923873     11.847745
     -3.800000      5.171126      5.171126     10.342252
     -3.780000      4.244619      4.244619      8.489239
     -3.760000      3.277638      3.277638      6.555275
     -3.740000      2.421485      2.421485      4.842971
     -3.720000      1.810999      1.810999      3.621999
     -3.700000      1.550723      1.550723      3.101447
     -3.680000      1.717723      1.717723      3.435446
     -3.660000      2.365680      2.365680      4.731360
     -3.640000      3.515879      3.515879      7.031759
     -3.620000      5.132892      5.132892     10.265784
     -3.600000      7.098508      7.098508     14.197017
     -3.580000      9.206402      9.206402     18.412804
     -3.560000     11.194237     11.194237     22.388473
     -3.540000     12.810073     12.810073     25.620146
     -3.520000     13.886936     13.886936     27.773873
     -3.500000     14.389232     14.389232     28.778465
     -3.480000     14.406624     14.406624     28.813247
     -3.460000     14.099177     14.099177     28.198353
     -3.440000     13.624044     13.624044     27.248087
     -3.420000     13.081570     13.081570     26.163139
     -3.400000     12.504001     12.504001     25.008002
     -3.380000     11.884174     11.884174     23.768349
     -3.360000     11.221081     11.221081     22.442161
     -3.340000     10.554034     10.554034     21.108067
     -3.320000      9.966762      9.966762     19.933523
     -3.300000      9.559543      9.559543     19.119086
     -3.280000      9.402967      9.402967     18.805933
     -3.260000      9.495317      9.495317     18.990633
     -3.240000      9.744538      9.744538     19.489077
     -3.220000      9.985790      9.985790     19.971579
     -3.200000     10.030280     10.030280     20.060560
     -3.180000      9.726733      9.726733     19.453466
     -3.160000      9.010525      9.010525     18.021050
     -3.140000      7.921169      7.921169     15.842338
     -3.120000      6.583723      6.583723     13.167447
     -3.100000      5.165749      5.165749     10.331497
     -3.080000      3.830131      3.830131      7.660261
     -3.060000      2.702034      2.702034      5.404069
     -3.040000      1.858536      1.858536      3.717072
     -3.020000      1.338264      1.338264      2.676528
     -3.000000      1.160615      1.160615      2.321230
     -2.980000      1.341618      1.341618      2.683237
     -2.960000      1.896025      1.896025      3.792049
     -2.940000      2.821930      2.821930      5.643861
     -2.920000      4.073749      4.073749      8.147497
     -2.900000      5.538307      5.538307     11.076614
     -2.880000      7.031953      7.031953     14.063907
     -2.860000      8.329450      8.329450     16.658900
     -2.840000      9.219379      9.219379     18.438757
     -2.820000      9.564291      9.564291     19.128581
     -2.800000      9.338151      9.338151     18.676302
     -2.780000      8.624117      8.624117     17.248234
     -2.760000      7.576443      7.576443     15.152886
     -2.740000      6.367791      6.367791     12.735583
     -2.720000      5.146600      5.146600     10.293199
     -2.700000      4.018236      4.018236      8.036473
     -2.680000      3.047983      3.047983      6.095965
     -2.660000      2.274016      2.274016      4.548032
     -2.640000      1.718585      1.718585      3.437170
     -2.620000      1.391958      1.391958      2.783917
     -2.600000      1.290392      1.290392      2.580784
     -2.580000      1.392652      1.392652      2.785304
     -2.560000      1.659503      1.659503      3.319006
     -2.540000      2.038575      2.038575      4.077150
     -2.520000      2.474304      2.474304      4.948609
     -2.500000      2.919827      2.919827      5.839653
     -2.480000      3.345898      3.345898      6.691796
     -2.460000      3.742497      3.742497      7.484995
     -2.440000      4.112128      4.112128      8.224257
     -2.420000      4.458309      4.458309      8.916618
     -2.400000      4.775392      4.775392      9.550783
     -2.380000      5.044805      5.044805     10.089610
     -2.360000      5.238855      5.238855     10.477710
     -2.340000      5.329271      5.329271     10.658543
     -2.320000      5.296166      5.296166     10.592332
     -2.300000      5.134312      5.134312     10.268623
     -2.280000      4.855753      4.855753      9.711505
     -2.260000      4.488982      4.488982      8.977965
     -2.240000      4.074967      4.074967      8.149934
     -2.220000      3.660272      3.660272      7.320545
     -2.200000      3.288362      3.288362      6.576725
     -2.180000      2.991468      2.991468      5.982937
     -2.160000      2.786053      2.786053      5.572106
     -2.140000      2.673963      2.673963      5.347926
     -2.120000      2.649029      2.649029      5.298058
     -2.100000      2.706210      2.706210      5.412420
     -2.080000      2.848642      2.848642      5.697285
     -2.060000      3.088181      3.088181      6.176361
     -2.040000      3.437638      3.437638      6.875275
     -2.020000      3.897342      3.897342      7.794683
     -2.000000      4.442932      4.442932      8.885863
     -1.980000      5.022725      5.022725     10.045450
     -1.960000      5.569492      5.569492     11.138984
     -1.940000      6.023599      6.023599     12.047197
     -1.920000      6.356206      6.356206     12.712413
     -1.900000      6.578206      6.578206     13.156412
     -1.880000      6.726658      6.726658     13.453317
     -1.860000      6.833799      6.833799     13.667597
     -1.840000      6.896346      6.896346     13.792691
     -1.820000      6.865632      6.865632     13.731264
     -1.800000      6.668325      6.668325     13.336650
     -1.780000      6.249089      6.249089     12.498177
     -1.760000      5.612513      5.612513     11.225026
     -1.740000      4.841279      4.841279      9.682558
     -1.720000      4.080556      4.080556      8.161111
     -1.700000      3.495738      3.495738      6.991477
     -1.680000      3.221559      3.221559      6.443118
     -1.660000      3.321400      3.321400      6.642801
     -1.640000      3.769535      3.769535      7.539071
     -1.620000      4.461214      4.461214      8.922428
     -1.600000      5.248048      5.248048     10.496095
     -1.580000      5.988306      5.988306     11.976612
     -1.560000      6.594341      6.594341     13.188681
     -1.540000      7.056966      7.056966     14.113931
     -1.520000      7.434399      7.434399     14.868798
     -1.500000      7.810488      7.810488     15.620975
     -1.480000      8.244385      8.244385     16.488770
     -1.460000      8.739572      8.739572     17.479145
     -1.440000      9.248407      9.248407     18.496814
     -1.420000      9.705939      9.705939     19.411878
     -1.400000     10.068734     10.068734     20.137468
     -1.380000     10.333693     10.333693     20.667386
     -1.360000     10.528637     10.528637     21.057274
     -1.340000     10.687564     10.687564     21.375128
     -1.320000     10.832752     10.832752     21.665505
     -1.300000     10.976675     10.976675     21.953350
     -1.280000     11.137606     11.137606     22.275211
     -1.260000     11.350209     11.350209     22.700419
     -1.240000     11.656569     11.656569     23.313139
     -1.220000     12.079781     12.079781     24.159562
     -1.200000     12.597108     12.597108     25.194217
     -1.180000     13.131220     13.131220     26.262440
     -1.160000     13.566646     13.566646     27.133291
     -1.140000     13.784610     13.784610     27.569220
     -1.120000     13.702372     13.702372     27.404744
     -1.100000     13.304389     13.304389     26.608779
     -1.080000     12.656802     12.656802     25.313604
     -1.060000     11.899694     11.899694     23.799387
     -1.040000     11.214729     11.214729     22.429459
     -1.020000     10.772757     10.772757     21.545515
     -1.000000     10.676345     10.676345     21.352689
     -0.980000     10.919582     10.919582     21.839164
     -0.960000     11.384447     11.384447     22.768894
     -0.940000     11.878409     11.878409     23.756819
     -0.920000     12.199186     12.199186     24.398372
     -0.900000     12.200575     12.200575     24.401150
     -0.880000     11.834587     11.834587     23.669174
     -0.860000     11.157291     11.157291     22.314582
     -0.840000     10.300654     10.300654     20.601307
     -0.820000      9.423008      9.423008     18.846017
     -0.800000      8.654961      8.654961     17.309921
     -0.780000      8.057629      8.057629     16.115258
     -0.760000      7.607234      7.607234     15.214467
     -0.740000      7.212786      7.212786     14.425572
     -0.720000      6.761517      6.761517     13.523033
     -0.700000      6.174008      6.174008     12.348015
     -0.680000      5.445423      5.445423     10.890845
     -0.660000      4.655514      4.655514      9.311028
     -0.640000      3.945188      3.945188      7.890377
     -0.620000      3.472138      3.472138      6.944276
     -0.600000      3.364157      3.364157      6.728315
     -0.580000      3.684822      3.684822      7.369643
     -0.560000      4.417518      4.417518      8.835036
     -0.540000      5.467088      5.467088     10.934176
     -0.520000      6.676504      6.676504     13.353008
     -0.500000      7.856884      7.856884     15.713768
     -0.480000      8.828388      8.828388     17.656777
     -0.460000      9.464792      9.464792     18.929584
     -0.440000      9.727993      9.727993     19.455985
     -0.420000      9.676214      9.676214     19.352429
     -0.400000      9.436513      9.436513     18.873027
     -0.380000      9.148023      9.148023     18.296046
     -0.360000      8.899498      8.899498     17.798997
     -0.340000      8.691826      8.691826     17.383653
     -0.320000      8.446327      8.446327     16.892654
     -0.300000      8.056524      8.056524     16.113048
     -0.280000      7.457785      7.457785     14.915570
     -0.260000      6.680067      6.680067     13.360134
     -0.240000      5.859227      5.859227     11.718453
     -0.220000      5.204624      5.204624     10.409248
     -0.200000      4.940750      4.940750      9.881500
     -0.180000      5.247697      5.247697     10.495394
     -0.160000      6.218946      6.218946     12.437893
     -0.140000      7.843027      7.843027     15.686054
     -0.120000     10.006617     10.006617     20.013234
     -0.100000     12.513628     12.513628     25.027256
     -0.080000     15.115276     15.115276     30.230551
     -0.060000     17.546523     17.546523     35.093047
     -0.040000     19.563452     19.563452     39.126905
     -0.020000     20.975395     20.975395     41.950790
      0.000000     21.666619     21.666619     43.333238
      0.020000     21.605171     21.605171     43.210341
      0.040000     20.840123     20.840123     41.680245
      0.060000     19.491204     19.491204     38.982408
      0.080000     17.734834     17.734834     35.469668
      0.100000     15.787343     15.787343     31.574687
      0.120000     13.881973     13.881973     27.763947
      0.140000     12.235671     12.235671     24.471342
      0.160000     11.007769     11.007769     22.015537
      0.180000     10.262560     10.262560     20.525120
      0.200000      9.953618      9.953618     19.907237
      0.220000      9.942454      9.942454     19.884907
      0.240000     10.048653     10.048653     20.097306
      0.260000     10.112149     10.112149     20.224298
      0.280000     10.041732     10.041732     20.083465
      0.300000      9.831695      9.831695     19.663389
      0.320000      9.544901      9.544901     19.089802
      0.340000      9.274832      9.274832     18.549663
      0.360000      9.103605      9.103605     18.207210
      0.380000      9.068650      9.068650     18.137300
      0.400000      9.144325      9.144325     18.288649
      0.420000      9.241711      9.241711     18.483423
      0.440000      9.228864      9.228864     18.457729
      0.460000      8.969874      8.969874     17.939748
      0.480000      8.372409      8.372409     16.744819
      0.500000      7.425227      7.425227     14.850454
      0.520000      6.207723      6.207723     12.415446
      0.540000      4.865770      4.865770      9.731541
      0.560000      3.565195      3.565195      7.130390
      0.580000      2.445024      2.445024      4.890048
      0.600000      1.590415      1.590415      3.180831
      0.620000      1.032455      1.032455      2.064909
      0.640000      0.767672      0.767672      1.535344
      0.660000      0.782017      0.782017      1.564035
      0.680000      1.064649      1.064649      2.129298
      0.700000      1.604064      1.604064      3.208128
      0.720000      2.369038      2.369038      4.738075
      0.740000      3.285930      3.285930      6.571860
      0.760000      4.228455      4.228455      8.456910
      0.780000      5.032670      5.032670     10.065339
      0.800000      5.538213      5.538213     11.076426
      0.820000      5.641776      5.641776     11.283553
      0.840000      5.339458      5.339458     10.678916
      0.860000      4.738140      4.738140      9.476281
      0.880000      4.030857      4.030857      8.061714
      0.900000      3.447658      3.447658      6.895317
      0.920000      3.200971      3.200971      6.401943
      0.940000      3.439997      3.439997      6.879993
      0.960000      4.218948      4.218948      8.437895
      0.980000      5.478579      5.478579     10.957158
      1.000000      7.043302      7.043302     14.086603
      1.020000      8.641800      8.641800     17.283601
      1.040000      9.958052      9.958052     19.916104
      1.060000     10.707661     10.707661     21.415322
      1.080000     10.717489     10.717489     21.434978
      1.100000      9.977307      9.977307     19.954615
      1.120000      8.640015      8.640015     17.280031
      1.140000      6.969542      6.969542     13.939083
      1.160000      5.259589      5.259589     10.519179
      1.180000      3.757382      3.757382      7.514764
      1.200000      2.619141      2.619141      5.238282
      1.220000      1.905046      1.905046      3.810091
      1.240000      1.603448      1.603448      3.206895
      1.260000      1.666107      1.666107      3.332215
      1.280000      2.038715      2.038715      4.077430
      1.300000      2.678514      2.678514      5.357028
      1.320000      3.557533      3.557533      7.115067
      1.340000      4.653501      4.653501      9.307003
      1.360000      5.932175      5.932175     11.864351
      1.380000      7.326772      7.326772     14.653544
      1.400000      8.722948      8.722948     17.445895
      1.420000      9.959318      9.959318     19.918636
      1.440000     10.850689     10.850689     21.701379
      1.460000     11.232505     11.232505     22.465010
      1.480000     11.013271     11.013271     22.026542
      1.500000     10.213757     10.213757     20.427513
      1.520000      8.974099      8.974099     17.948197
      1.540000      7.523329      7.523329     15.046658
      1.560000      6.122876      6.122876     12.245752
      1.580000      5.005681      5.005681     10.011363
      1.600000      4.330052      4.330052      8.660104
      1.620000      4.156088      4.156088      8.312176
      1.640000      4.442235      4.442235      8.884470
      1.660000      5.057046      5.057046     10.114092
      1.680000      5.805049      5.805049     11.610098
      1.700000      6.467824      6.467824     12.935649
      1.720000      6.856277      6.856277     13.712553
      1.740000      6.860176      6.860176     13.720352
      1.760000      6.475480      6.475480     12.950960
      1.780000      5.796204      5.796204     11.592408
      1.800000      4.973970      4.973970      9.947940
      1.820000      4.164628      4.164628      8.329257
      1.840000      3.486606      3.486606      6.973212
      1.860000      3.006838      3.006838      6.013675
      1.880000      2.753359      2.753359      5.506719
      1.900000      2.739251      2.739251      5.478503
      1.920000      2.978266      2.978266      5.956532
      1.940000      3.479712      3.479712      6.959423
      1.960000      4.224671      4.224671      8.449342
      1.980000      5.139596      5.139596     10.279193
      2.000000      6.088624      6.088624     12.177247
      2.020000      6.898176      6.898176     13.796353
      2.040000      7.409353      7.409353     14.818705
      2.060000      7.535382      7.535382     15.070764
      2.080000      7.294975      7.294975     14.589949
      2.100000      6.803162      6.803162     13.606324
      2.120000      6.223494      6.223494     12.446989
      2.140000      5.705822      5.705822     11.411643
      2.160000      5.340374      5.340374     10.680748
      2.180000      5.148609      5.148609     10.297218
      2.200000      5.111002      5.111002     10.222004
      2.220000      5.212760      5.212760     10.425520
      2.240000      5.479515      5.479515     10.959029
      2.260000      5.980123      5.980123     11.960246
      2.280000      6.790595      6.790595     13.581189
      2.300000      7.934474      7.934474     15.868948
      2.320000      9.330611      9.330611     18.661221
      2.340000     10.780109     10.780109     21.560218
      2.360000     12.007518     12.007518     24.015035
      2.380000     12.743975     12.743975     25.487949
      2.400000     12.816762     12.816762     25.633523
      2.420000     12.204867     12.204867     24.409735
      2.440000     11.037569     11.037569     22.075137
      2.460000      9.542145      9.542145     19.084291
      2.480000      7.969610      7.969610     15.939219
      2.500000      6.531195      6.531195     13.062389
      2.520000      5.364731      5.364731     10.729463
      2.540000      4.531332      4.531332      9.062664
      2.560000      4.031357      4.031357      8.062714
      2.580000      3.827867      3.827867      7.655734
      2.600000      3.870407      3.870407      7.740815
      2.620000      4.114977      4.114977      8.229953
      2.640000      4.535377      4.535377      9.070754
      2.660000      5.120319      5.120319     10.240639
      2.680000      5.854493      5.854493     11.708985
      2.700000      6.690867      6.690867     13.381734
      2.720000      7.530435      7.530435     15.060870
      2.740000      8.226595      8.226595     16.453189
      2.760000      8.620510      8.620510     17.241020
      2.780000      8.595725      8.595725     17.191450
      2.800000      8.126436      8.126436     16.252873
      2.820000      7.294567      7.294567     14.589134
      2.840000      6.266749      6.266749     12.533498
      2.860000      5.243424      5.243424     10.486848
      2.880000      4.404636      4.404636      8.809272
      2.900000      3.873803      3.873803      7.747606
      2.920000      3.706208      3.706208      7.412416
      2.940000      3.894436      3.894436      7.788873
      2.960000      4.377911      4.377911      8.755822
      2.980000      5.049535      5.049535     10.099069
      3.000000      5.762860      5.762860     11.525721
      3.020000      6.349173      6.349173     12.698346
      3.040000      6.649958      6.649958     13.299916
      3.060000      6.558567      6.558567     13.117133
      3.080000      6.054077      6.054077     12.108155
      3.100000      5.209440      5.209440     10.418879
      3.120000      4.167262      4.167262      8.334524
      3.140000      3.093199      3.093199      6.186398
      3.160000      2.127749      2.127749      4.255498
      3.180000      1.355820      1.355820      2.711641
      3.200000      0.801988      0.801988      1.603976
      3.220000      0.446518      0.446518      0.893037
      3.240000      0.250440      0.250440      0.500880
      3.260000      0.178872      0.178872      0.357744
      3.280000      0.216930      0.216930      0.433860
      3.300000      0.376934      0.376934      0.753867
      3.320000      0.697016      0.697016      1.394031
      3.340000      1.230610      1.230610      2.461220
      3.360000      2.026679      2.026679      4.053357
      3.380000      3.104141      3.104141      6.208283
      3.400000      4.429886      4.429886      8.859771
      3.420000      5.913193      5.913193     11.826386
      3.440000      7.425032      7.425032     14.850064
      3.460000      8.837456      8.837456     17.674912
      3.480000     10.063530     10.063530     20.127059
      3.500000     11.073751     11.073751     22.147503
      3.520000     11.877896     11.877896     23.755792
      3.540000     12.485209     12.485209     24.970419
      3.560000     12.873385     12.873385     25.746769
      3.580000     12.992517     12.992517     25.985033
      3.600000     12.805204     12.805204     25.610409
      3.620000     12.336127     12.336127     24.672254
      3.640000     11.694665     11.694665     23.389329
      3.660000     11.049571     11.049571     22.099141
      3.680000     10.564026     10.564026     21.128052
      3.700000     10.323060     10.323060     20.646120
      3.720000     10.290072     10.290072     20.580145
      3.740000     10.314674     10.314674     20.629349
      3.760000     10.189679     10.189679     20.379357
      3.780000      9.732688      9.732688     19.465377
      3.800000      8.857097      8.857097     17.714194
      3.820000      7.602993      7.602993     15.205987
      3.840000      6.117945      6.117945     12.235889
      3.860000      4.601107      4.601107      9.202214
      3.880000      3.239080      3.239080      6.478160
      3.900000      2.160915      2.160915      4.321830
      3.920000      1.425189      1.425189      2.850378
      3.940000      1.034134      1.034134      2.068267
      3.960000      0.958719      0.958719      1.917438
      3.980000      1.158481      1.158481      2.316962
      4.000000      1.587947      1.587947      3.175894
      4.020000      2.191609      2.191609      4.383217
      4.040000      2.896062      2.896062      5.792123
      4.060000      3.608676      3.608676      7.217352
      4.080000      4.227642      4.227642      8.455285
      4.100000      4.661421      4.661421      9.322841
      4.120000      4.850361      4.850361      9.700722
      4.140000      4.782169      4.782169      9.564337
      4.160000      4.495899      4.495899      8.991798
      4.180000      4.073848      4.073848      8.147696
      4.200000      3.624229      3.624229      7.248458
      4.220000      3.258717      3.258717      6.517434
      4.240000      3.068807      3.068807      6.137613
      4.260000      3.105060      3.105060      6.210120
      4.280000      3.364086      3.364086      6.728172
      4.300000      3.788178      3.788178      7.576355
      4.320000      4.280180      4.280180      8.560359
      4.340000      4.731114      4.731114      9.462228
      4.360000      5.052537      5.052537     10.105073
      4.380000      5.202727      5.202727     10.405454
      4.400000      5.197713      5.197713     10.395426
      4.420000      5.103950      5.103950     10.207900
      4.440000      5.016191      5.016191     10.032382
      4.460000      5.028520      5.028520     10.057040
      4.480000      5.207480      5.207480     10.414961
      4.500000      5.574397      5.574397     11.148795
      4.520000      6.100788      6.100788     12.201575
      4.540000      6.717037      6.717037     13.434074
      4.560000      7.330811      7.330811     14.661623
      4.580000      7.848898      7.848898     15.697796
      4.600000      8.195924      8.195924     16.391847
      4.620000      8.326273      8.326273     16.652546
      4.640000      8.229933      8.229933     16.459866
      4.660000      7.935449      7.935449     15.870898
      4.680000      7.511291      7.511291     15.022581
      4.700000      7.062144      7.062144     14.124287
      4.720000      6.714027      6.714027     13.428053
      4.740000      6.586018      6.586018     13.172037
      4.760000      6.755892      6.755892     13.511783
      4.780000      7.235020      7.235020     14.470039
      4.800000      7.966626      7.966626     15.933253
      4.820000      8.849103      8.849103     17.698206
      4.840000      9.770539      9.770539     19.541078
      4.860000     10.633966     10.633966     21.267931
      4.880000     11.361296     11.361296     22.722591
      4.900000     11.881535     11.881535     23.763070
      4.920000     12.121260     12.121260     24.242520
      4.940000     12.012379     12.012379     24.024758
      4.960000     11.516523     11.516523     23.033047
      4.980000     10.650370     10.650370     21.300739
      5.000000      9.493666      9.493666     18.987333
      5.020000      8.172708      8.172708     16.345416
      5.040000      6.827008      6.827008     13.654017
      5.060000      5.575286      5.575286     11.150572
      5.080000      4.494693      4.494693      8.989386
      5.100000      3.618355      3.618355      7.236711
      5.120000      2.947485      2.947485      5.894971
      5.140000      2.469945      2.469945      4.939889
      5.160000      2.177388      2.177388      4.354776
      5.180000      2.075563      2.075563      4.151125
      5.200000      2.184708      2.184708      4.369415
      5.220000      2.528888      2.528888      5.057777
      5.240000      3.115831      3.115831      6.231662
      5.260000      3.913561      3.913561      7.827121
      5.280000      4.835375      4.835375      9.670750
      5.300000      5.746015      5.746015     11.492030
      5.320000      6.495015      6.495015     12.990031
      5.340000      6.968677      6.968677     13.937353
      5.360000      7.137518      7.137518     14.275036
      5.380000      7.072236      7.072236     14.144472
      5.400000      6.913862      6.913862     13.827725
      5.420000      6.807907      6.807907     13.615813
      5.440000      6.833710      6.833710     13.667419
      5.460000      6.965252      6.965252     13.930503
      5.480000      7.084080      7.084080     14.168159
      5.500000      7.037450      7.037450     14.074901
      5.520000      6.711261      6.711261     13.422523
      5.540000      6.081321      6.081321     12.162642
      5.560000      5.220633      5.220633     10.441265
      5.580000      4.264946      4.264946      8.529893
      5.600000      3.358749      3.358749      6.717497
      5.620000      2.608613      2.608613      5.217226
      5.640000      2.060882      2.060882      4.121764
      5.660000      1.705139      1.705139      3.410278
      5.680000      1.493863      1.493863      2.987727
      5.700000      1.366224      1.366224      2.732449
      5.720000      1.267832      1.267832      2.535664
      5.740000      1.163495      1.163495      2.326990
      5.760000      1.043500      1.043500      2.087000
      5.780000      0.925236      0.925236      1.850472
      5.800000      0.852056      0.852056      1.704112
      5.820000      0.890508      0.890508      1.781016
      5.840000      1.125293      1.125293      2.250585
      5.860000      1.648850      1.648850      3.297699
      5.880000      2.541383      2.541383      5.082766
      5.900000      3.839940      3.839940      7.679879
      5.920000      5.502758      5.502758     11.005516
      5.940000      7.384120      7.384120     14.768239
      5.960000      9.238552      9.238552     18.477104
      5.980000     10.765505     10.765505     21.531011
      6.000000     11.687215     11.687215     23.374429
      6.020000     11.832657     11.832657     23.665314
      6.040000     11.192376     11.192376     22.384751
      6.060000      9.919690      9.919690     19.839380
      6.080000      8.278700      8.278700     16.557400
      6.100000      6.563988      6.563988     13.127977
      6.120000      5.026970      5.026970     10.053940
      6.140000      3.835124      3.835124      7.670249
      6.160000      3.070301      3.070301      6.140602
      6.180000      2.753371      2.753371      5.506741
      6.200000      2.874199      2.874199      5.748398
      6.220000      3.410026      3.410026      6.820053
      6.240000      4.327219      4.327219      8.654438
      6.260000      5.573361      5.573361     11.146722
      6.280000      7.071875      7.071875     14.143749
      6.300000      8.726869      8.726869     17.453737
      6.320000     10.435014     10.435014     20.870028
      6.340000     12.092776     12.092776     24.185552
      6.360000     13.589910     13.589910     27.179820
      6.380000     14.793960     14.793960     29.587919
      6.400000     15.544692     15.544692     31.089385
      6.420000     15.677645     15.677645     31.355290
      6.440000     15.077729     15.077729     30.155459
      6.460000     13.739013     13.739013     27.478027
      6.480000     11.795194     11.795194     23.590389
      6.500000      9.497859      9.497859     18.995718
      6.520000      7.148626      7.148626     14.297251
      6.540000      5.016382      5.016382     10.032764
      6.560000      3.275860      3.275860      6.551719
      6.580000      1.988118      1.988118      3.976237
      6.600000      1.120261      1.120261      2.240523
      6.620000      0.585727      0.585727      1.171453
      6.640000      0.284280      0.284280      0.568559
      6.660000      0.128882      0.128882      0.257765
      6.680000      0.057026      0.057026      0.114051
      6.700000      0.030983      0.030983      0.061966
      6.720000      0.033235      0.033235      0.066471
      6.740000      0.061691      0.061691      0.123381
      6.760000      0.126615      0.126615      0.253231
      6.780000      0.248908      0.248908      0.497816
      6.800000      0.458072      0.458072      0.916144
      6.820000      0.788188      0.788188      1.576375
      6.840000      1.271331      1.271331      2.542662
      6.860000      1.929798      1.929798      3.859596
      6.880000      2.770049      2.770049      5.540097
      6.900000      3.780993      3.780993      7.561985
      6.920000      4.936598      4.936598      9.873196
      6.940000      6.199302      6.199302     12.398605
      6.960000      7.519463      7.519463     15.038925
      6.980000      8.829236      8.829236     17.658471
      7.000000     10.035637     10.035637     20.071274
      7.020000     11.022138     11.022138     22.044276
      7.040000     11.666215     11.666215     23.332431
      7.060000     11.871387     11.871387     23.742774
      7.080000     11.601986     11.601986     23.203971
      7.100000     10.904682     10.904682     21.809365
      7.120000      9.905932      9.905932     19.811864
      7.140000      8.785412      8.785412     17.570824
      7.160000      7.734834      7.734834     15.469669
      7.180000      6.914370      6.914370     13.828740
      7.200000      6.416488      6.416488     12.832975
      7.220000      6.243975      6.243975     12.487950
      7.240000      6.307940      6.307940     12.615881
      7.260000      6.450335      6.450335     12.900670
      7.280000      6.489704      6.489704     12.979407
      7.300000      6.278280      6.278280     12.556560
      7.320000      5.749468      5.749468     11.498935
      7.340000      4.935533      4.935533      9.871065
      7.360000      3.948226      3.948226      7.896452
      7.380000      2.933046      2.933046      5.866091
      7.400000      2.019492      2.019492      4.038984
      7.420000      1.288156      1.288156      2.576313
      7.440000      0.763535      0.763535      1.527071
      7.460000      0.427959      0.427959      0.855917
      7.480000      0.244794      0.244794      0.489588
      7.500000      0.179806      0.179806      0.359611
      7.520000      0.214695      0.214695      0.429390
      7.540000      0.351807      0.351807      0.703613
      7.560000      0.611425      0.611425      1.222850
      7.580000      1.023620      1.023620      2.047239
      7.600000      1.616912      1.616912      3.233824
      7.620000      2.407061      2.407061      4.814121
      7.640000      3.390086      3.390086      6.780172
      7.660000      4.542465      4.542465      9.084930
      7.680000      5.827478      5.827478     11.654957
      7.700000      7.201930      7.201930     14.403860
      7.720000      8.616020      8.616020     17.232039
      7.740000     10.003936     10.003936     20.007872
      7.760000     11.271992     11.271992     22.543983
      7.780000     12.297893     12.297893     24.595786
      7.800000     12.951946     12.951946     25.903892
      7.820000     13.137996     13.137996     26.275992
      7.840000     12.836725     12.836725     25.673450
      7.860000     12.128078     12.128078     24.256157
      7.880000     11.178544     11.178544     22.357088
      7.900000     10.197511     10.197511     20.395021
      7.920000      9.382642      9.382642     18.765284
      7.940000      8.877242      8.877242     17.754484
      7.960000      8.752286      8.752286     17.504572
      7.980000      9.010315      9.010315     18.020630
      8.000000      9.598280      9.598280     19.196560
      8.020000     10.417589     10.417589     20.835178
      8.040000     11.329949     11.329949     22.659898
      8.060000     12.168410     12.168410     24.336820
      8.080000     12.764956     12.764956     25.529911
      8.100000     12.995730     12.995730     25.991461
      8.120000     12.828566     12.828566     25.657133
      8.140000     12.347116     12.347116     24.694233
      8.160000     11.731133     11.731133     23.462266
      8.180000     11.192718     11.192718     22.385435
      8.200000     10.892466     10.892466     21.784931
      8.220000     10.872713     10.872713     21.745426
      8.240000     11.039193     11.039193     22.078387
      8.260000     11.200327     11.200327     22.400654
      8.280000     11.147097     11.147097     22.294194
      8.300000     10.739473     10.739473     21.478945
      8.320000      9.964972      9.964972     19.929944
      8.340000      8.949276      8.949276     17.898552
      8.360000      7.919179      7.919179     15.838359
      8.380000      7.134764      7.134764     14.269528
      8.400000      6.814882      6.814882     13.629763
      8.420000      7.077838      7.077838     14.155677
      8.440000      7.911428      7.911428     15.822855
      8.460000      9.177295      9.177295     18.354591
      8.480000     10.646406     10.646406     21.292811
      8.500000     12.055657     12.055657     24.111313
      8.520000     13.170835     13.170835     26.341670
      8.540000     13.839203     13.839203     27.678407
      8.560000     14.017449     14.017449     28.034899
      8.580000     13.767775     13.767775     27.535551
      8.600000     13.224875     13.224875     26.449750
      8.620000     12.546162     12.546162     25.092323
      8.640000     11.863292     11.863292     23.726583
      8.660000     11.252224     11.252224     22.504447
      8.680000     10.731349     10.731349     21.462697
      8.700000     10.285098     10.285098     20.570197
      8.720000      9.898985      9.898985     19.797971
      8.740000      9.586953      9.586953     19.173906
      8.760000      9.396376      9.396376     18.792752
      8.780000      9.388140      9.388140     18.776279
      8.800000      9.602612      9.602612     19.205225
      8.820000     10.029879     10.029879     20.059757
      8.840000     10.600402     10.600402     21.200804
      8.860000     11.201913     11.201913     22.403827
      8.880000     11.715208     11.715208     23.430417
      8.900000     12.052277     12.052277     24.104554
      8.920000     12.179168     12.179168     24.358336
      8.940000     12.113765     12.113765     24.227530
      8.960000     11.901435     11.901435     23.802870
      8.980000     11.582786     11.582786     23.165573
      9.000000     11.171345     11.171345     22.342690
      9.020000     10.652726     10.652726     21.305453
      9.040000     10.004532     10.004532     20.009065
      9.060000      9.225084      9.225084     18.450169
      9.080000      8.355358      8.355358     16.710716
      9.100000      7.483025      7.483025     14.966049
      9.120000      6.726330      6.726330     13.452661
      9.140000      6.203616      6.203616     12.407231
      9.160000      5.999032      5.999032     11.998065
      9.180000      6.136550      6.136550     12.273100
      9.200000      6.572777      6.572777     13.145553
      9.220000      7.213555      7.213555     14.427109
      9.240000      7.949629      7.949629     15.899258
      9.260000      8.696379      8.696379     17.392757
      9.280000      9.418162      9.418162     18.836324
      9.300000     10.124070     10.124070     20.248139
      9.320000     10.837197     10.837197     21.674394
      9.340000     11.555396     11.555396     23.110792
      9.360000     12.227651     12.227651     24.455301
      9.380000     12.762130     12.762130     25.524261
      9.400000     13.063886     13.063886     26.127771
      9.420000     13.082956     13.082956     26.165911
      9.440000     12.847661     12.847661     25.695321
      9.460000     12.466170     12.466170     24.932339
      9.480000     12.096164     12.096164     24.192328
      9.500000     11.896925     11.896925     23.793850
      9.520000     11.982699     11.982699     23.965398
      9.540000     12.390866     12.390866     24.781731
      9.560000     13.069898     13.069898     26.139795
      9.580000     13.886915     13.886915     27.773829
      9.600000     14.653774     14.653774     29.307548
      9.620000     15.169692     15.169692     30.339384
      9.640000     15.273505     15.273505     30.547009
      9.660000     14.891385     14.891385     29.782771
      9.680000     14.062312     14.062312     28.124624
      9.700000     12.928843     12.928843     25.857686
      9.720000     11.693825     11.693825     23.387650
      9.740000     10.558205     10.558205     21.116411
      9.760000      9.663792      9.663792     19.327584
      9.780000      9.063361      9.063361     18.126721
      9.800000      8.729046      8.729046     17.458091
      9.820000      8.592689      8.592689     17.185379
      9.840000      8.596334      8.596334     17.192667
      9.860000      8.725693      8.725693     17.451386
      9.880000      9.008733      9.008733     18.017465
      9.900000      9.481651      9.481651     18.963302
      9.920000     10.144280     10.144280     20.288560
      9.940000     10.933758     10.933758     21.867517
      9.960000     11.734390     11.734390     23.468781
      9.980000     12.419374     12.419374     24.838748
     10.000000     12.900767     12.900767     25.801534
