# EIG2DOS: Utility for SIESTA to obtain the electronic density of states
#  E. Artacho, Apr 1999, A. Garcia, Apr 2012
# ------------------------------------------
# Eigenvalues read from GRP_doping.EIG
# Using smearing parameter:   0.100
# Using   1001 points in energy range
# Selected bands: 1 to: 936
# Emin, emax in file for selected band(s):    -38.2235100    259.8224400
# Nbands, Nspin, Nk   =    936     1   231
# E_F                 =    -5.0618 eV --> (shifted to ZERO)
# Broadening          =     0.1000 eV
#
#        E            N(up)  (=)   N(down)         Ntot
    -10.000000      0.236522      0.236522      0.473044
     -9.980000      0.340326      0.340326      0.680652
     -9.960000      0.603538      0.603538      1.207076
     -9.940000      1.075058      1.075058      2.150116
     -9.920000      1.810584      1.810584      3.621168
     -9.900000      2.847294      2.847294      5.694588
     -9.880000      4.174982      4.174982      8.349963
     -9.860000      5.714714      5.714714     11.429428
     -9.840000      7.317975      7.317975     14.635950
     -9.820000      8.794228      8.794228     17.588455
     -9.800000      9.963352      9.963352     19.926704
     -9.780000     10.716486     10.716486     21.432973
     -9.760000     11.061555     11.061555     22.123109
     -9.740000     11.132555     11.132555     22.265109
     -9.720000     11.153811     11.153811     22.307622
     -9.700000     11.366800     11.366800     22.733600
     -9.680000     11.941765     11.941765     23.883529
     -9.660000     12.904333     12.904333     25.808665
     -9.640000     14.105677     14.105677     28.211355
     -9.620000     15.252504     15.252504     30.505008
     -9.600000     15.992516     15.992516     31.985032
     -9.580000     16.028724     16.028724     32.057448
     -9.560000     15.221946     15.221946     30.443892
     -9.540000     13.643442     13.643442     27.286885
     -9.520000     11.559443     11.559443     23.118885
     -9.500000      9.357117      9.357117     18.714234
     -9.480000      7.442766      7.442766     14.885532
     -9.460000      6.147267      6.147267     12.294534
     -9.440000      5.661968      5.661968     11.323936
     -9.420000      6.011116      6.011116     12.022233
     -9.400000      7.056272      7.056272     14.112545
     -9.380000      8.527493      8.527493     17.054987
     -9.360000     10.078858     10.078858     20.157715
     -9.340000     11.363328     11.363328     22.726656
     -9.320000     12.112151     12.112151     24.224302
     -9.300000     12.194822     12.194822     24.389644
     -9.280000     11.637498     11.637498     23.274996
     -9.260000     10.593534     10.593534     21.187067
     -9.240000      9.280965      9.280965     18.561930
     -9.220000      7.914828      7.914828     15.829657
     -9.200000      6.659536      6.659536     13.319072
     -9.180000      5.611870      5.611870     11.223740
     -9.160000      4.809376      4.809376      9.618752
     -9.140000      4.251013      4.251013      8.502027
     -9.120000      3.918179      3.918179      7.836357
     -9.100000      3.789945      3.789945      7.579890
     -9.080000      3.851222      3.851222      7.702444
     -9.060000      4.094546      4.094546      8.189091
     -9.040000      4.516506      4.516506      9.033011
     -9.020000      5.110050      5.110050     10.220100
     -9.000000      5.854557      5.854557     11.709113
     -8.980000      6.706163      6.706163     13.412325
     -8.960000      7.591206      7.591206     15.182412
     -8.940000      8.406069      8.406069     16.812139
     -8.920000      9.027036      9.027036     18.054072
     -8.900000      9.332552      9.332552     18.665104
     -8.880000      9.235914      9.235914     18.471829
     -8.860000      8.719586      8.719586     17.439172
     -8.840000      7.856947      7.856947     15.713894
     -8.820000      6.808148      6.808148     13.616296
     -8.800000      5.785386      5.785386     11.570771
     -8.780000      4.995677      4.995677      9.991353
     -8.760000      4.579537      4.579537      9.159073
     -8.740000      4.566939      4.566939      9.133879
     -8.720000      4.866798      4.866798      9.733596
     -8.700000      5.295265      5.295265     10.590529
     -8.680000      5.634712      5.634712     11.269423
     -8.660000      5.703401      5.703401     11.406802
     -8.640000      5.410441      5.410441     10.820882
     -8.620000      4.775831      4.775831      9.551662
     -8.600000      3.910398      3.910398      7.820795
     -8.580000      2.968203      2.968203      5.936406
     -8.560000      2.094651      2.094651      4.189302
     -8.540000      1.391567      1.391567      2.783135
     -8.520000      0.908408      0.908408      1.816815
     -8.500000      0.654761      0.654761      1.309522
     -8.480000      0.620994      0.620994      1.241989
     -8.460000      0.793898      0.793898      1.587797
     -8.440000      1.160256      1.160256      2.320512
     -8.420000      1.699141      1.699141      3.398282
     -8.400000      2.369921      2.369921      4.739841
     -8.380000      3.105133      3.105133      6.210267
     -8.360000      3.815024      3.815024      7.630047
     -8.340000      4.404590      4.404590      8.809181
     -8.320000      4.797647      4.797647      9.595294
     -8.300000      4.958934      4.958934      9.917868
     -8.280000      4.906328      4.906328      9.812655
     -8.260000      4.709157      4.709157      9.418315
     -8.240000      4.472640      4.472640      8.945281
     -8.220000      4.311069      4.311069      8.622138
     -8.200000      4.314602      4.314602      8.629204
     -8.180000      4.517711      4.517711      9.035421
     -8.160000      4.880440      4.880440      9.760880
     -8.140000      5.292954      5.292954     10.585909
     -8.120000      5.606601      5.606601     11.213203
     -8.100000      5.682706      5.682706     11.365413
     -8.080000      5.440210      5.440210     10.880420
     -8.060000      4.882072      4.882072      9.764143
     -8.040000      4.089996      4.089996      8.179992
     -8.020000      3.192159      3.192159      6.384319
     -8.000000      2.320416      2.320416      4.640833
     -7.980000      1.575639      1.575639      3.151279
     -7.960000      1.012647      1.012647      2.025294
     -7.940000      0.645190      0.645190      1.290381
     -7.920000      0.463067      0.463067      0.926133
     -7.900000      0.450873      0.450873      0.901746
     -7.880000      0.600344      0.600344      1.200688
     -7.860000      0.912838      0.912838      1.825676
     -7.840000      1.392841      1.392841      2.785683
     -7.820000      2.036362      2.036362      4.072724
     -7.800000      2.819684      2.819684      5.639368
     -7.780000      3.694188      3.694188      7.388377
     -7.760000      4.591330      4.591330      9.182660
     -7.740000      5.437997      5.437997     10.875993
     -7.720000      6.177149      6.177149     12.354298
     -7.700000      6.784307      6.784307     13.568614
     -7.680000      7.270651      7.270651     14.541302
     -7.660000      7.669813      7.669813     15.339627
     -7.640000      8.014993      8.014993     16.029985
     -7.620000      8.319288      8.319288     16.638576
     -7.600000      8.569700      8.569700     17.139400
     -7.580000      8.735416      8.735416     17.470831
     -7.560000      8.781557      8.781557     17.563115
     -7.540000      8.678413      8.678413     17.356826
     -7.520000      8.403575      8.403575     16.807150
     -7.500000      7.942929      7.942929     15.885858
     -7.480000      7.297834      7.297834     14.595668
     -7.460000      6.498954      6.498954     12.997908
     -7.440000      5.618544      5.618544     11.237087
     -7.420000      4.770081      4.770081      9.540162
     -7.400000      4.089106      4.089106      8.178212
     -7.380000      3.698138      3.698138      7.396277
     -7.360000      3.666314      3.666314      7.332628
     -7.340000      3.978022      3.978022      7.956044
     -7.320000      4.523972      4.523972      9.047944
     -7.300000      5.122533      5.122533     10.245066
     -7.280000      5.568847      5.568847     11.137694
     -7.260000      5.696679      5.696679     11.393359
     -7.240000      5.429504      5.429504     10.859008
     -7.220000      4.799599      4.799599      9.599199
     -7.200000      3.928013      3.928013      7.856026
     -7.180000      2.976763      2.976763      5.953526
     -7.160000      2.096525      2.096525      4.193051
     -7.140000      1.391615      1.391615      2.783231
     -7.120000      0.911752      0.911752      1.823504
     -7.100000      0.665734      0.665734      1.331469
     -7.080000      0.643851      0.643851      1.287701
     -7.060000      0.836130      0.836130      1.672259
     -7.040000      1.239525      1.239525      2.479050
     -7.020000      1.854088      1.854088      3.708175
     -7.000000      2.672859      2.672859      5.345718
     -6.980000      3.671637      3.671637      7.343274
     -6.960000      4.803643      4.803643      9.607287
     -6.940000      6.001684      6.001684     12.003369
     -6.920000      7.187842      7.187842     14.375683
     -6.900000      8.288531      8.288531     16.577062
     -6.880000      9.251056      9.251056     18.502112
     -6.860000     10.056508     10.056508     20.113016
     -6.840000     10.723532     10.723532     21.447064
     -6.820000     11.299036     11.299036     22.598072
     -6.800000     11.836014     11.836014     23.672028
     -6.780000     12.364612     12.364612     24.729223
     -6.760000     12.867852     12.867852     25.735704
     -6.740000     13.274575     13.274575     26.549149
     -6.720000     13.476735     13.476735     26.953470
     -6.700000     13.367385     13.367385     26.734770
     -6.680000     12.884478     12.884478     25.768956
     -6.660000     12.040810     12.040810     24.081620
     -6.640000     10.925696     10.925696     21.851391
     -6.620000      9.677201      9.677201     19.354402
     -6.600000      8.437568      8.437568     16.875137
     -6.580000      7.311364      7.311364     14.622728
     -6.560000      6.342740      6.342740     12.685480
     -6.540000      5.517962      5.517962     11.035923
     -6.520000      4.788048      4.788048      9.576095
     -6.500000      4.099177      4.099177      8.198354
     -6.480000      3.417689      3.417689      6.835378
     -6.460000      2.741035      2.741035      5.482069
     -6.440000      2.093305      2.093305      4.186610
     -6.420000      1.510539      1.510539      3.021078
     -6.400000      1.024214      1.024214      2.048429
     -6.380000      0.650201      0.650201      1.300403
     -6.360000      0.386331      0.386331      0.772662
     -6.340000      0.217330      0.217330      0.434660
     -6.320000      0.123432      0.123432      0.246864
     -6.300000      0.089093      0.089093      0.178186
     -6.280000      0.109795      0.109795      0.219590
     -6.260000      0.196197      0.196197      0.392394
     -6.240000      0.375011      0.375011      0.750021
     -6.220000      0.685099      0.685099      1.370198
     -6.200000      1.167013      1.167013      2.334025
     -6.180000      1.845937      1.845937      3.691873
     -6.160000      2.712331      2.712331      5.424662
     -6.140000      3.709231      3.709231      7.418462
     -6.120000      4.736247      4.736247      9.472494
     -6.100000      5.674378      5.674378     11.348757
     -6.080000      6.423972      6.423972     12.847944
     -6.060000      6.937483      6.937483     13.874966
     -6.040000      7.227902      7.227902     14.455805
     -6.020000      7.346318      7.346318     14.692637
     -6.000000      7.341402      7.341402     14.682804
     -5.980000      7.226401      7.226401     14.452801
     -5.960000      6.975495      6.975495     13.950990
     -5.940000      6.552888      6.552888     13.105777
     -5.920000      5.957423      5.957423     11.914847
     -5.900000      5.256534      5.256534     10.513068
     -5.880000      4.590319      4.590319      9.180637
     -5.860000      4.142566      4.142566      8.285132
     -5.840000      4.089607      4.089607      8.179214
     -5.820000      4.543863      4.543863      9.087725
     -5.800000      5.508429      5.508429     11.016858
     -5.780000      6.856461      6.856461     13.712922
     -5.760000      8.345651      8.345651     16.691301
     -5.740000      9.670811      9.670811     19.341622
     -5.720000     10.544662     10.544662     21.089325
     -5.700000     10.782578     10.782578     21.565155
     -5.680000     10.360269     10.360269     20.720537
     -5.660000      9.420783      9.420783     18.841567
     -5.640000      8.226679      8.226679     16.453358
     -5.620000      7.075013      7.075013     14.150026
     -5.600000      6.206191      6.206191     12.412381
     -5.580000      5.737938      5.737938     11.475875
     -5.560000      5.644939      5.644939     11.289877
     -5.540000      5.788546      5.788546     11.577093
     -5.520000      5.984568      5.984568     11.969137
     -5.500000      6.084562      6.084562     12.169125
     -5.480000      6.041024      6.041024     12.082048
     -5.460000      5.931933      5.931933     11.863865
     -5.440000      5.934653      5.934653     11.869305
     -5.420000      6.258084      6.258084     12.516169
     -5.400000      7.058006      7.058006     14.116012
     -5.380000      8.367762      8.367762     16.735524
     -5.360000     10.072337     10.072337     20.144675
     -5.340000     11.938920     11.938920     23.877840
     -5.320000     13.694888     13.694888     27.389777
     -5.300000     15.122115     15.122115     30.244231
     -5.280000     16.125344     16.125344     32.250689
     -5.260000     16.741421     16.741421     33.482842
     -5.240000     17.084956     17.084956     34.169912
     -5.220000     17.260769     17.260769     34.521538
     -5.200000     17.293127     17.293127     34.586253
     -5.180000     17.112233     17.112233     34.224465
     -5.160000     16.604076     16.604076     33.208152
     -5.140000     15.692030     15.692030     31.384060
     -5.120000     14.401419     14.401419     28.802837
     -5.100000     12.871377     12.871377     25.742754
     -5.080000     11.311173     11.311173     22.622346
     -5.060000      9.928612      9.928612     19.857225
     -5.040000      8.868369      8.868369     17.736738
     -5.020000      8.185434      8.185434     16.370867
     -5.000000      7.855283      7.855283     15.710566
     -4.980000      7.804102      7.804102     15.608203
     -4.960000      7.939037      7.939037     15.878074
     -4.940000      8.168162      8.168162     16.336324
     -4.920000      8.412434      8.412434     16.824869
     -4.900000      8.617374      8.617374     17.234748
     -4.880000      8.767151      8.767151     17.534301
     -4.860000      8.893721      8.893721     17.787442
     -4.840000      9.068431      9.068431     18.136863
     -4.820000      9.369521      9.369521     18.739043
     -4.800000      9.834181      9.834181     19.668362
     -4.780000     10.418336     10.418336     20.836672
     -4.760000     10.990188     10.990188     21.980376
     -4.740000     11.370249     11.370249     22.740499
     -4.720000     11.406758     11.406758     22.813515
     -4.700000     11.053662     11.053662     22.107324
     -4.680000     10.411675     10.411675     20.823350
     -4.660000      9.706579      9.706579     19.413157
     -4.640000      9.207445      9.207445     18.414891
     -4.620000      9.116740      9.116740     18.233479
     -4.600000      9.479577      9.479577     18.959155
     -4.580000     10.152917     10.152917     20.305834
     -4.560000     10.850001     10.850001     21.700002
     -4.540000     11.242644     11.242644     22.485288
     -4.520000     11.079009     11.079009     22.158018
     -4.500000     10.269079     10.269079     20.538158
     -4.480000      8.906744      8.906744     17.813488
     -4.460000      7.227735      7.227735     14.455469
     -4.440000      5.530660      5.530660     11.061321
     -4.420000      4.099603      4.099603      8.199205
     -4.400000      3.156694      3.156694      6.313389
     -4.380000      2.849957      2.849957      5.699915
     -4.360000      3.260196      3.260196      6.520392
     -4.340000      4.403518      4.403518      8.807036
     -4.320000      6.216240      6.216240     12.432479
     -4.300000      8.529357      8.529357     17.058713
     -4.280000     11.057038     11.057038     22.114075
     -4.260000     13.425441     13.425441     26.850882
     -4.240000     15.250750     15.250750     30.501500
     -4.220000     16.246747     16.246747     32.493495
     -4.200000     16.319161     16.319161     32.638322
     -4.180000     15.601646     15.601646     31.203292
     -4.160000     14.410783     14.410783     28.821567
     -4.140000     13.134315     13.134315     26.268629
     -4.120000     12.098867     12.098867     24.197735
     -4.100000     11.473516     11.473516     22.947032
     -4.080000     11.247865     11.247865     22.495731
     -4.060000     11.286533     11.286533     22.573067
     -4.040000     11.425058     11.425058     22.850116
     -4.020000     11.555097     11.555097     23.110195
     -4.000000     11.658462     11.658462     23.316924
     -3.980000     11.782089     11.782089     23.564178
     -3.960000     11.979161     11.979161     23.958321
     -3.940000     12.255611     12.255611     24.511221
     -3.920000     12.550738     12.550738     25.101475
     -3.900000     12.756316     12.756316     25.512631
     -3.880000     12.757893     12.757893     25.515787
     -3.860000     12.475694     12.475694     24.951389
     -3.840000     11.889302     11.889302     23.778604
     -3.820000     11.041292     11.041292     22.082584
     -3.800000     10.022837     10.022837     20.045675
     -3.780000      8.947655      8.947655     17.895311
     -3.760000      7.921857      7.921857     15.843714
     -3.740000      7.017829      7.017829     14.035657
     -3.720000      6.259621      6.259621     12.519242
     -3.700000      5.624163      5.624163     11.248325
     -3.680000      5.057394      5.057394     10.114788
     -3.660000      4.499122      4.499122      8.998244
     -3.640000      3.907378      3.907378      7.814756
     -3.620000      3.273786      3.273786      6.547572
     -3.600000      2.625803      2.625803      5.251607
     -3.580000      2.017800      2.017800      4.035601
     -3.560000      1.517826      1.517826      3.035652
     -3.540000      1.197656      1.197656      2.395312
     -3.520000      1.129559      1.129559      2.259117
     -3.500000      1.386274      1.386274      2.772549
     -3.480000      2.035377      2.035377      4.070754
     -3.460000      3.119850      3.119850      6.239700
     -3.440000      4.625249      4.625249      9.250497
     -3.420000      6.447033      6.447033     12.894065
     -3.400000      8.381427      8.381427     16.762853
     -3.380000     10.159911     10.159911     20.319822
     -3.360000     11.527548     11.527548     23.055096
     -3.340000     12.336983     12.336983     24.673965
     -3.320000     12.611287     12.611287     25.222574
     -3.300000     12.536340     12.536340     25.072681
     -3.280000     12.377980     12.377980     24.755959
     -3.260000     12.361912     12.361912     24.723824
     -3.240000     12.577892     12.577892     25.155784
     -3.220000     12.957341     12.957341     25.914682
     -3.200000     13.332000     13.332000     26.663999
     -3.180000     13.536235     13.536235     27.072470
     -3.160000     13.494839     13.494839     26.989679
     -3.140000     13.252493     13.252493     26.504986
     -3.120000     12.938374     12.938374     25.876747
     -3.100000     12.694344     12.694344     25.388688
     -3.080000     12.607593     12.607593     25.215187
     -3.060000     12.676524     12.676524     25.353047
     -3.040000     12.816077     12.816077     25.632154
     -3.020000     12.891739     12.891739     25.783477
     -3.000000     12.766157     12.766157     25.532314
     -2.980000     12.344139     12.344139     24.688278
     -2.960000     11.604513     11.604513     23.209026
     -2.940000     10.610110     10.610110     21.220220
     -2.920000      9.492388      9.492388     18.984776
     -2.900000      8.415168      8.415168     16.830336
     -2.880000      7.528764      7.528764     15.057527
     -2.860000      6.927958      6.927958     13.855916
     -2.840000      6.625236      6.625236     13.250471
     -2.820000      6.546942      6.546942     13.093884
     -2.800000      6.555457      6.555457     13.110914
     -2.780000      6.493511      6.493511     12.987023
     -2.760000      6.237633      6.237633     12.475265
     -2.740000      5.741004      5.741004     11.482009
     -2.720000      5.047857      5.047857     10.095715
     -2.700000      4.273381      4.273381      8.546761
     -2.680000      3.559080      3.559080      7.118160
     -2.660000      3.024124      3.024124      6.048249
     -2.640000      2.732642      2.732642      5.465283
     -2.620000      2.686781      2.686781      5.373561
     -2.600000      2.842411      2.842411      5.684822
     -2.580000      3.135580      3.135580      6.271160
     -2.560000      3.506471      3.506471      7.012943
     -2.540000      3.912594      3.912594      7.825188
     -2.520000      4.330538      4.330538      8.661075
     -2.500000      4.751593      4.751593      9.503185
     -2.480000      5.177897      5.177897     10.355794
     -2.460000      5.622310      5.622310     11.244620
     -2.440000      6.109659      6.109659     12.219318
     -2.420000      6.673451      6.673451     13.346903
     -2.400000      7.343713      7.343713     14.687427
     -2.380000      8.127949      8.127949     16.255898
     -2.360000      8.994616      8.994616     17.989231
     -2.340000      9.871383      9.871383     19.742766
     -2.320000     10.665068     10.665068     21.330137
     -2.300000     11.297633     11.297633     22.595266
     -2.280000     11.739979     11.739979     23.479959
     -2.260000     12.021929     12.021929     24.043858
     -2.240000     12.207907     12.207907     24.415814
     -2.220000     12.348773     12.348773     24.697545
     -2.200000     12.437520     12.437520     24.875040
     -2.180000     12.397111     12.397111     24.794223
     -2.160000     12.110387     12.110387     24.220775
     -2.140000     11.476645     11.476645     22.953289
     -2.120000     10.464294     10.464294     20.928589
     -2.100000      9.133443      9.133443     18.266887
     -2.080000      7.621170      7.621170     15.242341
     -2.060000      6.101583      6.101583     12.203166
     -2.040000      4.740900      4.740900      9.481800
     -2.020000      3.663516      3.663516      7.327033
     -2.000000      2.935261      2.935261      5.870522
     -1.980000      2.562604      2.562604      5.125209
     -1.960000      2.504161      2.504161      5.008322
     -1.940000      2.691183      2.691183      5.382366
     -1.920000      3.053221      3.053221      6.106442
     -1.900000      3.542473      3.542473      7.084947
     -1.880000      4.147593      4.147593      8.295186
     -1.860000      4.888441      4.888441      9.776882
     -1.840000      5.789910      5.789910     11.579819
     -1.820000      6.843864      6.843864     13.687727
     -1.800000      7.977922      7.977922     15.955844
     -1.780000      9.051008      9.051008     18.102017
     -1.760000      9.884839      9.884839     19.769678
     -1.740000     10.321762     10.321762     20.643525
     -1.720000     10.283421     10.283421     20.566842
     -1.700000      9.802280      9.802280     19.604559
     -1.680000      9.011647      9.011647     18.023294
     -1.660000      8.100992      8.100992     16.201985
     -1.640000      7.258760      7.258760     14.517521
     -1.620000      6.626201      6.626201     13.252402
     -1.600000      6.275017      6.275017     12.550035
     -1.580000      6.208096      6.208096     12.416191
     -1.560000      6.374669      6.374669     12.749338
     -1.540000      6.691102      6.691102     13.382205
     -1.520000      7.062461      7.062461     14.124923
     -1.500000      7.403149      7.403149     14.806298
     -1.480000      7.654826      7.654826     15.309651
     -1.460000      7.797835      7.797835     15.595670
     -1.440000      7.851576      7.851576     15.703153
     -1.420000      7.861986      7.861986     15.723972
     -1.400000      7.879825      7.879825     15.759651
     -1.380000      7.938647      7.938647     15.877294
     -1.360000      8.042350      8.042350     16.084699
     -1.340000      8.167727      8.167727     16.335454
     -1.320000      8.279605      8.279605     16.559210
     -1.300000      8.349671      8.349671     16.699342
     -1.280000      8.368929      8.368929     16.737857
     -1.260000      8.348432      8.348432     16.696864
     -1.240000      8.310177      8.310177     16.620355
     -1.220000      8.275066      8.275066     16.550132
     -1.200000      8.254884      8.254884     16.509767
     -1.180000      8.251129      8.251129     16.502258
     -1.160000      8.258667      8.258667     16.517335
     -1.140000      8.269619      8.269619     16.539238
     -1.120000      8.273829      8.273829     16.547659
     -1.100000      8.255590      8.255590     16.511181
     -1.080000      8.189955      8.189955     16.379910
     -1.060000      8.043744      8.043744     16.087488
     -1.040000      7.784858      7.784858     15.569717
     -1.020000      7.399041      7.399041     14.798082
     -1.000000      6.908011      6.908011     13.816022
     -0.980000      6.380081      6.380081     12.760161
     -0.960000      5.926024      5.926024     11.852049
     -0.940000      5.678648      5.678648     11.357296
     -0.920000      5.761330      5.761330     11.522661
     -0.900000      6.255405      6.255405     12.510810
     -0.880000      7.176583      7.176583     14.353167
     -0.860000      8.466810      8.466810     16.933620
     -0.840000     10.002056     10.002056     20.004113
     -0.820000     11.611619     11.611619     23.223238
     -0.800000     13.103152     13.103152     26.206304
     -0.780000     14.290193     14.290193     28.580386
     -0.760000     15.022315     15.022315     30.044630
     -0.740000     15.217691     15.217691     30.435382
     -0.720000     14.891935     14.891935     29.783871
     -0.700000     14.169841     14.169841     28.339681
     -0.680000     13.265886     13.265886     26.531772
     -0.660000     12.430049     12.430049     24.860098
     -0.640000     11.873536     11.873536     23.747072
     -0.620000     11.703146     11.703146     23.406293
     -0.600000     11.892572     11.892572     23.785144
     -0.580000     12.302529     12.302529     24.605058
     -0.560000     12.738780     12.738780     25.477560
     -0.540000     13.021422     13.021422     26.042844
     -0.520000     13.038452     13.038452     26.076904
     -0.500000     12.768981     12.768981     25.537963
     -0.480000     12.276598     12.276598     24.553196
     -0.460000     11.682263     11.682263     23.364526
     -0.440000     11.127135     11.127135     22.254269
     -0.420000     10.733542     10.733542     21.467084
     -0.400000     10.571776     10.571776     21.143552
     -0.380000     10.641466     10.641466     21.282931
     -0.360000     10.875093     10.875093     21.750187
     -0.340000     11.164799     11.164799     22.329597
     -0.320000     11.403810     11.403810     22.807620
     -0.300000     11.526280     11.526280     23.052561
     -0.280000     11.529065     11.529065     23.058130
     -0.260000     11.466994     11.466994     22.933989
     -0.240000     11.425400     11.425400     22.850800
     -0.220000     11.483709     11.483709     22.967418
     -0.200000     11.686787     11.686787     23.373573
     -0.180000     12.035252     12.035252     24.070504
     -0.160000     12.495472     12.495472     24.990943
     -0.140000     13.019973     13.019973     26.039947
     -0.120000     13.564880     13.564880     27.129761
     -0.100000     14.094759     14.094759     28.189519
     -0.080000     14.574828     14.574828     29.149655
     -0.060000     14.959939     14.959939     29.919877
     -0.040000     15.192714     15.192714     30.385428
     -0.020000     15.216871     15.216871     30.433742
      0.000000     15.000068     15.000068     30.000137
      0.020000     14.552040     14.552040     29.104079
      0.040000     13.925379     13.925379     27.850759
      0.060000     13.197299     13.197299     26.394599
      0.080000     12.442740     12.442740     24.885480
      0.100000     11.713485     11.713485     23.426969
      0.120000     11.032174     11.032174     22.064348
      0.140000     10.399957     10.399957     20.799915
      0.160000      9.809732      9.809732     19.619464
      0.180000      9.256970      9.256970     18.513940
      0.200000      8.744754      8.744754     17.489508
      0.220000      8.284003      8.284003     16.568007
      0.240000      7.891272      7.891272     15.782543
      0.260000      7.585328      7.585328     15.170656
      0.280000      7.382423      7.382423     14.764846
      0.300000      7.290284      7.290284     14.580569
      0.320000      7.302489      7.302489     14.604978
      0.340000      7.396420      7.396420     14.792840
      0.360000      7.537793      7.537793     15.075586
      0.380000      7.691871      7.691871     15.383741
      0.400000      7.837118      7.837118     15.674236
      0.420000      7.973920      7.973920     15.947840
      0.440000      8.122122      8.122122     16.244244
      0.460000      8.307135      8.307135     16.614269
      0.480000      8.542031      8.542031     17.084061
      0.500000      8.817166      8.817166     17.634332
      0.520000      9.105493      9.105493     18.210987
      0.540000      9.382061      9.382061     18.764121
      0.560000      9.646028      9.646028     19.292056
      0.580000      9.930026      9.930026     19.860052
      0.600000     10.288110     10.288110     20.576220
      0.620000     10.766737     10.766737     21.533474
      0.640000     11.374757     11.374757     22.749514
      0.660000     12.070272     12.070272     24.140543
      0.680000     12.772289     12.772289     25.544579
      0.700000     13.389640     13.389640     26.779279
      0.720000     13.849269     13.849269     27.698538
      0.740000     14.108170     14.108170     28.216339
      0.760000     14.146092     14.146092     28.292184
      0.780000     13.950245     13.950245     27.900489
      0.800000     13.508263     13.508263     27.016527
      0.820000     12.818693     12.818693     25.637387
      0.840000     11.914573     11.914573     23.829146
      0.860000     10.884892     10.884892     21.769783
      0.880000      9.877297      9.877297     19.754595
      0.900000      9.073654      9.073654     18.147309
      0.920000      8.642938      8.642938     17.285877
      0.940000      8.687075      8.687075     17.374150
      0.960000      9.200094      9.200094     18.400188
      0.980000     10.057792     10.057792     20.115585
      1.000000     11.044952     11.044952     22.089905
      1.020000     11.913283     11.913283     23.826567
      1.040000     12.450739     12.450739     24.901478
      1.060000     12.537427     12.537427     25.074855
      1.080000     12.168491     12.168491     24.336981
      1.100000     11.438574     11.438574     22.877149
      1.120000     10.498958     10.498958     20.997916
      1.140000      9.508473      9.508473     19.016945
      1.160000      8.597952      8.597952     17.195905
      1.180000      7.856814      7.856814     15.713629
      1.200000      7.336797      7.336797     14.673595
      1.220000      7.060062      7.060062     14.120123
      1.240000      7.020933      7.020933     14.041865
      1.260000      7.180279      7.180279     14.360558
      1.280000      7.461818      7.461818     14.923636
      1.300000      7.762933      7.762933     15.525865
      1.320000      7.985593      7.985593     15.971187
      1.340000      8.079081      8.079081     16.158163
      1.360000      8.074124      8.074124     16.148249
      1.380000      8.086390      8.086390     16.172780
      1.400000      8.279186      8.279186     16.558372
      1.420000      8.795521      8.795521     17.591041
      1.440000      9.687505      9.687505     19.375009
      1.460000     10.875823     10.875823     21.751647
      1.480000     12.159775     12.159775     24.319551
      1.500000     13.274795     13.274795     26.549590
      1.520000     13.972144     13.972144     27.944288
      1.540000     14.087128     14.087128     28.174255
      1.560000     13.571932     13.571932     27.143865
      1.580000     12.489714     12.489714     24.979428
      1.600000     10.984145     10.984145     21.968290
      1.620000      9.243342      9.243342     18.486685
      1.640000      7.469658      7.469658     14.939316
      1.660000      5.856288      5.856288     11.712576
      1.680000      4.566578      4.566578      9.133156
      1.700000      3.713903      3.713903      7.427806
      1.720000      3.344627      3.344627      6.689254
      1.740000      3.429351      3.429351      6.858701
      1.760000      3.866976      3.866976      7.733952
      1.780000      4.503278      4.503278      9.006557
      1.800000      5.161746      5.161746     10.323491
      1.820000      5.680158      5.680158     11.360315
      1.840000      5.943176      5.943176     11.886352
      1.860000      5.901349      5.901349     11.802698
      1.880000      5.571482      5.571482     11.142965
      1.900000      5.020457      5.020457     10.040913
      1.920000      4.340332      4.340332      8.680664
      1.940000      3.623997      3.623997      7.247995
      1.960000      2.947771      2.947771      5.895542
      1.980000      2.362908      2.362908      4.725817
      2.000000      1.894719      1.894719      3.789439
      2.020000      1.546841      1.546841      3.093683
      2.040000      1.308403      1.308403      2.616806
      2.060000      1.162120      1.162120      2.324240
      2.080000      1.091479      1.091479      2.182958
      2.100000      1.085445      1.085445      2.170889
      2.120000      1.139803      1.139803      2.279605
      2.140000      1.255182      1.255182      2.510363
      2.160000      1.432513      1.432513      2.865027
      2.180000      1.667250      1.667250      3.334500
      2.200000      1.944172      1.944172      3.888344
      2.220000      2.234980      2.234980      4.469959
      2.240000      2.500516      2.500516      5.001032
      2.260000      2.698069      2.698069      5.396137
      2.280000      2.792276      2.792276      5.584551
      2.300000      2.766756      2.766756      5.533511
      2.320000      2.633329      2.633329      5.266657
      2.340000      2.436317      2.436317      4.872634
      2.360000      2.250119      2.250119      4.500238
      2.380000      2.168731      2.168731      4.337461
      2.400000      2.286745      2.286745      4.573490
      2.420000      2.673586      2.673586      5.347171
      2.440000      3.346564      3.346564      6.693128
      2.460000      4.252411      4.252411      8.504822
      2.480000      5.268057      5.268057     10.536113
      2.500000      6.226657      6.226657     12.453314
      2.520000      6.964201      6.964201     13.928403
      2.540000      7.370398      7.370398     14.740796
      2.560000      7.422525      7.422525     14.845050
      2.580000      7.187435      7.187435     14.374870
      2.600000      6.792469      6.792469     13.584938
      2.620000      6.381398      6.381398     12.762796
      2.640000      6.077141      6.077141     12.154283
      2.660000      5.965647      5.965647     11.931293
      2.680000      6.100273      6.100273     12.200546
      2.700000      6.513221      6.513221     13.026442
      2.720000      7.218011      7.218011     14.436022
      2.740000      8.196253      8.196253     16.392505
      2.760000      9.376977      9.376977     18.753955
      2.780000     10.627594     10.627594     21.255189
      2.800000     11.773626     11.773626     23.547252
      2.820000     12.648963     12.648963     25.297926
      2.840000     13.157866     13.157866     26.315732
      2.860000     13.317739     13.317739     26.635479
      2.880000     13.257196     13.257196     26.514391
      2.900000     13.165464     13.165464     26.330928
      2.920000     13.214487     13.214487     26.428974
      2.940000     13.488977     13.488977     26.977954
      2.960000     13.954461     13.954461     27.908922
      2.980000     14.473033     14.473033     28.946065
      3.000000     14.854023     14.854023     29.708046
      3.020000     14.914682     14.914682     29.829364
      3.040000     14.528702     14.528702     29.057404
      3.060000     13.652321     13.652321     27.304643
      3.080000     12.328872     12.328872     24.657745
      3.100000     10.676781     10.676781     21.353562
      3.120000      8.864981      8.864981     17.729961
      3.140000      7.079219      7.079219     14.158439
      3.160000      5.485672      5.485672     10.971345
      3.180000      4.201694      4.201694      8.403388
      3.200000      3.282500      3.282500      6.564999
      3.220000      2.726057      2.726057      5.452115
      3.240000      2.490624      2.490624      4.981248
      3.260000      2.515525      2.515525      5.031051
      3.280000      2.737671      2.737671      5.475341
      3.300000      3.101170      3.101170      6.202340
      3.320000      3.561072      3.561072      7.122144
      3.340000      4.082702      4.082702      8.165405
      3.360000      4.636857      4.636857      9.273714
      3.380000      5.191109      5.191109     10.382218
      3.400000      5.700097      5.700097     11.400194
      3.420000      6.100838      6.100838     12.201676
      3.440000      6.319160      6.319160     12.638319
      3.460000      6.288259      6.288259     12.576519
      3.480000      5.972725      5.972725     11.945450
      3.500000      5.386399      5.386399     10.772798
      3.520000      4.594425      4.594425      9.188849
      3.540000      3.697780      3.697780      7.395560
      3.560000      2.807521      2.807521      5.615042
      3.580000      2.020324      2.020324      4.040649
      3.600000      1.404845      1.404845      2.809690
      3.620000      1.001973      1.001973      2.003947
      3.640000      0.835249      0.835249      1.670498
      3.660000      0.923552      0.923552      1.847104
      3.680000      1.287916      1.287916      2.575832
      3.700000      1.947506      1.947506      3.895011
      3.720000      2.905088      2.905088      5.810175
      3.740000      4.127731      4.127731      8.255463
      3.760000      5.531704      5.531704     11.063409
      3.780000      6.979953      6.979953     13.959905
      3.800000      8.296396      8.296396     16.592791
      3.820000      9.295444      9.295444     18.590889
      3.840000      9.820044      9.820044     19.640088
      3.860000      9.778448      9.778448     19.556897
      3.880000      9.169049      9.169049     18.338099
      3.900000      8.084373      8.084373     16.168747
      3.920000      6.690629      6.690629     13.381258
      3.940000      5.187518      5.187518     10.375035
      3.960000      3.761170      3.761170      7.522340
      3.980000      2.546255      2.546255      5.092509
      4.000000      1.608993      1.608993      3.217986
      4.020000      0.953292      0.953292      1.906585
      4.040000      0.543055      0.543055      1.086110
      4.060000      0.329636      0.329636      0.659273
      4.080000      0.275047      0.275047      0.550095
      4.100000      0.365931      0.365931      0.731863
      4.120000      0.617100      0.617100      1.234199
      4.140000      1.065032      1.065032      2.130063
      4.160000      1.752273      1.752273      3.504546
      4.180000      2.705035      2.705035      5.410069
      4.200000      3.909320      3.909320      7.818640
      4.220000      5.294201      5.294201     10.588402
      4.240000      6.731505      6.731505     13.463010
      4.260000      8.057020      8.057020     16.114039
      4.280000      9.109792      9.109792     18.219585
      4.300000      9.776980      9.776980     19.553961
      4.320000     10.026953     10.026953     20.053906
      4.340000      9.916226      9.916226     19.832452
      4.360000      9.565772      9.565772     19.131543
      4.380000      9.115076      9.115076     18.230152
      4.400000      8.672219      8.672219     17.344438
      4.420000      8.280565      8.280565     16.561130
      4.440000      7.915800      7.915800     15.831600
      4.460000      7.513525      7.513525     15.027049
      4.480000      7.013392      7.013392     14.026783
      4.500000      6.398064      6.398064     12.796127
      4.520000      5.708527      5.708527     11.417053
      4.540000      5.030123      5.030123     10.060246
      4.560000      4.459015      4.459015      8.918030
      4.580000      4.067972      4.067972      8.135943
      4.600000      3.888590      3.888590      7.777179
      4.620000      3.916088      3.916088      7.832176
      4.640000      4.129438      4.129438      8.258876
      4.660000      4.511264      4.511264      9.022528
      4.680000      5.052884      5.052884     10.105767
      4.700000      5.739506      5.739506     11.479012
      4.720000      6.523899      6.523899     13.047798
      4.740000      7.306581      7.306581     14.613163
      4.760000      7.940275      7.940275     15.880550
      4.780000      8.264484      8.264484     16.528969
      4.800000      8.158386      8.158386     16.316771
      4.820000      7.587444      7.587444     15.174888
      4.840000      6.620274      6.620274     13.240548
      4.860000      5.407330      5.407330     10.814659
      4.880000      4.132633      4.132633      8.265266
      4.900000      2.961706      2.961706      5.923412
      4.920000      2.006970      2.006970      4.013940
      4.940000      1.319525      1.319525      2.639049
      4.960000      0.902504      0.902504      1.805007
      4.980000      0.733681      0.733681      1.467361
      5.000000      0.785554      0.785554      1.571107
      5.020000      1.036707      1.036707      2.073415
      5.040000      1.474319      1.474319      2.948637
      5.060000      2.091123      2.091123      4.182246
      5.080000      2.880221      2.880221      5.760442
      5.100000      3.828934      3.828934      7.657868
      5.120000      4.910827      4.910827      9.821655
      5.140000      6.075278      6.075278     12.150556
      5.160000      7.237360      7.237360     14.474720
      5.180000      8.275404      8.275404     16.550809
      5.200000      9.045121      9.045121     18.090242
      5.220000      9.413926      9.413926     18.827853
      5.240000      9.307680      9.307680     18.615360
      5.260000      8.750682      8.750682     17.501363
      5.280000      7.876989      7.876989     15.753979
      5.300000      6.901187      6.901187     13.802373
      5.320000      6.055408      6.055408     12.110815
      5.340000      5.516219      5.516219     11.032437
      5.360000      5.350391      5.350391     10.700783
      5.380000      5.500297      5.500297     11.000594
      5.400000      5.812722      5.812722     11.625445
      5.420000      6.097725      6.097725     12.195449
      5.440000      6.193724      6.193724     12.387449
      5.460000      6.014745      6.014745     12.029491
      5.480000      5.565024      5.565024     11.130048
      5.500000      4.920761      4.920761      9.841521
      5.520000      4.191899      4.191899      8.383798
      5.540000      3.482459      3.482459      6.964918
      5.560000      2.864313      2.864313      5.728625
      5.580000      2.369781      2.369781      4.739562
      5.600000      1.999153      1.999153      3.998307
      5.620000      1.734750      1.734750      3.469499
      5.640000      1.554144      1.554144      3.108289
      5.660000      1.439096      1.439096      2.878191
      5.680000      1.380408      1.380408      2.760816
      5.700000      1.380624      1.380624      2.761248
      5.720000      1.455976      1.455976      2.911951
      5.740000      1.637305      1.637305      3.274610
      5.760000      1.967821      1.967821      3.935642
      5.780000      2.494849      2.494849      4.989698
      5.800000      3.254412      3.254412      6.508825
      5.820000      4.251784      4.251784      8.503568
      5.840000      5.446304      5.446304     10.892608
      5.860000      6.750735      6.750735     13.501469
      5.880000      8.050588      8.050588     16.101177
      5.900000      9.237842      9.237842     18.475684
      5.920000     10.242874     10.242874     20.485749
      5.940000     11.047191     11.047191     22.094382
      5.960000     11.670723     11.670723     23.341447
      5.980000     12.144050     12.144050     24.288100
      6.000000     12.484741     12.484741     24.969481
      6.020000     12.690768     12.690768     25.381536
      6.040000     12.748335     12.748335     25.496670
      6.060000     12.640896     12.640896     25.281792
      6.080000     12.349831     12.349831     24.699661
      6.100000     11.850387     11.850387     23.700773
      6.120000     11.115025     11.115025     22.230050
      6.140000     10.131001     10.131001     20.262002
      6.160000      8.924626      8.924626     17.849252
      6.180000      7.574951      7.574951     15.149903
      6.200000      6.204082      6.204082     12.408164
      6.220000      4.946412      4.946412      9.892824
      6.240000      3.912431      3.912431      7.824861
      6.260000      3.164490      3.164490      6.328980
      6.280000      2.712564      2.712564      5.425128
      6.300000      2.525975      2.525975      5.051950
      6.320000      2.550766      2.550766      5.101532
      6.340000      2.724096      2.724096      5.448193
      6.360000      2.982919      2.982919      5.965839
      6.380000      3.269048      3.269048      6.538096
      6.400000      3.533720      3.533720      7.067439
      6.420000      3.742840      3.742840      7.485681
      6.440000      3.881819      3.881819      7.763637
      6.460000      3.958393      3.958393      7.916785
      6.480000      4.003060      4.003060      8.006120
      6.500000      4.068017      4.068017      8.136035
      6.520000      4.225069      4.225069      8.450137
      6.540000      4.560479      4.560479      9.120958
      6.560000      5.162270      5.162270     10.324540
      6.580000      6.096296      6.096296     12.192592
      6.600000      7.373690      7.373690     14.747379
      6.620000      8.921827      8.921827     17.843655
      6.640000     10.576933     10.576933     21.153866
      6.660000     12.111439     12.111439     24.222877
      6.680000     13.292309     13.292309     26.584619
      6.700000     13.947080     13.947080     27.894161
      6.720000     14.006922     14.006922     28.013845
      6.740000     13.508303     13.508303     27.016606
      6.760000     12.559251     12.559251     25.118502
      6.780000     11.294910     11.294910     22.589820
      6.800000      9.846684      9.846684     19.693367
      6.820000      8.332645      8.332645     16.665289
      6.840000      6.859480      6.859480     13.718960
      6.860000      5.521710      5.521710     11.043420
      6.880000      4.392677      4.392677      8.785354
      6.900000      3.513374      3.513374      7.026748
      6.920000      2.889124      2.889124      5.778247
      6.940000      2.498826      2.498826      4.997652
      6.960000      2.312869      2.312869      4.625739
      6.980000      2.310682      2.310682      4.621364
      7.000000      2.489540      2.489540      4.979079
      7.020000      2.860753      2.860753      5.721506
      7.040000      3.434721      3.434721      6.869441
      7.060000      4.200708      4.200708      8.401416
      7.080000      5.109843      5.109843     10.219686
      7.100000      6.069844      6.069844     12.139689
      7.120000      6.956558      6.956558     13.913117
      7.140000      7.640857      7.640857     15.281715
      7.160000      8.022386      8.022386     16.044773
      7.180000      8.057615      8.057615     16.115230
      7.200000      7.771285      7.771285     15.542570
      7.220000      7.247087      7.247087     14.494173
      7.240000      6.602121      6.602121     13.204242
      7.260000      5.956133      5.956133     11.912265
      7.280000      5.407582      5.407582     10.815164
      7.300000      5.023749      5.023749     10.047497
      7.320000      4.843669      4.843669      9.687338
      7.340000      4.885436      4.885436      9.770873
      7.360000      5.147887      5.147887     10.295774
      7.380000      5.602587      5.602587     11.205174
      7.400000      6.181975      6.181975     12.363949
      7.420000      6.776586      6.776586     13.553171
      7.440000      7.252406      7.252406     14.504812
      7.460000      7.488075      7.488075     14.976150
      7.480000      7.417612      7.417612     14.835224
      7.500000      7.057226      7.057226     14.114452
      7.520000      6.500578      6.500578     13.001157
      7.540000      5.882851      5.882851     11.765702
      7.560000      5.330367      5.330367     10.660733
      7.580000      4.919274      4.919274      9.838548
      7.600000      4.660463      4.660463      9.320927
      7.620000      4.513341      4.513341      9.026682
      7.640000      4.417315      4.417315      8.834629
      7.660000      4.323861      4.323861      8.647722
      7.680000      4.215213      4.215213      8.430426
      7.700000      4.104431      4.104431      8.208861
      7.720000      4.020544      4.020544      8.041088
      7.740000      3.987872      3.987872      7.975744
      7.760000      4.009359      4.009359      8.018717
      7.780000      4.060855      4.060855      8.121711
      7.800000      4.098293      4.098293      8.196587
      7.820000      4.074443      4.074443      8.148887
      7.840000      3.958129      3.958129      7.916258
      7.860000      3.748033      3.748033      7.496066
      7.880000      3.476154      3.476154      6.952309
      7.900000      3.201109      3.201109      6.402217
      7.920000      2.995839      2.995839      5.991677
      7.940000      2.935090      2.935090      5.870180
      7.960000      3.084949      3.084949      6.169898
      7.980000      3.492514      3.492514      6.985029
      8.000000      4.172339      4.172339      8.344679
      8.020000      5.089785      5.089785     10.179571
      8.040000      6.148144      6.148144     12.296288
      8.060000      7.191102      7.191102     14.382204
      8.080000      8.029569      8.029569     16.059139
      8.100000      8.491024      8.491024     16.982047
      8.120000      8.475695      8.475695     16.951391
      8.140000      7.996096      7.996096     15.992193
      8.160000      7.180962      7.180962     14.361925
      8.180000      6.240200      6.240200     12.480400
      8.200000      5.405033      5.405033     10.810066
      8.220000      4.867113      4.867113      9.734226
      8.240000      4.737396      4.737396      9.474792
      8.260000      5.033752      5.033752     10.067504
      8.280000      5.693691      5.693691     11.387382
      8.300000      6.601817      6.601817     13.203633
      8.320000      7.621715      7.621715     15.243430
      8.340000      8.625338      8.625338     17.250676
      8.360000      9.515485      9.515485     19.030971
      8.380000     10.237722     10.237722     20.475444
      8.400000     10.779230     10.779230     21.558461
      8.420000     11.155904     11.155904     22.311808
      8.440000     11.394253     11.394253     22.788506
      8.460000     11.517487     11.517487     23.034974
      8.480000     11.542341     11.542341     23.084682
      8.500000     11.486155     11.486155     22.972310
      8.520000     11.377323     11.377323     22.754646
      8.540000     11.260826     11.260826     22.521653
      8.560000     11.194456     11.194456     22.388911
      8.580000     11.236908     11.236908     22.473816
      8.600000     11.432561     11.432561     22.865121
      8.620000     11.798050     11.798050     23.596099
      8.640000     12.314189     12.314189     24.628378
      8.660000     12.924929     12.924929     25.849859
      8.680000     13.543768     13.543768     27.087536
      8.700000     14.067038     14.067038     28.134076
      8.720000     14.392518     14.392518     28.785036
      8.740000     14.440599     14.440599     28.881199
      8.760000     14.173749     14.173749     28.347498
      8.780000     13.608603     13.608603     27.217207
      8.800000     12.815166     12.815166     25.630332
      8.820000     11.900838     11.900838     23.801676
      8.840000     10.983163     10.983163     21.966327
      8.860000     10.160931     10.160931     20.321862
      8.880000      9.494367      9.494367     18.988734
      8.900000      9.000227      9.000227     18.000455
      8.920000      8.659900      8.659900     17.319800
      8.940000      8.433497      8.433497     16.866994
      8.960000      8.273321      8.273321     16.546643
      8.980000      8.134289      8.134289     16.268579
      9.000000      7.982749      7.982749     15.965497
      9.020000      7.805534      7.805534     15.611067
      9.040000      7.618212      7.618212     15.236424
      9.060000      7.468028      7.468028     14.936056
      9.080000      7.426292      7.426292     14.852585
      9.100000      7.568624      7.568624     15.137247
      9.120000      7.948063      7.948063     15.896125
      9.140000      8.571592      8.571592     17.143183
      9.160000      9.390541      9.390541     18.781081
      9.180000     10.308941     10.308941     20.617881
      9.200000     11.205250     11.205250     22.410501
      9.220000     11.958149     11.958149     23.916297
      9.240000     12.468967     12.468967     24.937935
      9.260000     12.678561     12.678561     25.357123
      9.280000     12.579130     12.579130     25.158261
      9.300000     12.219337     12.219337     24.438674
      9.320000     11.697576     11.697576     23.395153
      9.340000     11.139217     11.139217     22.278434
      9.360000     10.660909     10.660909     21.321819
      9.380000     10.334201     10.334201     20.668402
      9.400000     10.164455     10.164455     20.328911
      9.420000     10.095643     10.095643     20.191285
      9.440000     10.039464     10.039464     20.078927
      9.460000      9.915547      9.915547     19.831093
      9.480000      9.684760      9.684760     19.369520
      9.500000      9.362161      9.362161     18.724322
      9.520000      9.006689      9.006689     18.013379
      9.540000      8.695462      8.695462     17.390924
      9.560000      8.496093      8.496093     16.992186
      9.580000      8.448787      8.448787     16.897573
      9.600000      8.562879      8.562879     17.125758
      9.620000      8.824390      8.824390     17.648779
      9.640000      9.206603      9.206603     18.413207
      9.660000      9.676803      9.676803     19.353607
      9.680000     10.197606     10.197606     20.395211
      9.700000     10.726671     10.726671     21.453341
      9.720000     11.219964     11.219964     22.439928
      9.740000     11.640291     11.640291     23.280582
      9.760000     11.967380     11.967380     23.934760
      9.780000     12.202653     12.202653     24.405306
      9.800000     12.363552     12.363552     24.727105
      9.820000     12.468103     12.468103     24.936206
      9.840000     12.516857     12.516857     25.033714
      9.860000     12.482690     12.482690     24.965381
      9.880000     12.316783     12.316783     24.633566
      9.900000     11.971629     11.971629     23.943259
      9.920000     11.432224     11.432224     22.864448
      9.940000     10.739814     10.739814     21.479628
      9.960000      9.993749      9.993749     19.987497
      9.980000      9.326884      9.326884     18.653768
     10.000000      8.863892      8.863892     17.727785
