# EIG2DOS: Utility for SIESTA to obtain the electronic density of states
#  E. Artacho, Apr 1999, A. Garcia, Apr 2012
# ------------------------------------------
# Eigenvalues read from GRP_doping.EIG
# Using smearing parameter:   0.100
# Using   1001 points in energy range
# Selected bands: 1 to: 936
# Emin, emax in file for selected band(s):    -37.9199700    263.0741500
# Nbands, Nspin, Nk   =    936     1   231
# E_F                 =    -4.8302 eV --> (shifted to ZERO)
# Broadening          =     0.1000 eV
#
#        E            N(up)  (=)   N(down)         Ntot
    -10.000000      4.307792      4.307792      8.615584
     -9.980000      5.091726      5.091726     10.183452
     -9.960000      5.568803      5.568803     11.137606
     -9.940000      5.647540      5.647540     11.295080
     -9.920000      5.336136      5.336136     10.672271
     -9.900000      4.747736      4.747736      9.495472
     -9.880000      4.068896      4.068896      8.137792
     -9.860000      3.505357      3.505357      7.010714
     -9.840000      3.227534      3.227534      6.455068
     -9.820000      3.333965      3.333965      6.667931
     -9.800000      3.839427      3.839427      7.678854
     -9.780000      4.683608      4.683608      9.367215
     -9.760000      5.751250      5.751250     11.502499
     -9.740000      6.895404      6.895404     13.790808
     -9.720000      7.959108      7.959108     15.918215
     -9.700000      8.794830      8.794830     17.589660
     -9.680000      9.283762      9.283762     18.567524
     -9.660000      9.356900      9.356900     18.713799
     -9.640000      9.015903      9.015903     18.031807
     -9.620000      8.345470      8.345470     16.690941
     -9.600000      7.505402      7.505402     15.010803
     -9.580000      6.694782      6.694782     13.389564
     -9.560000      6.093318      6.093318     12.186636
     -9.540000      5.799654      5.799654     11.599307
     -9.520000      5.793722      5.793722     11.587445
     -9.500000      5.943410      5.943410     11.886821
     -9.480000      6.056682      6.056682     12.113364
     -9.460000      5.958543      5.958543     11.917086
     -9.440000      5.560107      5.560107     11.120214
     -9.420000      4.891938      4.891938      9.783876
     -9.400000      4.092774      4.092774      8.185547
     -9.380000      3.365854      3.365854      6.731708
     -9.360000      2.925564      2.925564      5.851129
     -9.340000      2.952433      2.952433      5.904866
     -9.320000      3.561491      3.561491      7.122981
     -9.300000      4.779687      4.779687      9.559375
     -9.280000      6.529751      6.529751     13.059502
     -9.260000      8.627045      8.627045     17.254090
     -9.240000     10.801643     10.801643     21.603287
     -9.220000     12.751255     12.751255     25.502511
     -9.200000     14.213730     14.213730     28.427460
     -9.180000     15.032742     15.032742     30.065484
     -9.160000     15.189392     15.189392     30.378784
     -9.140000     14.788134     14.788134     29.576268
     -9.120000     14.007499     14.007499     28.014999
     -9.100000     13.040170     13.040170     26.080341
     -9.080000     12.045854     12.045854     24.091709
     -9.060000     11.128102     11.128102     22.256204
     -9.040000     10.332849     10.332849     20.665698
     -9.020000      9.659722      9.659722     19.319445
     -9.000000      9.077846      9.077846     18.155692
     -8.980000      8.541809      8.541809     17.083618
     -8.960000      8.006131      8.006131     16.012263
     -8.940000      7.436706      7.436706     14.873413
     -8.920000      6.817125      6.817125     13.634250
     -8.900000      6.148749      6.148749     12.297498
     -8.880000      5.446209      5.446209     10.892418
     -8.860000      4.732478      4.732478      9.464956
     -8.840000      4.037440      4.037440      8.074880
     -8.820000      3.400609      3.400609      6.801219
     -8.800000      2.874474      2.874474      5.748947
     -8.780000      2.522783      2.522783      5.045565
     -8.760000      2.409431      2.409431      4.818863
     -8.740000      2.577942      2.577942      5.155885
     -8.720000      3.027167      3.027167      6.054334
     -8.700000      3.693440      3.693440      7.386880
     -8.680000      4.450506      4.450506      8.901012
     -8.660000      5.133941      5.133941     10.267881
     -8.640000      5.586573      5.586573     11.173146
     -8.620000      5.709674      5.709674     11.419347
     -8.600000      5.498383      5.498383     10.996766
     -8.580000      5.044472      5.044472     10.088944
     -8.560000      4.503975      4.503975      9.007950
     -8.540000      4.043520      4.043520      8.087039
     -8.520000      3.787713      3.787713      7.575426
     -8.500000      3.786477      3.786477      7.572953
     -8.480000      4.009627      4.009627      8.019254
     -8.460000      4.364465      4.364465      8.728930
     -8.440000      4.726660      4.726660      9.453320
     -8.420000      4.975361      4.975361      9.950721
     -8.400000      5.026090      5.026090     10.052181
     -8.380000      4.855878      4.855878      9.711755
     -8.360000      4.514406      4.514406      9.028812
     -8.340000      4.115756      4.115756      8.231512
     -8.320000      3.809877      3.809877      7.619754
     -8.300000      3.740249      3.740249      7.480499
     -8.280000      4.000563      4.000563      8.001126
     -8.260000      4.605007      4.605007      9.210015
     -8.240000      5.482529      5.482529     10.965059
     -8.220000      6.496604      6.496604     12.993207
     -8.200000      7.482194      7.482194     14.964389
     -8.180000      8.285264      8.285264     16.570527
     -8.160000      8.791059      8.791059     17.582118
     -8.140000      8.935384      8.935384     17.870767
     -8.120000      8.703084      8.703084     17.406168
     -8.100000      8.123146      8.123146     16.246293
     -8.080000      7.266624      7.266624     14.533248
     -8.060000      6.245537      6.245537     12.491075
     -8.040000      5.205176      5.205176     10.410351
     -8.020000      4.303808      4.303808      8.607617
     -8.000000      3.681203      3.681203      7.362406
     -7.980000      3.424922      3.424922      6.849844
     -7.960000      3.546329      3.546329      7.092658
     -7.940000      3.975741      3.975741      7.951483
     -7.920000      4.580151      4.580151      9.160302
     -7.900000      5.199698      5.199698     10.399397
     -7.880000      5.692454      5.692454     11.384908
     -7.860000      5.973255      5.973255     11.946509
     -7.840000      6.033772      6.033772     12.067545
     -7.820000      5.938065      5.938065     11.876131
     -7.800000      5.797541      5.797541     11.595082
     -7.780000      5.736109      5.736109     11.472218
     -7.760000      5.856718      5.856718     11.713437
     -7.740000      6.215623      6.215623     12.431247
     -7.720000      6.805759      6.805759     13.611518
     -7.700000      7.549929      7.549929     15.099859
     -7.680000      8.307467      8.307467     16.614934
     -7.660000      8.899345      8.899345     17.798690
     -7.640000      9.151502      9.151502     18.303004
     -7.620000      8.945605      8.945605     17.891211
     -7.600000      8.258003      8.258003     16.516005
     -7.580000      7.169131      7.169131     14.338261
     -7.560000      5.838220      5.838220     11.676440
     -7.540000      4.454522      4.454522      8.909044
     -7.520000      3.186276      3.186276      6.372551
     -7.500000      2.146813      2.146813      4.293626
     -7.480000      1.386169      1.386169      2.772339
     -7.460000      0.904001      0.904001      1.808003
     -7.440000      0.672218      0.672218      1.344436
     -7.420000      0.655627      0.655627      1.311255
     -7.400000      0.823900      0.823900      1.647800
     -7.380000      1.154386      1.154386      2.308772
     -7.360000      1.629645      1.629645      3.259291
     -7.340000      2.234451      2.234451      4.468901
     -7.320000      2.954762      2.954762      5.909524
     -7.300000      3.777563      3.777563      7.555125
     -7.280000      4.688047      4.688047      9.376093
     -7.260000      5.661665      5.661665     11.323331
     -7.240000      6.652907      6.652907     13.305814
     -7.220000      7.587772      7.587772     15.175545
     -7.200000      8.368653      8.368653     16.737305
     -7.180000      8.896033      8.896033     17.792067
     -7.160000      9.102148      9.102148     18.204297
     -7.140000      8.982288      8.982288     17.964576
     -7.120000      8.606254      8.606254     17.212508
     -7.100000      8.099235      8.099235     16.198470
     -7.080000      7.596156      7.596156     15.192311
     -7.060000      7.188702      7.188702     14.377404
     -7.040000      6.890390      6.890390     13.780780
     -7.020000      6.637494      6.637494     13.274989
     -7.000000      6.325785      6.325785     12.651571
     -6.980000      5.865093      5.865093     11.730186
     -6.960000      5.226027      5.226027     10.452055
     -6.940000      4.459524      4.459524      8.919047
     -6.920000      3.685128      3.685128      7.370255
     -6.900000      3.058161      3.058161      6.116322
     -6.880000      2.731294      2.731294      5.462587
     -6.860000      2.821904      2.821904      5.643807
     -6.840000      3.388651      3.388651      6.777302
     -6.820000      4.416265      4.416265      8.832529
     -6.800000      5.809414      5.809414     11.618829
     -6.780000      7.401208      7.401208     14.802416
     -6.760000      8.982325      8.982325     17.964650
     -6.740000     10.349072     10.349072     20.698144
     -6.720000     11.356243     11.356243     22.712486
     -6.700000     11.953157     11.953157     23.906314
     -6.680000     12.186760     12.186760     24.373520
     -6.660000     12.172705     12.172705     24.345410
     -6.640000     12.052093     12.052093     24.104185
     -6.620000     11.954927     11.954927     23.909854
     -6.600000     11.978988     11.978988     23.957977
     -6.580000     12.176646     12.176646     24.353292
     -6.560000     12.538267     12.538267     25.076534
     -6.540000     12.973920     12.973920     25.947840
     -6.520000     13.312241     13.312241     26.624482
     -6.500000     13.337114     13.337114     26.674227
     -6.480000     12.862192     12.862192     25.724384
     -6.460000     11.814051     11.814051     23.628101
     -6.440000     10.280959     10.280959     20.561918
     -6.420000      8.498801      8.498801     16.997602
     -6.400000      6.779021      6.779021     13.558042
     -6.380000      5.412311      5.412311     10.824622
     -6.360000      4.588585      4.588585      9.177169
     -6.340000      4.359203      4.359203      8.718407
     -6.320000      4.645418      4.645418      9.290837
     -6.300000      5.280800      5.280800     10.561599
     -6.280000      6.068786      6.068786     12.137573
     -6.260000      6.836040      6.836040     13.672080
     -6.240000      7.465441      7.465441     14.930881
     -6.220000      7.900367      7.900367     15.800735
     -6.200000      8.124760      8.124760     16.249520
     -6.180000      8.136184      8.136184     16.272368
     -6.160000      7.932647      7.932647     15.865294
     -6.140000      7.523533      7.523533     15.047065
     -6.120000      6.956439      6.956439     13.912878
     -6.100000      6.338003      6.338003     12.676006
     -6.080000      5.828017      5.828017     11.656035
     -6.060000      5.601219      5.601219     11.202439
     -6.040000      5.789504      5.789504     11.579009
     -6.020000      6.427898      6.427898     12.855797
     -6.000000      7.426439      7.426439     14.852878
     -5.980000      8.580376      8.580376     17.160752
     -5.960000      9.618182      9.618182     19.236363
     -5.940000     10.274536     10.274536     20.549073
     -5.920000     10.366357     10.366357     20.732713
     -5.900000      9.847149      9.847149     19.694298
     -5.880000      8.821191      8.821191     17.642383
     -5.860000      7.513247      7.513247     15.026494
     -5.840000      6.205605      6.205605     12.411211
     -5.820000      5.164429      5.164429     10.328858
     -5.800000      4.577698      4.577698      9.155396
     -5.780000      4.519733      4.519733      9.039465
     -5.760000      4.947791      4.947791      9.895582
     -5.740000      5.728205      5.728205     11.456410
     -5.720000      6.682941      6.682941     13.365882
     -5.700000      7.641832      7.641832     15.283664
     -5.680000      8.483207      8.483207     16.966413
     -5.660000      9.150021      9.150021     18.300042
     -5.640000      9.640047      9.640047     19.280095
     -5.620000      9.980961      9.980961     19.961921
     -5.600000     10.206031     10.206031     20.412063
     -5.580000     10.340763     10.340763     20.681526
     -5.560000     10.400803     10.400803     20.801606
     -5.540000     10.395004     10.395004     20.790009
     -5.520000     10.327980     10.327980     20.655959
     -5.500000     10.200516     10.200516     20.401031
     -5.480000     10.009184     10.009184     20.018368
     -5.460000      9.747147      9.747147     19.494293
     -5.440000      9.407887      9.407887     18.815775
     -5.420000      8.992721      8.992721     17.985441
     -5.400000      8.520105      8.520105     17.040211
     -5.380000      8.030634      8.030634     16.061268
     -5.360000      7.580134      7.580134     15.160268
     -5.340000      7.218583      7.218583     14.437165
     -5.320000      6.962926      6.962926     13.925852
     -5.300000      6.779869      6.779869     13.559739
     -5.280000      6.592767      6.592767     13.185535
     -5.260000      6.314453      6.314453     12.628906
     -5.240000      5.892831      5.892831     11.785662
     -5.220000      5.348059      5.348059     10.696118
     -5.200000      4.783725      4.783725      9.567449
     -5.180000      4.366309      4.366309      8.732618
     -5.160000      4.279972      4.279972      8.559943
     -5.140000      4.671564      4.671564      9.343128
     -5.120000      5.602721      5.602721     11.205443
     -5.100000      7.023603      7.023603     14.047207
     -5.080000      8.777675      8.777675     17.555349
     -5.060000     10.638694     10.638694     21.277387
     -5.040000     12.370611     12.370611     24.741223
     -5.020000     13.791880     13.791880     27.583761
     -5.000000     14.822536     14.822536     29.645072
     -4.980000     15.497558     15.497558     30.995116
     -4.960000     15.941447     15.941447     31.882894
     -4.940000     16.312222     16.312222     32.624443
     -4.920000     16.733970     16.733970     33.467940
     -4.900000     17.242430     17.242430     34.484859
     -4.880000     17.765153     17.765153     35.530306
     -4.860000     18.145811     18.145811     36.291622
     -4.840000     18.204800     18.204800     36.409599
     -4.820000     17.813342     17.813342     35.626683
     -4.800000     16.953071     16.953071     33.906141
     -4.780000     15.739532     15.739532     31.479064
     -4.760000     14.401684     14.401684     28.803369
     -4.740000     13.223799     13.223799     26.447598
     -4.720000     12.466707     12.466707     24.933413
     -4.700000     12.290939     12.290939     24.581878
     -4.680000     12.704894     12.704894     25.409789
     -4.660000     13.555981     13.555981     27.111962
     -4.640000     14.571013     14.571013     29.142026
     -4.620000     15.435532     15.435532     30.871063
     -4.600000     15.885828     15.885828     31.771656
     -4.580000     15.780211     15.780211     31.560421
     -4.560000     15.123247     15.123247     30.246493
     -4.540000     14.037082     14.037082     28.074165
     -4.520000     12.698119     12.698119     25.396237
     -4.500000     11.272184     11.272184     22.544368
     -4.480000      9.878041      9.878041     19.756082
     -4.460000      8.589331      8.589331     17.178662
     -4.440000      7.461043      7.461043     14.922087
     -4.420000      6.553159      6.553159     13.106318
     -4.400000      5.929302      5.929302     11.858603
     -4.380000      5.627883      5.627883     11.255766
     -4.360000      5.624407      5.624407     11.248814
     -4.340000      5.812747      5.812747     11.625494
     -4.320000      6.024643      6.024643     12.049286
     -4.300000      6.085511      6.085511     12.171023
     -4.280000      5.883708      5.883708     11.767417
     -4.260000      5.422226      5.422226     10.844452
     -4.240000      4.830637      4.830637      9.661275
     -4.220000      4.334078      4.334078      8.668156
     -4.200000      4.192525      4.192525      8.385049
     -4.180000      4.629243      4.629243      9.258487
     -4.160000      5.763940      5.763940     11.527880
     -4.140000      7.562432      7.562432     15.124865
     -4.120000      9.815814      9.815814     19.631628
     -4.100000     12.163632     12.163632     24.327265
     -4.080000     14.167901     14.167901     28.335802
     -4.060000     15.424529     15.424529     30.849058
     -4.040000     15.676025     15.676025     31.352050
     -4.020000     14.881255     14.881255     29.762510
     -4.000000     13.214146     13.214146     26.428292
     -3.980000     10.995740     10.995740     21.991479
     -3.960000      8.592998      8.592998     17.185995
     -3.940000      6.326758      6.326758     12.653516
     -3.920000      4.418349      4.418349      8.836698
     -3.900000      2.981240      2.981240      5.962479
     -3.880000      2.044753      2.044753      4.089506
     -3.860000      1.588733      1.588733      3.177466
     -3.840000      1.570529      1.570529      3.141059
     -3.820000      1.934418      1.934418      3.868835
     -3.800000      2.604565      2.604565      5.209130
     -3.780000      3.472374      3.472374      6.944748
     -3.760000      4.393662      4.393662      8.787325
     -3.740000      5.207334      5.207334     10.414668
     -3.720000      5.774985      5.774985     11.549969
     -3.700000      6.026254      6.026254     12.052507
     -3.680000      5.986998      5.986998     11.973996
     -3.660000      5.773107      5.773107     11.546214
     -3.640000      5.549803      5.549803     11.099605
     -3.620000      5.474265      5.474265     10.948530
     -3.600000      5.647083      5.647083     11.294166
     -3.580000      6.091145      6.091145     12.182290
     -3.560000      6.760648      6.760648     13.521295
     -3.540000      7.568455      7.568455     15.136911
     -3.520000      8.415096      8.415096     16.830192
     -3.500000      9.208190      9.208190     18.416381
     -3.480000      9.871307      9.871307     19.742613
     -3.460000     10.348486     10.348486     20.696973
     -3.440000     10.610597     10.610597     21.221195
     -3.420000     10.663842     10.663842     21.327683
     -3.400000     10.554696     10.554696     21.109393
     -3.380000     10.364265     10.364265     20.728531
     -3.360000     10.189043     10.189043     20.378086
     -3.340000     10.111489     10.111489     20.222978
     -3.320000     10.169145     10.169145     20.338289
     -3.300000     10.333764     10.333764     20.667528
     -3.280000     10.511154     10.511154     21.022307
     -3.260000     10.566866     10.566866     21.133733
     -3.240000     10.372369     10.372369     20.744738
     -3.220000      9.854817      9.854817     19.709634
     -3.200000      9.028603      9.028603     18.057206
     -3.180000      7.993797      7.993797     15.987594
     -3.160000      6.902873      6.902873     13.805746
     -3.140000      5.912769      5.912769     11.825539
     -3.120000      5.144446      5.144446     10.288892
     -3.100000      4.664385      4.664385      9.328770
     -3.080000      4.488310      4.488310      8.976621
     -3.060000      4.596328      4.596328      9.192657
     -3.040000      4.946666      4.946666      9.893332
     -3.020000      5.481617      5.481617     10.963235
     -3.000000      6.128522      6.128522     12.257044
     -2.980000      6.803708      6.803708     13.607416
     -2.960000      7.424496      7.424496     14.848992
     -2.940000      7.925661      7.925661     15.851322
     -2.920000      8.269655      8.269655     16.539311
     -2.900000      8.441748      8.441748     16.883496
     -2.880000      8.432381      8.432381     16.864761
     -2.860000      8.220863      8.220863     16.441726
     -2.840000      7.775920      7.775920     15.551841
     -2.820000      7.076562      7.076562     14.153124
     -2.800000      6.140154      6.140154     12.280307
     -2.780000      5.037191      5.037191     10.074382
     -2.760000      3.880366      3.880366      7.760733
     -2.740000      2.792549      2.792549      5.585098
     -2.720000      1.871094      1.871094      3.742189
     -2.700000      1.166051      1.166051      2.332103
     -2.680000      0.679532      0.679532      1.359064
     -2.660000      0.381574      0.381574      0.763149
     -2.640000      0.231803      0.231803      0.463605
     -2.620000      0.197376      0.197376      0.394752
     -2.600000      0.262595      0.262595      0.525191
     -2.580000      0.429915      0.429915      0.859831
     -2.560000      0.714226      0.714226      1.428451
     -2.540000      1.132764      1.132764      2.265528
     -2.520000      1.693283      1.693283      3.386566
     -2.500000      2.383731      2.383731      4.767461
     -2.480000      3.167118      3.167118      6.334235
     -2.460000      3.984491      3.984491      7.968982
     -2.440000      4.766444      4.766444      9.532888
     -2.420000      5.450073      5.450073     10.900145
     -2.400000      5.995304      5.995304     11.990608
     -2.380000      6.393988      6.393988     12.787977
     -2.360000      6.667847      6.667847     13.335695
     -2.340000      6.856311      6.856311     13.712622
     -2.320000      6.999673      6.999673     13.999345
     -2.300000      7.124245      7.124245     14.248491
     -2.280000      7.233942      7.233942     14.467884
     -2.260000      7.309207      7.309207     14.618415
     -2.240000      7.312298      7.312298     14.624596
     -2.220000      7.197988      7.197988     14.395977
     -2.200000      6.928807      6.928807     13.857615
     -2.180000      6.492079      6.492079     12.984157
     -2.160000      5.913309      5.913309     11.826619
     -2.140000      5.259956      5.259956     10.519911
     -2.120000      4.632824      4.632824      9.265649
     -2.100000      4.147389      4.147389      8.294777
     -2.080000      3.910298      3.910298      7.820596
     -2.060000      3.995865      3.995865      7.991729
     -2.040000      4.425543      4.425543      8.851086
     -2.020000      5.153775      5.153775     10.307549
     -2.000000      6.066233      6.066233     12.132467
     -1.980000      6.997473      6.997473     13.994947
     -1.960000      7.769683      7.769683     15.539366
     -1.940000      8.243268      8.243268     16.486537
     -1.920000      8.360179      8.360179     16.720358
     -1.900000      8.160599      8.160599     16.321198
     -1.880000      7.765036      7.765036     15.530072
     -1.860000      7.330304      7.330304     14.660608
     -1.840000      6.998970      6.998970     13.997940
     -1.820000      6.861377      6.861377     13.722754
     -1.800000      6.939789      6.939789     13.879578
     -1.780000      7.193135      7.193135     14.386270
     -1.760000      7.534616      7.534616     15.069233
     -1.740000      7.854586      7.854586     15.709173
     -1.720000      8.044597      8.044597     16.089195
     -1.700000      8.021406      8.021406     16.042812
     -1.680000      7.749434      7.749434     15.498869
     -1.660000      7.257041      7.257041     14.514082
     -1.640000      6.638856      6.638856     13.277712
     -1.620000      6.037431      6.037431     12.074861
     -1.600000      5.604485      5.604485     11.208971
     -1.580000      5.452730      5.452730     10.905460
     -1.560000      5.617246      5.617246     11.234491
     -1.540000      6.044534      6.044534     12.089067
     -1.520000      6.615971      6.615971     13.231941
     -1.500000      7.195901      7.195901     14.391803
     -1.480000      7.682259      7.682259     15.364518
     -1.460000      8.037049      8.037049     16.074098
     -1.440000      8.285839      8.285839     16.571677
     -1.420000      8.492056      8.492056     16.984113
     -1.400000      8.723058      8.723058     17.446116
     -1.380000      9.024368      9.024368     18.048736
     -1.360000      9.408750      9.408750     18.817500
     -1.340000      9.856362      9.856362     19.712724
     -1.320000     10.318700     10.318700     20.637400
     -1.300000     10.723173     10.723173     21.446346
     -1.280000     10.981359     10.981359     21.962718
     -1.260000     11.005707     11.005707     22.011413
     -1.240000     10.734847     10.734847     21.469695
     -1.220000     10.160358     10.160358     20.320717
     -1.200000      9.343549      9.343549     18.687098
     -1.180000      8.412769      8.412769     16.825538
     -1.160000      7.538749      7.538749     15.077497
     -1.140000      6.893817      6.893817     13.787634
     -1.120000      6.606891      6.606891     13.213783
     -1.100000      6.727963      6.727963     13.455926
     -1.080000      7.213086      7.213086     14.426171
     -1.060000      7.934462      7.934462     15.868925
     -1.040000      8.712174      8.712174     17.424347
     -1.020000      9.357677      9.357677     18.715354
     -1.000000      9.717155      9.717155     19.434310
     -0.980000      9.705148      9.705148     19.410295
     -0.960000      9.322937      9.322937     18.645875
     -0.940000      8.658816      8.658816     17.317632
     -0.920000      7.868749      7.868749     15.737499
     -0.900000      7.138862      7.138862     14.277724
     -0.880000      6.637324      6.637324     13.274648
     -0.860000      6.470162      6.470162     12.940323
     -0.840000      6.657528      6.657528     13.315056
     -0.820000      7.140362      7.140362     14.280723
     -0.800000      7.814215      7.814215     15.628431
     -0.780000      8.574357      8.574357     17.148713
     -0.760000      9.351333      9.351333     18.702667
     -0.740000     10.121875     10.121875     20.243749
     -0.720000     10.893189     10.893189     21.786378
     -0.700000     11.672426     11.672426     23.344851
     -0.680000     12.439978     12.439978     24.879956
     -0.660000     13.141766     13.141766     26.283532
     -0.640000     13.703693     13.703693     27.407385
     -0.620000     14.058295     14.058295     28.116590
     -0.600000     14.167287     14.167287     28.334573
     -0.580000     14.027993     14.027993     28.055986
     -0.560000     13.663198     13.663198     27.326397
     -0.540000     13.104551     13.104551     26.209101
     -0.520000     12.382343     12.382343     24.764686
     -0.500000     11.528234     11.528234     23.056469
     -0.480000     10.587349     10.587349     21.174698
     -0.460000      9.629327      9.629327     19.258654
     -0.440000      8.748431      8.748431     17.496862
     -0.420000      8.049756      8.049756     16.099513
     -0.400000      7.627059      7.627059     15.254118
     -0.380000      7.542322      7.542322     15.084644
     -0.360000      7.815574      7.815574     15.631148
     -0.340000      8.427250      8.427250     16.854500
     -0.320000      9.328882      9.328882     18.657763
     -0.300000     10.455016     10.455016     20.910031
     -0.280000     11.730953     11.730953     23.461906
     -0.260000     13.075184     13.075184     26.150368
     -0.240000     14.399244     14.399244     28.798488
     -0.220000     15.609112     15.609112     31.218224
     -0.200000     16.611231     16.611231     33.222461
     -0.180000     17.323977     17.323977     34.647955
     -0.160000     17.693139     17.693139     35.386277
     -0.140000     17.708011     17.708011     35.416021
     -0.120000     17.412969     17.412969     34.825939
     -0.100000     16.908050     16.908050     33.816100
     -0.080000     16.332793     16.332793     32.665587
     -0.060000     15.832305     15.832305     31.664610
     -0.040000     15.512914     15.512914     31.025827
     -0.020000     15.403016     15.403016     30.806032
      0.000000     15.436573     15.436573     30.873146
      0.020000     15.469059     15.469059     30.938119
      0.040000     15.321656     15.321656     30.643313
      0.060000     14.837196     14.837196     29.674391
      0.080000     13.927744     13.927744     27.855487
      0.100000     12.599499     12.599499     25.198997
      0.120000     10.951019     10.951019     21.902037
      0.140000      9.149737      9.149737     18.299473
      0.160000      7.396158      7.396158     14.792316
      0.180000      5.885443      5.885443     11.770887
      0.200000      4.774032      4.774032      9.548064
      0.220000      4.156179      4.156179      8.312359
      0.240000      4.052821      4.052821      8.105642
      0.260000      4.413302      4.413302      8.826605
      0.280000      5.129078      5.129078     10.258156
      0.300000      6.056765      6.056765     12.113530
      0.320000      7.045904      7.045904     14.091809
      0.340000      7.965203      7.965203     15.930405
      0.360000      8.721128      8.721128     17.442255
      0.380000      9.264909      9.264909     18.529817
      0.400000      9.587515      9.587515     19.175030
      0.420000      9.705739      9.705739     19.411479
      0.440000      9.645041      9.645041     19.290081
      0.460000      9.425582      9.425582     18.851165
      0.480000      9.056420      9.056420     18.112840
      0.500000      8.539180      8.539180     17.078360
      0.520000      7.878332      7.878332     15.756664
      0.540000      7.092607      7.092607     14.185214
      0.560000      6.222788      6.222788     12.445576
      0.580000      5.334169      5.334169     10.668338
      0.600000      4.514784      4.514784      9.029569
      0.620000      3.870920      3.870920      7.741840
      0.640000      3.519457      3.519457      7.038914
      0.660000      3.574485      3.574485      7.148970
      0.680000      4.125896      4.125896      8.251792
      0.700000      5.211183      5.211183     10.422366
      0.720000      6.787122      6.787122     13.574244
      0.740000      8.712374      8.712374     17.424747
      0.760000     10.752232     10.752232     21.504464
      0.780000     12.611355     12.611355     25.222711
      0.800000     13.990661     13.990661     27.981322
      0.820000     14.654530     14.654530     29.309060
      0.840000     14.488648     14.488648     28.977297
      0.860000     13.530269     13.530269     27.060539
      0.880000     11.961202     11.961202     23.922403
      0.900000     10.065868     10.065868     20.131736
      0.920000      8.167268      8.167268     16.334536
      0.940000      6.558559      6.558559     13.117118
      0.960000      5.446472      5.446472     10.892944
      0.980000      4.917548      4.917548      9.835095
      1.000000      4.932565      4.932565      9.865131
      1.020000      5.349870      5.349870     10.699740
      1.040000      5.972775      5.972775     11.945549
      1.060000      6.608549      6.608549     13.217098
      1.080000      7.119303      7.119303     14.238606
      1.100000      7.444915      7.444915     14.889830
      1.120000      7.589501      7.589501     15.179002
      1.140000      7.581896      7.581896     15.163791
      1.160000      7.435384      7.435384     14.870768
      1.180000      7.131316      7.131316     14.262631
      1.200000      6.634613      6.634613     13.269226
      1.220000      5.928051      5.928051     11.856102
      1.240000      5.041291      5.041291     10.082583
      1.260000      4.056597      4.056597      8.113194
      1.280000      3.089879      3.089879      6.179757
      1.300000      2.260391      2.260391      4.520781
      1.320000      1.665783      1.665783      3.331566
      1.340000      1.371264      1.371264      2.742528
      1.360000      1.410066      1.410066      2.820133
      1.380000      1.785837      1.785837      3.571675
      1.400000      2.469965      2.469965      4.939930
      1.420000      3.395563      3.395563      6.791127
      1.440000      4.457707      4.457707      8.915414
      1.460000      5.529462      5.529462     11.058924
      1.480000      6.493485      6.493485     12.986971
      1.500000      7.275400      7.275400     14.550800
      1.520000      7.858701      7.858701     15.717402
      1.540000      8.269188      8.269188     16.538377
      1.560000      8.536537      8.536537     17.073073
      1.580000      8.657853      8.657853     17.315706
      1.600000      8.588840      8.588840     17.177680
      1.620000      8.270274      8.270274     16.540548
      1.640000      7.673437      7.673437     15.346874
      1.660000      6.835516      6.835516     13.671033
      1.680000      5.863176      5.863176     11.726352
      1.700000      4.902880      4.902880      9.805759
      1.720000      4.094853      4.094853      8.189707
      1.740000      3.532766      3.532766      7.065532
      1.760000      3.243491      3.243491      6.486983
      1.780000      3.189086      3.189086      6.378171
      1.800000      3.284740      3.284740      6.569481
      1.820000      3.424431      3.424431      6.848862
      1.840000      3.507632      3.507632      7.015263
      1.860000      3.462315      3.462315      6.924630
      1.880000      3.260324      3.260324      6.520649
      1.900000      2.922175      2.922175      5.844349
      1.920000      2.510479      2.510479      5.020959
      1.940000      2.114168      2.114168      4.228336
      1.960000      1.827928      1.827928      3.655856
      1.980000      1.731727      1.731727      3.463453
      2.000000      1.874187      1.874187      3.748375
      2.020000      2.262388      2.262388      4.524777
      2.040000      2.860222      2.860222      5.720444
      2.060000      3.597100      3.597100      7.194200
      2.080000      4.386853      4.386853      8.773706
      2.100000      5.152648      5.152648     10.305295
      2.120000      5.849536      5.849536     11.699072
      2.140000      6.475190      6.475190     12.950381
      2.160000      7.063252      7.063252     14.126505
      2.180000      7.660956      7.660956     15.321912
      2.200000      8.299404      8.299404     16.598807
      2.220000      8.967950      8.967950     17.935901
      2.240000      9.602995      9.602995     19.205989
      2.260000     10.097219     10.097219     20.194439
      2.280000     10.328845     10.328845     20.657691
      2.300000     10.202649     10.202649     20.405298
      2.320000      9.687732      9.687732     19.375464
      2.340000      8.835632      8.835632     17.671265
      2.360000      7.769351      7.769351     15.538703
      2.380000      6.647073      6.647073     13.294146
      2.400000      5.616502      5.616502     11.233004
      2.420000      4.779270      4.779270      9.558541
      2.440000      4.177911      4.177911      8.355822
      2.460000      3.805352      3.805352      7.610704
      2.480000      3.626621      3.626621      7.253241
      2.500000      3.599600      3.599600      7.199200
      2.520000      3.686472      3.686472      7.372945
      2.540000      3.855899      3.855899      7.711798
      2.560000      4.082783      4.082783      8.165567
      2.580000      4.353498      4.353498      8.706995
      2.600000      4.678637      4.678637      9.357274
      2.620000      5.105737      5.105737     10.211474
      2.640000      5.717395      5.717395     11.434789
      2.660000      6.602736      6.602736     13.205471
      2.680000      7.804252      7.804252     15.608504
      2.700000      9.261482      9.261482     18.522964
      2.720000     10.785008     10.785008     21.570016
      2.740000     12.087257     12.087257     24.174513
      2.760000     12.869957     12.869957     25.739915
      2.780000     12.935677     12.935677     25.871353
      2.800000     12.273178     12.273178     24.546357
      2.820000     11.076251     11.076251     22.152502
      2.840000      9.687758      9.687758     19.375515
      2.860000      8.494999      8.494999     16.989998
      2.880000      7.819318      7.819318     15.638636
      2.900000      7.836598      7.836598     15.673196
      2.920000      8.545643      8.545643     17.091286
      2.940000      9.782754      9.782754     19.565509
      2.960000     11.270799     11.270799     22.541597
      2.980000     12.688025     12.688025     25.376050
      3.000000     13.740991     13.740991     27.481982
      3.020000     14.225421     14.225421     28.450842
      3.040000     14.060827     14.060827     28.121654
      3.060000     13.291539     13.291539     26.583078
      3.080000     12.057262     12.057262     24.114525
      3.100000     10.546007     10.546007     21.092014
      3.120000      8.946552      8.946552     17.893105
      3.140000      7.414485      7.414485     14.828969
      3.160000      6.057465      6.057465     12.114930
      3.180000      4.936677      4.936677      9.873353
      3.200000      4.076883      4.076883      8.153765
      3.220000      3.478349      3.478349      6.956698
      3.240000      3.127475      3.127475      6.254950
      3.260000      3.005585      3.005585      6.011171
      3.280000      3.095132      3.095132      6.190264
      3.300000      3.380803      3.380803      6.761606
      3.320000      3.842776      3.842776      7.685551
      3.340000      4.442690      4.442690      8.885380
      3.360000      5.108996      5.108996     10.217992
      3.380000      5.732941      5.732941     11.465883
      3.400000      6.184710      6.184710     12.369420
      3.420000      6.349547      6.349547     12.699094
      3.440000      6.170800      6.170800     12.341600
      3.460000      5.679411      5.679411     11.358822
      3.480000      4.993912      4.993912      9.987825
      3.500000      4.289678      4.289678      8.579357
      3.520000      3.751498      3.751498      7.502996
      3.540000      3.529542      3.529542      7.059084
      3.560000      3.712694      3.712694      7.425388
      3.580000      4.321162      4.321162      8.642324
      3.600000      5.311548      5.311548     10.623097
      3.620000      6.586999      6.586999     13.173998
      3.640000      8.009960      8.009960     16.019921
      3.660000      9.419046      9.419046     18.838092
      3.680000     10.650593     10.650593     21.301187
      3.700000     11.561603     11.561603     23.123206
      3.720000     12.048685     12.048685     24.097369
      3.740000     12.059664     12.059664     24.119328
      3.760000     11.598055     11.598055     23.196110
      3.780000     10.721830     10.721830     21.443659
      3.800000      9.536302      9.536302     19.072604
      3.820000      8.179835      8.179835     16.359669
      3.840000      6.803138      6.803138     13.606276
      3.860000      5.546687      5.546687     11.093374
      3.880000      4.522326      4.522326      9.044653
      3.900000      3.802685      3.802685      7.605369
      3.920000      3.417899      3.417899      6.835798
      3.940000      3.356982      3.356982      6.713964
      3.960000      3.572055      3.572055      7.144110
      3.980000      3.985717      3.985717      7.971434
      4.000000      4.502564      4.502564      9.005127
      4.020000      5.024605      5.024605     10.049210
      4.040000      5.468113      5.468113     10.936226
      4.060000      5.777709      5.777709     11.555418
      4.080000      5.933224      5.933224     11.866448
      4.100000      5.946651      5.946651     11.893301
      4.120000      5.850133      5.850133     11.700267
      4.140000      5.680037      5.680037     11.360073
      4.160000      5.464013      5.464013     10.928026
      4.180000      5.215950      5.215950     10.431901
      4.200000      4.938707      4.938707      9.877414
      4.220000      4.630253      4.630253      9.260505
      4.240000      4.288287      4.288287      8.576573
      4.260000      3.911550      3.911550      7.823101
      4.280000      3.499678      3.499678      6.999356
      4.300000      3.054405      3.054405      6.108811
      4.320000      2.582794      2.582794      5.165589
      4.340000      2.100258      2.100258      4.200516
      4.360000      1.630343      1.630343      3.260686
      4.380000      1.200139      1.200139      2.400277
      4.400000      0.833149      0.833149      1.666299
      4.420000      0.543143      0.543143      1.086286
      4.440000      0.331790      0.331790      0.663580
      4.460000      0.190694      0.190694      0.381388
      4.480000      0.106351      0.106351      0.212701
      4.500000      0.065874      0.065874      0.131748
      4.520000      0.061935      0.061935      0.123870
      4.540000      0.096434      0.096434      0.192868
      4.560000      0.183062      0.183062      0.366124
      4.580000      0.348678      0.348678      0.697357
      4.600000      0.632524      0.632524      1.265049
      4.620000      1.081309      1.081309      2.162618
      4.640000      1.738086      1.738086      3.476172
      4.660000      2.624498      2.624498      5.248997
      4.680000      3.719834      3.719834      7.439668
      4.700000      4.945243      4.945243      9.890486
      4.720000      6.164359      6.164359     12.328717
      4.740000      7.208658      7.208658     14.417317
      4.760000      7.925733      7.925733     15.851466
      4.780000      8.234981      8.234981     16.469962
      4.800000      8.166170      8.166170     16.332340
      4.820000      7.859210      7.859210     15.718420
      4.840000      7.519047      7.519047     15.038093
      4.860000      7.340307      7.340307     14.680615
      4.880000      7.431356      7.431356     14.862712
      4.900000      7.769220      7.769220     15.538441
      4.920000      8.204898      8.204898     16.409796
      4.940000      8.518126      8.518126     17.036251
      4.960000      8.500065      8.500065     17.000130
      4.980000      8.030253      8.030253     16.060506
      5.000000      7.116757      7.116757     14.233514
      5.020000      5.885588      5.885588     11.771176
      5.040000      4.528877      4.528877      9.057753
      5.060000      3.238547      3.238547      6.477095
      5.080000      2.154396      2.154396      4.308792
      5.100000      1.343343      1.343343      2.686687
      5.120000      0.809251      0.809251      1.618502
      5.140000      0.520269      0.520269      1.040538
      5.160000      0.437907      0.437907      0.875814
      5.180000      0.536818      0.536818      1.073636
      5.200000      0.811489      0.811489      1.622978
      5.220000      1.271553      1.271553      2.543106
      5.240000      1.930195      1.930195      3.860390
      5.260000      2.790792      2.790792      5.581584
      5.280000      3.836315      3.836315      7.672630
      5.300000      5.024393      5.024393     10.048785
      5.320000      6.288385      6.288385     12.576770
      5.340000      7.542415      7.542415     15.084830
      5.360000      8.687626      8.687626     17.375253
      5.380000      9.618874      9.618874     19.237749
      5.400000     10.234162     10.234162     20.468324
      5.420000     10.450047     10.450047     20.900094
      5.440000     10.222642     10.222642     20.445285
      5.460000      9.567328      9.567328     19.134656
      5.480000      8.566192      8.566192     17.132385
      5.500000      7.355343      7.355343     14.710686
      5.520000      6.093855      6.093855     12.187709
      5.540000      4.926065      4.926065      9.852130
      5.560000      3.952211      3.952211      7.904422
      5.580000      3.217069      3.217069      6.434138
      5.600000      2.716588      2.716588      5.433176
      5.620000      2.414962      2.414962      4.829923
      5.640000      2.262983      2.262983      4.525966
      5.660000      2.212016      2.212016      4.424032
      5.680000      2.222851      2.222851      4.445701
      5.700000      2.271733      2.271733      4.543465
      5.720000      2.355631      2.355631      4.711261
      5.740000      2.496188      2.496188      4.992376
      5.760000      2.738878      2.738878      5.477756
      5.780000      3.142958      3.142958      6.285916
      5.800000      3.760508      3.760508      7.521017
      5.820000      4.608848      4.608848      9.217696
      5.840000      5.647013      5.647013     11.294025
      5.860000      6.769234      6.769234     13.538468
      5.880000      7.823084      7.823084     15.646167
      5.900000      8.648555      8.648555     17.297111
      5.920000      9.123333      9.123333     18.246667
      5.940000      9.196255      9.196255     18.392510
      5.960000      8.897909      8.897909     17.795818
      5.980000      8.329169      8.329169     16.658339
      6.000000      7.636626      7.636626     15.273252
      6.020000      6.983703      6.983703     13.967406
      6.040000      6.520730      6.520730     13.041460
      6.060000      6.353892      6.353892     12.707784
      6.080000      6.516387      6.516387     13.032773
      6.100000      6.952254      6.952254     13.904508
      6.120000      7.525818      7.525818     15.051637
      6.140000      8.061314      8.061314     16.122629
      6.160000      8.400741      8.400741     16.801481
      6.180000      8.454471      8.454471     16.908942
      6.200000      8.220084      8.220084     16.440168
      6.220000      7.761934      7.761934     15.523868
      6.240000      7.166467      7.166467     14.332933
      6.260000      6.500800      6.500800     13.001600
      6.280000      5.796631      5.796631     11.593261
      6.300000      5.063278      5.063278     10.126555
      6.320000      4.316134      4.316134      8.632267
      6.340000      3.600752      3.600752      7.201504
      6.360000      2.999149      2.999149      5.998297
      6.380000      2.616283      2.616283      5.232566
      6.400000      2.552879      2.552879      5.105758
      6.420000      2.873141      2.873141      5.746282
      6.440000      3.575536      3.575536      7.151071
      6.460000      4.575423      4.575423      9.150847
      6.480000      5.709518      5.709518     11.419037
      6.500000      6.769278      6.769278     13.538556
      6.520000      7.559821      7.559821     15.119642
      6.540000      7.965870      7.965870     15.931739
      6.560000      7.996112      7.996112     15.992223
      6.580000      7.781720      7.781720     15.563439
      6.600000      7.524326      7.524326     15.048653
      6.620000      7.413769      7.413769     14.827538
      6.640000      7.551930      7.551930     15.103859
      6.660000      7.916614      7.916614     15.833229
      6.680000      8.379866      8.379866     16.759732
      6.700000      8.768994      8.768994     17.537989
      6.720000      8.939573      8.939573     17.879146
      6.740000      8.826918      8.826918     17.653836
      6.760000      8.456497      8.456497     16.912994
      6.780000      7.915597      7.915597     15.831195
      6.800000      7.306185      7.306185     14.612370
      6.820000      6.703673      6.703673     13.407346
      6.840000      6.138220      6.138220     12.276441
      6.860000      5.601098      5.601098     11.202197
      6.880000      5.067027      5.067027     10.134053
      6.900000      4.519019      4.519019      9.038038
      6.920000      3.965015      3.965015      7.930030
      6.940000      3.442036      3.442036      6.884073
      6.960000      3.009676      3.009676      6.019351
      6.980000      2.737597      2.737597      5.475194
      7.000000      2.690884      2.690884      5.381768
      7.020000      2.914482      2.914482      5.828965
      7.040000      3.416877      3.416877      6.833755
      7.060000      4.155602      4.155602      8.311204
      7.080000      5.031770      5.031770     10.063540
      7.100000      5.902841      5.902841     11.805682
      7.120000      6.617607      6.617607     13.235214
      7.140000      7.065208      7.065208     14.130416
      7.160000      7.217621      7.217621     14.435243
      7.180000      7.142307      7.142307     14.284614
      7.200000      6.973362      6.973362     13.946724
      7.220000      6.850862      6.850862     13.701724
      7.240000      6.856432      6.856432     13.712863
      7.260000      6.976679      6.976679     13.953358
      7.280000      7.112139      7.112139     14.224278
      7.300000      7.125849      7.125849     14.251698
      7.320000      6.906286      6.906286     13.812571
      7.340000      6.414471      6.414471     12.828943
      7.360000      5.696032      5.696032     11.392064
      7.380000      4.858174      4.858174      9.716348
      7.400000      4.027760      4.027760      8.055520
      7.420000      3.312033      3.312033      6.624066
      7.440000      2.777481      2.777481      5.554962
      7.460000      2.450506      2.450506      4.901011
      7.480000      2.333097      2.333097      4.666193
      7.500000      2.421921      2.421921      4.843842
      7.520000      2.720158      2.720158      5.440316
      7.540000      3.235905      3.235905      6.471809
      7.560000      3.966966      3.966966      7.933931
      7.580000      4.878214      4.878214      9.756428
      7.600000      5.883029      5.883029     11.766059
      7.620000      6.841896      6.841896     13.683793
      7.640000      7.586296      7.586296     15.172592
      7.660000      7.964623      7.964623     15.929247
      7.680000      7.893974      7.893974     15.787948
      7.700000      7.395136      7.395136     14.790272
      7.720000      6.593429      6.593429     13.186859
      7.740000      5.683530      5.683530     11.367060
      7.760000      4.873498      4.873498      9.746996
      7.780000      4.332087      4.332087      8.664174
      7.800000      4.159282      4.159282      8.318564
      7.820000      4.386011      4.386011      8.772022
      7.840000      4.993544      4.993544      9.987089
      7.860000      5.934830      5.934830     11.869660
      7.880000      7.142988      7.142988     14.285976
      7.900000      8.524169      8.524169     17.048339
      7.920000      9.945357      9.945357     19.890714
      7.940000     11.233725     11.233725     22.467450
      7.960000     12.198442     12.198442     24.396884
      7.980000     12.671724     12.671724     25.343447
      8.000000     12.552970     12.552970     25.105941
      8.020000     11.836677     11.836677     23.673354
      8.040000     10.613051     10.613051     21.226101
      8.060000      9.043469      9.043469     18.086937
      8.080000      7.322575      7.322575     14.645151
      8.100000      5.640628      5.640628     11.281256
      8.120000      4.155520      4.155520      8.311041
      8.140000      2.978051      2.978051      5.956102
      8.160000      2.169432      2.169432      4.338864
      8.180000      1.747276      1.747276      3.494552
      8.200000      1.695259      1.695259      3.390517
      8.220000      1.972451      1.972451      3.944902
      8.240000      2.520860      2.520860      5.041720
      8.260000      3.272526      3.272526      6.545053
      8.280000      4.158431      4.158431      8.316862
      8.300000      5.119390      5.119390     10.238780
      8.320000      6.115524      6.115524     12.231048
      8.340000      7.128882      7.128882     14.257764
      8.360000      8.155794      8.155794     16.311589
      8.380000      9.191033      9.191033     18.382067
      8.400000     10.211448     10.211448     20.422896
      8.420000     11.168201     11.168201     22.336403
      8.440000     11.992523     11.992523     23.985045
      8.460000     12.612476     12.612476     25.224951
      8.480000     12.972761     12.972761     25.945522
      8.500000     13.049531     13.049531     26.099061
      8.520000     12.856801     12.856801     25.713601
      8.540000     12.445840     12.445840     24.891681
      8.560000     11.899987     11.899987     23.799974
      8.580000     11.324876     11.324876     22.649753
      8.600000     10.831886     10.831886     21.663772
      8.620000     10.514321     10.514321     21.028643
      8.640000     10.421469     10.421469     20.842937
      8.660000     10.540869     10.540869     21.081739
      8.680000     10.799140     10.799140     21.598280
      8.700000     11.084760     11.084760     22.169520
      8.720000     11.285785     11.285785     22.571570
      8.740000     11.327487     11.327487     22.654974
      8.760000     11.194227     11.194227     22.388454
      8.780000     10.926973     10.926973     21.853946
      8.800000     10.599175     10.599175     21.198350
      8.820000     10.283626     10.283626     20.567252
      8.840000     10.026696     10.026696     20.053392
      8.860000      9.841827      9.841827     19.683654
      8.880000      9.723151      9.723151     19.446303
      8.900000      9.668130      9.668130     19.336260
      8.920000      9.692105      9.692105     19.384211
      8.940000      9.822136      9.822136     19.644271
      8.960000     10.070924     10.070924     20.141847
      8.980000     10.406528     10.406528     20.813056
      9.000000     10.740145     10.740145     21.480290
      9.020000     10.946783     10.946783     21.893566
      9.040000     10.914799     10.914799     21.829597
      9.060000     10.600941     10.600941     21.201882
      9.080000     10.060605     10.060605     20.121210
      9.100000      9.434519      9.434519     18.869038
      9.120000      8.896896      8.896896     17.793791
      9.140000      8.591185      8.591185     17.182370
      9.160000      8.584622      8.584622     17.169244
      9.180000      8.859498      8.859498     17.718997
      9.200000      9.337395      9.337395     18.674789
      9.220000      9.916745      9.916745     19.833489
      9.240000     10.502451     10.502451     21.004903
      9.260000     11.017191     11.017191     22.034382
      9.280000     11.398424     11.398424     22.796848
      9.300000     11.593618     11.593618     23.187235
      9.320000     11.564491     11.564491     23.128981
      9.340000     11.301880     11.301880     22.603759
      9.360000     10.842840     10.842840     21.685681
      9.380000     10.277489     10.277489     20.554979
      9.400000      9.737123      9.737123     19.474246
      9.420000      9.364443      9.364443     18.728886
      9.440000      9.275463      9.275463     18.550925
      9.460000      9.526303      9.526303     19.052605
      9.480000     10.095799     10.095799     20.191598
      9.500000     10.889141     10.889141     21.778281
      9.520000     11.761621     11.761621     23.523242
      9.540000     12.556390     12.556390     25.112780
      9.560000     13.145894     13.145894     26.291789
      9.580000     13.464190     13.464190     26.928381
      9.600000     13.518612     13.518612     27.037224
      9.620000     13.376033     13.376033     26.752065
      9.640000     13.129589     13.129589     26.259178
      9.660000     12.860829     12.860829     25.721659
      9.680000     12.614014     12.614014     25.228028
      9.700000     12.392101     12.392101     24.784203
      9.720000     12.172203     12.172203     24.344406
      9.740000     11.929111     11.929111     23.858223
      9.760000     11.653686     11.653686     23.307372
      9.780000     11.358026     11.358026     22.716052
      9.800000     11.067296     11.067296     22.134591
      9.820000     10.804425     10.804425     21.608850
      9.840000     10.576424     10.576424     21.152849
      9.860000     10.369540     10.369540     20.739080
      9.880000     10.156052     10.156052     20.312103
      9.900000      9.909995      9.909995     19.819989
      9.920000      9.624941      9.624941     19.249881
      9.940000      9.326190      9.326190     18.652381
      9.960000      9.072568      9.072568     18.145136
      9.980000      8.947420      8.947420     17.894839
     10.000000      9.041675      9.041675     18.083349
