# EIG2DOS: Utility for SIESTA to obtain the electronic density of states
#  E. Artacho, Apr 1999, A. Garcia, Apr 2012
# ------------------------------------------
# Eigenvalues read from GRP_doping.EIG
# Using smearing parameter:   0.100
# Using   1001 points in energy range
# Selected bands: 1 to: 936
# Emin, emax in file for selected band(s):    -34.6229500    240.5679900
# Nbands, Nspin, Nk   =    936     1   231
# E_F                 =    -5.4131 eV --> (shifted to ZERO)
# Broadening          =     0.1000 eV
#
#        E            N(up)  (=)   N(down)         Ntot
    -10.000000      1.801925      1.801925      3.603850
     -9.980000      1.301773      1.301773      2.603545
     -9.960000      0.878046      0.878046      1.756093
     -9.940000      0.551637      0.551637      1.103274
     -9.920000      0.322260      0.322260      0.644519
     -9.900000      0.174916      0.174916      0.349833
     -9.880000      0.088455      0.088455      0.176910
     -9.860000      0.042716      0.042716      0.085432
     -9.840000      0.022847      0.022847      0.045694
     -9.820000      0.021312      0.021312      0.042624
     -9.800000      0.039092      0.039092      0.078184
     -9.780000      0.087418      0.087418      0.174835
     -9.760000      0.190333      0.190333      0.380665
     -9.740000      0.386778      0.386778      0.773557
     -9.720000      0.729229      0.729229      1.458459
     -9.700000      1.275219      1.275219      2.550438
     -9.680000      2.069680      2.069680      4.139361
     -9.660000      3.120570      3.120570      6.241140
     -9.640000      4.376299      4.376299      8.752599
     -9.620000      5.717352      5.717352     11.434704
     -9.600000      6.971959      6.971959     13.943918
     -9.580000      7.955872      7.955872     15.911745
     -9.560000      8.523528      8.523528     17.047056
     -9.540000      8.610114      8.610114     17.220227
     -9.520000      8.246913      8.246913     16.493825
     -9.500000      7.544803      7.544803     15.089606
     -9.480000      6.655336      6.655336     13.310672
     -9.460000      5.727105      5.727105     11.454211
     -9.440000      4.873558      4.873558      9.747116
     -9.420000      4.159929      4.159929      8.319858
     -9.400000      3.607544      3.607544      7.215088
     -9.380000      3.208115      3.208115      6.416230
     -9.360000      2.940052      2.940052      5.880105
     -9.340000      2.781622      2.781622      5.563243
     -9.320000      2.719285      2.719285      5.438570
     -9.300000      2.751769      2.751769      5.503539
     -9.280000      2.890527      2.890527      5.781054
     -9.260000      3.156136      3.156136      6.312273
     -9.240000      3.569594      3.569594      7.139188
     -9.220000      4.138828      4.138828      8.277657
     -9.200000      4.844232      4.844232      9.688464
     -9.180000      5.630463      5.630463     11.260927
     -9.160000      6.412113      6.412113     12.824226
     -9.140000      7.095842      7.095842     14.191685
     -9.120000      7.612567      7.612567     15.225135
     -9.100000      7.945080      7.945080     15.890159
     -9.080000      8.135429      8.135429     16.270858
     -9.060000      8.265138      8.265138     16.530276
     -9.040000      8.416143      8.416143     16.832286
     -9.020000      8.632297      8.632297     17.264593
     -9.000000      8.901988      8.901988     17.803976
     -8.980000      9.170357      9.170357     18.340713
     -8.960000      9.371725      9.371725     18.743450
     -8.940000      9.460844      9.460844     18.921688
     -8.920000      9.423706      9.423706     18.847412
     -8.900000      9.264005      9.264005     18.528010
     -8.880000      8.979404      8.979404     17.958809
     -8.860000      8.549401      8.549401     17.098803
     -8.840000      7.947736      7.947736     15.895473
     -8.820000      7.173123      7.173123     14.346245
     -8.800000      6.276890      6.276890     12.553779
     -8.780000      5.366371      5.366371     10.732742
     -8.760000      4.578066      4.578066      9.156132
     -8.740000      4.033225      4.033225      8.066450
     -8.720000      3.797736      3.797736      7.595473
     -8.700000      3.863563      3.863563      7.727125
     -8.680000      4.156249      4.156249      8.312499
     -8.660000      4.561709      4.561709      9.123419
     -8.640000      4.961042      4.961042      9.922083
     -8.620000      5.263482      5.263482     10.526964
     -8.600000      5.430296      5.430296     10.860593
     -8.580000      5.483979      5.483979     10.967958
     -8.560000      5.498805      5.498805     10.997610
     -8.540000      5.573173      5.573173     11.146345
     -8.520000      5.791338      5.791338     11.582677
     -8.500000      6.188298      6.188298     12.376595
     -8.480000      6.731960      6.731960     13.463920
     -8.460000      7.330034      7.330034     14.660067
     -8.440000      7.858474      7.858474     15.716948
     -8.420000      8.199622      8.199622     16.399244
     -8.400000      8.275228      8.275228     16.550456
     -8.380000      8.063089      8.063089     16.126179
     -8.360000      7.593690      7.593690     15.187379
     -8.340000      6.931708      6.931708     13.863416
     -8.320000      6.152879      6.152879     12.305758
     -8.300000      5.326942      5.326942     10.653884
     -8.280000      4.512093      4.512093      9.024186
     -8.260000      3.758616      3.758616      7.517232
     -8.240000      3.114006      3.114006      6.228011
     -8.220000      2.622225      2.622225      5.244449
     -8.200000      2.315192      2.315192      4.630385
     -8.180000      2.201054      2.201054      4.402108
     -8.160000      2.256946      2.256946      4.513893
     -8.140000      2.431990      2.431990      4.863979
     -8.120000      2.660737      2.660737      5.321474
     -8.100000      2.881747      2.881747      5.763495
     -8.080000      3.053440      3.053440      6.106880
     -8.060000      3.160964      3.160964      6.321928
     -8.040000      3.212270      3.212270      6.424540
     -8.020000      3.226403      3.226403      6.452806
     -8.000000      3.220009      3.220009      6.440017
     -7.980000      3.198214      3.198214      6.396429
     -7.960000      3.153766      3.153766      6.307532
     -7.940000      3.074562      3.074562      6.149124
     -7.920000      2.955859      2.955859      5.911717
     -7.900000      2.810784      2.810784      5.621569
     -7.880000      2.672912      2.672912      5.345824
     -7.860000      2.588055      2.588055      5.176109
     -7.840000      2.598048      2.598048      5.196097
     -7.820000      2.724078      2.724078      5.448157
     -7.800000      2.958009      2.958009      5.916018
     -7.780000      3.266195      3.266195      6.532390
     -7.760000      3.603662      3.603662      7.207325
     -7.740000      3.931473      3.931473      7.862946
     -7.720000      4.229527      4.229527      8.459053
     -7.700000      4.500668      4.500668      9.001336
     -7.680000      4.766461      4.766461      9.532922
     -7.660000      5.057154      5.057154     10.114308
     -7.640000      5.397970      5.397970     10.795940
     -7.620000      5.793600      5.793600     11.587200
     -7.600000      6.215044      6.215044     12.430088
     -7.580000      6.596453      6.596453     13.192905
     -7.560000      6.849536      6.849536     13.699072
     -7.540000      6.896030      6.896030     13.792061
     -7.520000      6.707201      6.707201     13.414402
     -7.500000      6.331698      6.331698     12.663396
     -7.480000      5.896442      5.896442     11.792884
     -7.460000      5.578599      5.578599     11.157197
     -7.440000      5.560891      5.560891     11.121782
     -7.420000      5.987483      5.987483     11.974965
     -7.400000      6.931436      6.931436     13.862873
     -7.380000      8.374809      8.374809     16.749617
     -7.360000     10.198558     10.198558     20.397116
     -7.340000     12.184544     12.184544     24.369089
     -7.320000     14.038930     14.038930     28.077860
     -7.300000     15.444811     15.444811     30.889623
     -7.280000     16.138104     16.138104     32.276207
     -7.260000     15.982647     15.982647     31.965294
     -7.240000     15.012482     15.012482     30.024963
     -7.220000     13.420025     13.420025     26.840050
     -7.200000     11.493593     11.493593     22.987186
     -7.180000      9.531057      9.531057     19.062114
     -7.160000      7.764345      7.764345     15.528689
     -7.140000      6.319318      6.319318     12.638636
     -7.120000      5.216215      5.216215     10.432430
     -7.100000      4.399483      4.399483      8.798966
     -7.080000      3.779358      3.779358      7.558716
     -7.060000      3.269897      3.269897      6.539794
     -7.040000      2.814443      2.814443      5.628886
     -7.020000      2.395406      2.395406      4.790812
     -7.000000      2.029559      2.029559      4.059117
     -6.980000      1.753014      1.753014      3.506027
     -6.960000      1.602099      1.602099      3.204198
     -6.940000      1.596900      1.596900      3.193801
     -6.920000      1.732865      1.732865      3.465730
     -6.900000      1.982666      1.982666      3.965332
     -6.880000      2.306583      2.306583      4.613165
     -6.860000      2.666445      2.666445      5.332890
     -6.840000      3.037171      3.037171      6.074342
     -6.820000      3.411578      3.411578      6.823156
     -6.800000      3.797727      3.797727      7.595453
     -6.780000      4.211535      4.211535      8.423069
     -6.760000      4.668616      4.668616      9.337233
     -6.740000      5.177678      5.177678     10.355356
     -6.720000      5.735143      5.735143     11.470286
     -6.700000      6.319977      6.319977     12.639954
     -6.680000      6.890300      6.890300     13.780600
     -6.660000      7.386735      7.386735     14.773470
     -6.640000      7.746796      7.746796     15.493591
     -6.620000      7.927770      7.927770     15.855540
     -6.600000      7.926663      7.926663     15.853327
     -6.580000      7.783289      7.783289     15.566579
     -6.560000      7.561261      7.561261     15.122523
     -6.540000      7.316828      7.316828     14.633656
     -6.520000      7.075558      7.075558     14.151115
     -6.500000      6.832932      6.832932     13.665863
     -6.480000      6.578810      6.578810     13.157621
     -6.460000      6.328862      6.328862     12.657724
     -6.440000      6.140261      6.140261     12.280522
     -6.420000      6.098137      6.098137     12.196274
     -6.400000      6.277363      6.277363     12.554725
     -6.380000      6.700175      6.700175     13.400350
     -6.360000      7.314373      7.314373     14.628746
     -6.340000      8.006555      8.006555     16.013111
     -6.320000      8.645560      8.645560     17.291121
     -6.300000      9.133967      9.133967     18.267934
     -6.280000      9.440891      9.440891     18.881782
     -6.260000      9.600409      9.600409     19.200819
     -6.240000      9.679889      9.679889     19.359778
     -6.220000      9.738766      9.738766     19.477531
     -6.200000      9.801152      9.801152     19.602304
     -6.180000      9.854586      9.854586     19.709171
     -6.160000      9.870213      9.870213     19.740426
     -6.140000      9.827703      9.827703     19.655405
     -6.120000      9.727876      9.727876     19.455752
     -6.100000      9.586661      9.586661     19.173321
     -6.080000      9.418042      9.418042     18.836085
     -6.060000      9.221818      9.221818     18.443636
     -6.040000      8.988439      8.988439     17.976878
     -6.020000      8.720066      8.720066     17.440133
     -6.000000      8.453069      8.453069     16.906138
     -5.980000      8.262918      8.262918     16.525836
     -5.960000      8.241825      8.241825     16.483650
     -5.940000      8.456908      8.456908     16.913816
     -5.920000      8.910429      8.910429     17.820859
     -5.900000      9.524555      9.524555     19.049109
     -5.880000     10.160796     10.160796     20.321593
     -5.860000     10.666605     10.666605     21.333209
     -5.840000     10.928173     10.928173     21.856345
     -5.820000     10.905543     10.905543     21.811086
     -5.800000     10.634324     10.634324     21.268648
     -5.780000     10.194288     10.194288     20.388576
     -5.760000      9.662112      9.662112     19.324224
     -5.740000      9.074728      9.074728     18.149456
     -5.720000      8.424474      8.424474     16.848948
     -5.700000      7.688504      7.688504     15.377008
     -5.680000      6.873372      6.873372     13.746745
     -5.660000      6.045476      6.045476     12.090952
     -5.640000      5.326320      5.326320     10.652640
     -5.620000      4.852685      4.852685      9.705370
     -5.600000      4.721798      4.721798      9.443596
     -5.580000      4.948859      4.948859      9.897718
     -5.560000      5.456521      5.456521     10.913041
     -5.540000      6.099868      6.099868     12.199736
     -5.520000      6.715152      6.715152     13.430304
     -5.500000      7.172381      7.172381     14.344762
     -5.480000      7.412560      7.412560     14.825121
     -5.460000      7.457996      7.457996     14.915992
     -5.440000      7.394748      7.394748     14.789495
     -5.420000      7.335846      7.335846     14.671693
     -5.400000      7.379257      7.379257     14.758514
     -5.380000      7.575006      7.575006     15.150012
     -5.360000      7.912266      7.912266     15.824533
     -5.340000      8.330776      8.330776     16.661551
     -5.320000      8.752898      8.752898     17.505797
     -5.300000      9.124225      9.124225     18.248450
     -5.280000      9.444636      9.444636     18.889272
     -5.260000      9.772214      9.772214     19.544427
     -5.240000     10.192156     10.192156     20.384312
     -5.220000     10.760399     10.760399     21.520797
     -5.200000     11.449130     11.449130     22.898261
     -5.180000     12.127374     12.127374     24.254749
     -5.160000     12.596584     12.596584     25.193167
     -5.140000     12.672277     12.672277     25.344554
     -5.120000     12.273821     12.273821     24.547643
     -5.100000     11.474644     11.474644     22.949288
     -5.080000     10.483209     10.483209     20.966417
     -5.060000      9.561801      9.561801     19.123601
     -5.040000      8.923366      8.923366     17.846732
     -5.020000      8.656454      8.656454     17.312907
     -5.000000      8.710143      8.710143     17.420287
     -4.980000      8.937658      8.937658     17.875317
     -4.960000      9.169795      9.169795     18.339590
     -4.940000      9.281719      9.281719     18.563437
     -4.920000      9.229208      9.229208     18.458415
     -4.900000      9.050774      9.050774     18.101548
     -4.880000      8.845936      8.845936     17.691873
     -4.860000      8.741345      8.741345     17.482690
     -4.840000      8.850921      8.850921     17.701842
     -4.820000      9.233679      9.233679     18.467357
     -4.800000      9.857988      9.857988     19.715976
     -4.780000     10.588123     10.588123     21.176246
     -4.760000     11.207800     11.207800     22.415599
     -4.740000     11.481475     11.481475     22.962949
     -4.720000     11.233985     11.233985     22.467969
     -4.700000     10.416197     10.416197     20.832393
     -4.680000      9.128355      9.128355     18.256710
     -4.660000      7.592074      7.592074     15.184148
     -4.640000      6.084573      6.084573     12.169146
     -4.620000      4.862007      4.862007      9.724014
     -4.600000      4.097460      4.097460      8.194921
     -4.580000      3.848098      3.848098      7.696195
     -4.560000      4.054157      4.054157      8.108314
     -4.540000      4.565596      4.565596      9.131193
     -4.520000      5.189425      5.189425     10.378849
     -4.500000      5.747709      5.747709     11.495418
     -4.480000      6.131220      6.131220     12.262440
     -4.460000      6.330349      6.330349     12.660697
     -4.440000      6.429230      6.429230     12.858461
     -4.420000      6.562702      6.562702     13.125404
     -4.400000      6.852946      6.852946     13.705892
     -4.380000      7.353105      7.353105     14.706210
     -4.360000      8.021515      8.021515     16.043031
     -4.340000      8.734356      8.734356     17.468713
     -4.320000      9.326415      9.326415     18.652829
     -4.300000      9.640080      9.640080     19.280161
     -4.280000      9.565281      9.565281     19.130562
     -4.260000      9.062577      9.062577     18.125155
     -4.240000      8.169663      8.169663     16.339326
     -4.220000      6.993984      6.993984     13.987968
     -4.200000      5.693517      5.693517     11.387034
     -4.180000      4.448369      4.448369      8.896739
     -4.160000      3.428547      3.428547      6.857093
     -4.140000      2.764926      2.764926      5.529852
     -4.120000      2.528557      2.528557      5.057115
     -4.100000      2.719637      2.719637      5.439274
     -4.080000      3.265862      3.265862      6.531724
     -4.060000      4.031966      4.031966      8.063933
     -4.040000      4.844423      4.844423      9.688846
     -4.020000      5.532271      5.532271     11.064542
     -4.000000      5.975542      5.975542     11.951083
     -3.980000      6.142754      6.142754     12.285508
     -3.960000      6.097416      6.097416     12.194832
     -3.940000      5.965076      5.965076     11.930152
     -3.920000      5.872357      5.872357     11.744714
     -3.900000      5.885766      5.885766     11.771532
     -3.880000      5.980096      5.980096     11.960191
     -3.860000      6.051735      6.051735     12.103470
     -3.840000      5.969298      5.969298     11.938596
     -3.820000      5.635724      5.635724     11.271448
     -3.800000      5.032428      5.032428     10.064856
     -3.780000      4.228098      4.228098      8.456196
     -3.760000      3.354210      3.354210      6.708421
     -3.740000      2.564533      2.564533      5.129066
     -3.720000      1.998859      1.998859      3.997717
     -3.700000      1.762560      1.762560      3.525120
     -3.680000      1.920722      1.920722      3.841444
     -3.660000      2.497646      2.497646      4.995292
     -3.640000      3.473805      3.473805      6.947609
     -3.620000      4.780326      4.780326      9.560651
     -3.600000      6.298708      6.298708     12.597416
     -3.580000      7.874010      7.874010     15.748021
     -3.560000      9.342172      9.342172     18.684344
     -3.540000     10.561937     10.561937     21.123875
     -3.520000     11.437226     11.437226     22.874452
     -3.500000     11.921042     11.921042     23.842084
     -3.480000     12.003569     12.003569     24.007137
     -3.460000     11.696319     11.696319     23.392638
     -3.440000     11.024380     11.024380     22.048759
     -3.420000     10.030584     10.030584     20.061167
     -3.400000      8.785686      8.785686     17.571373
     -3.380000      7.394302      7.394302     14.788604
     -3.360000      5.989423      5.989423     11.978846
     -3.340000      4.715288      4.715288      9.430576
     -3.320000      3.704028      3.704028      7.408056
     -3.300000      3.053094      3.053094      6.106187
     -3.280000      2.808696      2.808696      5.617392
     -3.260000      2.958017      2.958017      5.916034
     -3.240000      3.431731      3.431731      6.863462
     -3.220000      4.118008      4.118008      8.236016
     -3.200000      4.887684      4.887684      9.775369
     -3.180000      5.626253      5.626253     11.252506
     -3.160000      6.263192      6.263192     12.526384
     -3.140000      6.786681      6.786681     13.573362
     -3.120000      7.235599      7.235599     14.471198
     -3.100000      7.670649      7.670649     15.341298
     -3.080000      8.137449      8.137449     16.274897
     -3.060000      8.639265      8.639265     17.278530
     -3.040000      9.131814      9.131814     18.263628
     -3.020000      9.540105      9.540105     19.080210
     -3.000000      9.785945      9.785945     19.571890
     -2.980000      9.811727      9.811727     19.623454
     -2.960000      9.592152      9.592152     19.184304
     -2.940000      9.134576      9.134576     18.269152
     -2.920000      8.473782      8.473782     16.947564
     -2.900000      7.665906      7.665906     15.331811
     -2.880000      6.782321      6.782321     13.564642
     -2.860000      5.902032      5.902032     11.804064
     -2.840000      5.102177      5.102177     10.204354
     -2.820000      4.448682      4.448682      8.897365
     -2.800000      3.990055      3.990055      7.980109
     -2.780000      3.755822      3.755822      7.511643
     -2.760000      3.758331      3.758331      7.516662
     -2.740000      3.994577      3.994577      7.989154
     -2.720000      4.444738      4.444738      8.889476
     -2.700000      5.066359      5.066359     10.132718
     -2.680000      5.786760      5.786760     11.573520
     -2.660000      6.499794      6.499794     12.999588
     -2.640000      7.074238      7.074238     14.148476
     -2.620000      7.377790      7.377790     14.755580
     -2.600000      7.312834      7.312834     14.625669
     -2.580000      6.851373      6.851373     13.702745
     -2.560000      6.052804      6.052804     12.105607
     -2.540000      5.053652      5.053652     10.107304
     -2.520000      4.030928      4.030928      8.061856
     -2.500000      3.153153      3.153153      6.306306
     -2.480000      2.537715      2.537715      5.075430
     -2.460000      2.228286      2.228286      4.456571
     -2.440000      2.196042      2.196042      4.392084
     -2.420000      2.359715      2.359715      4.719430
     -2.400000      2.615413      2.615413      5.230827
     -2.380000      2.867160      2.867160      5.734320
     -2.360000      3.050961      3.050961      6.101922
     -2.340000      3.147822      3.147822      6.295644
     -2.320000      3.184157      3.184157      6.368315
     -2.300000      3.221065      3.221065      6.442130
     -2.280000      3.335906      3.335906      6.671812
     -2.260000      3.599979      3.599979      7.199957
     -2.240000      4.055702      4.055702      8.111404
     -2.220000      4.697121      4.697121      9.394243
     -2.200000      5.459120      5.459120     10.918241
     -2.180000      6.221614      6.221614     12.443228
     -2.160000      6.832443      6.832443     13.664885
     -2.140000      7.145843      7.145843     14.291686
     -2.120000      7.065035      7.065035     14.130070
     -2.100000      6.572877      6.572877     13.145754
     -2.080000      5.737757      5.737757     11.475514
     -2.060000      4.692184      4.692184      9.384368
     -2.040000      3.593492      3.593492      7.186984
     -2.020000      2.583000      2.583000      5.165999
     -2.000000      1.758455      1.758455      3.516910
     -1.980000      1.166500      1.166500      2.333000
     -1.960000      0.812484      0.812484      1.624969
     -1.940000      0.679195      0.679195      1.358389
     -1.920000      0.745650      0.745650      1.491301
     -1.900000      1.000264      1.000264      2.000529
     -1.880000      1.446281      1.446281      2.892562
     -1.860000      2.099445      2.099445      4.198890
     -1.840000      2.978589      2.978589      5.957178
     -1.820000      4.091001      4.091001      8.182002
     -1.800000      5.417109      5.417109     10.834219
     -1.780000      6.901811      6.901811     13.803622
     -1.760000      8.459371      8.459371     16.918741
     -1.740000      9.993039      9.993039     19.986078
     -1.720000     11.421376     11.421376     22.842751
     -1.700000     12.696824     12.696824     25.393649
     -1.680000     13.804278     13.804278     27.608556
     -1.660000     14.738726     14.738726     29.477453
     -1.640000     15.475179     15.475179     30.950359
     -1.620000     15.951468     15.951468     31.902935
     -1.600000     16.079289     16.079289     32.158579
     -1.580000     15.782975     15.782975     31.565950
     -1.560000     15.047887     15.047887     30.095773
     -1.540000     13.951956     13.951956     27.903912
     -1.520000     12.660418     12.660418     25.320837
     -1.500000     11.382224     11.382224     22.764448
     -1.480000     10.306523     10.306523     20.613046
     -1.460000      9.547542      9.547542     19.095084
     -1.440000      9.120795      9.120795     18.241591
     -1.420000      8.956858      8.956858     17.913716
     -1.400000      8.941042      8.941042     17.882085
     -1.380000      8.958256      8.958256     17.916512
     -1.360000      8.925481      8.925481     17.850961
     -1.340000      8.805523      8.805523     17.611046
     -1.320000      8.606427      8.606427     17.212855
     -1.300000      8.374737      8.374737     16.749474
     -1.280000      8.187002      8.187002     16.374004
     -1.260000      8.137476      8.137476     16.274952
     -1.240000      8.317135      8.317135     16.634270
     -1.220000      8.783044      8.783044     17.566089
     -1.200000      9.525640      9.525640     19.051280
     -1.180000     10.448726     10.448726     20.897452
     -1.160000     11.376987     11.376987     22.753974
     -1.140000     12.096482     12.096482     24.192963
     -1.120000     12.418670     12.418670     24.837339
     -1.100000     12.245794     12.245794     24.491587
     -1.080000     11.612074     11.612074     23.224149
     -1.060000     10.683279     10.683279     21.366559
     -1.040000      9.712714      9.712714     19.425429
     -1.020000      8.967493      8.967493     17.934987
     -1.000000      8.649084      8.649084     17.298168
     -0.980000      8.834094      8.834094     17.668187
     -0.960000      9.455307      9.455307     18.910614
     -0.940000     10.330634     10.330634     20.661269
     -0.920000     11.231389     11.231389     22.462778
     -0.900000     11.965725     11.965725     23.931450
     -0.880000     12.444706     12.444706     24.889412
     -0.860000     12.703448     12.703448     25.406896
     -0.840000     12.868542     12.868542     25.737084
     -0.820000     13.087866     13.087866     26.175733
     -0.800000     13.456827     13.456827     26.913653
     -0.780000     13.975668     13.975668     27.951336
     -0.760000     14.555314     14.555314     29.110628
     -0.740000     15.064143     15.064143     30.128286
     -0.720000     15.389015     15.389015     30.778031
     -0.700000     15.479983     15.479983     30.959967
     -0.680000     15.359730     15.359730     30.719460
     -0.660000     15.098357     15.098357     30.196713
     -0.640000     14.771116     14.771116     29.542232
     -0.620000     14.422815     14.422815     28.845630
     -0.600000     14.055985     14.055985     28.111970
     -0.580000     13.645489     13.645489     27.290978
     -0.560000     13.168594     13.168594     26.337188
     -0.540000     12.633506     12.633506     25.267012
     -0.520000     12.092517     12.092517     24.185034
     -0.500000     11.634925     11.634925     23.269850
     -0.480000     11.364340     11.364340     22.728680
     -0.460000     11.370463     11.370463     22.740926
     -0.440000     11.704998     11.704998     23.409996
     -0.420000     12.366591     12.366591     24.733182
     -0.400000     13.294785     13.294785     26.589569
     -0.380000     14.372053     14.372053     28.744106
     -0.360000     15.435938     15.435938     30.871876
     -0.340000     16.305254     16.305254     32.610508
     -0.320000     16.819878     16.819878     33.639756
     -0.300000     16.883718     16.883718     33.767435
     -0.280000     16.492966     16.492966     32.985932
     -0.260000     15.735120     15.735120     31.470239
     -0.240000     14.758351     14.758351     29.516702
     -0.220000     13.726084     13.726084     27.452168
     -0.200000     12.776880     12.776880     25.553760
     -0.180000     12.002276     12.002276     24.004552
     -0.160000     11.442591     11.442591     22.885183
     -0.140000     11.093135     11.093135     22.186271
     -0.120000     10.914422     10.914422     21.828844
     -0.100000     10.844981     10.844981     21.689962
     -0.080000     10.817117     10.817117     21.634233
     -0.060000     10.772797     10.772797     21.545593
     -0.040000     10.673759     10.673759     21.347517
     -0.020000     10.502377     10.502377     21.004754
      0.000000     10.257089     10.257089     20.514178
      0.020000      9.951128      9.951128     19.902255
      0.040000      9.619672      9.619672     19.239343
      0.060000      9.329874      9.329874     18.659747
      0.080000      9.179826      9.179826     18.359653
      0.100000      9.275193      9.275193     18.550385
      0.120000      9.686094      9.686094     19.372188
      0.140000     10.402623     10.402623     20.805245
      0.160000     11.313359     11.313359     22.626718
      0.180000     12.222507     12.222507     24.445013
      0.200000     12.902554     12.902554     25.805108
      0.220000     13.161698     13.161698     26.323396
      0.240000     12.898484     12.898484     25.796969
      0.260000     12.123109     12.123109     24.246218
      0.280000     10.940927     10.940927     21.881854
      0.300000      9.509897      9.509897     19.019794
      0.320000      7.992227      7.992227     15.984454
      0.340000      6.518546      6.518546     13.037091
      0.360000      5.173462      5.173462     10.346923
      0.380000      4.000491      4.000491      8.000981
      0.400000      3.017469      3.017469      6.034938
      0.420000      2.232831      2.232831      4.465663
      0.440000      1.656740      1.656740      3.313479
      0.460000      1.305393      1.305393      2.610786
      0.480000      1.199150      1.199150      2.398299
      0.500000      1.355132      1.355132      2.710263
      0.520000      1.774815      1.774815      3.549630
      0.540000      2.428847      2.428847      4.857694
      0.560000      3.244943      3.244943      6.489886
      0.580000      4.107371      4.107371      8.214742
      0.600000      4.874496      4.874496      9.748992
      0.620000      5.413017      5.413017     10.826033
      0.640000      5.637370      5.637370     11.274741
      0.660000      5.536929      5.536929     11.073858
      0.680000      5.177159      5.177159     10.354319
      0.700000      4.673028      4.673028      9.346056
      0.720000      4.146815      4.146815      8.293631
      0.740000      3.689712      3.689712      7.379424
      0.760000      3.343137      3.343137      6.686273
      0.780000      3.104347      3.104347      6.208693
      0.800000      2.948960      2.948960      5.897920
      0.820000      2.856888      2.856888      5.713777
      0.840000      2.829771      2.829771      5.659541
      0.860000      2.894321      2.894321      5.788642
      0.880000      3.092584      3.092584      6.185168
      0.900000      3.464039      3.464039      6.928077
      0.920000      4.025845      4.025845      8.051691
      0.940000      4.757588      4.757588      9.515176
      0.960000      5.596223      5.596223     11.192445
      0.980000      6.444987      6.444987     12.889975
      1.000000      7.195907      7.195907     14.391814
      1.020000      7.759973      7.759973     15.519947
      1.040000      8.094487      8.094487     16.188974
      1.060000      8.216248      8.216248     16.432496
      1.080000      8.193793      8.193793     16.387585
      1.100000      8.120335      8.120335     16.240670
      1.120000      8.077895      8.077895     16.155791
      1.140000      8.107573      8.107573     16.215146
      1.160000      8.198235      8.198235     16.396470
      1.180000      8.297016      8.297016     16.594032
      1.200000      8.334893      8.334893     16.669786
      1.220000      8.255021      8.255021     16.510043
      1.240000      8.033051      8.033051     16.066101
      1.260000      7.685002      7.685002     15.370005
      1.280000      7.264414      7.264414     14.528828
      1.300000      6.852860      6.852860     13.705721
      1.320000      6.546942      6.546942     13.093884
      1.340000      6.443038      6.443038     12.886076
      1.360000      6.620573      6.620573     13.241145
      1.380000      7.125195      7.125195     14.250390
      1.400000      7.954278      7.954278     15.908557
      1.420000      9.048017      9.048017     18.096034
      1.440000     10.290056     10.290056     20.580113
      1.460000     11.520973     11.520973     23.041947
      1.480000     12.564613     12.564613     25.129227
      1.500000     13.261754     13.261754     26.523507
      1.520000     13.501164     13.501164     27.002328
      1.540000     13.238775     13.238775     26.477550
      1.560000     12.501397     12.501397     25.002794
      1.580000     11.377626     11.377626     22.755252
      1.600000     10.000596     10.000596     20.001193
      1.620000      8.525276      8.525276     17.050552
      1.640000      7.101748      7.101748     14.203496
      1.660000      5.848530      5.848530     11.697060
      1.680000      4.833882      4.833882      9.667763
      1.700000      4.072685      4.072685      8.145369
      1.720000      3.539930      3.539930      7.079859
      1.740000      3.193425      3.193425      6.386850
      1.760000      2.994721      2.994721      5.989443
      1.780000      2.920771      2.920771      5.841543
      1.800000      2.965786      2.965786      5.931573
      1.820000      3.137256      3.137256      6.274512
      1.840000      3.449461      3.449461      6.898922
      1.860000      3.914495      3.914495      7.828989
      1.880000      4.529402      4.529402      9.058804
      1.900000      5.261007      5.261007     10.522013
      1.920000      6.035203      6.035203     12.070406
      1.940000      6.740025      6.740025     13.480049
      1.960000      7.247702      7.247702     14.495404
      1.980000      7.451084      7.451084     14.902168
      2.000000      7.300011      7.300011     14.600022
      2.020000      6.820580      6.820580     13.641161
      2.040000      6.107567      6.107567     12.215134
      2.060000      5.293541      5.293541     10.587083
      2.080000      4.509164      4.509164      9.018328
      2.100000      3.851268      3.851268      7.702536
      2.120000      3.368613      3.368613      6.737226
      2.140000      3.065096      3.065096      6.130192
      2.160000      2.913230      2.913230      5.826459
      2.180000      2.869627      2.869627      5.739253
      2.200000      2.887505      2.887505      5.775011
      2.220000      2.925095      2.925095      5.850191
      2.240000      2.950749      2.950749      5.901498
      2.260000      2.945293      2.945293      5.890586
      2.280000      2.901327      2.901327      5.802653
      2.300000      2.819436      2.819436      5.638873
      2.320000      2.702876      2.702876      5.405751
      2.340000      2.553848      2.553848      5.107695
      2.360000      2.374288      2.374288      4.748576
      2.380000      2.171497      2.171497      4.342994
      2.400000      1.965493      1.965493      3.930987
      2.420000      1.792989      1.792989      3.585979
      2.440000      1.703913      1.703913      3.407825
      2.460000      1.749942      1.749942      3.499884
      2.480000      1.968492      1.968492      3.936984
      2.500000      2.368002      2.368002      4.736004
      2.520000      2.920401      2.920401      5.840802
      2.540000      3.564680      3.564680      7.129360
      2.560000      4.222403      4.222403      8.444806
      2.580000      4.822396      4.822396      9.644792
      2.600000      5.328171      5.328171     10.656341
      2.620000      5.758602      5.758602     11.517205
      2.640000      6.191484      6.191484     12.382969
      2.660000      6.742952      6.742952     13.485905
      2.680000      7.524481      7.524481     15.048962
      2.700000      8.591251      8.591251     17.182501
      2.720000      9.904908      9.904908     19.809816
      2.740000     11.332245     11.332245     22.664490
      2.760000     12.685816     12.685816     25.371632
      2.780000     13.789389     13.789389     27.578777
      2.800000     14.534905     14.534905     29.069811
      2.820000     14.901078     14.901078     29.802156
      2.840000     14.926867     14.926867     29.853734
      2.860000     14.661040     14.661040     29.322081
      2.880000     14.122412     14.122412     28.244825
      2.900000     13.295345     13.295345     26.590690
      2.920000     12.160050     12.160050     24.320100
      2.940000     10.735414     10.735414     21.470828
      2.960000      9.107180      9.107180     18.214361
      2.980000      7.426283      7.426283     14.852566
      3.000000      5.879797      5.879797     11.759593
      3.020000      4.648407      4.648407      9.296813
      3.040000      3.865138      3.865138      7.730277
      3.060000      3.584511      3.584511      7.169021
      3.080000      3.766317      3.766317      7.532634
      3.100000      4.277335      4.277335      8.554670
      3.120000      4.914747      4.914747      9.829495
      3.140000      5.451619      5.451619     10.903238
      3.160000      5.695484      5.695484     11.390969
      3.180000      5.540962      5.540962     11.081924
      3.200000      4.994992      4.994992      9.989983
      3.220000      4.163445      4.163445      8.326891
      3.240000      3.205834      3.205834      6.411668
      3.260000      2.279433      2.279433      4.558866
      3.280000      1.496356      1.496356      2.992712
      3.300000      0.906844      0.906844      1.813688
      3.320000      0.507348      0.507348      1.014697
      3.340000      0.262036      0.262036      0.524072
      3.360000      0.124967      0.124967      0.249934
      3.380000      0.055141      0.055141      0.110281
      3.400000      0.022896      0.022896      0.045792
      3.420000      0.010184      0.010184      0.020368
      3.440000      0.008298      0.008298      0.016597
      3.460000      0.015820      0.015820      0.031641
      3.480000      0.038215      0.038215      0.076430
      3.500000      0.089330      0.089330      0.178660
      3.520000      0.193942      0.193942      0.387884
      3.540000      0.389253      0.389253      0.778506
      3.560000      0.722164      0.722164      1.444328
      3.580000      1.239329      1.239329      2.478659
      3.600000      1.969751      1.969751      3.939502
      3.620000      2.905006      2.905006      5.810011
      3.640000      3.987481      3.987481      7.974962
      3.660000      5.117382      5.117382     10.234763
      3.680000      6.181360      6.181360     12.362720
      3.700000      7.091808      7.091808     14.183616
      3.720000      7.815307      7.815307     15.630614
      3.740000      8.371495      8.371495     16.742990
      3.760000      8.801258      8.801258     17.602516
      3.780000      9.124727      9.124727     18.249454
      3.800000      9.318453      9.318453     18.636906
      3.820000      9.328813      9.328813     18.657627
      3.840000      9.113171      9.113171     18.226342
      3.860000      8.680578      8.680578     17.361155
      3.880000      8.104393      8.104393     16.208786
      3.900000      7.498763      7.498763     14.997526
      3.920000      6.974123      6.974123     13.948246
      3.940000      6.597757      6.597757     13.195514
      3.960000      6.378837      6.378837     12.757673
      3.980000      6.280830      6.280830     12.561660
      4.000000      6.249703      6.249703     12.499406
      4.020000      6.241734      6.241734     12.483467
      4.040000      6.239657      6.239657     12.479315
      4.060000      6.254783      6.254783     12.509565
      4.080000      6.319481      6.319481     12.638962
      4.100000      6.476011      6.476011     12.952023
      4.120000      6.764752      6.764752     13.529504
      4.140000      7.211309      7.211309     14.422618
      4.160000      7.811536      7.811536     15.623073
      4.180000      8.517480      8.517480     17.034960
      4.200000      9.232530      9.232530     18.465060
      4.220000      9.824957      9.824957     19.649913
      4.240000     10.161847     10.161847     20.323695
      4.260000     10.152922     10.152922     20.305844
      4.280000      9.784291      9.784291     19.568581
      4.300000      9.124188      9.124188     18.248377
      4.320000      8.296744      8.296744     16.593488
      4.340000      7.437175      7.437175     14.874350
      4.360000      6.650741      6.650741     13.301481
      4.380000      5.992731      5.992731     11.985461
      4.400000      5.472607      5.472607     10.945214
      4.420000      5.072624      5.072624     10.145249
      4.440000      4.767510      4.767510      9.535019
      4.460000      4.536895      4.536895      9.073790
      4.480000      4.370289      4.370289      8.740578
      4.500000      4.269363      4.269363      8.538726
      4.520000      4.251902      4.251902      8.503804
      4.540000      4.357351      4.357351      8.714703
      4.560000      4.648532      4.648532      9.297064
      4.580000      5.201261      5.201261     10.402523
      4.600000      6.076325      6.076325     12.152650
      4.620000      7.277714      7.277714     14.555427
      4.640000      8.714160      8.714160     17.428320
      4.660000     10.189322     10.189322     20.378644
      4.680000     11.439979     11.439979     22.879958
      4.700000     12.219074     12.219074     24.438149
      4.720000     12.391989     12.391989     24.783978
      4.740000     11.999086     11.999086     23.998171
      4.760000     11.248754     11.248754     22.497509
      4.780000     10.439049     10.439049     20.878097
      4.800000      9.842375      9.842375     19.684750
      4.820000      9.605063      9.605063     19.210125
      4.840000      9.703678      9.703678     19.407356
      4.860000      9.971266      9.971266     19.942532
      4.880000     10.175842     10.175842     20.351685
      4.900000     10.114263     10.114263     20.228525
      4.920000      9.682908      9.682908     19.365817
      4.940000      8.900773      8.900773     17.801547
      4.960000      7.883323      7.883323     15.766647
      4.980000      6.786375      6.786375     13.572750
      5.000000      5.748657      5.748657     11.497314
      5.020000      4.856244      4.856244      9.712488
      5.040000      4.136773      4.136773      8.273545
      5.060000      3.576084      3.576084      7.152168
      5.080000      3.142579      3.142579      6.285159
      5.100000      2.806611      2.806611      5.613223
      5.120000      2.549457      2.549457      5.098914
      5.140000      2.363273      2.363273      4.726547
      5.160000      2.246666      2.246666      4.493332
      5.180000      2.200044      2.200044      4.400088
      5.200000      2.222825      2.222825      4.445650
      5.220000      2.312747      2.312747      4.625495
      5.240000      2.466944      2.466944      4.933888
      5.260000      2.684642      2.684642      5.369284
      5.280000      2.971207      2.971207      5.942413
      5.300000      3.341998      3.341998      6.683996
      5.320000      3.822724      3.822724      7.645448
      5.340000      4.442503      4.442503      8.885006
      5.360000      5.218590      5.218590     10.437181
      5.380000      6.137229      6.137229     12.274459
      5.400000      7.139897      7.139897     14.279793
      5.420000      8.123933      8.123933     16.247866
      5.440000      8.960020      8.960020     17.920041
      5.460000      9.520285      9.520285     19.040570
      5.480000      9.706267      9.706267     19.412535
      5.500000      9.468393      9.468393     18.936787
      5.520000      8.814526      8.814526     17.629051
      5.540000      7.809009      7.809009     15.618018
      5.560000      6.563296      6.563296     13.126592
      5.580000      5.217947      5.217947     10.435894
      5.600000      3.917495      3.917495      7.834990
      5.620000      2.784002      2.784002      5.568004
      5.640000      1.897818      1.897818      3.795636
      5.660000      1.291625      1.291625      2.583249
      5.680000      0.957478      0.957478      1.914956
      5.700000      0.860845      0.860845      1.721691
      5.720000      0.954368      0.954368      1.908735
      5.740000      1.187274      1.187274      2.374548
      5.760000      1.510964      1.510964      3.021928
      5.780000      1.883936      1.883936      3.767872
      5.800000      2.278533      2.278533      4.557067
      5.820000      2.688816      2.688816      5.377632
      5.840000      3.135407      3.135407      6.270814
      5.860000      3.661673      3.661673      7.323347
      5.880000      4.317511      4.317511      8.635023
      5.900000      5.132459      5.132459     10.264918
      5.920000      6.087148      6.087148     12.174296
      5.940000      7.097277      7.097277     14.194555
      5.960000      8.022850      8.022850     16.045699
      5.980000      8.705309      8.705309     17.410618
      6.000000      9.020361      9.020361     18.040722
      6.020000      8.923387      8.923387     17.846773
      6.040000      8.465693      8.465693     16.931387
      6.060000      7.773956      7.773956     15.547912
      6.080000      7.003650      7.003650     14.007299
      6.100000      6.288654      6.288654     12.577308
      6.120000      5.707596      5.707596     11.415192
      6.140000      5.276129      5.276129     10.552258
      6.160000      4.961701      4.961701      9.923402
      6.180000      4.710139      4.710139      9.420279
      6.200000      4.472881      4.472881      8.945762
      6.220000      4.227020      4.227020      8.454039
      6.240000      3.984198      3.984198      7.968396
      6.260000      3.787146      3.787146      7.574293
      6.280000      3.694817      3.694817      7.389634
      6.300000      3.759585      3.759585      7.519171
      6.320000      4.003170      4.003170      8.006340
      6.340000      4.400487      4.400487      8.800974
      6.360000      4.880223      4.880223      9.760446
      6.380000      5.345616      5.345616     10.691232
      6.400000      5.709709      5.709709     11.419419
      6.420000      5.930359      5.930359     11.860718
      6.440000      6.027247      6.027247     12.054493
      6.460000      6.069460      6.069460     12.138920
      6.480000      6.136266      6.136266     12.272532
      6.500000      6.268778      6.268778     12.537556
      6.520000      6.437625      6.437625     12.875250
      6.540000      6.545774      6.545774     13.091549
      6.560000      6.467981      6.467981     12.935962
      6.580000      6.108198      6.108198     12.216396
      6.600000      5.445961      5.445961     10.891922
      6.620000      4.549191      4.549191      9.098382
      6.640000      3.550123      3.550123      7.100245
      6.660000      2.600738      2.600738      5.201475
      6.680000      1.831948      1.831948      3.663896
      6.700000      1.333508      1.333508      2.667016
      6.720000      1.155905      1.155905      2.311811
      6.740000      1.322132      1.322132      2.644264
      6.760000      1.833766      1.833766      3.667533
      6.780000      2.662997      2.662997      5.325995
      6.800000      3.734984      3.734984      7.469967
      6.820000      4.915509      4.915509      9.831019
      6.840000      6.020354      6.020354     12.040708
      6.860000      6.852744      6.852744     13.705488
      6.880000      7.258422      7.258422     14.516845
      6.900000      7.174659      7.174659     14.349318
      6.920000      6.649498      6.649498     13.298995
      6.940000      5.822036      5.822036     11.644071
      6.960000      4.874626      4.874626      9.749253
      6.980000      3.980708      3.980708      7.961416
      7.000000      3.270159      3.270159      6.540319
      7.020000      2.820613      2.820613      5.641225
      7.040000      2.667796      2.667796      5.335592
      7.060000      2.819784      2.819784      5.639569
      7.080000      3.262232      3.262232      6.524464
      7.100000      3.951314      3.951314      7.902627
      7.120000      4.802116      4.802116      9.604233
      7.140000      5.686369      5.686369     11.372738
      7.160000      6.450681      6.450681     12.901363
      7.180000      6.955401      6.955401     13.910801
      7.200000      7.120363      7.120363     14.240726
      7.220000      6.955901      6.955901     13.911801
      7.240000      6.561538      6.561538     13.123077
      7.260000      6.089868      6.089868     12.179735
      7.280000      5.690643      5.690643     11.381286
      7.300000      5.459892      5.459892     10.919783
      7.320000      5.415400      5.415400     10.830800
      7.340000      5.506096      5.506096     11.012191
      7.360000      5.646854      5.646854     11.293707
      7.380000      5.760538      5.760538     11.521076
      7.400000      5.809247      5.809247     11.618493
      7.420000      5.804644      5.804644     11.609288
      7.440000      5.797262      5.797262     11.594524
      7.460000      5.851729      5.851729     11.703459
      7.480000      6.017588      6.017588     12.035176
      7.500000      6.305252      6.305252     12.610504
      7.520000      6.675542      6.675542     13.351084
      7.540000      7.048441      7.048441     14.096881
      7.560000      7.330532      7.330532     14.661065
      7.580000      7.451674      7.451674     14.903347
      7.600000      7.394621      7.394621     14.789243
      7.620000      7.202504      7.202504     14.405008
      7.640000      6.959490      6.959490     13.918981
      7.660000      6.754143      6.754143     13.508286
      7.680000      6.643867      6.643867     13.287733
      7.700000      6.637218      6.637218     13.274436
      7.720000      6.700443      6.700443     13.400886
      7.740000      6.782366      6.782366     13.564733
      7.760000      6.844237      6.844237     13.688473
      7.780000      6.880940      6.880940     13.761880
      7.800000      6.925520      6.925520     13.851039
      7.820000      7.036731      7.036731     14.073462
      7.840000      7.275949      7.275949     14.551899
      7.860000      7.682789      7.682789     15.365578
      7.880000      8.257667      8.257667     16.515333
      7.900000      8.955502      8.955502     17.911004
      7.920000      9.690488      9.690488     19.380976
      7.940000     10.349643     10.349643     20.699286
      7.960000     10.812720     10.812720     21.625441
      7.980000     10.976141     10.976141     21.952282
      8.000000     10.777222     10.777222     21.554443
      8.020000     10.212863     10.212863     20.425725
      8.040000      9.346616      9.346616     18.693232
      8.060000      8.301070      8.301070     16.602141
      8.080000      7.237170      7.237170     14.474339
      8.100000      6.325160      6.325160     12.650320
      8.120000      5.712146      5.712146     11.424292
      8.140000      5.490822      5.490822     10.981645
      8.160000      5.675548      5.675548     11.351096
      8.180000      6.194842      6.194842     12.389685
      8.200000      6.909124      6.909124     13.818247
      8.220000      7.655029      7.655029     15.310058
      8.240000      8.304557      8.304557     16.609113
      8.260000      8.816043      8.816043     17.632086
      8.280000      9.252888      9.252888     18.505776
      8.300000      9.757455      9.757455     19.514910
      8.320000     10.486649     10.486649     20.973298
      8.340000     11.533299     11.533299     23.066598
      8.360000     12.865745     12.865745     25.731490
      8.380000     14.313137     14.313137     28.626275
      8.400000     15.606608     15.606608     31.213216
      8.420000     16.462602     16.462602     32.925203
      8.440000     16.674936     16.674936     33.349872
      8.460000     16.177742     16.177742     32.355485
      8.480000     15.056292     15.056292     30.112584
      8.500000     13.508715     13.508715     27.017430
      8.520000     11.782926     11.782926     23.565851
      8.540000     10.117485     10.117485     20.234970
      8.560000      8.703076      8.703076     17.406153
      8.580000      7.664366      7.664366     15.328731
      8.600000      7.052955      7.052955     14.105911
      8.620000      6.844884      6.844884     13.689768
      8.640000      6.944661      6.944661     13.889322
      8.660000      7.202596      7.202596     14.405192
      8.680000      7.448355      7.448355     14.896711
      8.700000      7.534188      7.534188     15.068376
      8.720000      7.373643      7.373643     14.747287
      8.740000      6.961580      6.961580     13.923161
      8.760000      6.368900      6.368900     12.737800
      8.780000      5.715845      5.715845     11.431689
      8.800000      5.135145      5.135145     10.270290
      8.820000      4.737904      4.737904      9.475808
      8.840000      4.591602      4.591602      9.183205
      8.860000      4.713741      4.713741      9.427481
      8.880000      5.078979      5.078979     10.157959
      8.900000      5.634072      5.634072     11.268143
      8.920000      6.314178      6.314178     12.628355
      8.940000      7.056143      7.056143     14.112285
      8.960000      7.807485      7.807485     15.614969
      8.980000      8.531936      8.531936     17.063872
      9.000000      9.212111      9.212111     18.424222
      9.020000      9.848241      9.848241     19.696481
      9.040000     10.451606     10.451606     20.903211
      9.060000     11.033827     11.033827     22.067654
      9.080000     11.596761     11.596761     23.193522
      9.100000     12.128660     12.128660     24.257320
      9.120000     12.608512     12.608512     25.217025
      9.140000     13.014489     13.014489     26.028979
      9.160000     13.329280     13.329280     26.658560
      9.180000     13.537801     13.537801     27.075601
      9.200000     13.619324     13.619324     27.238648
      9.220000     13.541308     13.541308     27.082617
      9.240000     13.262230     13.262230     26.524460
      9.260000     12.745987     12.745987     25.491974
      9.280000     11.984175     11.984175     23.968349
      9.300000     11.017817     11.017817     22.035635
      9.320000      9.948420      9.948420     19.896840
      9.340000      8.930007      8.930007     17.860014
      9.360000      8.139711      8.139711     16.279422
      9.380000      7.733397      7.733397     15.466793
      9.400000      7.801007      7.801007     15.602015
      9.420000      8.338599      8.338599     16.677198
      9.440000      9.247955      9.247955     18.495911
      9.460000     10.363143     10.363143     20.726285
      9.480000     11.493065     11.493065     22.986130
      9.500000     12.465319     12.465319     24.930638
      9.520000     13.159696     13.159696     26.319392
      9.540000     13.525547     13.525547     27.051094
      9.560000     13.581870     13.581870     27.163740
      9.580000     13.401679     13.401679     26.803359
      9.600000     13.084743     13.084743     26.169487
      9.620000     12.726212     12.726212     25.452423
      9.640000     12.391226     12.391226     24.782452
      9.660000     12.104404     12.104404     24.208808
      9.680000     11.857095     11.857095     23.714191
      9.700000     11.627270     11.627270     23.254540
      9.720000     11.401390     11.401390     22.802780
      9.740000     11.187857     11.187857     22.375714
      9.760000     11.017073     11.017073     22.034146
      9.780000     10.930248     10.930248     21.860496
      9.800000     10.963859     10.963859     21.927717
      9.820000     11.137278     11.137278     22.274556
      9.840000     11.448302     11.448302     22.896603
      9.860000     11.877242     11.877242     23.754484
      9.880000     12.396661     12.396661     24.793321
      9.900000     12.981762     12.981762     25.963525
      9.920000     13.616508     13.616508     27.233016
      9.940000     14.292671     14.292671     28.585342
      9.960000     15.002306     15.002306     30.004612
      9.980000     15.726742     15.726742     31.453483
     10.000000     16.425989     16.425989     32.851979
