# EIG2DOS: Utility for SIESTA to obtain the electronic density of states
#  E. Artacho, Apr 1999, A. Garcia, Apr 2012
# ------------------------------------------
# Eigenvalues read from GRP_doping.EIG
# Using smearing parameter:   0.100
# Using   1001 points in energy range
# Selected bands: 1 to: 936
# Emin, emax in file for selected band(s):    -22.3596600    160.3468600
# Nbands, Nspin, Nk   =    936     1   231
# E_F                 =    -6.3134 eV --> (shifted to ZERO)
# Broadening          =     0.1000 eV
#
#        E            N(up)  (=)   N(down)         Ntot
    -10.000000      4.795597      4.795597      9.591193
     -9.980000      4.842058      4.842058      9.684116
     -9.960000      4.960932      4.960932      9.921863
     -9.940000      5.154365      5.154365     10.308730
     -9.920000      5.414127      5.414127     10.828254
     -9.900000      5.719969      5.719969     11.439938
     -9.880000      6.041362      6.041362     12.082724
     -9.860000      6.343323      6.343323     12.686646
     -9.840000      6.595096      6.595096     13.190193
     -9.820000      6.778328      6.778328     13.556656
     -9.800000      6.890965      6.890965     13.781931
     -9.780000      6.945148      6.945148     13.890296
     -9.760000      6.960586      6.960586     13.921172
     -9.740000      6.957009      6.957009     13.914017
     -9.720000      6.948883      6.948883     13.897766
     -9.700000      6.943489      6.943489     13.886977
     -9.680000      6.941448      6.941448     13.882896
     -9.660000      6.938276      6.938276     13.876553
     -9.640000      6.926188      6.926188     13.852375
     -9.620000      6.896212      6.896212     13.792424
     -9.600000      6.840787      6.840787     13.681573
     -9.580000      6.756476      6.756476     13.512952
     -9.560000      6.645968      6.645968     13.291936
     -9.540000      6.518517      6.518517     13.037035
     -9.520000      6.388553      6.388553     12.777107
     -9.500000      6.272974      6.272974     12.545948
     -9.480000      6.188173      6.188173     12.376347
     -9.460000      6.147807      6.147807     12.295613
     -9.440000      6.161653      6.161653     12.323306
     -9.420000      6.235105      6.235105     12.470210
     -9.400000      6.368406      6.368406     12.736813
     -9.380000      6.555157      6.555157     13.110313
     -9.360000      6.780618      6.780618     13.561235
     -9.340000      7.021233      7.021233     14.042465
     -9.320000      7.246826      7.246826     14.493652
     -9.300000      7.425909      7.425909     14.851818
     -9.280000      7.532859      7.532859     15.065718
     -9.260000      7.554375      7.554375     15.108749
     -9.240000      7.492489      7.492489     14.984978
     -9.220000      7.362786      7.362786     14.725572
     -9.200000      7.188669      7.188669     14.377338
     -9.180000      6.994307      6.994307     13.988614
     -9.160000      6.799120      6.799120     13.598240
     -9.140000      6.615452      6.615452     13.230903
     -9.120000      6.449243      6.449243     12.898485
     -9.100000      6.302311      6.302311     12.604621
     -9.080000      6.174644      6.174644     12.349289
     -9.060000      6.065753      6.065753     12.131505
     -9.040000      5.974868      5.974868     11.949736
     -9.020000      5.900346      5.900346     11.800692
     -9.000000      5.838811      5.838811     11.677623
     -8.980000      5.784613      5.784613     11.569225
     -8.960000      5.730053      5.730053     11.460106
     -8.940000      5.666618      5.666618     11.333235
     -8.920000      5.587061      5.587061     11.174123
     -8.900000      5.487822      5.487822     10.975644
     -8.880000      5.370922      5.370922     10.741844
     -8.860000      5.244498      5.244498     10.488996
     -8.840000      5.121425      5.121425     10.242851
     -8.820000      5.016214      5.016214     10.032429
     -8.800000      4.941150      4.941150      9.882299
     -8.780000      4.903115      4.903115      9.806231
     -8.760000      4.902274      4.902274      9.804549
     -8.740000      4.932905      4.932905      9.865811
     -8.720000      4.985764      4.985764      9.971527
     -8.700000      5.050905      5.050905     10.101810
     -8.680000      5.120019      5.120019     10.240039
     -8.660000      5.187680      5.187680     10.375360
     -8.640000      5.251331      5.251331     10.502661
     -8.620000      5.310302      5.310302     10.620603
     -8.600000      5.364599      5.364599     10.729199
     -8.580000      5.414243      5.414243     10.828487
     -8.560000      5.459389      5.459389     10.918778
     -8.540000      5.500758      5.500758     11.001516
     -8.520000      5.539736      5.539736     11.079471
     -8.500000      5.577988      5.577988     11.155977
     -8.480000      5.617073      5.617073     11.234146
     -8.460000      5.658465      5.658465     11.316930
     -8.440000      5.703904      5.703904     11.407808
     -8.420000      5.755570      5.755570     11.511140
     -8.400000      5.815835      5.815835     11.631670
     -8.380000      5.886836      5.886836     11.773673
     -8.360000      5.970161      5.970161     11.940322
     -8.340000      6.066503      6.066503     12.133006
     -8.320000      6.174845      6.174845     12.349690
     -8.300000      6.291147      6.291147     12.582293
     -8.280000      6.407434      6.407434     12.814868
     -8.260000      6.512513      6.512513     13.025026
     -8.240000      6.594683      6.594683     13.189366
     -8.220000      6.645311      6.645311     13.290623
     -8.200000      6.661340      6.661340     13.322680
     -8.180000      6.645501      6.645501     13.291002
     -8.160000      6.604628      6.604628     13.209256
     -8.140000      6.547468      6.547468     13.094936
     -8.120000      6.483065      6.483065     12.966131
     -8.100000      6.419720      6.419720     12.839440
     -8.080000      6.364032      6.364032     12.728064
     -8.060000      6.319994      6.319994     12.639988
     -8.040000      6.288746      6.288746     12.577491
     -8.020000      6.269424      6.269424     12.538847
     -8.000000      6.260608      6.260608     12.521215
     -7.980000      6.261185      6.261185     12.522370
     -7.960000      6.269875      6.269875     12.539751
     -7.940000      6.283841      6.283841     12.567682
     -7.920000      6.297657      6.297657     12.595314
     -7.900000      6.303681      6.303681     12.607361
     -7.880000      6.293776      6.293776     12.587553
     -7.860000      6.261420      6.261420     12.522839
     -7.840000      6.203043      6.203043     12.406086
     -7.820000      6.118134      6.118134     12.236269
     -7.800000      6.008369      6.008369     12.016738
     -7.780000      5.876513      5.876513     11.753027
     -7.760000      5.725709      5.725709     11.451419
     -7.740000      5.559393      5.559393     11.118787
     -7.720000      5.381721      5.381721     10.763443
     -7.700000      5.198190      5.198190     10.396379
     -7.680000      5.016078      5.016078     10.032155
     -7.660000      4.844358      4.844358      9.688716
     -7.640000      4.692849      4.692849      9.385697
     -7.620000      4.570655      4.570655      9.141310
     -7.600000      4.484339      4.484339      8.968679
     -7.580000      4.436466      4.436466      8.872933
     -7.560000      4.425086      4.425086      8.850171
     -7.540000      4.444279      4.444279      8.888559
     -7.520000      4.485458      4.485458      8.970915
     -7.500000      4.538919      4.538919      9.077839
     -7.480000      4.595333      4.595333      9.190666
     -7.460000      4.647042      4.647042      9.294084
     -7.440000      4.689149      4.689149      9.378298
     -7.420000      4.720205      4.720205      9.440409
     -7.400000      4.742233      4.742233      9.484465
     -7.380000      4.760044      4.760044      9.520088
     -7.360000      4.780152      4.780152      9.560304
     -7.340000      4.809754      4.809754      9.619508
     -7.320000      4.855943      4.855943      9.711887
     -7.300000      4.924787      4.924787      9.849573
     -7.280000      5.019870      5.019870     10.039740
     -7.260000      5.140536      5.140536     10.281072
     -7.240000      5.280890      5.280890     10.561779
     -7.220000      5.430725      5.430725     10.861451
     -7.200000      5.578441      5.578441     11.156882
     -7.180000      5.714477      5.714477     11.428953
     -7.160000      5.833289      5.833289     11.666578
     -7.140000      5.932978      5.932978     11.865956
     -7.120000      6.013563      6.013563     12.027127
     -7.100000      6.075848      6.075848     12.151696
     -7.080000      6.121834      6.121834     12.243669
     -7.060000      6.155771      6.155771     12.311543
     -7.040000      6.183960      6.183960     12.367921
     -7.020000      6.212548      6.212548     12.425097
     -7.000000      6.244642      6.244642     12.489285
     -6.980000      6.279103      6.279103     12.558206
     -6.960000      6.312168      6.312168     12.624336
     -6.940000      6.340616      6.340616     12.681232
     -6.920000      6.363791      6.363791     12.727582
     -6.900000      6.382829      6.382829     12.765659
     -6.880000      6.398012      6.398012     12.796024
     -6.860000      6.406954      6.406954     12.813908
     -6.840000      6.405709      6.405709     12.811419
     -6.820000      6.392285      6.392285     12.784570
     -6.800000      6.369783      6.369783     12.739567
     -6.780000      6.346402      6.346402     12.692804
     -6.760000      6.331875      6.331875     12.663750
     -6.740000      6.332678      6.332678     12.665355
     -6.720000      6.349280      6.349280     12.698559
     -6.700000      6.377203      6.377203     12.754406
     -6.680000      6.410935      6.410935     12.821870
     -6.660000      6.447919      6.447919     12.895837
     -6.640000      6.490107      6.490107     12.980215
     -6.620000      6.542507      6.542507     13.085014
     -6.600000      6.610166      6.610166     13.220331
     -6.580000      6.695825      6.695825     13.391650
     -6.560000      6.799534      6.799534     13.599068
     -6.540000      6.919863      6.919863     13.839726
     -6.520000      7.055244      7.055244     14.110488
     -6.500000      7.204191      7.204191     14.408383
     -6.480000      7.364416      7.364416     14.728831
     -6.460000      7.531978      7.531978     15.063956
     -6.440000      7.701717      7.701717     15.403435
     -6.420000      7.869160      7.869160     15.738320
     -6.400000      8.032875      8.032875     16.065751
     -6.380000      8.195702      8.195702     16.391403
     -6.360000      8.363754      8.363754     16.727507
     -6.340000      8.543229      8.543229     17.086458
     -6.320000      8.736062      8.736062     17.472124
     -6.300000      8.936017      8.936017     17.872035
     -6.280000      9.126767      9.126767     18.253533
     -6.260000      9.282928      9.282928     18.565857
     -6.240000      9.374088      9.374088     18.748175
     -6.220000      9.370705      9.370705     18.741411
     -6.200000      9.250087      9.250087     18.500175
     -6.180000      9.000682      9.000682     18.001365
     -6.160000      8.623972      8.623972     17.247944
     -6.140000      8.134421      8.134421     16.268841
     -6.120000      7.558520      7.558520     15.117040
     -6.100000      6.933502      6.933502     13.867003
     -6.080000      6.305386      6.305386     12.610772
     -6.060000      5.725543      5.725543     11.451086
     -6.040000      5.245351      5.245351     10.490703
     -6.020000      4.909410      4.909410      9.818820
     -6.000000      4.748535      4.748535      9.497070
     -5.980000      4.774154      4.774154      9.548308
     -5.960000      4.975785      4.975785      9.951570
     -5.940000      5.322940      5.322940     10.645880
     -5.920000      5.771631      5.771631     11.543262
     -5.900000      6.273747      6.273747     12.547493
     -5.880000      6.785847      6.785847     13.571693
     -5.860000      7.273920      7.273920     14.547840
     -5.840000      7.712944      7.712944     15.425887
     -5.820000      8.083440      8.083440     16.166880
     -5.800000      8.369144      8.369144     16.738288
     -5.780000      8.558576      8.558576     17.117152
     -5.760000      8.649574      8.649574     17.299147
     -5.740000      8.652616      8.652616     17.305231
     -5.720000      8.589056      8.589056     17.178111
     -5.700000      8.484207      8.484207     16.968414
     -5.680000      8.359497      8.359497     16.718994
     -5.660000      8.228827      8.228827     16.457654
     -5.640000      8.100807      8.100807     16.201615
     -5.620000      7.983653      7.983653     15.967307
     -5.600000      7.887575      7.887575     15.775151
     -5.580000      7.822260      7.822260     15.644520
     -5.560000      7.791973      7.791973     15.583946
     -5.540000      7.793259      7.793259     15.586517
     -5.520000      7.817804      7.817804     15.635607
     -5.500000      7.858016      7.858016     15.716031
     -5.480000      7.909982      7.909982     15.819965
     -5.460000      7.970739      7.970739     15.941478
     -5.440000      8.032304      8.032304     16.064608
     -5.420000      8.078710      8.078710     16.157420
     -5.400000      8.090578      8.090578     16.181157
     -5.380000      8.055705      8.055705     16.111410
     -5.360000      7.978761      7.978761     15.957521
     -5.340000      7.883135      7.883135     15.766269
     -5.320000      7.803335      7.803335     15.606670
     -5.300000      7.772830      7.772830     15.545660
     -5.280000      7.814709      7.814709     15.629418
     -5.260000      7.939432      7.939432     15.878864
     -5.240000      8.148191      8.148191     16.296382
     -5.220000      8.436765      8.436765     16.873531
     -5.200000      8.795891      8.795891     17.591782
     -5.180000      9.208627      9.208627     18.417253
     -5.160000      9.648899      9.648899     19.297799
     -5.140000     10.085172     10.085172     20.170343
     -5.120000     10.489109     10.489109     20.978219
     -5.100000     10.844660     10.844660     21.689320
     -5.080000     11.151755     11.151755     22.303511
     -5.060000     11.422105     11.422105     22.844209
     -5.040000     11.669828     11.669828     23.339657
     -5.020000     11.902987     11.902987     23.805974
     -5.000000     12.120937     12.120937     24.241874
     -4.980000     12.317935     12.317935     24.635871
     -4.960000     12.489139     12.489139     24.978278
     -4.940000     12.634303     12.634303     25.268605
     -4.920000     12.757265     12.757265     25.514529
     -4.900000     12.862962     12.862962     25.725925
     -4.880000     12.955175     12.955175     25.910351
     -4.860000     13.036650     13.036650     26.073299
     -4.840000     13.110611     13.110611     26.221222
     -4.820000     13.181451     13.181451     26.362901
     -4.800000     13.253427     13.253427     26.506854
     -4.780000     13.328279     13.328279     26.656559
     -4.760000     13.403711     13.403711     26.807423
     -4.740000     13.474020     13.474020     26.948040
     -4.720000     13.532480     13.532480     27.064960
     -4.700000     13.573936     13.573936     27.147872
     -4.680000     13.596184     13.596184     27.192369
     -4.660000     13.599768     13.599768     27.199536
     -4.640000     13.586859     13.586859     27.173717
     -4.620000     13.560206     13.560206     27.120412
     -4.600000     13.522695     13.522695     27.045390
     -4.580000     13.477422     13.477422     26.954843
     -4.560000     13.427868     13.427868     26.855737
     -4.540000     13.377891     13.377891     26.755781
     -4.520000     13.331522     13.331522     26.663044
     -4.500000     13.292691     13.292691     26.585382
     -4.480000     13.264837     13.264837     26.529675
     -4.460000     13.250309     13.250309     26.500618
     -4.440000     13.249602     13.249602     26.499204
     -4.420000     13.260796     13.260796     26.521591
     -4.400000     13.279671     13.279671     26.559343
     -4.380000     13.300728     13.300728     26.601457
     -4.360000     13.318776     13.318776     26.637552
     -4.340000     13.330383     13.330383     26.660766
     -4.320000     13.334514     13.334514     26.669027
     -4.300000     13.332232     13.332232     26.664465
     -4.280000     13.325968     13.325968     26.651937
     -4.260000     13.319077     13.319077     26.638153
     -4.240000     13.316022     13.316022     26.632044
     -4.220000     13.322838     13.322838     26.645676
     -4.200000     13.347159     13.347159     26.694319
     -4.180000     13.397379     13.397379     26.794757
     -4.160000     13.481109     13.481109     26.962218
     -4.140000     13.603571     13.603571     27.207143
     -4.120000     13.766569     13.766569     27.533138
     -4.100000     13.968502     13.968502     27.937005
     -4.080000     14.205521     14.205521     28.411042
     -4.060000     14.473454     14.473454     28.946909
     -4.040000     14.769646     14.769646     29.539292
     -4.020000     15.093601     15.093601     30.187203
     -4.000000     15.445794     15.445794     30.891588
     -3.980000     15.824906     15.824906     31.649813
     -3.960000     16.224610     16.224610     32.449221
     -3.940000     16.631173     16.631173     33.262346
     -3.920000     17.022867     17.022867     34.045734
     -3.900000     17.371751     17.371751     34.743502
     -3.880000     17.648131     17.648131     35.296262
     -3.860000     17.827439     17.827439     35.654879
     -3.840000     17.898064     17.898064     35.796128
     -3.820000     17.867188     17.867188     35.734375
     -3.800000     17.761216     17.761216     35.522432
     -3.780000     17.618882     17.618882     35.237765
     -3.760000     17.478419     17.478419     34.956839
     -3.740000     17.363431     17.363431     34.726863
     -3.720000     17.273328     17.273328     34.546656
     -3.700000     17.182426     17.182426     34.364853
     -3.680000     17.048124     17.048124     34.096247
     -3.660000     16.824822     16.824822     33.649644
     -3.640000     16.478324     16.478324     32.956648
     -3.620000     15.995773     15.995773     31.991546
     -3.600000     15.388418     15.388418     30.776836
     -3.580000     14.687297     14.687297     29.374593
     -3.560000     13.934230     13.934230     27.868460
     -3.540000     13.171523     13.171523     26.343047
     -3.520000     12.433423     12.433423     24.866846
     -3.500000     11.741271     11.741271     23.482542
     -3.480000     11.102983     11.102983     22.205967
     -3.460000     10.516367     10.516367     21.032733
     -3.440000      9.974928      9.974928     19.949855
     -3.420000      9.474283      9.474283     18.948566
     -3.400000      9.017194      9.017194     18.034388
     -3.380000      8.615692      8.615692     17.231384
     -3.360000      8.289580      8.289580     16.579161
     -3.340000      8.061650      8.061650     16.123300
     -3.320000      7.950951      7.950951     15.901902
     -3.300000      7.966244      7.966244     15.932488
     -3.280000      8.101925      8.101925     16.203850
     -3.260000      8.338012      8.338012     16.676024
     -3.240000      8.644395      8.644395     17.288790
     -3.220000      8.987987      8.987987     17.975974
     -3.200000      9.340399      9.340399     18.680798
     -3.180000      9.683588      9.683588     19.367176
     -3.160000     10.011684     10.011684     20.023368
     -3.140000     10.328702     10.328702     20.657403
     -3.120000     10.643600     10.643600     21.287200
     -3.100000     10.965325     10.965325     21.930650
     -3.080000     11.300316     11.300316     22.600632
     -3.060000     11.653287     11.653287     23.306575
     -3.040000     12.029939     12.029939     24.059877
     -3.020000     12.438863     12.438863     24.877727
     -3.000000     12.890337     12.890337     25.780673
     -2.980000     13.391539     13.391539     26.783077
     -2.960000     13.940082     13.940082     27.880165
     -2.940000     14.519159     14.519159     29.038317
     -2.920000     15.097370     15.097370     30.194739
     -2.900000     15.634377     15.634377     31.268754
     -2.880000     16.090742     16.090742     32.181483
     -2.860000     16.438224     16.438224     32.876448
     -2.840000     16.666521     16.666521     33.333042
     -2.820000     16.784177     16.784177     33.568353
     -2.800000     16.814121     16.814121     33.628243
     -2.780000     16.786487     16.786487     33.572974
     -2.760000     16.731831     16.731831     33.463661
     -2.740000     16.676744     16.676744     33.353489
     -2.720000     16.641965     16.641965     33.283930
     -2.700000     16.641830     16.641830     33.283661
     -2.680000     16.683891     16.683891     33.367783
     -2.660000     16.768448     16.768448     33.536897
     -2.640000     16.888825     16.888825     33.777650
     -2.620000     17.033505     17.033505     34.067011
     -2.600000     17.190588     17.190588     34.381176
     -2.580000     17.353699     17.353699     34.707399
     -2.560000     17.527342     17.527342     35.054684
     -2.540000     17.729251     17.729251     35.458502
     -2.520000     17.987980     17.987980     35.975960
     -2.500000     18.335387     18.335387     36.670774
     -2.480000     18.795355     18.795355     37.590711
     -2.460000     19.371483     19.371483     38.742966
     -2.440000     20.037429     20.037429     40.074857
     -2.420000     20.733802     20.733802     41.467604
     -2.400000     21.374448     21.374448     42.748896
     -2.380000     21.862217     21.862217     43.724434
     -2.360000     22.110403     22.110403     44.220805
     -2.340000     22.062805     22.062805     44.125609
     -2.320000     21.705044     21.705044     43.410087
     -2.300000     21.063225     21.063225     42.126449
     -2.280000     20.191696     20.191696     40.383392
     -2.260000     19.156366     19.156366     38.312733
     -2.240000     18.021083     18.021083     36.042166
     -2.220000     16.841651     16.841651     33.683302
     -2.200000     15.667169     15.667169     31.334338
     -2.180000     14.544541     14.544541     29.089082
     -2.160000     13.521156     13.521156     27.042312
     -2.140000     12.642837     12.642837     25.285674
     -2.120000     11.947476     11.947476     23.894951
     -2.100000     11.457220     11.457220     22.914439
     -2.080000     11.172507     11.172507     22.345013
     -2.060000     11.069979     11.069979     22.139958
     -2.040000     11.104696     11.104696     22.209392
     -2.020000     11.216163     11.216163     22.432326
     -2.000000     11.337568     11.337568     22.675137
     -1.980000     11.407362     11.407362     22.814724
     -1.960000     11.381304     11.381304     22.762608
     -1.940000     11.241751     11.241751     22.483502
     -1.920000     11.000577     11.000577     22.001154
     -1.900000     10.693818     10.693818     21.387635
     -1.880000     10.369428     10.369428     20.738856
     -1.860000     10.072644     10.072644     20.145288
     -1.840000      9.834401      9.834401     19.668802
     -1.820000      9.666457      9.666457     19.332913
     -1.800000      9.563536      9.563536     19.127072
     -1.780000      9.509952      9.509952     19.019903
     -1.760000      9.487146      9.487146     18.974292
     -1.740000      9.479442      9.479442     18.958883
     -1.720000      9.476871      9.476871     18.953742
     -1.700000      9.475332      9.475332     18.950664
     -1.680000      9.475008      9.475008     18.950016
     -1.660000      9.478156      9.478156     18.956313
     -1.640000      9.487212      9.487212     18.974424
     -1.620000      9.503760      9.503760     19.007520
     -1.600000      9.528438      9.528438     19.056876
     -1.580000      9.561409      9.561409     19.122817
     -1.560000      9.602918      9.602918     19.205835
     -1.540000      9.653626      9.653626     19.307252
     -1.520000      9.714657      9.714657     19.429314
     -1.500000      9.787397      9.787397     19.574795
     -1.480000      9.873000      9.873000     19.746001
     -1.460000      9.971505      9.971505     19.943010
     -1.440000     10.080771     10.080771     20.161541
     -1.420000     10.195911     10.195911     20.391823
     -1.400000     10.310011     10.310011     20.620023
     -1.380000     10.416259     10.416259     20.832518
     -1.360000     10.510553     10.510553     21.021107
     -1.340000     10.593043     10.593043     21.186086
     -1.320000     10.667636     10.667636     21.335272
     -1.300000     10.739914     10.739914     21.479828
     -1.280000     10.814920     10.814920     21.629839
     -1.260000     10.896084     10.896084     21.792168
     -1.240000     10.985405     10.985405     21.970809
     -1.220000     11.084031     11.084031     22.168061
     -1.200000     11.192473     11.192473     22.384945
     -1.180000     11.310504     11.310504     22.621008
     -1.160000     11.437378     11.437378     22.874756
     -1.140000     11.572645     11.572645     23.145291
     -1.120000     11.717025     11.717025     23.434049
     -1.100000     11.872445     11.872445     23.744890
     -1.080000     12.041036     12.041036     24.082073
     -1.060000     12.223901     12.223901     24.447801
     -1.040000     12.420910     12.420910     24.841820
     -1.020000     12.631953     12.631953     25.263906
     -1.000000     12.858574     12.858574     25.717148
     -0.980000     13.104189     13.104189     26.208378
     -0.960000     13.371888     13.371888     26.743776
     -0.940000     13.660778     13.660778     27.321556
     -0.920000     13.963296     13.963296     27.926592
     -0.900000     14.265520     14.265520     28.531039
     -0.880000     14.550514     14.550514     29.101028
     -0.860000     14.802764     14.802764     29.605528
     -0.840000     15.011466     15.011466     30.022933
     -0.820000     15.171823     15.171823     30.343646
     -0.800000     15.285080     15.285080     30.570161
     -0.780000     15.358266     15.358266     30.716532
     -0.760000     15.403492     15.403492     30.806983
     -0.740000     15.435676     15.435676     30.871352
     -0.720000     15.468024     15.468024     30.936047
     -0.700000     15.506455     15.506455     31.012911
     -0.680000     15.545738     15.545738     31.091477
     -0.660000     15.569782     15.569782     31.139564
     -0.640000     15.556331     15.556331     31.112662
     -0.620000     15.483791     15.483791     30.967582
     -0.600000     15.336963     15.336963     30.673926
     -0.580000     15.109704     15.109704     30.219407
     -0.560000     14.804674     14.804674     29.609347
     -0.540000     14.431797     14.431797     28.863593
     -0.520000     14.006867     14.006867     28.013734
     -0.500000     13.550626     13.550626     27.101252
     -0.480000     13.087695     13.087695     26.175389
     -0.460000     12.644686     12.644686     25.289372
     -0.440000     12.247273     12.247273     24.494547
     -0.420000     11.916444     11.916444     23.832888
     -0.400000     11.664485     11.664485     23.328969
     -0.380000     11.491645     11.491645     22.983290
     -0.360000     11.384838     11.384838     22.769675
     -0.340000     11.319584     11.319584     22.639168
     -0.320000     11.265381     11.265381     22.530763
     -0.300000     11.193066     11.193066     22.386132
     -0.280000     11.081668     11.081668     22.163336
     -0.260000     10.922424     10.922424     21.844849
     -0.240000     10.718903     10.718903     21.437805
     -0.220000     10.483810     10.483810     20.967620
     -0.200000     10.234106     10.234106     20.468212
     -0.180000      9.986252      9.986252     19.972503
     -0.160000      9.752903      9.752903     19.505807
     -0.140000      9.541594      9.541594     19.083188
     -0.120000      9.355161      9.355161     18.710322
     -0.100000      9.193211      9.193211     18.386421
     -0.080000      9.053737      9.053737     18.107474
     -0.060000      8.934250      8.934250     17.868500
     -0.040000      8.832166      8.832166     17.664332
     -0.020000      8.744569      8.744569     17.489137
      0.000000      8.667516      8.667516     17.335032
      0.020000      8.595003      8.595003     17.190007
      0.040000      8.517791      8.517791     17.035582
      0.060000      8.422743      8.422743     16.845486
      0.080000      8.293759      8.293759     16.587517
      0.100000      8.115221      8.115221     16.230442
      0.120000      7.877771      7.877771     15.755541
      0.140000      7.584586      7.584586     15.169171
      0.160000      7.255182      7.255182     14.510364
      0.180000      6.924027      6.924027     13.848054
      0.200000      6.633262      6.633262     13.266523
      0.220000      6.421628      6.421628     12.843256
      0.240000      6.313733      6.313733     12.627466
      0.260000      6.313846      6.313846     12.627692
      0.280000      6.406370      6.406370     12.812739
      0.300000      6.562208      6.562208     13.124416
      0.320000      6.747950      6.747950     13.495899
      0.340000      6.934216      6.934216     13.868432
      0.360000      7.100639      7.100639     14.201278
      0.380000      7.236882      7.236882     14.473765
      0.400000      7.340889      7.340889     14.681778
      0.420000      7.416211      7.416211     14.832423
      0.440000      7.469745      7.469745     14.939489
      0.460000      7.510042      7.510042     15.020083
      0.480000      7.545605      7.545605     15.091211
      0.500000      7.582824      7.582824     15.165648
      0.520000      7.624174      7.624174     15.248348
      0.540000      7.667878      7.667878     15.335755
      0.560000      7.709571      7.709571     15.419141
      0.580000      7.745057      7.745057     15.490115
      0.600000      7.772307      7.772307     15.544614
      0.620000      7.791484      7.791484     15.582968
      0.640000      7.803647      7.803647     15.607294
      0.660000      7.810061      7.810061     15.620121
      0.680000      7.813514      7.813514     15.627027
      0.700000      7.820829      7.820829     15.641658
      0.720000      7.843908      7.843908     15.687817
      0.740000      7.897006      7.897006     15.794012
      0.760000      7.990519      7.990519     15.981038
      0.780000      8.124429      8.124429     16.248859
      0.800000      8.285279      8.285279     16.570558
      0.820000      8.448611      8.448611     16.897222
      0.840000      8.585695      8.585695     17.171391
      0.860000      8.671414      8.671414     17.342829
      0.880000      8.690474      8.690474     17.380947
      0.900000      8.640764      8.640764     17.281528
      0.920000      8.534062      8.534062     17.068124
      0.940000      8.394503      8.394503     16.789005
      0.960000      8.254859      8.254859     16.509718
      0.980000      8.150748      8.150748     16.301496
      1.000000      8.113699      8.113699     16.227397
      1.020000      8.164930      8.164930     16.329859
      1.040000      8.311608      8.311608     16.623216
      1.060000      8.546108      8.546108     17.092216
      1.080000      8.847240      8.847240     17.694481
      1.100000      9.181933      9.181933     18.363865
      1.120000      9.507015      9.507015     19.014031
      1.140000      9.772601      9.772601     19.545202
      1.160000      9.929117      9.929117     19.858234
      1.180000      9.938081      9.938081     19.876162
      1.200000      9.783235      9.783235     19.566471
      1.220000      9.476483      9.476483     18.952966
      1.240000      9.054579      9.054579     18.109157
      1.260000      8.567243      8.567243     17.134486
      1.280000      8.062082      8.062082     16.124164
      1.300000      7.573069      7.573069     15.146137
      1.320000      7.116610      7.116610     14.233221
      1.340000      6.694692      6.694692     13.389384
      1.360000      6.301385      6.301385     12.602769
      1.380000      5.928773      5.928773     11.857546
      1.400000      5.570379      5.570379     11.140758
      1.420000      5.222419      5.222419     10.444839
      1.440000      4.884223      4.884223      9.768446
      1.460000      4.558588      4.558588      9.117175
      1.480000      4.251736      4.251736      8.503471
      1.500000      3.972020      3.972020      7.944040
      1.520000      3.727195      3.727195      7.454391
      1.540000      3.521308      3.521308      7.042617
      1.560000      3.352984      3.352984      6.705969
      1.580000      3.216229      3.216229      6.432458
      1.600000      3.103236      3.103236      6.206473
      1.620000      3.007355      3.007355      6.014710
      1.640000      2.924406      2.924406      5.848811
      1.660000      2.851983      2.851983      5.703965
      1.680000      2.787912      2.787912      5.575824
      1.700000      2.729464      2.729464      5.458928
      1.720000      2.673900      2.673900      5.347800
      1.740000      2.619559      2.619559      5.239117
      1.760000      2.566166      2.566166      5.132332
      1.780000      2.513886      2.513886      5.027771
      1.800000      2.461910      2.461910      4.923819
      1.820000      2.407943      2.407943      4.815887
      1.840000      2.349185      2.349185      4.698370
      1.860000      2.284078      2.284078      4.568157
      1.880000      2.213422      2.213422      4.426844
      1.900000      2.139974      2.139974      4.279947
      1.920000      2.066949      2.066949      4.133898
      1.940000      1.996621      1.996621      3.993241
      1.960000      1.929944      1.929944      3.859888
      1.980000      1.867108      1.867108      3.734216
      2.000000      1.808196      1.808196      3.616393
      2.020000      1.753288      1.753288      3.506576
      2.040000      1.702083      1.702083      3.404166
      2.060000      1.653659      1.653659      3.307318
      2.080000      1.606770      1.606770      3.213539
      2.100000      1.560470      1.560470      3.120941
      2.120000      1.514503      1.514503      3.029006
      2.140000      1.469109      1.469109      2.938219
      2.160000      1.424522      1.424522      2.849043
      2.180000      1.380632      1.380632      2.761264
      2.200000      1.337100      1.337100      2.674200
      2.220000      1.293686      1.293686      2.587372
      2.240000      1.250427      1.250427      2.500855
      2.260000      1.207514      1.207514      2.415028
      2.280000      1.165041      1.165041      2.330081
      2.300000      1.122902      1.122902      2.245805
      2.320000      1.080872      1.080872      2.161745
      2.340000      1.038709      1.038709      2.077419
      2.360000      0.996117      0.996117      1.992233
      2.380000      0.952551      0.952551      1.905102
      2.400000      0.907024      0.907024      1.814048
      2.420000      0.858033      0.858033      1.716066
      2.440000      0.803698      0.803698      1.607396
      2.460000      0.742115      0.742115      1.484231
      2.480000      0.671912      0.671912      1.343823
      2.500000      0.592906      0.592906      1.185811
      2.520000      0.506662      0.506662      1.013325
      2.540000      0.416642      0.416642      0.833285
      2.560000      0.327748      0.327748      0.655495
      2.580000      0.245316      0.245316      0.490632
      2.600000      0.173900      0.173900      0.347800
      2.620000      0.116288      0.116288      0.232575
      2.640000      0.073110      0.073110      0.146220
      2.660000      0.043094      0.043094      0.086187
      2.680000      0.023760      0.023760      0.047519
      2.700000      0.012230      0.012230      0.024460
      2.720000      0.005868      0.005868      0.011735
      2.740000      0.002621      0.002621      0.005241
      2.760000      0.001088      0.001088      0.002177
      2.780000      0.000420      0.000420      0.000840
      2.800000      0.000151      0.000151      0.000301
      2.820000      0.000051      0.000051      0.000102
      2.840000      0.000018      0.000018      0.000037
      2.860000      0.000015      0.000015      0.000031
      2.880000      0.000037      0.000037      0.000074
      2.900000      0.000112      0.000112      0.000223
      2.920000      0.000318      0.000318      0.000637
      2.940000      0.000845      0.000845      0.001691
      2.960000      0.002086      0.002086      0.004171
      2.980000      0.004783      0.004783      0.009565
      3.000000      0.010207      0.010207      0.020414
      3.020000      0.020296      0.020296      0.040593
      3.040000      0.037663      0.037663      0.075327
      3.060000      0.065340      0.065340      0.130680
      3.080000      0.106210      0.106210      0.212419
      3.100000      0.162192      0.162192      0.324384
      3.120000      0.233435      0.233435      0.466869
      3.140000      0.317854      0.317854      0.635708
      3.160000      0.411308      0.411308      0.822616
      3.180000      0.508433      0.508433      1.016866
      3.200000      0.603880      0.603880      1.207760
      3.220000      0.693483      0.693483      1.386966
      3.240000      0.774954      0.774954      1.549908
      3.260000      0.847943      0.847943      1.695887
      3.280000      0.913596      0.913596      1.827193
      3.300000      0.973903      0.973903      1.947807
      3.320000      1.031131      1.031131      2.062261
      3.340000      1.087522      1.087522      2.175044
      3.360000      1.145347      1.145347      2.290694
      3.380000      1.207260      1.207260      2.414521
      3.400000      1.276788      1.276788      2.553575
      3.420000      1.358623      1.358623      2.717245
      3.440000      1.458402      1.458402      2.916803
      3.460000      1.581821      1.581821      3.163641
      3.480000      1.733251      1.733251      3.466503
      3.500000      1.914262      1.914262      3.828525
      3.520000      2.122556      2.122556      4.245111
      3.540000      2.351797      2.351797      4.703593
      3.560000      2.592659      2.592659      5.185319
      3.580000      2.835030      2.835030      5.670059
      3.600000      3.070730      3.070730      6.141461
      3.620000      3.295666      3.295666      6.591333
      3.640000      3.510384      3.510384      7.020769
      3.660000      3.718853      3.718853      7.437706
      3.680000      3.926288      3.926288      7.852576
      3.700000      4.137293      4.137293      8.274587
      3.720000      4.355128      4.355128      8.710256
      3.740000      4.581975      4.581975      9.163950
      3.760000      4.819577      4.819577      9.639155
      3.780000      5.069849      5.069849     10.139698
      3.800000      5.335574      5.335574     10.671148
      3.820000      5.621310      5.621310     11.242620
      3.840000      5.933944      5.933944     11.867888
      3.860000      6.281748      6.281748     12.563497
      3.880000      6.671120      6.671120     13.342239
      3.900000      7.101554      7.101554     14.203108
      3.920000      7.560900      7.560900     15.121801
      3.940000      8.023502      8.023502     16.047003
      3.960000      8.452996      8.452996     16.905992
      3.980000      8.809759      8.809759     17.619519
      4.000000      9.060998      9.060998     18.121996
      4.020000      9.190241      9.190241     18.380482
      4.040000      9.202866      9.202866     18.405733
      4.060000      9.125465      9.125465     18.250930
      4.080000      8.998870      8.998870     17.997740
      4.100000      8.866770      8.866770     17.733539
      4.120000      8.763347      8.763347     17.526694
      4.140000      8.703877      8.703877     17.407754
      4.160000      8.681497      8.681497     17.362994
      4.180000      8.671393      8.671393     17.342787
      4.200000      8.640865      8.640865     17.281729
      4.220000      8.561301      8.561301     17.122602
      4.240000      8.417434      8.417434     16.834868
      4.260000      8.210842      8.210842     16.421684
      4.280000      7.957617      7.957617     15.915234
      4.300000      7.682463      7.682463     15.364926
      4.320000      7.411977      7.411977     14.823954
      4.340000      7.168856      7.168856     14.337712
      4.360000      6.967651      6.967651     13.935303
      4.380000      6.812404      6.812404     13.624809
      4.400000      6.696780      6.696780     13.393560
      4.420000      6.607102      6.607102     13.214203
      4.440000      6.527561      6.527561     13.055122
      4.460000      6.445568      6.445568     12.891135
      4.480000      6.354888      6.354888     12.709775
      4.500000      6.255411      6.255411     12.510823
      4.520000      6.150340      6.150340     12.300681
      4.540000      6.042887      6.042887     12.085774
      4.560000      5.934395      5.934395     11.868791
      4.580000      5.824363      5.824363     11.648726
      4.600000      5.711388      5.711388     11.422775
      4.620000      5.593677      5.593677     11.187354
      4.640000      5.468642      5.468642     10.937285
      4.660000      5.332378      5.332378     10.664756
      4.680000      5.180309      5.180309     10.360618
      4.700000      5.009471      5.009471     10.018941
      4.720000      4.821386      4.821386      9.642771
      4.740000      4.623601      4.623601      9.247202
      4.760000      4.428493      4.428493      8.856986
      4.780000      4.249595      4.249595      8.499189
      4.800000      4.097288      4.097288      8.194576
      4.820000      3.976031      3.976031      7.952061
      4.840000      3.884244      3.884244      7.768487
      4.860000      3.816370      3.816370      7.632741
      4.880000      3.765575      3.765575      7.531149
      4.900000      3.725642      3.725642      7.451284
      4.920000      3.691601      3.691601      7.383203
      4.940000      3.659582      3.659582      7.319164
      4.960000      3.626740      3.626740      7.253479
      4.980000      3.591624      3.591624      7.183247
      5.000000      3.554592      3.554592      7.109184
      5.020000      3.517573      3.517573      7.035147
      5.040000      3.482926      3.482926      6.965852
      5.060000      3.451983      3.451983      6.903967
      5.080000      3.424306      3.424306      6.848612
      5.100000      3.398210      3.398210      6.796421
      5.120000      3.372125      3.372125      6.744250
      5.140000      3.345640      3.345640      6.691280
      5.160000      3.319367      3.319367      6.638734
      5.180000      3.293699      3.293699      6.587398
      5.200000      3.267404      3.267404      6.534808
      5.220000      3.237022      3.237022      6.474045
      5.240000      3.197384      3.197384      6.394768
      5.260000      3.142852      3.142852      6.285704
      5.280000      3.068698      3.068698      6.137396
      5.300000      2.972279      2.972279      5.944558
      5.320000      2.853990      2.853990      5.707980
      5.340000      2.717983      2.717983      5.435967
      5.360000      2.572495      2.572495      5.144991
      5.380000      2.429486      2.429486      4.858971
      5.400000      2.303394      2.303394      4.606788
      5.420000      2.209048      2.209048      4.418095
      5.440000      2.159027      2.159027      4.318054
      5.460000      2.161039      2.161039      4.322079
      5.480000      2.216016      2.216016      4.432031
      5.500000      2.317587      2.317587      4.635174
      5.520000      2.453301      2.453301      4.906601
      5.540000      2.607343      2.607343      5.214686
      5.560000      2.763951      2.763951      5.527902
      5.580000      2.910379      2.910379      5.820758
      5.600000      3.038505      3.038505      6.077011
      5.620000      3.144831      3.144831      6.289662
      5.640000      3.229373      3.229373      6.458746
      5.660000      3.294319      3.294319      6.588637
      5.680000      3.343084      3.343084      6.686169
      5.700000      3.379861      3.379861      6.759721
      5.720000      3.409272      3.409272      6.818545
      5.740000      3.435794      3.435794      6.871588
      5.760000      3.462937      3.462937      6.925873
      5.780000      3.492610      3.492610      6.985219
      5.800000      3.525116      3.525116      7.050233
      5.820000      3.559897      3.559897      7.119795
      5.840000      3.596663      3.596663      7.193325
      5.860000      3.636286      3.636286      7.272572
      5.880000      3.680929      3.680929      7.361857
      5.900000      3.733298      3.733298      7.466595
      5.920000      3.795401      3.795401      7.590802
      5.940000      3.867463      3.867463      7.734926
      5.960000      3.947612      3.947612      7.895224
      5.980000      4.032604      4.032604      8.065208
      6.000000      4.119291      4.119291      8.238582
      6.020000      4.206092      4.206092      8.412184
      6.040000      4.293592      4.293592      8.587184
      6.060000      4.383758      4.383758      8.767516
      6.080000      4.477972      4.477972      8.955945
      6.100000      4.574805      4.574805      9.149610
      6.120000      4.668774      4.668774      9.337547
      6.140000      4.751033      4.751033      9.502066
      6.160000      4.811988      4.811988      9.623976
      6.180000      4.844692      4.844692      9.689385
      6.200000      4.847273      4.847273      9.694546
      6.220000      4.823081      4.823081      9.646162
      6.240000      4.778662      4.778662      9.557324
      6.260000      4.721026      4.721026      9.442052
      6.280000      4.655984      4.655984      9.311967
      6.300000      4.588254      4.588254      9.176509
      6.320000      4.522491      4.522491      9.044981
      6.340000      4.463621      4.463621      8.927243
      6.360000      4.415670      4.415670      8.831341
      6.380000      4.379804      4.379804      8.759608
      6.400000      4.353407      4.353407      8.706815
      6.420000      4.331438      4.331438      8.662876
      6.440000      4.309527      4.309527      8.619053
      6.460000      4.286696      4.286696      8.573393
      6.480000      4.265637      4.265637      8.531273
      6.500000      4.250224      4.250224      8.500448
      6.520000      4.242149      4.242149      8.484299
      6.540000      4.239264      4.239264      8.478528
      6.560000      4.236970      4.236970      8.473940
      6.580000      4.231601      4.231601      8.463202
      6.600000      4.223172      4.223172      8.446344
      6.620000      4.215362      4.215362      8.430724
      6.640000      4.212732      4.212732      8.425464
      6.660000      4.217312      4.217312      8.434624
      6.680000      4.227149      4.227149      8.454297
      6.700000      4.237892      4.237892      8.475785
      6.720000      4.246197      4.246197      8.492394
      6.740000      4.252382      4.252382      8.504763
      6.760000      4.260433      4.260433      8.520867
      6.780000      4.275453      4.275453      8.550906
      6.800000      4.300531      4.300531      8.601062
      6.820000      4.335301      4.335301      8.670602
      6.840000      4.376990      4.376990      8.753981
      6.860000      4.422807      4.422807      8.845614
      6.880000      4.471573      4.471573      8.943146
      6.900000      4.523247      4.523247      9.046494
      6.920000      4.576721      4.576721      9.153443
      6.940000      4.627702      4.627702      9.255403
      6.960000      4.668500      4.668500      9.337001
      6.980000      4.690306      4.690306      9.380613
      7.000000      4.686784      4.686784      9.373567
      7.020000      4.656925      4.656925      9.313849
      7.040000      4.605507      4.605507      9.211013
      7.060000      4.540985      4.540985      9.081969
      7.080000      4.472151      4.472151      8.944302
      7.100000      4.405421      4.405421      8.810843
      7.120000      4.343922      4.343922      8.687843
      7.140000      4.288275      4.288275      8.576550
      7.160000      4.238080      4.238080      8.476160
      7.180000      4.193015      4.193015      8.386030
      7.200000      4.153120      4.153120      8.306240
      7.220000      4.118473      4.118473      8.236947
      7.240000      4.088799      4.088799      8.177597
      7.260000      4.063399      4.063399      8.126798
      7.280000      4.041466      4.041466      8.082933
      7.300000      4.022488      4.022488      8.044976
      7.320000      4.006410      4.006410      8.012819
      7.340000      3.993403      3.993403      7.986807
      7.360000      3.983378      3.983378      7.966756
      7.380000      3.975541      3.975541      7.951083
      7.400000      3.968232      3.968232      7.936464
      7.420000      3.959060      3.959060      7.918120
      7.440000      3.945278      3.945278      7.890556
      7.460000      3.924341      3.924341      7.848681
      7.480000      3.894605      3.894605      7.789210
      7.500000      3.855987      3.855987      7.711975
      7.520000      3.810258      3.810258      7.620515
      7.540000      3.760731      3.760731      7.521462
      7.560000      3.711430      3.711430      7.422860
      7.580000      3.666071      3.666071      7.332141
      7.600000      3.627243      3.627243      7.254486
      7.620000      3.595953      3.595953      7.191905
      7.640000      3.571541      3.571541      7.143081
      7.660000      3.552046      3.552046      7.104093
      7.680000      3.535067      3.535067      7.070134
      7.700000      3.518918      3.518918      7.037836
      7.720000      3.503487      3.503487      7.006975
      7.740000      3.490107      3.490107      6.980214
      7.760000      3.480324      3.480324      6.960647
      7.780000      3.474367      3.474367      6.948734
      7.800000      3.470511      3.470511      6.941023
      7.820000      3.465941      3.465941      6.931882
      7.840000      3.458531      3.458531      6.917063
      7.860000      3.448150      3.448150      6.896299
      7.880000      3.436429      3.436429      6.872858
      7.900000      3.425181      3.425181      6.850363
      7.920000      3.414693      3.414693      6.829385
      7.940000      3.403248      3.403248      6.806496
      7.960000      3.388349      3.388349      6.776698
      7.980000      3.369017      3.369017      6.738034
      8.000000      3.348079      3.348079      6.696159
      8.020000      3.333658      3.333658      6.667316
      8.040000      3.339702      3.339702      6.679404
      8.060000      3.385736      3.385736      6.771472
      8.080000      3.495767      3.495767      6.991533
      8.100000      3.695813      3.695813      7.391626
      8.120000      4.009433      4.009433      8.018867
      8.140000      4.451336      4.451336      8.902673
      8.160000      5.020514      5.020514     10.041029
      8.180000      5.695523      5.695523     11.391047
      8.200000      6.434626      6.434626     12.869252
      8.220000      7.181995      7.181995     14.363990
      8.240000      7.878659      7.878659     15.757318
      8.260000      8.474670      8.474670     16.949339
      8.280000      8.938372      8.938372     17.876743
      8.300000      9.260056      9.260056     18.520112
      8.320000      9.449732      9.449732     18.899463
      8.340000      9.530896      9.530896     19.061791
      8.360000      9.532996      9.532996     19.065991
      8.380000      9.484807      9.484807     18.969614
      8.400000      9.409920      9.409920     18.819840
      8.420000      9.324700      9.324700     18.649400
      8.440000      9.238561      9.238561     18.477122
      8.460000      9.155911      9.155911     18.311821
      8.480000      9.078614      9.078614     18.157229
      8.500000      9.007643      9.007643     18.015287
      8.520000      8.943235      8.943235     17.886469
      8.540000      8.884083      8.884083     17.768166
      8.560000      8.826891      8.826891     17.653782
      8.580000      8.767167      8.767167     17.534333
      8.600000      8.700884      8.700884     17.401767
      8.620000      8.625717      8.625717     17.251434
      8.640000      8.541006      8.541006     17.082013
      8.660000      8.446894      8.446894     16.893789
      8.680000      8.343846      8.343846     16.687692
      8.700000      8.233198      8.233198     16.466396
      8.720000      8.118144      8.118144     16.236288
      8.740000      8.004000      8.004000     16.008001
      8.760000      7.897224      7.897224     15.794448
      8.780000      7.803724      7.803724     15.607449
      8.800000      7.727454      7.727454     15.454908
      8.820000      7.669777      7.669777     15.339553
      8.840000      7.629518      7.629518     15.259036
      8.860000      7.603457      7.603457     15.206915
      8.880000      7.587216      7.587216     15.174431
      8.900000      7.576479      7.576479     15.152958
      8.920000      7.568157      7.568157     15.136314
      8.940000      7.560888      7.560888     15.121775
      8.960000      7.554679      7.554679     15.109358
      8.980000      7.550122      7.550122     15.100244
      9.000000      7.547870      7.547870     15.095741
      9.020000      7.548666      7.548666     15.097333
      9.040000      7.553626      7.553626     15.107253
      9.060000      7.564329      7.564329     15.128658
      9.080000      7.582644      7.582644     15.165287
      9.100000      7.610600      7.610600     15.221200
      9.120000      7.650493      7.650493     15.300986
      9.140000      7.704934      7.704934     15.409868
      9.160000      7.776390      7.776390     15.552780
      9.180000      7.866135      7.866135     15.732271
      9.200000      7.973202      7.973202     15.946403
      9.220000      8.094085      8.094085     16.188169
      9.240000      8.223507      8.223507     16.447015
      9.260000      8.355801      8.355801     16.711602
      9.280000      8.486189      8.486189     16.972377
      9.300000      8.611495      8.611495     17.222989
      9.320000      8.730219      8.730219     17.460439
      9.340000      8.842100      8.842100     17.684199
      9.360000      8.947230      8.947230     17.894460
      9.380000      9.044879      9.044879     18.089759
      9.400000      9.132338      9.132338     18.264675
      9.420000      9.204207      9.204207     18.408414
      9.440000      9.252326      9.252326     18.504651
      9.460000      9.266177      9.266177     18.532354
      9.480000      9.233635      9.233635     18.467271
      9.500000      9.142276      9.142276     18.284553
      9.520000      8.981674      8.981674     17.963349
      9.540000      8.746721      8.746721     17.493441
      9.560000      8.441091      8.441091     16.882182
      9.580000      8.079379      8.079379     16.158758
      9.600000      7.686643      7.686643     15.373287
      9.620000      7.295121      7.295121     14.590241
      9.640000      6.939006      6.939006     13.878012
      9.660000      6.648849      6.648849     13.297698
      9.680000      6.447056      6.447056     12.894111
      9.700000      6.345426      6.345426     12.690851
      9.720000      6.344938      6.344938     12.689877
      9.740000      6.437389      6.437389     12.874777
      9.760000      6.608127      6.608127     13.216254
      9.780000      6.839041      6.839041     13.678082
      9.800000      7.111038      7.111038     14.222077
      9.820000      7.405630      7.405630     14.811259
      9.840000      7.705640      7.705640     15.411279
      9.860000      7.995497      7.995497     15.990995
      9.880000      8.261639      8.261639     16.523279
      9.900000      8.493332      8.493332     16.986664
      9.920000      8.683750      8.683750     17.367500
      9.940000      8.830830      8.830830     17.661659
      9.960000      8.937376      8.937376     17.874753
      9.980000      9.010171      9.010171     18.020342
     10.000000      9.058166      9.058166     18.116332
