# EIG2DOS: Utility for SIESTA to obtain the electronic density of states
#  E. Artacho, Apr 1999, A. Garcia, Apr 2012
# ------------------------------------------
# Eigenvalues read from GRP_doping.EIG
# Using smearing parameter:   0.100
# Using   1001 points in energy range
# Selected bands: 1 to: 936
# Emin, emax in file for selected band(s):    -37.4332700    240.9542400
# Nbands, Nspin, Nk   =    936     1   231
# E_F                 =    -5.3651 eV --> (shifted to ZERO)
# Broadening          =     0.1000 eV
#
#        E            N(up)  (=)   N(down)         Ntot
    -10.000000      9.749385      9.749385     19.498770
     -9.980000      9.896878      9.896878     19.793756
     -9.960000      9.876657      9.876657     19.753313
     -9.940000      9.781660      9.781660     19.563320
     -9.920000      9.661535      9.661535     19.323069
     -9.900000      9.513986      9.513986     19.027972
     -9.880000      9.305164      9.305164     18.610327
     -9.860000      9.007396      9.007396     18.014792
     -9.840000      8.633385      8.633385     17.266769
     -9.820000      8.246531      8.246531     16.493061
     -9.800000      7.938988      7.938988     15.877975
     -9.780000      7.787278      7.787278     15.574557
     -9.760000      7.809467      7.809467     15.618935
     -9.740000      7.948276      7.948276     15.896553
     -9.720000      8.090098      8.090098     16.180196
     -9.700000      8.109781      8.109781     16.219563
     -9.680000      7.918180      7.918180     15.836360
     -9.660000      7.490896      7.490896     14.981791
     -9.640000      6.869291      6.869291     13.738581
     -9.620000      6.139317      6.139317     12.278634
     -9.600000      5.401654      5.401654     10.803308
     -9.580000      4.746079      4.746079      9.492157
     -9.560000      4.237126      4.237126      8.474253
     -9.540000      3.911608      3.911608      7.823217
     -9.520000      3.784132      3.784132      7.568264
     -9.500000      3.855030      3.855030      7.710060
     -9.480000      4.115723      4.115723      8.231447
     -9.460000      4.549241      4.549241      9.098482
     -9.440000      5.127583      5.127583     10.255167
     -9.420000      5.810764      5.810764     11.621528
     -9.400000      6.552121      6.552121     13.104242
     -9.380000      7.309713      7.309713     14.619426
     -9.360000      8.056937      8.056937     16.113874
     -9.340000      8.782453      8.782453     17.564907
     -9.320000      9.474475      9.474475     18.948951
     -9.300000     10.096209     10.096209     20.192418
     -9.280000     10.569594     10.569594     21.139188
     -9.260000     10.784155     10.784155     21.568310
     -9.240000     10.634058     10.634058     21.268116
     -9.220000     10.067418     10.067418     20.134835
     -9.200000      9.121193      9.121193     18.242386
     -9.180000      7.921322      7.921322     15.842644
     -9.160000      6.647240      6.647240     13.294479
     -9.140000      5.479266      5.479266     10.958531
     -9.120000      4.554009      4.554009      9.108018
     -9.100000      3.944447      3.944447      7.888895
     -9.080000      3.665450      3.665450      7.330901
     -9.060000      3.693133      3.693133      7.386266
     -9.040000      3.983730      3.983730      7.967459
     -9.020000      4.483695      4.483695      8.967391
     -9.000000      5.131723      5.131723     10.263447
     -8.980000      5.859284      5.859284     11.718569
     -8.960000      6.595852      6.595852     13.191703
     -8.940000      7.279346      7.279346     14.558693
     -8.920000      7.866237      7.866237     15.732475
     -8.900000      8.334301      8.334301     16.668602
     -8.880000      8.675878      8.675878     17.351756
     -8.860000      8.886696      8.886696     17.773391
     -8.840000      8.958794      8.958794     17.917587
     -8.820000      8.882790      8.882790     17.765581
     -8.800000      8.657538      8.657538     17.315076
     -8.780000      8.300182      8.300182     16.600365
     -8.760000      7.850261      7.850261     15.700522
     -8.740000      7.366067      7.366067     14.732135
     -8.720000      6.915622      6.915622     13.831243
     -8.700000      6.565316      6.565316     13.130633
     -8.680000      6.367402      6.367402     12.734805
     -8.660000      6.346103      6.346103     12.692206
     -8.640000      6.483753      6.483753     12.967506
     -8.620000      6.712575      6.712575     13.425150
     -8.600000      6.920767      6.920767     13.841534
     -8.580000      6.978899      6.978899     13.957798
     -8.560000      6.782929      6.782929     13.565858
     -8.540000      6.298388      6.298388     12.596776
     -8.520000      5.584965      5.584965     11.169931
     -8.500000      4.787175      4.787175      9.574350
     -8.480000      4.092027      4.092027      8.184054
     -8.460000      3.669311      3.669311      7.338622
     -8.440000      3.616311      3.616311      7.232621
     -8.420000      3.925501      3.925501      7.851001
     -8.400000      4.485286      4.485286      8.970571
     -8.380000      5.114342      5.114342     10.228683
     -8.360000      5.620527      5.620527     11.241053
     -8.340000      5.866179      5.866179     11.732357
     -8.320000      5.816174      5.816174     11.632348
     -8.300000      5.548530      5.548530     11.097060
     -8.280000      5.221275      5.221275     10.442549
     -8.260000      5.008499      5.008499     10.016998
     -8.240000      5.032924      5.032924     10.065849
     -8.220000      5.323882      5.323882     10.647764
     -8.200000      5.817115      5.817115     11.634231
     -8.180000      6.392576      6.392576     12.785151
     -8.160000      6.928448      6.928448     13.856896
     -8.140000      7.343188      7.343188     14.686375
     -8.120000      7.606157      7.606157     15.212315
     -8.100000      7.717093      7.717093     15.434186
     -8.080000      7.673555      7.673555     15.347109
     -8.060000      7.451572      7.451572     14.903145
     -8.040000      7.013657      7.013657     14.027315
     -8.020000      6.338070      6.338070     12.676139
     -8.000000      5.448266      5.448266     10.896532
     -7.980000      4.422120      4.422120      8.844241
     -7.960000      3.375071      3.375071      6.750143
     -7.940000      2.428328      2.428328      4.856656
     -7.920000      1.680913      1.680913      3.361827
     -7.900000      1.199093      1.199093      2.398187
     -7.880000      1.024061      1.024061      2.048123
     -7.860000      1.187359      1.187359      2.374717
     -7.840000      1.719445      1.719445      3.438889
     -7.820000      2.641160      2.641160      5.282320
     -7.800000      3.937954      3.937954      7.875909
     -7.780000      5.528237      5.528237     11.056474
     -7.760000      7.244669      7.244669     14.489338
     -7.740000      8.845890      8.845890     17.691781
     -7.720000     10.064426     10.064426     20.128851
     -7.700000     10.678580     10.678580     21.357160
     -7.680000     10.581257     10.581257     21.162514
     -7.660000      9.816073      9.816073     19.632146
     -7.640000      8.563860      8.563860     17.127720
     -7.620000      7.084533      7.084533     14.169065
     -7.600000      5.638639      5.638639     11.277279
     -7.580000      4.419657      4.419657      8.839315
     -7.560000      3.519826      3.519826      7.039653
     -7.540000      2.934988      2.934988      5.869976
     -7.520000      2.597401      2.597401      5.194801
     -7.500000      2.417429      2.417429      4.834858
     -7.480000      2.317159      2.317159      4.634317
     -7.460000      2.247623      2.247623      4.495246
     -7.440000      2.190655      2.190655      4.381311
     -7.420000      2.151966      2.151966      4.303932
     -7.400000      2.152657      2.152657      4.305314
     -7.380000      2.223399      2.223399      4.446799
     -7.360000      2.401308      2.401308      4.802616
     -7.340000      2.726368      2.726368      5.452736
     -7.320000      3.233371      3.233371      6.466742
     -7.300000      3.937447      3.937447      7.874893
     -7.280000      4.816076      4.816076      9.632152
     -7.260000      5.796103      5.796103     11.592207
     -7.240000      6.756906      6.756906     13.513811
     -7.220000      7.556722      7.556722     15.113444
     -7.200000      8.077575      8.077575     16.155150
     -7.180000      8.270578      8.270578     16.541156
     -7.160000      8.177323      8.177323     16.354647
     -7.140000      7.911652      7.911652     15.823304
     -7.120000      7.607189      7.607189     15.214377
     -7.100000      7.357177      7.357177     14.714355
     -7.080000      7.179616      7.179616     14.359233
     -7.060000      7.026598      7.026598     14.053197
     -7.040000      6.830375      6.830375     13.660749
     -7.020000      6.557069      6.557069     13.114138
     -7.000000      6.235954      6.235954     12.471908
     -6.980000      5.948766      5.948766     11.897532
     -6.960000      5.788026      5.788026     11.576051
     -6.940000      5.810248      5.810248     11.620496
     -6.920000      6.010171      6.010171     12.020343
     -6.900000      6.327521      6.327521     12.655041
     -6.880000      6.678475      6.678475     13.356951
     -6.860000      6.991189      6.991189     13.982379
     -6.840000      7.225051      7.225051     14.450102
     -6.820000      7.365722      7.365722     14.731443
     -6.800000      7.404444      7.404444     14.808888
     -6.780000      7.320294      7.320294     14.640589
     -6.760000      7.081205      7.081205     14.162411
     -6.740000      6.665559      6.665559     13.331118
     -6.720000      6.090507      6.090507     12.181015
     -6.700000      5.426853      5.426853     10.853706
     -6.680000      4.787611      4.787611      9.575222
     -6.660000      4.293037      4.293037      8.586075
     -6.640000      4.028437      4.028437      8.056874
     -6.620000      4.014342      4.014342      8.028684
     -6.600000      4.201079      4.201079      8.402158
     -6.580000      4.487253      4.487253      8.974507
     -6.560000      4.751973      4.751973      9.503945
     -6.540000      4.887894      4.887894      9.775788
     -6.520000      4.825741      4.825741      9.651482
     -6.500000      4.546700      4.546700      9.093400
     -6.480000      4.083371      4.083371      8.166742
     -6.460000      3.511491      3.511491      7.022983
     -6.440000      2.934645      2.934645      5.869291
     -6.420000      2.464273      2.464273      4.928545
     -6.400000      2.197848      2.197848      4.395697
     -6.380000      2.198651      2.198651      4.397302
     -6.360000      2.480581      2.480581      4.961163
     -6.340000      3.001294      3.001294      6.002588
     -6.320000      3.666521      3.666521      7.333042
     -6.300000      4.347294      4.347294      8.694588
     -6.280000      4.908935      4.908935      9.817871
     -6.260000      5.246325      5.246325     10.492650
     -6.240000      5.315775      5.315775     10.631551
     -6.220000      5.152273      5.152273     10.304547
     -6.200000      4.863472      4.863472      9.726944
     -6.180000      4.598596      4.598596      9.197192
     -6.160000      4.499643      4.499643      8.999287
     -6.140000      4.650930      4.650930      9.301859
     -6.120000      5.047234      5.047234     10.094467
     -6.100000      5.596804      5.596804     11.193609
     -6.080000      6.162150      6.162150     12.324301
     -6.060000      6.623115      6.623115     13.246229
     -6.040000      6.932788      6.932788     13.865577
     -6.020000      7.137257      7.137257     14.274515
     -6.000000      7.347568      7.347568     14.695135
     -5.980000      7.677882      7.677882     15.355764
     -5.960000      8.182083      8.182083     16.364167
     -5.940000      8.820771      8.820771     17.641542
     -5.920000      9.472846      9.472846     18.945692
     -5.900000      9.982930      9.982930     19.965859
     -5.880000     10.221177     10.221177     20.442354
     -5.860000     10.131018     10.131018     20.262036
     -5.840000      9.749150      9.749150     19.498299
     -5.820000      9.193490      9.193490     18.386979
     -5.800000      8.624735      8.624735     17.249469
     -5.780000      8.194863      8.194863     16.389726
     -5.760000      8.000479      8.000479     16.000958
     -5.740000      8.057484      8.057484     16.114969
     -5.720000      8.304481      8.304481     16.608962
     -5.700000      8.629250      8.629250     17.258499
     -5.680000      8.903483      8.903483     17.806966
     -5.660000      9.011736      9.011736     18.023473
     -5.640000      8.869449      8.869449     17.738898
     -5.620000      8.433657      8.433657     16.867314
     -5.600000      7.711364      7.711364     15.422728
     -5.580000      6.764829      6.764829     13.529658
     -5.560000      5.707368      5.707368     11.414736
     -5.540000      4.684235      4.684235      9.368471
     -5.520000      3.840680      3.840680      7.681360
     -5.500000      3.287202      3.287202      6.574405
     -5.480000      3.074248      3.074248      6.148495
     -5.460000      3.184012      3.184012      6.368025
     -5.440000      3.539611      3.539611      7.079221
     -5.420000      4.026452      4.026452      8.052903
     -5.400000      4.519402      4.519402      9.038804
     -5.380000      4.910820      4.910820      9.821640
     -5.360000      5.135954      5.135954     10.271908
     -5.340000      5.191588      5.191588     10.383175
     -5.320000      5.141929      5.141929     10.283858
     -5.300000      5.105582      5.105582     10.211164
     -5.280000      5.221826      5.221826     10.443651
     -5.260000      5.603156      5.603156     11.206311
     -5.240000      6.289759      6.289759     12.579518
     -5.220000      7.224207      7.224207     14.448414
     -5.200000      8.258005      8.258005     16.516009
     -5.180000      9.188569      9.188569     18.377138
     -5.160000      9.813126      9.813126     19.626252
     -5.140000      9.981337      9.981337     19.962675
     -5.120000      9.632171      9.632171     19.264341
     -5.100000      8.808129      8.808129     17.616257
     -5.080000      7.646473      7.646473     15.292946
     -5.060000      6.350843      6.350843     12.701686
     -5.040000      5.149095      5.149095     10.298189
     -5.020000      4.245461      4.245461      8.490922
     -5.000000      3.776785      3.776785      7.553570
     -4.980000      3.782606      3.782606      7.565211
     -4.960000      4.197290      4.197290      8.394580
     -4.940000      4.869129      4.869129      9.738258
     -4.920000      5.605191      5.605191     11.210383
     -4.900000      6.230979      6.230979     12.461959
     -4.880000      6.643911      6.643911     13.287822
     -4.860000      6.837088      6.837088     13.674177
     -4.840000      6.880819      6.880819     13.761638
     -4.820000      6.871176      6.871176     13.742353
     -4.800000      6.874719      6.874719     13.749438
     -4.780000      6.901935      6.901935     13.803870
     -4.760000      6.924592      6.924592     13.849185
     -4.740000      6.923982      6.923982     13.847964
     -4.720000      6.936191      6.936191     13.872383
     -4.700000      7.060794      7.060794     14.121589
     -4.680000      7.420919      7.420919     14.841837
     -4.660000      8.092703      8.092703     16.185406
     -4.640000      9.042954      9.042954     18.085907
     -4.620000     10.113015     10.113015     20.226029
     -4.600000     11.064146     11.064146     22.128292
     -4.580000     11.666765     11.666765     23.333531
     -4.560000     11.790768     11.790768     23.581536
     -4.540000     11.451484     11.451484     22.902967
     -4.520000     10.788484     10.788484     21.576968
     -4.500000      9.990492      9.990492     19.980985
     -4.480000      9.208584      9.208584     18.417168
     -4.460000      8.504690      8.504690     17.009380
     -4.440000      7.860489      7.860489     15.720979
     -4.420000      7.236553      7.236553     14.473107
     -4.400000      6.644080      6.644080     13.288161
     -4.380000      6.186546      6.186546     12.373091
     -4.360000      6.046338      6.046338     12.092677
     -4.340000      6.419680      6.419680     12.839359
     -4.320000      7.426853      7.426853     14.853706
     -4.300000      9.035270      9.035270     18.070540
     -4.280000     11.028935     11.028935     22.057870
     -4.260000     13.042143     13.042143     26.084286
     -4.240000     14.651818     14.651818     29.303636
     -4.220000     15.498787     15.498787     30.997573
     -4.200000     15.393966     15.393966     30.787932
     -4.180000     14.370165     14.370165     28.740331
     -4.160000     12.663597     12.663597     25.327194
     -4.140000     10.639152     10.639152     21.278304
     -4.120000      8.693240      8.693240     17.386480
     -4.100000      7.168284      7.168284     14.336568
     -4.080000      6.297857      6.297857     12.595715
     -4.060000      6.183579      6.183579     12.367158
     -4.040000      6.795206      6.795206     13.590412
     -4.020000      7.986237      7.986237     15.972474
     -4.000000      9.522993      9.522993     19.045986
     -3.980000     11.127907     11.127907     22.255813
     -3.960000     12.533841     12.533841     25.067682
     -3.940000     13.538320     13.538320     27.076640
     -3.920000     14.041335     14.041335     28.082670
     -3.900000     14.053329     14.053329     28.106659
     -3.880000     13.670811     13.670811     27.341622
     -3.860000     13.029917     13.029917     26.059833
     -3.840000     12.256411     12.256411     24.512822
     -3.820000     11.430858     11.430858     22.861716
     -3.800000     10.581159     10.581159     21.162319
     -3.780000      9.703864      9.703864     19.407727
     -3.760000      8.803457      8.803457     17.606914
     -3.740000      7.929391      7.929391     15.858782
     -3.720000      7.189502      7.189502     14.379004
     -3.700000      6.728889      6.728889     13.457778
     -3.680000      6.681438      6.681438     13.362876
     -3.660000      7.116629      7.116629     14.233259
     -3.640000      8.007229      8.007229     16.014458
     -3.620000      9.232032      9.232032     18.464064
     -3.600000     10.609872     10.609872     21.219745
     -3.580000     11.947934     11.947934     23.895868
     -3.560000     13.085760     13.085760     26.171519
     -3.540000     13.923964     13.923964     27.847928
     -3.520000     14.435514     14.435514     28.871029
     -3.500000     14.661265     14.661265     29.322531
     -3.480000     14.690904     14.690904     29.381809
     -3.460000     14.631137     14.631137     29.262273
     -3.440000     14.568204     14.568204     29.136409
     -3.420000     14.538111     14.538111     29.076222
     -3.400000     14.517856     14.517856     29.035712
     -3.380000     14.441540     14.441540     28.883081
     -3.360000     14.231921     14.231921     28.463842
     -3.340000     13.830816     13.830816     27.661633
     -3.320000     13.216000     13.216000     26.432000
     -3.300000     12.403540     12.403540     24.807079
     -3.280000     11.443233     11.443233     22.886466
     -3.260000     10.414241     10.414241     20.828482
     -3.240000      9.420431      9.420431     18.840861
     -3.220000      8.578619      8.578619     17.157238
     -3.200000      7.994988      7.994988     15.989976
     -3.180000      7.734829      7.734829     15.469658
     -3.160000      7.800502      7.800502     15.601003
     -3.140000      8.132625      8.132625     16.265250
     -3.120000      8.637433      8.637433     17.274865
     -3.100000      9.226064      9.226064     18.452128
     -3.080000      9.842105      9.842105     19.684210
     -3.060000     10.460321     10.460321     20.920641
     -3.040000     11.059010     11.059010     22.118020
     -3.020000     11.587335     11.587335     23.174669
     -3.000000     11.953477     11.953477     23.906953
     -2.980000     12.045923     12.045923     24.091846
     -2.960000     11.777911     11.777911     23.555822
     -2.940000     11.129522     11.129522     22.259043
     -2.920000     10.163360     10.163360     20.326719
     -2.900000      9.006117      9.006117     18.012233
     -2.880000      7.807756      7.807756     15.615513
     -2.860000      6.699933      6.699933     13.399867
     -2.840000      5.771191      5.771191     11.542383
     -2.820000      5.063930      5.063930     10.127860
     -2.800000      4.586589      4.586589      9.173179
     -2.780000      4.330092      4.330092      8.660185
     -2.760000      4.279909      4.279909      8.559818
     -2.740000      4.419961      4.419961      8.839923
     -2.720000      4.728693      4.728693      9.457385
     -2.700000      5.170610      5.170610     10.341221
     -2.680000      5.689308      5.689308     11.378615
     -2.660000      6.209699      6.209699     12.419397
     -2.640000      6.655147      6.655147     13.310295
     -2.620000      6.977497      6.977497     13.954995
     -2.600000      7.187233      7.187233     14.374465
     -2.580000      7.364299      7.364299     14.728598
     -2.560000      7.634583      7.634583     15.269166
     -2.540000      8.113470      8.113470     16.226940
     -2.520000      8.838338      8.838338     17.676677
     -2.500000      9.723605      9.723605     19.447210
     -2.480000     10.565966     10.565966     21.131932
     -2.460000     11.104848     11.104848     22.209697
     -2.440000     11.115330     11.115330     22.230660
     -2.420000     10.493404     10.493404     20.986807
     -2.400000      9.296664      9.296664     18.593327
     -2.380000      7.725590      7.725590     15.451180
     -2.360000      6.058824      6.058824     12.117648
     -2.340000      4.574349      4.574349      9.148697
     -2.320000      3.488407      3.488407      6.976815
     -2.300000      2.928377      2.928377      5.856753
     -2.280000      2.936219      2.936219      5.872438
     -2.260000      3.487036      3.487036      6.974072
     -2.240000      4.507009      4.507009      9.014019
     -2.220000      5.883202      5.883202     11.766404
     -2.200000      7.467378      7.467378     14.934756
     -2.180000      9.081721      9.081721     18.163442
     -2.160000     10.534216     10.534216     21.068432
     -2.140000     11.646530     11.646530     23.293060
     -2.120000     12.289948     12.289948     24.579897
     -2.100000     12.418316     12.418316     24.836631
     -2.080000     12.084227     12.084227     24.168455
     -2.060000     11.428157     11.428157     22.856315
     -2.040000     10.639543     10.639543     21.279086
     -2.020000      9.900586      9.900586     19.801171
     -2.000000      9.332208      9.332208     18.664415
     -1.980000      8.962610      8.962610     17.925220
     -1.960000      8.731018      8.731018     17.462035
     -1.940000      8.525423      8.525423     17.050846
     -1.920000      8.239124      8.239124     16.478247
     -1.900000      7.822469      7.822469     15.644938
     -1.880000      7.307388      7.307388     14.614776
     -1.860000      6.793229      6.793229     13.586457
     -1.840000      6.399369      6.399369     12.798738
     -1.820000      6.206006      6.206006     12.412013
     -1.800000      6.211780      6.211780     12.423559
     -1.780000      6.330640      6.330640     12.661279
     -1.760000      6.432001      6.432001     12.864002
     -1.740000      6.405977      6.405977     12.811955
     -1.720000      6.221257      6.221257     12.442514
     -1.700000      5.945615      5.945615     11.891231
     -1.680000      5.717819      5.717819     11.435637
     -1.660000      5.684696      5.684696     11.369392
     -1.640000      5.934487      5.934487     11.868975
     -1.620000      6.457975      6.457975     12.915950
     -1.600000      7.153072      7.153072     14.306145
     -1.580000      7.866155      7.866155     15.732310
     -1.560000      8.447073      8.447073     16.894146
     -1.540000      8.792676      8.792676     17.585353
     -1.520000      8.865001      8.865001     17.730002
     -1.500000      8.686048      8.686048     17.372096
     -1.480000      8.320715      8.320715     16.641430
     -1.460000      7.858118      7.858118     15.716237
     -1.440000      7.393686      7.393686     14.787371
     -1.420000      7.008998      7.008998     14.017997
     -1.400000      6.748954      6.748954     13.497907
     -1.380000      6.603485      6.603485     13.206970
     -1.360000      6.505559      6.505559     13.011118
     -1.340000      6.352436      6.352436     12.704871
     -1.320000      6.045110      6.045110     12.090221
     -1.300000      5.529835      5.529835     11.059671
     -1.280000      4.823664      4.823664      9.647328
     -1.260000      4.014485      4.014485      8.028971
     -1.240000      3.239010      3.239010      6.478020
     -1.220000      2.651002      2.651002      5.302004
     -1.200000      2.392003      2.392003      4.784006
     -1.180000      2.569763      2.569763      5.139527
     -1.160000      3.242315      3.242315      6.484630
     -1.140000      4.403974      4.403974      8.807948
     -1.120000      5.974377      5.974377     11.948754
     -1.100000      7.798028      7.798028     15.596057
     -1.080000      9.663131      9.663131     19.326262
     -1.060000     11.341771     11.341771     22.683542
     -1.040000     12.642133     12.642133     25.284266
     -1.020000     13.454768     13.454768     26.909537
     -1.000000     13.774903     13.774903     27.549806
     -0.980000     13.691986     13.691986     27.383972
     -0.960000     13.351372     13.351372     26.702745
     -0.940000     12.904672     12.904672     25.809344
     -0.920000     12.469481     12.469481     24.938961
     -0.900000     12.113874     12.113874     24.227748
     -0.880000     11.868059     11.868059     23.736119
     -0.860000     11.751118     11.751118     23.502236
     -0.840000     11.792939     11.792939     23.585878
     -0.820000     12.035563     12.035563     24.071125
     -0.800000     12.512249     12.512249     25.024499
     -0.780000     13.217894     13.217894     26.435789
     -0.760000     14.090928     14.090928     28.181856
     -0.740000     15.020413     15.020413     30.040826
     -0.720000     15.876963     15.876963     31.753925
     -0.700000     16.552101     16.552101     33.104203
     -0.680000     16.986355     16.986355     33.972711
     -0.660000     17.173821     17.173821     34.347642
     -0.640000     17.144789     17.144789     34.289578
     -0.620000     16.939089     16.939089     33.878178
     -0.600000     16.584789     16.584789     33.169578
     -0.580000     16.090304     16.090304     32.180607
     -0.560000     15.449108     15.449108     30.898217
     -0.540000     14.651283     14.651283     29.302565
     -0.520000     13.696430     13.696430     27.392860
     -0.500000     12.604897     12.604897     25.209794
     -0.480000     11.425285     11.425285     22.850571
     -0.460000     10.235902     10.235902     20.471804
     -0.440000      9.138093      9.138093     18.276187
     -0.420000      8.241780      8.241780     16.483560
     -0.400000      7.646630      7.646630     15.293260
     -0.380000      7.424023      7.424023     14.848046
     -0.360000      7.604262      7.604262     15.208524
     -0.340000      8.171225      8.171225     16.342450
     -0.320000      9.064350      9.064350     18.128700
     -0.300000     10.186444     10.186444     20.372888
     -0.280000     11.415566     11.415566     22.831132
     -0.260000     12.619833     12.619833     25.239665
     -0.240000     13.674795     13.674795     27.349590
     -0.220000     14.483015     14.483015     28.966029
     -0.200000     14.993935     14.993935     29.987869
     -0.180000     15.219711     15.219711     30.439423
     -0.160000     15.241036     15.241036     30.482073
     -0.140000     15.197839     15.197839     30.395677
     -0.120000     15.263279     15.263279     30.526558
     -0.100000     15.604283     15.604283     31.208566
     -0.080000     16.336311     16.336311     32.672623
     -0.060000     17.483057     17.483057     34.966114
     -0.040000     18.952739     18.952739     37.905478
     -0.020000     20.540844     20.540844     41.081689
      0.000000     21.963646     21.963646     43.927293
      0.020000     22.917935     22.917935     45.835870
      0.040000     23.152628     23.152628     46.305256
      0.060000     22.531540     22.531540     45.063079
      0.080000     21.067375     21.067375     42.134750
      0.100000     18.915997     18.915997     37.831995
      0.120000     16.334211     16.334211     32.668423
      0.140000     13.617641     13.617641     27.235282
      0.160000     11.041472     11.041472     22.082944
      0.180000      8.822684      8.822684     17.645368
      0.200000      7.110006      7.110006     14.220011
      0.220000      5.993583      5.993583     11.987166
      0.240000      5.517718      5.517718     11.035437
      0.260000      5.681644      5.681644     11.363288
      0.280000      6.424580      6.424580     12.849160
      0.300000      7.606336      7.606336     15.212673
      0.320000      9.004283      9.004283     18.008566
      0.340000     10.343972     10.343972     20.687944
      0.360000     11.363164     11.363164     22.726327
      0.380000     11.886467     11.886467     23.772934
      0.400000     11.875077     11.875077     23.750153
      0.420000     11.424066     11.424066     22.848132
      0.440000     10.706259     10.706259     21.412519
      0.460000      9.891106      9.891106     19.782211
      0.480000      9.080188      9.080188     18.160376
      0.500000      8.289350      8.289350     16.578701
      0.520000      7.478946      7.478946     14.957893
      0.540000      6.607226      6.607226     13.214452
      0.560000      5.673347      5.673347     11.346695
      0.580000      4.728627      4.728627      9.457253
      0.600000      3.856585      3.856585      7.713169
      0.620000      3.139046      3.139046      6.278092
      0.640000      2.628471      2.628471      5.256942
      0.660000      2.337757      2.337757      4.675514
      0.680000      2.246577      2.246577      4.493155
      0.700000      2.315823      2.315823      4.631646
      0.720000      2.501338      2.501338      5.002677
      0.740000      2.762410      2.762410      5.524820
      0.760000      3.065171      3.065171      6.130343
      0.780000      3.383411      3.383411      6.766822
      0.800000      3.698913      3.698913      7.397825
      0.820000      4.001690      4.001690      8.003380
      0.840000      4.289170      4.289170      8.578341
      0.860000      4.563504      4.563504      9.127008
      0.880000      4.827641      4.827641      9.655283
      0.900000      5.082327      5.082327     10.164654
      0.920000      5.326331      5.326331     10.652662
      0.940000      5.560583      5.560583     11.121165
      0.960000      5.794138      5.794138     11.588277
      0.980000      6.047883      6.047883     12.095766
      1.000000      6.351941      6.351941     12.703882
      1.020000      6.735433      6.735433     13.470865
      1.040000      7.211328      7.211328     14.422657
      1.060000      7.762714      7.762714     15.525428
      1.080000      8.337477      8.337477     16.674954
      1.100000      8.855381      8.855381     17.710763
      1.120000      9.225939      9.225939     18.451879
      1.140000      9.370569      9.370569     18.741138
      1.160000      9.241095      9.241095     18.482190
      1.180000      8.829269      8.829269     17.658538
      1.200000      8.166381      8.166381     16.332762
      1.220000      7.315249      7.315249     14.630497
      1.240000      6.357702      6.357702     12.715404
      1.260000      5.380264      5.380264     10.760529
      1.280000      4.460693      4.460693      8.921386
      1.300000      3.658518      3.658518      7.317037
      1.320000      3.012234      3.012234      6.024468
      1.340000      2.543293      2.543293      5.086586
      1.360000      2.263561      2.263561      4.527121
      1.380000      2.180860      2.180860      4.361720
      1.400000      2.298551      2.298551      4.597102
      1.420000      2.609077      2.609077      5.218154
      1.440000      3.085480      3.085480      6.170959
      1.460000      3.676439      3.676439      7.352878
      1.480000      4.308816      4.308816      8.617631
      1.500000      4.898280      4.898280      9.796559
      1.520000      5.365293      5.365293     10.730587
      1.540000      5.651733      5.651733     11.303465
      1.560000      5.733093      5.733093     11.466186
      1.580000      5.622570      5.622570     11.245140
      1.600000      5.366040      5.366040     10.732080
      1.620000      5.030176      5.030176     10.060353
      1.640000      4.688082      4.688082      9.376164
      1.660000      4.406705      4.406705      8.813410
      1.680000      4.238298      4.238298      8.476596
      1.700000      4.215849      4.215849      8.431699
      1.720000      4.351295      4.351295      8.702591
      1.740000      4.635628      4.635628      9.271255
      1.760000      5.040891      5.040891     10.081782
      1.780000      5.524608      5.524608     11.049216
      1.800000      6.037029      6.037029     12.074058
      1.820000      6.530803      6.530803     13.061605
      1.840000      6.971263      6.971263     13.942526
      1.860000      7.343858      7.343858     14.687716
      1.880000      7.654597      7.654597     15.309194
      1.900000      7.921211      7.921211     15.842421
      1.920000      8.157367      8.157367     16.314734
      1.940000      8.357544      8.357544     16.715088
      1.960000      8.492022      8.492022     16.984044
      1.980000      8.517339      8.517339     17.034678
      2.000000      8.398740      8.398740     16.797481
      2.020000      8.133124      8.133124     16.266249
      2.040000      7.759323      7.759323     15.518646
      2.060000      7.348875      7.348875     14.697751
      2.080000      6.980866      6.980866     13.961732
      2.100000      6.712476      6.712476     13.424952
      2.120000      6.558221      6.558221     13.116442
      2.140000      6.485773      6.485773     12.971546
      2.160000      6.428594      6.428594     12.857188
      2.180000      6.309522      6.309522     12.619044
      2.200000      6.066853      6.066853     12.133705
      2.220000      5.675059      5.675059     11.350117
      2.240000      5.154919      5.154919     10.309839
      2.260000      4.571368      4.571368      9.142736
      2.280000      4.020935      4.020935      8.041869
      2.300000      3.612956      3.612956      7.225911
      2.320000      3.448885      3.448885      6.897770
      2.340000      3.602406      3.602406      7.204812
      2.360000      4.101607      4.101607      8.203214
      2.380000      4.915243      4.915243      9.830486
      2.400000      5.947868      5.947868     11.895736
      2.420000      7.050344      7.050344     14.100687
      2.440000      8.049206      8.049206     16.098413
      2.460000      8.789986      8.789986     17.579971
      2.480000      9.180159      9.180159     18.360318
      2.500000      9.213930      9.213930     18.427860
      2.520000      8.967706      8.967706     17.935411
      2.540000      8.569393      8.569393     17.138787
      2.560000      8.157897      8.157897     16.315795
      2.580000      7.852703      7.852703     15.705406
      2.600000      7.744625      7.744625     15.489249
      2.620000      7.903316      7.903316     15.806632
      2.640000      8.385193      8.385193     16.770385
      2.660000      9.225226      9.225226     18.450451
      2.680000     10.408450     10.408450     20.816900
      2.700000     11.834792     11.834792     23.669583
      2.720000     13.302460     13.302460     26.604920
      2.740000     14.531761     14.531761     29.063522
      2.760000     15.232272     15.232272     30.464544
      2.780000     15.191603     15.191603     30.383205
      2.800000     14.348239     14.348239     28.696478
      2.820000     12.814913     12.814913     25.629825
      2.840000     10.841486     10.841486     21.682973
      2.860000      8.734791      8.734791     17.469582
      2.880000      6.770917      6.770917     13.541834
      2.900000      5.134161      5.134161     10.268321
      2.920000      3.899338      3.899338      7.798675
      2.940000      3.052508      3.052508      6.105017
      2.960000      2.531056      2.531056      5.062112
      2.980000      2.262445      2.262445      4.524891
      3.000000      2.188675      2.188675      4.377350
      3.020000      2.273590      2.273590      4.547180
      3.040000      2.497382      2.497382      4.994763
      3.060000      2.845078      2.845078      5.690155
      3.080000      3.295217      3.295217      6.590434
      3.100000      3.813331      3.813331      7.626661
      3.120000      4.353153      4.353153      8.706305
      3.140000      4.865948      4.865948      9.731895
      3.160000      5.314487      5.314487     10.628973
      3.180000      5.684385      5.684385     11.368769
      3.200000      5.984787      5.984787     11.969573
      3.220000      6.235098      6.235098     12.470196
      3.240000      6.443209      6.443209     12.886418
      3.260000      6.588189      6.588189     13.176378
      3.280000      6.620666      6.620666     13.241332
      3.300000      6.485274      6.485274     12.970548
      3.320000      6.156202      6.156202     12.312404
      3.340000      5.667349      5.667349     11.334698
      3.360000      5.119014      5.119014     10.238029
      3.380000      4.653413      4.653413      9.306825
      3.400000      4.405910      4.405910      8.811820
      3.420000      4.450692      4.450692      8.901384
      3.440000      4.763685      4.763685      9.527370
      3.460000      5.220389      5.220389     10.440778
      3.480000      5.633104      5.633104     11.266209
      3.500000      5.815195      5.815195     11.630390
      3.520000      5.646823      5.646823     11.293647
      3.540000      5.114728      5.114728     10.229455
      3.560000      4.310653      4.310653      8.621306
      3.580000      3.393035      3.393035      6.786069
      3.600000      2.532765      2.532765      5.065530
      3.620000      1.867071      1.867071      3.734142
      3.640000      1.475637      1.475637      2.951273
      3.660000      1.378640      1.378640      2.757280
      3.680000      1.547204      1.547204      3.094407
      3.700000      1.916889      1.916889      3.833779
      3.720000      2.400925      2.400925      4.801850
      3.740000      2.904961      2.904961      5.809922
      3.760000      3.345049      3.345049      6.690098
      3.780000      3.666113      3.666113      7.332225
      3.800000      3.854179      3.854179      7.708357
      3.820000      3.936299      3.936299      7.872597
      3.840000      3.967661      3.967661      7.935323
      3.860000      4.012095      4.012095      8.024191
      3.880000      4.125133      4.125133      8.250265
      3.900000      4.345786      4.345786      8.691571
      3.920000      4.696243      4.696243      9.392487
      3.940000      5.182757      5.182757     10.365513
      3.960000      5.790730      5.790730     11.581461
      3.980000      6.473483      6.473483     12.946966
      4.000000      7.143138      7.143138     14.286276
      4.020000      7.676425      7.676425     15.352849
      4.040000      7.942523      7.942523     15.885045
      4.060000      7.846324      7.846324     15.692647
      4.080000      7.367833      7.367833     14.735667
      4.100000      6.576993      6.576993     13.153986
      4.120000      5.615474      5.615474     11.230948
      4.140000      4.655052      4.655052      9.310105
      4.160000      3.853502      3.853502      7.707003
      4.180000      3.326360      3.326360      6.652720
      4.200000      3.139623      3.139623      6.279245
      4.220000      3.314657      3.314657      6.629314
      4.240000      3.831755      3.831755      7.663509
      4.260000      4.625126      4.625126      9.250253
      4.280000      5.574441      5.574441     11.148881
      4.300000      6.507053      6.507053     13.014106
      4.320000      7.223455      7.223455     14.446911
      4.340000      7.545627      7.545627     15.091254
      4.360000      7.371479      7.371479     14.742959
      4.380000      6.710013      6.710013     13.420027
      4.400000      5.678483      5.678483     11.356966
      4.420000      4.461649      4.461649      8.923297
      4.440000      3.252162      3.252162      6.504324
      4.460000      2.198373      2.198373      4.396747
      4.480000      1.378252      1.378252      2.756504
      4.500000      0.802552      0.802552      1.605104
      4.520000      0.437252      0.437252      0.874504
      4.540000      0.231003      0.231003      0.462007
      4.560000      0.137025      0.137025      0.274050
      4.580000      0.125588      0.125588      0.251175
      4.600000      0.188224      0.188224      0.376448
      4.620000      0.336270      0.336270      0.672541
      4.640000      0.595376      0.595376      1.190752
      4.660000      0.996318      0.996318      1.992636
      4.680000      1.562571      1.562571      3.125141
      4.700000      2.296998      2.296998      4.593996
      4.720000      3.172649      3.172649      6.345297
      4.740000      4.133718      4.133718      8.267436
      4.760000      5.110268      5.110268     10.220535
      4.780000      6.043873      6.043873     12.087746
      4.800000      6.913535      6.913535     13.827069
      4.820000      7.746720      7.746720     15.493439
      4.840000      8.603982      8.603982     17.207964
      4.860000      9.538034      9.538034     19.076067
      4.880000     10.544229     10.544229     21.088459
      4.900000     11.529477     11.529477     23.058953
      4.920000     12.322078     12.322078     24.644156
      4.940000     12.725447     12.725447     25.450895
      4.960000     12.593915     12.593915     25.187830
      4.980000     11.894349     11.894349     23.788698
      5.000000     10.723335     10.723335     21.446670
      5.020000      9.273295      9.273295     18.546589
      5.040000      7.767334      7.767334     15.534669
      5.060000      6.395636      6.395636     12.791271
      5.080000      5.279660      5.279660     10.559319
      5.100000      4.471378      4.471378      8.942756
      5.120000      3.976384      3.976384      7.952767
      5.140000      3.781583      3.781583      7.563167
      5.160000      3.871273      3.871273      7.742546
      5.180000      4.224911      4.224911      8.449823
      5.200000      4.800401      4.800401      9.600802
      5.220000      5.514608      5.514608     11.029217
      5.240000      6.235996      6.235996     12.471992
      5.260000      6.800508      6.800508     13.601016
      5.280000      7.051051      7.051051     14.102102
      5.300000      6.887145      6.887145     13.774290
      5.320000      6.302634      6.302634     12.605268
      5.340000      5.392613      5.392613     10.785225
      5.360000      4.325479      4.325479      8.650958
      5.380000      3.293341      3.293341      6.586683
      5.400000      2.462915      2.462915      4.925830
      5.420000      1.944712      1.944712      3.889424
      5.440000      1.785444      1.785444      3.570888
      5.460000      1.976833      1.976833      3.953665
      5.480000      2.470267      2.470267      4.940534
      5.500000      3.190858      3.190858      6.381716
      5.520000      4.050700      4.050700      8.101399
      5.540000      4.963833      4.963833      9.927666
      5.560000      5.862573      5.862573     11.725146
      5.580000      6.709561      6.709561     13.419122
      5.600000      7.497503      7.497503     14.995005
      5.620000      8.232913      8.232913     16.465826
      5.640000      8.910063      8.910063     17.820127
      5.660000      9.490165      9.490165     18.980329
      5.680000      9.901015      9.901015     19.802030
      5.700000     10.061448     10.061448     20.122896
      5.720000      9.919203      9.919203     19.838406
      5.740000      9.481270      9.481270     18.962540
      5.760000      8.819532      8.819532     17.639063
      5.780000      8.048995      8.048995     16.097990
      5.800000      7.290773      7.290773     14.581546
      5.820000      6.637972      6.637972     13.275943
      5.840000      6.137741      6.137741     12.275482
      5.860000      5.792418      5.792418     11.584835
      5.880000      5.573913      5.573913     11.147826
      5.900000      5.442039      5.442039     10.884077
      5.920000      5.359053      5.359053     10.718107
      5.940000      5.296922      5.296922     10.593844
      5.960000      5.238173      5.238173     10.476345
      5.980000      5.173886      5.173886     10.347772
      6.000000      5.102141      5.102141     10.204283
      6.020000      5.027693      5.027693     10.055386
      6.040000      4.961080      4.961080      9.922159
      6.060000      4.915379      4.915379      9.830759
      6.080000      4.901748      4.901748      9.803496
      6.100000      4.927841      4.927841      9.855682
      6.120000      5.002447      5.002447     10.004894
      6.140000      5.144463      5.144463     10.288926
      6.160000      5.388545      5.388545     10.777090
      6.180000      5.778861      5.778861     11.557723
      6.200000      6.348873      6.348873     12.697747
      6.220000      7.095477      7.095477     14.190954
      6.240000      7.962992      7.962992     15.925985
      6.260000      8.850105      8.850105     17.700210
      6.280000      9.640840      9.640840     19.281681
      6.300000     10.245796     10.245796     20.491592
      6.320000     10.632095     10.632095     21.264190
      6.340000     10.825794     10.825794     21.651588
      6.360000     10.885808     10.885808     21.771617
      6.380000     10.863933     10.863933     21.727867
      6.400000     10.771810     10.771810     21.543619
      6.420000     10.570462     10.570462     21.140924
      6.440000     10.186258     10.186258     20.372516
      6.460000      9.545502      9.545502     19.091003
      6.480000      8.612679      8.612679     17.225358
      6.500000      7.416040      7.416040     14.832081
      6.520000      6.049253      6.049253     12.098506
      6.540000      4.648207      4.648207      9.296414
      6.560000      3.353614      3.353614      6.707227
      6.580000      2.276639      2.276639      4.553278
      6.600000      1.482415      1.482415      2.964830
      6.620000      0.996347      0.996347      1.992695
      6.640000      0.826580      0.826580      1.653160
      6.660000      0.988478      0.988478      1.976955
      6.680000      1.515980      1.515980      3.031959
      6.700000      2.449676      2.449676      4.899351
      6.720000      3.801235      3.801235      7.602471
      6.740000      5.506601      5.506601     11.013203
      6.760000      7.391690      7.391690     14.783380
      6.780000      9.176730      9.176730     18.353460
      6.800000     10.532507     10.532507     21.065013
      6.820000     11.175891     11.175891     22.351783
      6.840000     10.966752     10.966752     21.933503
      6.860000      9.961178      9.961178     19.922356
      6.880000      8.394853      8.394853     16.789706
      6.900000      6.605208      6.605208     13.210417
      6.920000      4.929842      4.929842      9.859684
      6.940000      3.624273      3.624273      7.248545
      6.960000      2.824263      2.824263      5.648526
      6.980000      2.551767      2.551767      5.103535
      7.000000      2.746101      2.746101      5.492202
      7.020000      3.300052      3.300052      6.600105
      7.040000      4.089360      4.089360      8.178721
      7.060000      4.993323      4.993323      9.986645
      7.080000      5.908239      5.908239     11.816477
      7.100000      6.754463      6.754463     13.508926
      7.120000      7.476547      7.476547     14.953094
      7.140000      8.037492      8.037492     16.074984
      7.160000      8.411655      8.411655     16.823310
      7.180000      8.582449      8.582449     17.164898
      7.200000      8.547799      8.547799     17.095598
      7.220000      8.329795      8.329795     16.659590
      7.240000      7.980256      7.980256     15.960512
      7.260000      7.575487      7.575487     15.150973
      7.280000      7.200694      7.200694     14.401389
      7.300000      6.931414      6.931414     13.862827
      7.320000      6.820013      6.820013     13.640026
      7.340000      6.889543      6.889543     13.779086
      7.360000      7.130756      7.130756     14.261511
      7.380000      7.497774      7.497774     14.995547
      7.400000      7.904400      7.904400     15.808800
      7.420000      8.230108      8.230108     16.460217
      7.440000      8.344167      8.344167     16.688334
      7.460000      8.145895      8.145895     16.291790
      7.480000      7.605434      7.605434     15.210869
      7.500000      6.783540      6.783540     13.567080
      7.520000      5.816923      5.816923     11.633847
      7.540000      4.873579      4.873579      9.747157
      7.560000      4.098607      4.098607      8.197215
      7.580000      3.575051      3.575051      7.150101
      7.600000      3.314476      3.314476      6.628952
      7.620000      3.275932      3.275932      6.551864
      7.640000      3.399364      3.399364      6.798728
      7.660000      3.636389      3.636389      7.272778
      7.680000      3.966441      3.966441      7.932882
      7.700000      4.394632      4.394632      8.789265
      7.720000      4.934639      4.934639      9.869278
      7.740000      5.584044      5.584044     11.168089
      7.760000      6.301708      6.301708     12.603415
      7.780000      6.997551      6.997551     13.995103
      7.800000      7.543351      7.543351     15.086702
      7.820000      7.806562      7.806562     15.613123
      7.840000      7.698482      7.698482     15.396964
      7.860000      7.218126      7.218126     14.436251
      7.880000      6.471045      6.471045     12.942090
      7.900000      5.651362      5.651362     11.302724
      7.920000      4.991451      4.991451      9.982901
      7.940000      4.698013      4.698013      9.396027
      7.960000      4.898174      4.898174      9.796349
      7.980000      5.613110      5.613110     11.226220
      8.000000      6.763978      6.763978     13.527956
      8.020000      8.201739      8.201739     16.403478
      8.040000      9.744451      9.744451     19.488903
      8.060000     11.206326     11.206326     22.412651
      8.080000     12.412185     12.412185     24.824371
      8.100000     13.203712     13.203712     26.407423
      8.120000     13.450803     13.450803     26.901607
      8.140000     13.076179     13.076179     26.152359
      8.160000     12.086844     12.086844     24.173688
      8.180000     10.593691     10.593691     21.187382
      8.200000      8.801254      8.801254     17.602507
      8.220000      6.964177      6.964177     13.928354
      8.240000      5.325283      5.325283     10.650566
      8.260000      4.059519      4.059519      8.119038
      8.280000      3.243599      3.243599      6.487197
      8.300000      2.857580      2.857580      5.715159
      8.320000      2.811299      2.811299      5.622599
      8.340000      2.981826      2.981826      5.963651
      8.360000      3.248499      3.248499      6.496998
      8.380000      3.516650      3.516650      7.033300
      8.400000      3.726600      3.726600      7.453201
      8.420000      3.849640      3.849640      7.699279
      8.440000      3.876610      3.876610      7.753220
      8.460000      3.806685      3.806685      7.613369
      8.480000      3.642787      3.642787      7.285574
      8.500000      3.395957      3.395957      6.791914
      8.520000      3.095479      3.095479      6.190957
      8.540000      2.797564      2.797564      5.595127
      8.560000      2.584944      2.584944      5.169888
      8.580000      2.553226      2.553226      5.106452
      8.600000      2.785807      2.785807      5.571615
      8.620000      3.325222      3.325222      6.650444
      8.640000      4.152447      4.152447      8.304894
      8.660000      5.184735      5.184735     10.369469
      8.680000      6.295854      6.295854     12.591707
      8.700000      7.352344      7.352344     14.704687
      8.720000      8.251046      8.251046     16.502092
      8.740000      8.942885      8.942885     17.885770
      8.760000      9.436524      9.436524     18.873049
      8.780000      9.786552      9.786552     19.573104
      8.800000     10.075274     10.075274     20.150548
      8.820000     10.392517     10.392517     20.785034
      8.840000     10.811410     10.811410     21.622821
      8.860000     11.359730     11.359730     22.719460
      8.880000     11.996975     11.996975     23.993950
      8.900000     12.615841     12.615841     25.231682
      8.920000     13.080326     13.080326     26.160653
      8.940000     13.290743     13.290743     26.581487
      8.960000     13.243491     13.243491     26.486982
      8.980000     13.049551     13.049551     26.099102
      9.000000     12.896522     12.896522     25.793045
      9.020000     12.971593     12.971593     25.943186
      9.040000     13.384821     13.384821     26.769642
      9.060000     14.129222     14.129222     28.258444
      9.080000     15.090623     15.090623     30.181247
      9.100000     16.093612     16.093612     32.187223
      9.120000     16.956854     16.956854     33.913709
      9.140000     17.535674     17.535674     35.071348
      9.160000     17.743621     17.743621     35.487242
      9.180000     17.556303     17.556303     35.112606
      9.200000     17.004289     17.004289     34.008577
      9.220000     16.159895     16.159895     32.319789
      9.240000     15.120454     15.120454     30.240907
      9.260000     13.990653     13.990653     27.981307
      9.280000     12.867318     12.867318     25.734636
      9.300000     11.829174     11.829174     23.658347
      9.320000     10.931777     10.931777     21.863553
      9.340000     10.205941     10.205941     20.411881
      9.360000      9.658169      9.658169     19.316338
      9.380000      9.273199      9.273199     18.546399
      9.400000      9.019885      9.019885     18.039770
      9.420000      8.861087      8.861087     17.722174
      9.440000      8.766197      8.766197     17.532394
      9.460000      8.722510      8.722510     17.445021
      9.480000      8.740312      8.740312     17.480624
      9.500000      8.847516      8.847516     17.695033
      9.520000      9.073616      9.073616     18.147233
      9.540000      9.428391      9.428391     18.856782
      9.560000      9.885279      9.885279     19.770558
      9.580000     10.379149     10.379149     20.758298
      9.600000     10.822224     10.822224     21.644447
      9.620000     11.132918     11.132918     22.265835
      9.640000     11.265318     11.265318     22.530636
      9.660000     11.226170     11.226170     22.452340
      9.680000     11.072079     11.072079     22.144158
      9.700000     10.889021     10.889021     21.778042
      9.720000     10.764323     10.764323     21.528646
      9.740000     10.763905     10.763905     21.527810
      9.760000     10.923261     10.923261     21.846523
      9.780000     11.251625     11.251625     22.503249
      9.800000     11.740410     11.740410     23.480821
      9.820000     12.365381     12.365381     24.730762
      9.840000     13.079035     13.079035     26.158071
      9.860000     13.801084     13.801084     27.602169
      9.880000     14.421369     14.421369     28.842737
      9.900000     14.824457     14.824457     29.648915
      9.920000     14.930152     14.930152     29.860305
      9.940000     14.729724     14.729724     29.459449
      9.960000     14.295474     14.295474     28.590948
      9.980000     13.754345     13.754345     27.508690
     10.000000     13.236695     13.236695     26.473390
