# EIG2DOS: Utility for SIESTA to obtain the electronic density of states
#  E. Artacho, Apr 1999, A. Garcia, Apr 2012
# ------------------------------------------
# Eigenvalues read from GRP_doping.EIG
# Using smearing parameter:   0.100
# Using   1001 points in energy range
# Selected bands: 1 to: 936
# Emin, emax in file for selected band(s):    -37.9965600    260.2217500
# Nbands, Nspin, Nk   =    936     1   231
# E_F                 =    -4.8673 eV --> (shifted to ZERO)
# Broadening          =     0.1000 eV
#
#        E            N(up)  (=)   N(down)         Ntot
    -10.000000      4.987922      4.987922      9.975843
     -9.980000      4.882138      4.882138      9.764276
     -9.960000      4.579009      4.579009      9.158018
     -9.940000      4.099683      4.099683      8.199367
     -9.920000      3.501456      3.501456      7.002913
     -9.900000      2.864787      2.864787      5.729573
     -9.880000      2.280556      2.280556      4.561112
     -9.860000      1.839216      1.839216      3.678432
     -9.840000      1.621088      1.621088      3.242175
     -9.820000      1.685556      1.685556      3.371112
     -9.800000      2.057115      2.057115      4.114229
     -9.780000      2.709367      2.709367      5.418733
     -9.760000      3.553582      3.553582      7.107165
     -9.740000      4.442622      4.442622      8.885243
     -9.720000      5.198832      5.198832     10.397665
     -9.700000      5.663997      5.663997     11.327994
     -9.680000      5.755234      5.755234     11.510468
     -9.660000      5.502430      5.502430     11.004861
     -9.640000      5.047515      5.047515     10.095029
     -9.620000      4.602340      4.602340      9.204679
     -9.600000      4.380726      4.380726      8.761451
     -9.580000      4.530923      4.530923      9.061847
     -9.560000      5.092885      5.092885     10.185769
     -9.540000      5.993138      5.993138     11.986277
     -9.520000      7.075138      7.075138     14.150275
     -9.500000      8.150719      8.150719     16.301439
     -9.480000      9.053060      9.053060     18.106120
     -9.460000      9.674909      9.674909     19.349818
     -9.440000      9.985596      9.985596     19.971192
     -9.420000     10.029960     10.029960     20.059921
     -9.400000      9.915567      9.915567     19.831135
     -9.380000      9.790793      9.790793     19.581585
     -9.360000      9.811855      9.811855     19.623709
     -9.340000     10.099031     10.099031     20.198061
     -9.320000     10.691899     10.691899     21.383797
     -9.300000     11.522849     11.522849     23.045697
     -9.280000     12.427247     12.427247     24.854494
     -9.260000     13.193963     13.193963     26.387926
     -9.240000     13.638514     13.638514     27.277028
     -9.220000     13.666539     13.666539     27.333078
     -9.200000     13.298360     13.298360     26.596720
     -9.180000     12.645408     12.645408     25.290816
     -9.160000     11.853925     11.853925     23.707849
     -9.140000     11.045431     11.045431     22.090863
     -9.120000     10.279915     10.279915     20.559830
     -9.100000      9.551819      9.551819     19.103638
     -9.080000      8.812428      8.812428     17.624856
     -9.060000      8.003787      8.003787     16.007575
     -9.040000      7.089776      7.089776     14.179551
     -9.020000      6.075116      6.075116     12.150232
     -9.000000      5.008942      5.008942     10.017885
     -8.980000      3.974415      3.974415      7.948830
     -8.960000      3.069547      3.069547      6.139094
     -8.940000      2.386071      2.386071      4.772141
     -8.920000      1.992157      1.992157      3.984314
     -8.900000      1.921642      1.921642      3.843285
     -8.880000      2.169269      2.169269      4.338538
     -8.860000      2.690397      2.690397      5.380795
     -8.840000      3.404785      3.404785      6.809571
     -8.820000      4.205632      4.205632      8.411263
     -8.800000      4.974911      4.974911      9.949823
     -8.780000      5.603632      5.603632     11.207264
     -8.760000      6.012434      6.012434     12.024868
     -8.740000      6.166342      6.166342     12.332685
     -8.720000      6.078814      6.078814     12.157628
     -8.700000      5.803990      5.803990     11.607980
     -8.680000      5.420214      5.420214     10.840428
     -8.660000      5.010166      5.010166     10.020332
     -8.640000      4.642678      4.642678      9.285356
     -8.620000      4.359412      4.359412      8.718824
     -8.600000      4.167946      4.167946      8.335892
     -8.580000      4.042312      4.042312      8.084624
     -8.560000      3.931825      3.931825      7.863651
     -8.540000      3.777693      3.777693      7.555387
     -8.520000      3.533897      3.533897      7.067794
     -8.500000      3.185885      3.185885      6.371771
     -8.480000      2.760111      2.760111      5.520221
     -8.460000      2.320538      2.320538      4.641076
     -8.440000      1.953392      1.953392      3.906783
     -8.420000      1.745591      1.745591      3.491182
     -8.400000      1.763471      1.763471      3.526941
     -8.380000      2.036970      2.036970      4.073940
     -8.360000      2.552494      2.552494      5.104988
     -8.340000      3.256280      3.256280      6.512561
     -8.320000      4.068522      4.068522      8.137044
     -8.300000      4.905301      4.905301      9.810601
     -8.280000      5.701143      5.701143     11.402287
     -8.260000      6.422866      6.422866     12.845732
     -8.240000      7.068415      7.068415     14.136830
     -8.220000      7.652201      7.652201     15.304403
     -8.200000      8.186021      8.186021     16.372041
     -8.180000      8.666304      8.666304     17.332609
     -8.160000      9.072640      9.072640     18.145280
     -8.140000      9.373971      9.373971     18.747942
     -8.120000      9.534964      9.534964     19.069928
     -8.100000      9.518962      9.518962     19.037924
     -8.080000      9.291462      9.291462     18.582925
     -8.060000      8.830975      8.830975     17.661949
     -8.040000      8.148135      8.148135     16.296270
     -8.020000      7.303465      7.303465     14.606930
     -8.000000      6.408970      6.408970     12.817940
     -7.980000      5.605026      5.605026     11.210053
     -7.960000      5.018419      5.018419     10.036838
     -7.940000      4.719686      4.719686      9.439373
     -7.920000      4.699629      4.699629      9.399259
     -7.900000      4.875421      4.875421      9.750841
     -7.880000      5.123003      5.123003     10.246005
     -7.860000      5.322234      5.322234     10.644467
     -7.840000      5.398099      5.398099     10.796197
     -7.820000      5.344206      5.344206     10.688413
     -7.800000      5.221026      5.221026     10.442051
     -7.780000      5.129130      5.129130     10.258260
     -7.760000      5.166252      5.166252     10.332503
     -7.740000      5.384161      5.384161     10.768323
     -7.720000      5.763501      5.763501     11.527001
     -7.700000      6.218529      6.218529     12.437058
     -7.680000      6.630329      6.630329     13.260659
     -7.660000      6.892866      6.892866     13.785732
     -7.640000      6.949967      6.949967     13.899934
     -7.620000      6.807228      6.807228     13.614456
     -7.600000      6.517282      6.517282     13.034563
     -7.580000      6.150460      6.150460     12.300920
     -7.560000      5.767394      5.767394     11.534788
     -7.540000      5.404671      5.404671     10.809341
     -7.520000      5.075157      5.075157     10.150315
     -7.500000      4.777897      4.777897      9.555793
     -7.480000      4.511037      4.511037      9.022074
     -7.460000      4.282762      4.282762      8.565524
     -7.440000      4.116590      4.116590      8.233180
     -7.420000      4.048367      4.048367      8.096735
     -7.400000      4.114573      4.114573      8.229146
     -7.380000      4.335896      4.335896      8.671791
     -7.360000      4.704059      4.704059      9.408119
     -7.340000      5.179903      5.179903     10.359807
     -7.320000      5.705175      5.705175     11.410349
     -7.300000      6.222155      6.222155     12.444310
     -7.280000      6.689549      6.689549     13.379097
     -7.260000      7.084568      7.084568     14.169135
     -7.240000      7.389903      7.389903     14.779806
     -7.220000      7.575184      7.575184     15.150368
     -7.200000      7.588085      7.588085     15.176170
     -7.180000      7.365492      7.365492     14.730985
     -7.160000      6.862081      6.862081     13.724163
     -7.140000      6.080783      6.080783     12.161566
     -7.120000      5.086377      5.086377     10.172754
     -7.100000      3.992701      3.992701      7.985401
     -7.080000      2.929419      2.929419      5.858838
     -7.060000      2.005346      2.005346      4.010693
     -7.040000      1.285409      1.285409      2.570817
     -7.020000      0.789077      0.789077      1.578154
     -7.000000      0.506920      0.506920      1.013840
     -6.980000      0.425233      0.425233      0.850467
     -6.960000      0.548145      0.548145      1.096289
     -6.940000      0.909431      0.909431      1.818863
     -6.920000      1.569550      1.569550      3.139099
     -6.900000      2.596317      2.596317      5.192633
     -6.880000      4.031828      4.031828      8.063655
     -6.860000      5.854364      5.854364     11.708727
     -6.840000      7.950117      7.950117     15.900233
     -6.820000     10.110653     10.110653     20.221307
     -6.800000     12.064416     12.064416     24.128832
     -6.780000     13.535863     13.535863     27.071725
     -6.760000     14.311976     14.311976     28.623952
     -6.740000     14.291733     14.291733     28.583465
     -6.720000     13.502612     13.502612     27.005224
     -6.700000     12.083477     12.083477     24.166955
     -6.680000     10.245340     10.245340     20.490680
     -6.660000      8.224953      8.224953     16.449906
     -6.640000      6.242623      6.242623     12.485247
     -6.620000      4.470690      4.470690      8.941380
     -6.600000      3.016139      3.016139      6.032277
     -6.580000      1.918964      1.918964      3.837927
     -6.560000      1.165043      1.165043      2.330086
     -6.540000      0.708400      0.708400      1.416799
     -6.520000      0.494942      0.494942      0.989884
     -6.500000      0.479996      0.479996      0.959993
     -6.480000      0.635095      0.635095      1.270190
     -6.460000      0.943921      0.943921      1.887843
     -6.440000      1.391307      1.391307      2.782614
     -6.420000      1.951514      1.951514      3.903028
     -6.400000      2.582047      2.582047      5.164094
     -6.380000      3.226608      3.226608      6.453217
     -6.360000      3.826349      3.826349      7.652698
     -6.340000      4.334293      4.334293      8.668587
     -6.320000      4.726297      4.726297      9.452593
     -6.300000      5.004165      5.004165     10.008330
     -6.280000      5.191234      5.191234     10.382467
     -6.260000      5.324627      5.324627     10.649255
     -6.240000      5.449016      5.449016     10.898032
     -6.220000      5.613693      5.613693     11.227387
     -6.200000      5.870413      5.870413     11.740825
     -6.180000      6.266815      6.266815     12.533631
     -6.160000      6.831946      6.831946     13.663892
     -6.140000      7.556414      7.556414     15.112828
     -6.120000      8.377247      8.377247     16.754493
     -6.100000      9.180811      9.180811     18.361622
     -6.080000      9.831497      9.831497     19.662994
     -6.060000     10.219524     10.219524     20.439049
     -6.040000     10.306397     10.306397     20.612793
     -6.020000     10.142791     10.142791     20.285583
     -6.000000      9.846986      9.846986     19.693972
     -5.980000      9.555412      9.555412     19.110824
     -5.960000      9.374049      9.374049     18.748099
     -5.940000      9.356613      9.356613     18.713225
     -5.920000      9.514312      9.514312     19.028623
     -5.900000      9.838916      9.838916     19.677832
     -5.880000     10.314168     10.314168     20.628336
     -5.860000     10.905191     10.905191     21.810382
     -5.840000     11.538802     11.538802     23.077603
     -5.820000     12.099827     12.099827     24.199653
     -5.800000     12.458903     12.458903     24.917807
     -5.780000     12.522687     12.522687     25.045374
     -5.760000     12.277072     12.277072     24.554145
     -5.740000     11.794603     11.794603     23.589205
     -5.720000     11.199447     11.199447     22.398894
     -5.700000     10.611144     10.611144     21.222289
     -5.680000     10.101012     10.101012     20.202024
     -5.660000      9.683805      9.683805     19.367609
     -5.640000      9.341583      9.341583     18.683166
     -5.620000      9.056737      9.056737     18.113474
     -5.600000      8.830257      8.830257     17.660513
     -5.580000      8.677007      8.677007     17.354015
     -5.560000      8.607459      8.607459     17.214918
     -5.540000      8.612229      8.612229     17.224458
     -5.520000      8.659990      8.659990     17.319980
     -5.500000      8.708429      8.708429     17.416859
     -5.480000      8.720538      8.720538     17.441076
     -5.460000      8.677559      8.677559     17.355117
     -5.440000      8.582984      8.582984     17.165968
     -5.420000      8.455881      8.455881     16.911761
     -5.400000      8.315514      8.315514     16.631029
     -5.380000      8.163193      8.163193     16.326387
     -5.360000      7.970544      7.970544     15.941089
     -5.340000      7.683180      7.683180     15.366359
     -5.320000      7.242795      7.242795     14.485591
     -5.300000      6.621081      6.621081     13.242163
     -5.280000      5.851224      5.851224     11.702448
     -5.260000      5.042580      5.042580     10.085161
     -5.240000      4.371326      4.371326      8.742652
     -5.220000      4.049124      4.049124      8.098248
     -5.200000      4.277155      4.277155      8.554310
     -5.180000      5.193307      5.193307     10.386614
     -5.160000      6.820504      6.820504     13.641008
     -5.140000      9.028449      9.028449     18.056897
     -5.120000     11.527321     11.527321     23.054642
     -5.100000     13.911481     13.911481     27.822962
     -5.080000     15.756188     15.756188     31.512375
     -5.060000     16.743471     16.743471     33.486942
     -5.040000     16.769715     16.769715     33.539431
     -5.020000     15.985446     15.985446     31.970893
     -5.000000     14.744119     14.744119     29.488238
     -4.980000     13.479316     13.479316     26.958633
     -4.960000     12.564101     12.564101     25.128203
     -4.940000     12.211871     12.211871     24.423741
     -4.920000     12.452536     12.452536     24.905073
     -4.900000     13.177833     13.177833     26.355666
     -4.880000     14.218737     14.218737     28.437474
     -4.860000     15.411592     15.411592     30.823184
     -4.840000     16.626450     16.626450     33.252899
     -4.820000     17.757861     17.757861     35.515722
     -4.800000     18.699350     18.699350     37.398701
     -4.780000     19.328895     19.328895     38.657790
     -4.760000     19.523023     19.523023     39.046046
     -4.740000     19.197289     19.197289     38.394577
     -4.720000     18.351177     18.351177     36.702354
     -4.700000     17.087804     17.087804     34.175608
     -4.680000     15.590268     15.590268     31.180536
     -4.660000     14.062046     14.062046     28.124091
     -4.640000     12.661583     12.661583     25.323165
     -4.620000     11.464367     11.464367     22.928734
     -4.600000     10.466705     10.466705     20.933410
     -4.580000      9.619108      9.619108     19.238217
     -4.560000      8.863216      8.863216     17.726431
     -4.540000      8.152597      8.152597     16.305194
     -4.520000      7.455731      7.455731     14.911461
     -4.500000      6.753231      6.753231     13.506462
     -4.480000      6.041822      6.041822     12.083643
     -4.460000      5.347590      5.347590     10.695180
     -4.440000      4.740288      4.740288      9.480576
     -4.420000      4.336450      4.336450      8.672899
     -4.400000      4.283071      4.283071      8.566142
     -4.380000      4.721968      4.721968      9.443937
     -4.360000      5.743471      5.743471     11.486942
     -4.340000      7.344050      7.344050     14.688101
     -4.320000      9.404396      9.404396     18.808792
     -4.300000     11.700842     11.700842     23.401684
     -4.280000     13.952979     13.952979     27.905957
     -4.260000     15.895364     15.895364     31.790729
     -4.240000     17.347435     17.347435     34.694870
     -4.220000     18.251605     18.251605     36.503211
     -4.200000     18.661095     18.661095     37.322190
     -4.180000     18.683341     18.683341     37.366682
     -4.160000     18.409227     18.409227     36.818455
     -4.140000     17.866957     17.866957     35.733913
     -4.120000     17.024805     17.024805     34.049610
     -4.100000     15.837351     15.837351     31.674703
     -4.080000     14.304198     14.304198     28.608397
     -4.060000     12.505144     12.505144     25.010289
     -4.040000     10.592844     10.592844     21.185688
     -4.020000      8.749912      8.749912     17.499825
     -4.000000      7.134968      7.134968     14.269935
     -3.980000      5.842721      5.842721     11.685442
     -3.960000      4.890848      4.890848      9.781697
     -3.940000      4.231677      4.231677      8.463353
     -3.920000      3.778137      3.778137      7.556275
     -3.900000      3.432734      3.432734      6.865467
     -3.880000      3.111902      3.111902      6.223803
     -3.860000      2.762049      2.762049      5.524099
     -3.840000      2.366010      2.366010      4.732019
     -3.820000      1.940372      1.940372      3.880744
     -3.800000      1.526093      1.526093      3.052186
     -3.780000      1.176527      1.176527      2.353055
     -3.760000      0.947205      0.947205      1.894409
     -3.740000      0.889399      0.889399      1.778799
     -3.720000      1.046012      1.046012      2.092025
     -3.700000      1.446011      1.446011      2.892023
     -3.680000      2.095134      2.095134      4.190267
     -3.660000      2.965487      2.965487      5.930973
     -3.640000      3.991811      3.991811      7.983623
     -3.620000      5.082496      5.082496     10.164992
     -3.600000      6.146245      6.146245     12.292490
     -3.580000      7.123565      7.123565     14.247129
     -3.560000      8.004247      8.004247     16.008493
     -3.540000      8.816073      8.816073     17.632147
     -3.520000      9.586631      9.586631     19.173262
     -3.500000     10.299458     10.299458     20.598917
     -3.480000     10.873370     10.873370     21.746739
     -3.460000     11.182098     11.182098     22.364197
     -3.440000     11.107074     11.107074     22.214148
     -3.420000     10.595738     10.595738     21.191476
     -3.400000      9.695015      9.695015     19.390029
     -3.380000      8.544754      8.544754     17.089508
     -3.360000      7.337269      7.337269     14.674538
     -3.340000      6.262867      6.262867     12.525734
     -3.320000      5.462148      5.462148     10.924297
     -3.300000      4.997987      4.997987      9.995974
     -3.280000      4.850781      4.850781      9.701562
     -3.260000      4.934233      4.934233      9.868467
     -3.240000      5.125520      5.125520     10.251039
     -3.220000      5.301748      5.301748     10.603497
     -3.200000      5.373550      5.373550     10.747100
     -3.180000      5.307057      5.307057     10.614114
     -3.160000      5.128281      5.128281     10.256561
     -3.140000      4.908742      4.908742      9.817485
     -3.120000      4.737072      4.737072      9.474144
     -3.100000      4.686136      4.686136      9.372271
     -3.080000      4.787150      4.787150      9.574300
     -3.060000      5.020095      5.020095     10.040190
     -3.040000      5.324061      5.324061     10.648121
     -3.020000      5.623677      5.623677     11.247354
     -3.000000      5.860906      5.860906     11.721813
     -2.980000      6.017910      6.017910     12.035820
     -2.960000      6.118992      6.118992     12.237984
     -2.940000      6.208699      6.208699     12.417398
     -2.920000      6.316074      6.316074     12.632148
     -2.900000      6.424821      6.424821     12.849642
     -2.880000      6.468325      6.468325     12.936651
     -2.860000      6.355502      6.355502     12.711005
     -2.840000      6.015310      6.015310     12.030620
     -2.820000      5.436131      5.436131     10.872262
     -2.800000      4.678886      4.678886      9.357773
     -2.780000      3.857713      3.857713      7.715426
     -2.760000      3.099309      3.099309      6.198619
     -2.740000      2.501233      2.501233      5.002466
     -2.720000      2.106700      2.106700      4.213399
     -2.700000      1.902770      1.902770      3.805540
     -2.680000      1.837483      1.837483      3.674967
     -2.660000      1.845150      1.845150      3.690300
     -2.640000      1.868981      1.868981      3.737962
     -2.620000      1.874561      1.874561      3.749123
     -2.600000      1.853254      1.853254      3.706508
     -2.580000      1.818769      1.818769      3.637538
     -2.560000      1.801516      1.801516      3.603032
     -2.540000      1.843912      1.843912      3.687824
     -2.520000      1.996690      1.996690      3.993381
     -2.500000      2.313319      2.313319      4.626638
     -2.480000      2.838888      2.838888      5.677776
     -2.460000      3.592514      3.592514      7.185029
     -2.440000      4.547709      4.547709      9.095418
     -2.420000      5.620348      5.620348     11.240695
     -2.400000      6.674640      6.674640     13.349279
     -2.380000      7.551312      7.551312     15.102625
     -2.360000      8.111060      8.111060     16.222119
     -2.340000      8.276556      8.276556     16.553113
     -2.320000      8.054804      8.054804     16.109608
     -2.300000      7.530190      7.530190     15.060380
     -2.280000      6.832505      6.832505     13.665009
     -2.260000      6.094977      6.094977     12.189954
     -2.240000      5.419530      5.419530     10.839060
     -2.220000      4.860410      4.860410      9.720819
     -2.200000      4.428019      4.428019      8.856037
     -2.180000      4.107343      4.107343      8.214686
     -2.160000      3.881878      3.881878      7.763756
     -2.140000      3.753927      3.753927      7.507855
     -2.120000      3.754064      3.754064      7.508128
     -2.100000      3.935719      3.935719      7.871437
     -2.080000      4.355228      4.355228      8.710455
     -2.060000      5.042876      5.042876     10.085752
     -2.040000      5.975153      5.975153     11.950307
     -2.020000      7.060402      7.060402     14.120804
     -2.000000      8.147174      8.147174     16.294348
     -1.980000      9.056730      9.056730     18.113459
     -1.960000      9.630656      9.630656     19.261312
     -1.940000      9.776583      9.776583     19.553166
     -1.920000      9.494303      9.494303     18.988607
     -1.900000      8.872754      8.872754     17.745508
     -1.880000      8.061700      8.061700     16.123400
     -1.860000      7.233032      7.233032     14.466063
     -1.840000      6.548633      6.548633     13.097266
     -1.820000      6.143506      6.143506     12.287012
     -1.800000      6.119905      6.119905     12.239810
     -1.780000      6.540071      6.540071     13.080141
     -1.760000      7.408335      7.408335     14.816670
     -1.740000      8.646595      8.646595     17.293189
     -1.720000     10.081015     10.081015     20.162030
     -1.700000     11.460933     11.460933     22.921866
     -1.680000     12.517837     12.517837     25.035675
     -1.660000     13.048820     13.048820     26.097640
     -1.640000     12.989290     12.989290     25.978579
     -1.620000     12.438117     12.438117     24.876234
     -1.600000     11.618372     11.618372     23.236745
     -1.580000     10.788405     10.788405     21.576809
     -1.560000     10.143106     10.143106     20.286213
     -1.540000      9.749539      9.749539     19.499077
     -1.520000      9.542850      9.542850     19.085701
     -1.500000      9.378742      9.378742     18.757483
     -1.480000      9.113837      9.113837     18.227673
     -1.460000      8.676928      8.676928     17.353856
     -1.440000      8.103544      8.103544     16.207088
     -1.420000      7.525863      7.525863     15.051726
     -1.400000      7.128385      7.128385     14.256771
     -1.380000      7.089094      7.089094     14.178188
     -1.360000      7.525140      7.525140     15.050281
     -1.340000      8.455932      8.455932     16.911864
     -1.320000      9.790090      9.790090     19.580181
     -1.300000     11.338234     11.338234     22.676468
     -1.280000     12.849763     12.849763     25.699526
     -1.260000     14.067247     14.067247     28.134493
     -1.240000     14.786858     14.786858     29.573716
     -1.220000     14.909529     14.909529     29.819058
     -1.200000     14.467243     14.467243     28.934486
     -1.180000     13.613549     13.613549     27.227098
     -1.160000     12.577240     12.577240     25.154480
     -1.140000     11.591523     11.591523     23.183047
     -1.120000     10.823020     10.823020     21.646040
     -1.100000     10.328518     10.328518     20.657037
     -1.080000     10.057689     10.057689     20.115378
     -1.060000      9.899402      9.899402     19.798805
     -1.040000      9.748246      9.748246     19.496491
     -1.020000      9.558577      9.558577     19.117154
     -1.000000      9.361523      9.361523     18.723045
     -0.980000      9.240691      9.240691     18.481382
     -0.960000      9.282987      9.282987     18.565974
     -0.940000      9.530925      9.530925     19.061850
     -0.920000      9.958789      9.958789     19.917577
     -0.900000     10.481040     10.481040     20.962081
     -0.880000     10.985768     10.985768     21.971536
     -0.860000     11.375845     11.375845     22.751690
     -0.840000     11.599483     11.599483     23.198967
     -0.820000     11.658986     11.658986     23.317973
     -0.800000     11.597391     11.597391     23.194782
     -0.780000     11.472001     11.472001     22.944001
     -0.760000     11.327780     11.327780     22.655559
     -0.740000     11.181446     11.181446     22.362893
     -0.720000     11.020685     11.020685     22.041370
     -0.700000     10.815595     10.815595     21.631190
     -0.680000     10.534846     10.534846     21.069691
     -0.660000     10.159347     10.159347     20.318695
     -0.640000      9.690875      9.690875     19.381750
     -0.620000      9.157992      9.157992     18.315984
     -0.600000      8.621943      8.621943     17.243885
     -0.580000      8.179834      8.179834     16.359668
     -0.560000      7.956110      7.956110     15.912219
     -0.540000      8.073697      8.073697     16.147395
     -0.520000      8.607069      8.607069     17.214138
     -0.500000      9.535732      9.535732     19.071464
     -0.480000     10.726332     10.726332     21.452663
     -0.460000     11.963675     11.963675     23.927350
     -0.440000     13.025686     13.025686     26.051372
     -0.420000     13.768570     13.768570     27.537140
     -0.400000     14.176642     14.176642     28.353284
     -0.380000     14.347966     14.347966     28.695933
     -0.360000     14.424170     14.424170     28.848340
     -0.340000     14.506357     14.506357     29.012713
     -0.320000     14.605752     14.605752     29.211504
     -0.300000     14.653120     14.653120     29.306240
     -0.280000     14.553038     14.553038     29.106076
     -0.260000     14.244303     14.244303     28.488605
     -0.240000     13.731019     13.731019     27.462039
     -0.220000     13.074068     13.074068     26.148136
     -0.200000     12.359186     12.359186     24.718373
     -0.180000     11.667731     11.667731     23.335462
     -0.160000     11.066136     11.066136     22.132271
     -0.140000     10.611554     10.611554     21.223109
     -0.120000     10.359216     10.359216     20.718431
     -0.100000     10.358651     10.358651     20.717302
     -0.080000     10.636948     10.636948     21.273896
     -0.060000     11.177706     11.177706     22.355413
     -0.040000     11.907699     11.907699     23.815398
     -0.020000     12.699445     12.699445     25.398891
      0.000000     13.391398     13.391398     26.782797
      0.020000     13.821763     13.821763     27.643525
      0.040000     13.867919     13.867919     27.735839
      0.060000     13.480631     13.480631     26.961262
      0.080000     12.701617     12.701617     25.403234
      0.100000     11.656607     11.656607     23.313215
      0.120000     10.523861     10.523861     21.047721
      0.140000      9.487489      9.487489     18.974978
      0.160000      8.691031      8.691031     17.382063
      0.180000      8.206343      8.206343     16.412685
      0.200000      8.026331      8.026331     16.052662
      0.220000      8.080824      8.080824     16.161648
      0.240000      8.267216      8.267216     16.534432
      0.260000      8.484360      8.484360     16.968720
      0.280000      8.659585      8.659585     17.319170
      0.300000      8.762618      8.762618     17.525237
      0.320000      8.804220      8.804220     17.608441
      0.340000      8.820617      8.820617     17.641234
      0.360000      8.848226      8.848226     17.696453
      0.380000      8.897118      8.897118     17.794236
      0.400000      8.934433      8.934433     17.868866
      0.420000      8.887355      8.887355     17.774710
      0.440000      8.667567      8.667567     17.335134
      0.460000      8.208184      8.208184     16.416368
      0.480000      7.496228      7.496228     14.992456
      0.500000      6.584492      6.584492     13.168984
      0.520000      5.576559      5.576559     11.153118
      0.540000      4.592201      4.592201      9.184401
      0.560000      3.729429      3.729429      7.458859
      0.580000      3.039359      3.039359      6.078718
      0.600000      2.522022      2.522022      5.044044
      0.620000      2.141077      2.141077      4.282154
      0.640000      1.848500      1.848500      3.697000
      0.660000      1.609250      1.609250      3.218501
      0.680000      1.419156      1.419156      2.838313
      0.700000      1.313754      1.313754      2.627509
      0.720000      1.368722      1.368722      2.737444
      0.740000      1.692542      1.692542      3.385084
      0.760000      2.410045      2.410045      4.820090
      0.780000      3.634246      3.634246      7.268493
      0.800000      5.426617      5.426617     10.853234
      0.820000      7.753618      7.753618     15.507236
      0.840000     10.456472     10.456472     20.912944
      0.860000     13.254643     13.254643     26.509286
      0.880000     15.795015     15.795015     31.590030
      0.900000     17.738925     17.738925     35.477849
      0.920000     18.857645     18.857645     37.715289
      0.940000     19.097391     19.097391     38.194782
      0.960000     18.585618     18.585618     37.171235
      0.980000     17.576873     17.576873     35.153746
      1.000000     16.363721     16.363721     32.727442
      1.020000     15.190675     15.190675     30.381349
      1.040000     14.201310     14.201310     28.402620
      1.060000     13.428255     13.428255     26.856511
      1.080000     12.816377     12.816377     25.632754
      1.100000     12.261368     12.261368     24.522736
      1.120000     11.649518     11.649518     23.299036
      1.140000     10.892318     10.892318     21.784637
      1.160000      9.953661      9.953661     19.907322
      1.180000      8.865607      8.865607     17.731214
      1.200000      7.725776      7.725776     15.451552
      1.220000      6.671810      6.671810     13.343619
      1.240000      5.837587      5.837587     11.675174
      1.260000      5.306520      5.306520     10.613040
      1.280000      5.081386      5.081386     10.162772
      1.300000      5.083912      5.083912     10.167823
      1.320000      5.184027      5.184027     10.368054
      1.340000      5.246041      5.246041     10.492083
      1.360000      5.173460      5.173460     10.346919
      1.380000      4.937289      4.937289      9.874578
      1.400000      4.581145      4.581145      9.162289
      1.420000      4.205088      4.205088      8.410175
      1.440000      3.935227      3.935227      7.870454
      1.460000      3.887261      3.887261      7.774522
      1.480000      4.131377      4.131377      8.262753
      1.500000      4.665671      4.665671      9.331343
      1.520000      5.405823      5.405823     10.811645
      1.540000      6.197851      6.197851     12.395701
      1.560000      6.855582      6.855582     13.711163
      1.580000      7.214592      7.214592     14.429183
      1.600000      7.184454      7.184454     14.368908
      1.620000      6.777973      6.777973     13.555946
      1.640000      6.103963      6.103963     12.207927
      1.660000      5.326207      5.326207     10.652414
      1.680000      4.606538      4.606538      9.213075
      1.700000      4.055809      4.055809      8.111618
      1.720000      3.710211      3.710211      7.420422
      1.740000      3.536927      3.536927      7.073854
      1.760000      3.460682      3.460682      6.921364
      1.780000      3.397101      3.397101      6.794202
      1.800000      3.280594      3.280594      6.561189
      1.820000      3.080354      3.080354      6.160708
      1.840000      2.803705      2.803705      5.607409
      1.860000      2.489282      2.489282      4.978564
      1.880000      2.193474      2.193474      4.386948
      1.900000      1.973770      1.973770      3.947539
      1.920000      1.873028      1.873028      3.746055
      1.940000      1.908849      1.908849      3.817699
      1.960000      2.071090      2.071090      4.142180
      1.980000      2.327797      2.327797      4.655593
      2.000000      2.636562      2.636562      5.273125
      2.020000      2.956299      2.956299      5.912599
      2.040000      3.255030      3.255030      6.510059
      2.060000      3.512096      3.512096      7.024193
      2.080000      3.716367      3.716367      7.432735
      2.100000      3.863523      3.863523      7.727046
      2.120000      3.954653      3.954653      7.909306
      2.140000      3.996081      3.996081      7.992161
      2.160000      3.998598      3.998598      7.997195
      2.180000      3.974490      3.974490      7.948979
      2.200000      3.932769      3.932769      7.865538
      2.220000      3.875202      3.875202      7.750404
      2.240000      3.796191      3.796191      7.592382
      2.260000      3.687758      3.687758      7.375517
      2.280000      3.547898      3.547898      7.095795
      2.300000      3.388512      3.388512      6.777024
      2.320000      3.239334      3.239334      6.478667
      2.340000      3.146171      3.146171      6.292341
      2.360000      3.163885      3.163885      6.327770
      2.380000      3.345270      3.345270      6.690540
      2.400000      3.726833      3.726833      7.453666
      2.420000      4.312924      4.312924      8.625847
      2.440000      5.061823      5.061823     10.123646
      2.460000      5.880280      5.880280     11.760559
      2.480000      6.633580      6.633580     13.267161
      2.500000      7.174104      7.174104     14.348208
      2.520000      7.382910      7.382910     14.765821
      2.540000      7.210719      7.210719     14.421437
      2.560000      6.702086      6.702086     13.404172
      2.580000      5.992403      5.992403     11.984807
      2.600000      5.278593      5.278593     10.557187
      2.620000      4.774477      4.774477      9.548954
      2.640000      4.664943      4.664943      9.329887
      2.660000      5.068852      5.068852     10.137704
      2.680000      6.014028      6.014028     12.028056
      2.700000      7.424814      7.424814     14.849628
      2.720000      9.125106      9.125106     18.250212
      2.740000     10.863114     10.863114     21.726229
      2.760000     12.361642     12.361642     24.723283
      2.780000     13.387147     13.387147     26.774295
      2.800000     13.817815     13.817815     27.635629
      2.820000     13.684778     13.684778     27.369556
      2.840000     13.167639     13.167639     26.335279
      2.860000     12.542483     12.542483     25.084967
      2.880000     12.098504     12.098504     24.197009
      2.900000     12.049517     12.049517     24.099034
      2.920000     12.466791     12.466791     24.933581
      2.940000     13.252842     13.252842     26.505683
      2.960000     14.165266     14.165266     28.330532
      2.980000     14.886380     14.886380     29.772760
      3.000000     15.119439     15.119439     30.238879
      3.020000     14.680281     14.680281     29.360562
      3.040000     13.551740     13.551740     27.103481
      3.060000     11.881148     11.881148     23.762295
      3.080000      9.924231      9.924231     19.848462
      3.100000      7.960425      7.960425     15.920851
      3.120000      6.213753      6.213753     12.427507
      3.140000      4.806406      4.806406      9.612811
      3.160000      3.754480      3.754480      7.508960
      3.180000      2.997220      2.997220      5.994439
      3.200000      2.440806      2.440806      4.881612
      3.220000      1.997705      1.997705      3.995410
      3.240000      1.609820      1.609820      3.219639
      3.260000      1.253141      1.253141      2.506282
      3.280000      0.928894      0.928894      1.857788
      3.300000      0.649326      0.649326      1.298653
      3.320000      0.425385      0.425385      0.850770
      3.340000      0.260147      0.260147      0.520293
      3.360000      0.148191      0.148191      0.296382
      3.380000      0.078698      0.078698      0.157395
      3.400000      0.039548      0.039548      0.079096
      3.420000      0.020592      0.020592      0.041184
      3.440000      0.015555      0.015555      0.031109
      3.460000      0.022988      0.022988      0.045976
      3.480000      0.046882      0.046882      0.093765
      3.500000      0.097172      0.097172      0.194345
      3.520000      0.189618      0.189618      0.379236
      3.540000      0.343957      0.343957      0.687913
      3.560000      0.579235      0.579235      1.158470
      3.580000      0.906292      0.906292      1.812584
      3.600000      1.319337      1.319337      2.638674
      3.620000      1.790447      1.790447      3.580894
      3.640000      2.271057      2.271057      4.542114
      3.660000      2.702172      2.702172      5.404344
      3.680000      3.030727      3.030727      6.061454
      3.700000      3.225694      3.225694      6.451388
      3.720000      3.286884      3.286884      6.573768
      3.740000      3.242621      3.242621      6.485243
      3.760000      3.137864      3.137864      6.275729
      3.780000      3.018599      3.018599      6.037198
      3.800000      2.919196      2.919196      5.838392
      3.820000      2.856908      2.856908      5.713816
      3.840000      2.833711      2.833711      5.667421
      3.860000      2.842459      2.842459      5.684918
      3.880000      2.873216      2.873216      5.746432
      3.900000      2.916670      2.916670      5.833340
      3.920000      2.963994      2.963994      5.927987
      3.940000      3.004899      3.004899      6.009799
      3.960000      3.026701      3.026701      6.053402
      3.980000      3.016276      3.016276      6.032551
      4.000000      2.964641      2.964641      5.929282
      4.020000      2.871963      2.871963      5.743927
      4.040000      2.750612      2.750612      5.501225
      4.060000      2.625369      2.625369      5.250739
      4.080000      2.531862      2.531862      5.063724
      4.100000      2.515036      2.515036      5.030071
      4.120000      2.628352      2.628352      5.256704
      4.140000      2.932136      2.932136      5.864273
      4.160000      3.487749      3.487749      6.975499
      4.180000      4.344676      4.344676      8.689351
      4.200000      5.520794      5.520794     11.041589
      4.220000      6.981107      6.981107     13.962214
      4.240000      8.624507      8.624507     17.249015
      4.260000     10.288696     10.288696     20.577392
      4.280000     11.778042     11.778042     23.556085
      4.300000     12.909267     12.909267     25.818534
      4.320000     13.559819     13.559819     27.119637
      4.340000     13.699937     13.699937     27.399875
      4.360000     13.395129     13.395129     26.790258
      4.380000     12.778819     12.778819     25.557639
      4.400000     12.007904     12.007904     24.015809
      4.420000     11.219143     11.219143     22.438287
      4.440000     10.499948     10.499948     20.999895
      4.460000      9.877991      9.877991     19.755982
      4.480000      9.327299      9.327299     18.654598
      4.500000      8.786886      8.786886     17.573772
      4.520000      8.188622      8.188622     16.377244
      4.540000      7.489321      7.489321     14.978642
      4.560000      6.697903      6.697903     13.395807
      4.580000      5.886211      5.886211     11.772423
      4.600000      5.175747      5.175747     10.351495
      4.620000      4.701716      4.701716      9.403432
      4.640000      4.565402      4.565402      9.130804
      4.660000      4.791518      4.791518      9.583036
      4.680000      5.306900      5.306900     10.613800
      4.700000      5.951297      5.951297     11.902594
      4.720000      6.520768      6.520768     13.041536
      4.740000      6.831381      6.831381     13.662762
      4.760000      6.780278      6.780278     13.560555
      4.780000      6.379358      6.379358     12.758715
      4.800000      5.747386      5.747386     11.494771
      4.820000      5.064969      5.064969     10.129937
      4.840000      4.513224      4.513224      9.026448
      4.860000      4.221796      4.221796      8.443592
      4.880000      4.243752      4.243752      8.487503
      4.900000      4.560383      4.560383      9.120765
      4.920000      5.106597      5.106597     10.213194
      4.940000      5.802174      5.802174     11.604348
      4.960000      6.575355      6.575355     13.150709
      4.980000      7.370695      7.370695     14.741390
      5.000000      8.140861      8.140861     16.281721
      5.020000      8.830247      8.830247     17.660495
      5.040000      9.363763      9.363763     18.727526
      5.060000      9.652688      9.652688     19.305376
      5.080000      9.619881      9.619881     19.239762
      5.100000      9.233258      9.233258     18.466516
      5.120000      8.528425      8.528425     17.056850
      5.140000      7.605426      7.605426     15.210851
      5.160000      6.599231      6.599231     13.198462
      5.180000      5.638938      5.638938     11.277875
      5.200000      4.816026      4.816026      9.632053
      5.220000      4.174374      4.174374      8.348747
      5.240000      3.720488      3.720488      7.440975
      5.260000      3.441968      3.441968      6.883935
      5.280000      3.321362      3.321362      6.642724
      5.300000      3.339706      3.339706      6.679412
      5.320000      3.472415      3.472415      6.944831
      5.340000      3.684361      3.684361      7.368722
      5.360000      3.929659      3.929659      7.859318
      5.380000      4.157735      4.157735      8.315470
      5.400000      4.323851      4.323851      8.647703
      5.420000      4.400973      4.400973      8.801947
      5.440000      4.389888      4.389888      8.779775
      5.460000      4.324399      4.324399      8.648798
      5.480000      4.268012      4.268012      8.536025
      5.500000      4.299060      4.299060      8.598120
      5.520000      4.484654      4.484654      8.969308
      5.540000      4.850257      4.850257      9.700515
      5.560000      5.357930      5.357930     10.715861
      5.580000      5.907095      5.907095     11.814189
      5.600000      6.363387      6.363387     12.726773
      5.620000      6.606422      6.606422     13.212844
      5.640000      6.574832      6.574832     13.149665
      5.660000      6.286161      6.286161     12.572322
      5.680000      5.822288      5.822288     11.644577
      5.700000      5.290093      5.290093     10.580187
      5.720000      4.779639      4.779639      9.559278
      5.740000      4.340654      4.340654      8.681308
      5.760000      3.985083      3.985083      7.970167
      5.780000      3.708571      3.708571      7.417142
      5.800000      3.515717      3.515717      7.031433
      5.820000      3.435090      3.435090      6.870181
      5.840000      3.516901      3.516901      7.033801
      5.860000      3.814133      3.814133      7.628265
      5.880000      4.354433      4.354433      8.708866
      5.900000      5.114478      5.114478     10.228956
      5.920000      6.010081      6.010081     12.020162
      5.940000      6.911451      6.911451     13.822901
      5.960000      7.682526      7.682526     15.365051
      5.980000      8.229470      8.229470     16.458939
      6.000000      8.534634      8.534634     17.069269
      6.020000      8.656652      8.656652     17.313305
      6.040000      8.695030      8.695030     17.390061
      6.060000      8.738446      8.738446     17.476893
      6.080000      8.825486      8.825486     17.650972
      6.100000      8.937364      8.937364     17.874729
      6.120000      9.020673      9.020673     18.041345
      6.140000      9.020125      9.020125     18.040251
      6.160000      8.899389      8.899389     17.798778
      6.180000      8.641836      8.641836     17.283672
      6.200000      8.239938      8.239938     16.479877
      6.220000      7.688474      7.688474     15.376949
      6.240000      6.989489      6.989489     13.978978
      6.260000      6.164232      6.164232     12.328463
      6.280000      5.260410      5.260410     10.520820
      6.300000      4.346726      4.346726      8.693451
      6.320000      3.496218      3.496218      6.992436
      6.340000      2.767359      2.767359      5.534717
      6.360000      2.192302      2.192302      4.384604
      6.380000      1.776619      1.776619      3.553237
      6.400000      1.508756      1.508756      3.017512
      6.420000      1.374040      1.374040      2.748081
      6.440000      1.367719      1.367719      2.735438
      6.460000      1.502834      1.502834      3.005669
      6.480000      1.810084      1.810084      3.620168
      6.500000      2.328217      2.328217      4.656434
      6.520000      3.085999      3.085999      6.171997
      6.540000      4.080788      4.080788      8.161575
      6.560000      5.262678      5.262678     10.525356
      6.580000      6.533360      6.533360     13.066720
      6.600000      7.762996      7.762996     15.525993
      6.620000      8.818692      8.818692     17.637385
      6.640000      9.591294      9.591294     19.182588
      6.660000     10.009407     10.009407     20.018815
      6.680000     10.039661     10.039661     20.079323
      6.700000      9.681907      9.681907     19.363815
      6.720000      8.968664      8.968664     17.937329
      6.740000      7.969408      7.969408     15.938817
      6.760000      6.791045      6.791045     13.582090
      6.780000      5.565302      5.565302     11.130604
      6.800000      4.422675      4.422675      8.845351
      6.820000      3.463002      3.463002      6.926004
      6.840000      2.735973      2.735973      5.471947
      6.860000      2.239108      2.239108      4.478217
      6.880000      1.931237      1.931237      3.862475
      6.900000      1.753265      1.753265      3.506530
      6.920000      1.647698      1.647698      3.295395
      6.940000      1.572212      1.572212      3.144425
      6.960000      1.506663      1.506663      3.013327
      6.980000      1.454992      1.454992      2.909984
      7.000000      1.443266      1.443266      2.886532
      7.020000      1.513894      1.513894      3.027789
      7.040000      1.715532      1.715532      3.431063
      7.060000      2.089211      2.089211      4.178423
      7.080000      2.653683      2.653683      5.307365
      7.100000      3.395086      3.395086      6.790172
      7.120000      4.265951      4.265951      8.531901
      7.140000      5.194901      5.194901     10.389802
      7.160000      6.102919      6.102919     12.205838
      7.180000      6.918089      6.918089     13.836178
      7.200000      7.581830      7.581830     15.163659
      7.220000      8.045805      8.045805     16.091609
      7.240000      8.266011      8.266011     16.532023
      7.260000      8.203396      8.203396     16.406791
      7.280000      7.835853      7.835853     15.671705
      7.300000      7.177132      7.177132     14.354265
      7.320000      6.290666      6.290666     12.581332
      7.340000      5.286566      5.286566     10.573131
      7.360000      4.298700      4.298700      8.597399
      7.380000      3.450275      3.450275      6.900550
      7.400000      2.823251      2.823251      5.646502
      7.420000      2.444926      2.444926      4.889852
      7.440000      2.295992      2.295992      4.591983
      7.460000      2.334023      2.334023      4.668046
      7.480000      2.520249      2.520249      5.040499
      7.500000      2.837646      2.837646      5.675291
      7.520000      3.293556      3.293556      6.587113
      7.540000      3.907257      3.907257      7.814514
      7.560000      4.689288      4.689288      9.378576
      7.580000      5.622996      5.622996     11.245993
      7.600000      6.658146      6.658146     13.316292
      7.620000      7.721405      7.721405     15.442809
      7.640000      8.740523      8.740523     17.481046
      7.660000      9.671512      9.671512     19.343024
      7.680000     10.515142     10.515142     21.030285
      7.700000     11.312762     11.312762     22.625523
      7.720000     12.120442     12.120442     24.240884
      7.740000     12.970773     12.970773     25.941545
      7.760000     13.838459     13.838459     27.676918
      7.780000     14.626203     14.626203     29.252406
      7.800000     15.180375     15.180375     30.360749
      7.820000     15.333962     15.333962     30.667924
      7.840000     14.962051     14.962051     29.924103
      7.860000     14.028679     14.028679     28.057358
      7.880000     12.607288     12.607288     25.214576
      7.900000     10.868648     10.868648     21.737296
      7.920000      9.043285      9.043285     18.086569
      7.940000      7.372935      7.372935     14.745870
      7.960000      6.064635      6.064635     12.129270
      7.980000      5.255196      5.255196     10.510393
      8.000000      4.988802      4.988802      9.977604
      8.020000      5.209413      5.209413     10.418826
      8.040000      5.771046      5.771046     11.542091
      8.060000      6.468490      6.468490     12.936981
      8.080000      7.085817      7.085817     14.171633
      8.100000      7.451522      7.451522     14.903044
      8.120000      7.482708      7.482708     14.965417
      8.140000      7.201711      7.201711     14.403423
      8.160000      6.718399      6.718399     13.436798
      8.180000      6.185445      6.185445     12.370891
      8.200000      5.744659      5.744659     11.489318
      8.220000      5.484548      5.484548     10.969096
      8.240000      5.422724      5.422724     10.845449
      8.260000      5.515959      5.515959     11.031919
      8.280000      5.691015      5.691015     11.382030
      8.300000      5.883813      5.883813     11.767625
      8.320000      6.073327      6.073327     12.146654
      8.340000      6.298623      6.298623     12.597246
      8.360000      6.651626      6.651626     13.303251
      8.380000      7.244254      7.244254     14.488508
      8.400000      8.156673      8.156673     16.313346
      8.420000      9.382853      9.382853     18.765705
      8.440000     10.796720     10.796720     21.593439
      8.460000     12.160966     12.160966     24.321932
      8.480000     13.186564     13.186564     26.373128
      8.500000     13.627238     13.627238     27.254476
      8.520000     13.371530     13.371530     26.743061
      8.540000     12.490234     12.490234     24.980469
      8.560000     11.215042     11.215042     22.430084
      8.580000      9.856666      9.856666     19.713332
      8.600000      8.699120      8.699120     17.398239
      8.620000      7.915656      7.915656     15.831312
      8.640000      7.538007      7.538007     15.076015
      8.660000      7.483657      7.483657     14.967315
      8.680000      7.620303      7.620303     15.240607
      8.700000      7.833791      7.833791     15.667582
      8.720000      8.069481      8.069481     16.138963
      8.740000      8.333767      8.333767     16.667534
      8.760000      8.663232      8.663232     17.326463
      8.780000      9.083215      9.083215     18.166430
      8.800000      9.578741      9.578741     19.157481
      8.820000     10.090218     10.090218     20.180436
      8.840000     10.532015     10.532015     21.064029
      8.860000     10.822511     10.822511     21.645021
      8.880000     10.912757     10.912757     21.825514
      8.900000     10.804499     10.804499     21.608998
      8.920000     10.552466     10.552466     21.104931
      8.940000     10.248941     10.248941     20.497881
      8.960000      9.992615      9.992615     19.985230
      8.980000      9.850104      9.850104     19.700209
      9.000000      9.825008      9.825008     19.650017
      9.020000      9.850561      9.850561     19.701122
      9.040000      9.813938      9.813938     19.627877
      9.060000      9.605230      9.605230     19.210460
      9.080000      9.169936      9.169936     18.339872
      9.100000      8.539505      8.539505     17.079011
      9.120000      7.823503      7.823503     15.647007
      9.140000      7.165254      7.165254     14.330508
      9.160000      6.680686      6.680686     13.361373
      9.180000      6.408390      6.408390     12.816779
      9.200000      6.293551      6.293551     12.587101
      9.220000      6.212505      6.212505     12.425011
      9.240000      6.025988      6.025988     12.051976
      9.260000      5.636912      5.636912     11.273824
      9.280000      5.028217      5.028217     10.056433
      9.300000      4.267332      4.267332      8.534663
      9.320000      3.479636      3.479636      6.959271
      9.340000      2.805439      2.805439      5.610878
      9.360000      2.358292      2.358292      4.716583
      9.380000      2.197450      2.197450      4.394900
      9.400000      2.319210      2.319210      4.638420
      9.420000      2.665467      2.665467      5.330933
      9.440000      3.144936      3.144936      6.289872
      9.460000      3.661411      3.661411      7.322822
      9.480000      4.142299      4.142299      8.284598
      9.500000      4.559728      4.559728      9.119457
      9.520000      4.937346      4.937346      9.874692
      9.540000      5.339823      5.339823     10.679646
      9.560000      5.848007      5.848007     11.696014
      9.580000      6.528073      6.528073     13.056147
      9.600000      7.405409      7.405409     14.810818
      9.620000      8.452186      8.452186     16.904371
      9.640000      9.592307      9.592307     19.184614
      9.660000     10.720871     10.720871     21.441742
      9.680000     11.730453     11.730453     23.460905
      9.700000     12.535514     12.535514     25.071028
      9.720000     13.088653     13.088653     26.177306
      9.740000     13.385719     13.385719     26.771439
      9.760000     13.459009     13.459009     26.918019
      9.780000     13.359577     13.359577     26.719153
      9.800000     13.133528     13.133528     26.267056
      9.820000     12.802702     12.802702     25.605405
      9.840000     12.362518     12.362518     24.725037
      9.860000     11.803322     11.803322     23.606645
      9.880000     11.146687     11.146687     22.293374
      9.900000     10.473958     10.473958     20.947917
      9.920000      9.922939      9.922939     19.845877
      9.940000      9.644599      9.644599     19.289197
      9.960000      9.736859      9.736859     19.473719
      9.980000     10.190415     10.190415     20.380830
     10.000000     10.879410     10.879410     21.758820
