# EIG2DOS: Utility for SIESTA to obtain the electronic density of states
#  E. Artacho, Apr 1999, A. Garcia, Apr 2012
# ------------------------------------------
# Eigenvalues read from GRP_doping.EIG
# Using smearing parameter:   0.100
# Using   1001 points in energy range
# Selected bands: 1 to: 936
# Emin, emax in file for selected band(s):    -34.9232900    216.5278000
# Nbands, Nspin, Nk   =    936     1   231
# E_F                 =    -5.1397 eV --> (shifted to ZERO)
# Broadening          =     0.1000 eV
#
#        E            N(up)  (=)   N(down)         Ntot
    -10.000000      3.531401      3.531401      7.062803
     -9.980000      3.106455      3.106455      6.212911
     -9.960000      2.944270      2.944270      5.888540
     -9.940000      3.069843      3.069843      6.139687
     -9.920000      3.436512      3.436512      6.873023
     -9.900000      3.941352      3.941352      7.882704
     -9.880000      4.452233      4.452233      8.904466
     -9.860000      4.839031      4.839031      9.678061
     -9.840000      5.002103      5.002103     10.004205
     -9.820000      4.892644      4.892644      9.785289
     -9.800000      4.521615      4.521615      9.043230
     -9.780000      3.956301      3.956301      7.912602
     -9.760000      3.306162      3.306162      6.612324
     -9.740000      2.701710      2.701710      5.403420
     -9.720000      2.270935      2.270935      4.541871
     -9.700000      2.116742      2.116742      4.233483
     -9.680000      2.297155      2.297155      4.594310
     -9.660000      2.810009      2.810009      5.620018
     -9.640000      3.586358      3.586358      7.172715
     -9.620000      4.499653      4.499653      8.999305
     -9.600000      5.395823      5.395823     10.791646
     -9.580000      6.140119      6.140119     12.280237
     -9.560000      6.663813      6.663813     13.327626
     -9.540000      6.987367      6.987367     13.974734
     -9.520000      7.204449      7.204449     14.408899
     -9.500000      7.431602      7.431602     14.863205
     -9.480000      7.748678      7.748678     15.497356
     -9.460000      8.160874      8.160874     16.321747
     -9.440000      8.599522      8.599522     17.199043
     -9.420000      8.955412      8.955412     17.910824
     -9.400000      9.121909      9.121909     18.243818
     -9.380000      9.025774      9.025774     18.051548
     -9.360000      8.637754      8.637754     17.275508
     -9.340000      7.969565      7.969565     15.939130
     -9.320000      7.068221      7.068221     14.136442
     -9.300000      6.012555      6.012555     12.025111
     -9.280000      4.908584      4.908584      9.817168
     -9.260000      3.877994      3.877994      7.755989
     -9.240000      3.038369      3.038369      6.076738
     -9.220000      2.479766      2.479766      4.959532
     -9.200000      2.244990      2.244990      4.489981
     -9.180000      2.319533      2.319533      4.639065
     -9.160000      2.634138      2.634138      5.268275
     -9.140000      3.080191      3.080191      6.160382
     -9.120000      3.535303      3.535303      7.070605
     -9.100000      3.892930      3.892930      7.785861
     -9.080000      4.086847      4.086847      8.173694
     -9.060000      4.101698      4.101698      8.203396
     -9.040000      3.966368      3.966368      7.932735
     -9.020000      3.735142      3.735142      7.470284
     -9.000000      3.467457      3.467457      6.934914
     -8.980000      3.216265      3.216265      6.432529
     -8.960000      3.027974      3.027974      6.055948
     -8.940000      2.948290      2.948290      5.896580
     -8.920000      3.023912      3.023912      6.047825
     -8.900000      3.293027      3.293027      6.586053
     -8.880000      3.766060      3.766060      7.532120
     -8.860000      4.406863      4.406863      8.813726
     -8.840000      5.127444      5.127444     10.254889
     -8.820000      5.803983      5.803983     11.607966
     -8.800000      6.310716      6.310716     12.621433
     -8.780000      6.557977      6.557977     13.115953
     -8.760000      6.517677      6.517677     13.035355
     -8.740000      6.225880      6.225880     12.451761
     -8.720000      5.763666      5.763666     11.527332
     -8.700000      5.227245      5.227245     10.454490
     -8.680000      4.700777      4.700777      9.401555
     -8.660000      4.240708      4.240708      8.481416
     -8.640000      3.872867      3.872867      7.745734
     -8.620000      3.598050      3.598050      7.196099
     -8.600000      3.400566      3.400566      6.801133
     -8.580000      3.256315      3.256315      6.512630
     -8.560000      3.139804      3.139804      6.279609
     -8.540000      3.031130      3.031130      6.062260
     -8.520000      2.923491      2.923491      5.846983
     -8.500000      2.830036      2.830036      5.660072
     -8.480000      2.786964      2.786964      5.573929
     -8.460000      2.849506      2.849506      5.699012
     -8.440000      3.079351      3.079351      6.158703
     -8.420000      3.525934      3.525934      7.051867
     -8.400000      4.207607      4.207607      8.415214
     -8.380000      5.099891      5.099891     10.199783
     -8.360000      6.135418      6.135418     12.270836
     -8.340000      7.215202      7.215202     14.430404
     -8.320000      8.226495      8.226495     16.452990
     -8.300000      9.061535      9.061535     18.123070
     -8.280000      9.634132      9.634132     19.268263
     -8.260000      9.894177      9.894177     19.788355
     -8.240000      9.840387      9.840387     19.680774
     -8.220000      9.528266      9.528266     19.056533
     -8.200000      9.066979      9.066979     18.133959
     -8.180000      8.599755      8.599755     17.199510
     -8.160000      8.268921      8.268921     16.537842
     -8.140000      8.175165      8.175165     16.350330
     -8.120000      8.346002      8.346002     16.692005
     -8.100000      8.727230      8.727230     17.454459
     -8.080000      9.203119      9.203119     18.406237
     -8.060000      9.639046      9.639046     19.278092
     -8.040000      9.929037      9.929037     19.858075
     -8.020000     10.026464     10.026464     20.052928
     -8.000000      9.943143      9.943143     19.886285
     -7.980000      9.718782      9.718782     19.437564
     -7.960000      9.380180      9.380180     18.760360
     -7.940000      8.916242      8.916242     17.832484
     -7.920000      8.285019      8.285019     16.570038
     -7.900000      7.448185      7.448185     14.896369
     -7.880000      6.410686      6.410686     12.821372
     -7.860000      5.240824      5.240824     10.481647
     -7.840000      4.059707      4.059707      8.119415
     -7.820000      3.008211      3.008211      6.016422
     -7.800000      2.210672      2.210672      4.421345
     -7.780000      1.751613      1.751613      3.503226
     -7.760000      1.669585      1.669585      3.339170
     -7.740000      1.961284      1.961284      3.922567
     -7.720000      2.586762      2.586762      5.173523
     -7.700000      3.472427      3.472427      6.944853
     -7.680000      4.515921      4.515921      9.031843
     -7.660000      5.599013      5.599013     11.198026
     -7.640000      6.609309      6.609309     13.218617
     -7.620000      7.463530      7.463530     14.927060
     -7.600000      8.121574      8.121574     16.243148
     -7.580000      8.585494      8.585494     17.170988
     -7.560000      8.887342      8.887342     17.774684
     -7.540000      9.076014      9.076014     18.152027
     -7.520000      9.210244      9.210244     18.420488
     -7.500000      9.355599      9.355599     18.711198
     -7.480000      9.577010      9.577010     19.154019
     -7.460000      9.921679      9.921679     19.843358
     -7.440000     10.397483     10.397483     20.794965
     -7.420000     10.959716     10.959716     21.919431
     -7.400000     11.516960     11.516960     23.033919
     -7.380000     11.956303     11.956303     23.912607
     -7.360000     12.177222     12.177222     24.354445
     -7.340000     12.119482     12.119482     24.238965
     -7.320000     11.775025     11.775025     23.550050
     -7.300000     11.182999     11.182999     22.365998
     -7.280000     10.415147     10.415147     20.830294
     -7.260000      9.561136      9.561136     19.122273
     -7.240000      8.719034      8.719034     17.438068
     -7.220000      7.988255      7.988255     15.976510
     -7.200000      7.457570      7.457570     14.915141
     -7.180000      7.184244      7.184244     14.368488
     -7.160000      7.170659      7.170659     14.341318
     -7.140000      7.353337      7.353337     14.706673
     -7.120000      7.617003      7.617003     15.234005
     -7.100000      7.832552      7.832552     15.665104
     -7.080000      7.901694      7.901694     15.803388
     -7.060000      7.785410      7.785410     15.570820
     -7.040000      7.502944      7.502944     15.005888
     -7.020000      7.106028      7.106028     14.212056
     -7.000000      6.646497      6.646497     13.292995
     -6.980000      6.156221      6.156221     12.312443
     -6.960000      5.647928      5.647928     11.295856
     -6.940000      5.132368      5.132368     10.264736
     -6.920000      4.638946      4.638946      9.277891
     -6.900000      4.226121      4.226121      8.452243
     -6.880000      3.973218      3.973218      7.946437
     -6.860000      3.954000      3.954000      7.907999
     -6.840000      4.201798      4.201798      8.403595
     -6.820000      4.682532      4.682532      9.365064
     -6.800000      5.291713      5.291713     10.583425
     -6.780000      5.882299      5.882299     11.764598
     -6.760000      6.314941      6.314941     12.629882
     -6.740000      6.508735      6.508735     13.017470
     -6.720000      6.468325      6.468325     12.936651
     -6.700000      6.274955      6.274955     12.549911
     -6.680000      6.048440      6.048440     12.096879
     -6.660000      5.901494      5.901494     11.802988
     -6.640000      5.908347      5.908347     11.816695
     -6.620000      6.097119      6.097119     12.194237
     -6.600000      6.460067      6.460067     12.920134
     -6.580000      6.968226      6.968226     13.936452
     -6.560000      7.580585      7.580585     15.161170
     -6.540000      8.247648      8.247648     16.495297
     -6.520000      8.915891      8.915891     17.831782
     -6.500000      9.537998      9.537998     19.075995
     -6.480000     10.085716     10.085716     20.171433
     -6.460000     10.555400     10.555400     21.110801
     -6.440000     10.957976     10.957976     21.915952
     -6.420000     11.295368     11.295368     22.590736
     -6.400000     11.536857     11.536857     23.073713
     -6.380000     11.611895     11.611895     23.223789
     -6.360000     11.427377     11.427377     22.854755
     -6.340000     10.902974     10.902974     21.805948
     -6.320000     10.007804     10.007804     20.015608
     -6.300000      8.781476      8.781476     17.562952
     -6.280000      7.330988      7.330988     14.661977
     -6.260000      5.806236      5.806236     11.612473
     -6.240000      4.365062      4.365062      8.730124
     -6.220000      3.141114      3.141114      6.282229
     -6.200000      2.224355      2.224355      4.448710
     -6.180000      1.657126      1.657126      3.314252
     -6.160000      1.441679      1.441679      2.883357
     -6.140000      1.551250      1.551250      3.102501
     -6.120000      1.937705      1.937705      3.875411
     -6.100000      2.533264      2.533264      5.066529
     -6.080000      3.249099      3.249099      6.498199
     -6.060000      3.976607      3.976607      7.953213
     -6.040000      4.596604      4.596604      9.193208
     -6.020000      4.997861      4.997861      9.995723
     -6.000000      5.100999      5.100999     10.201998
     -5.980000      4.879417      4.879417      9.758835
     -5.960000      4.368071      4.368071      8.736143
     -5.940000      3.654887      3.654887      7.309774
     -5.920000      2.857111      2.857111      5.714223
     -5.900000      2.092061      2.092061      4.184122
     -5.880000      1.454406      1.454406      2.908813
     -5.860000      1.008626      1.008626      2.017252
     -5.840000      0.797433      0.797433      1.594866
     -5.820000      0.858905      0.858905      1.717811
     -5.800000      1.240278      1.240278      2.480556
     -5.780000      1.996821      1.996821      3.993643
     -5.760000      3.170233      3.170233      6.340467
     -5.740000      4.751568      4.751568      9.503136
     -5.720000      6.645391      6.645391     13.290782
     -5.700000      8.658043      8.658043     17.316086
     -5.680000     10.526707     10.526707     21.053414
     -5.660000     11.986453     11.986453     23.972906
     -5.640000     12.848950     12.848950     25.697901
     -5.620000     13.055280     13.055280     26.110560
     -5.600000     12.677125     12.677125     25.354249
     -5.580000     11.870165     11.870165     23.740329
     -5.560000     10.810642     10.810642     21.621285
     -5.540000      9.651066      9.651066     19.302133
     -5.520000      8.511086      8.511086     17.022172
     -5.500000      7.491334      7.491334     14.982668
     -5.480000      6.683595      6.683595     13.367191
     -5.460000      6.159585      6.159585     12.319169
     -5.440000      5.943616      5.943616     11.887232
     -5.420000      5.992522      5.992522     11.985043
     -5.400000      6.205650      6.205650     12.411299
     -5.380000      6.469215      6.469215     12.938430
     -5.360000      6.715290      6.715290     13.430579
     -5.340000      6.961897      6.961897     13.923794
     -5.320000      7.306318      7.306318     14.612636
     -5.300000      7.867088      7.867088     15.734176
     -5.280000      8.699452      8.699452     17.398903
     -5.260000      9.728135      9.728135     19.456271
     -5.240000     10.737889     10.737889     21.475779
     -5.220000     11.435534     11.435534     22.871067
     -5.200000     11.560033     11.560033     23.120067
     -5.180000     10.990295     10.990295     21.980591
     -5.160000      9.800311      9.800311     19.600622
     -5.140000      8.238515      8.238515     16.477030
     -5.120000      6.645937      6.645937     13.291874
     -5.100000      5.353378      5.353378     10.706756
     -5.080000      4.598823      4.598823      9.197647
     -5.060000      4.487537      4.487537      8.975074
     -5.040000      4.994690      4.994690      9.989380
     -5.020000      5.997259      5.997259     11.994518
     -5.000000      7.320416      7.320416     14.640832
     -4.980000      8.786866      8.786866     17.573731
     -4.960000     10.258596     10.258596     20.517193
     -4.940000     11.659157     11.659157     23.318314
     -4.920000     12.966655     12.966655     25.933310
     -4.900000     14.178195     14.178195     28.356390
     -4.880000     15.262844     15.262844     30.525687
     -4.860000     16.131704     16.131704     32.263407
     -4.840000     16.648970     16.648970     33.297941
     -4.820000     16.685350     16.685350     33.370699
     -4.800000     16.187456     16.187456     32.374912
     -4.780000     15.222954     15.222954     30.445908
     -4.760000     13.972535     13.972535     27.945070
     -4.740000     12.669829     12.669829     25.339658
     -4.720000     11.519205     11.519205     23.038409
     -4.700000     10.630986     10.630986     21.261972
     -4.680000     10.000373     10.000373     20.000745
     -4.660000      9.531647      9.531647     19.063293
     -4.640000      9.089039      9.089039     18.178078
     -4.620000      8.549278      8.549278     17.098555
     -4.600000      7.837449      7.837449     15.674898
     -4.580000      6.939865      6.939865     13.879730
     -4.560000      5.897585      5.897585     11.795171
     -4.540000      4.788668      4.788668      9.577336
     -4.520000      3.707026      3.707026      7.414052
     -4.500000      2.743775      2.743775      5.487551
     -4.480000      1.974869      1.974869      3.949738
     -4.460000      1.456453      1.456453      2.912906
     -4.440000      1.226150      1.226150      2.452300
     -4.420000      1.305149      1.305149      2.610297
     -4.400000      1.695071      1.695071      3.390142
     -4.380000      2.367289      2.367289      4.734577
     -4.360000      3.249994      3.249994      6.499988
     -4.340000      4.225245      4.225245      8.450491
     -4.320000      5.148130      5.148130     10.296259
     -4.300000      5.889915      5.889915     11.779831
     -4.280000      6.390655      6.390655     12.781311
     -4.260000      6.694648      6.694648     13.389297
     -4.240000      6.944675      6.944675     13.889350
     -4.220000      7.329685      7.329685     14.659370
     -4.200000      8.005772      8.005772     16.011543
     -4.180000      9.026275      9.026275     18.052550
     -4.160000     10.313178     10.313178     20.626356
     -4.140000     11.680596     11.680596     23.361191
     -4.120000     12.895501     12.895501     25.791002
     -4.100000     13.746286     13.746286     27.492572
     -4.080000     14.093256     14.093256     28.186512
     -4.060000     13.890759     13.890759     27.781518
     -4.040000     13.185366     13.185366     26.370733
     -4.020000     12.099117     12.099117     24.198234
     -4.000000     10.802817     10.802817     21.605634
     -3.980000      9.480650      9.480650     18.961301
     -3.960000      8.290143      8.290143     16.580286
     -3.940000      7.328107      7.328107     14.656214
     -3.920000      6.615584      6.615584     13.231169
     -3.900000      6.108313      6.108313     12.216627
     -3.880000      5.727518      5.727518     11.455035
     -3.860000      5.396853      5.396853     10.793706
     -3.840000      5.070436      5.070436     10.140872
     -3.820000      4.743074      4.743074      9.486147
     -3.800000      4.442420      4.442420      8.884840
     -3.780000      4.209575      4.209575      8.419149
     -3.760000      4.077815      4.077815      8.155631
     -3.740000      4.058568      4.058568      8.117136
     -3.720000      4.139870      4.139870      8.279740
     -3.700000      4.296871      4.296871      8.593741
     -3.680000      4.508642      4.508642      9.017285
     -3.660000      4.773021      4.773021      9.546042
     -3.640000      5.112200      5.112200     10.224400
     -3.620000      5.565338      5.565338     11.130676
     -3.600000      6.169111      6.169111     12.338221
     -3.580000      6.932133      6.932133     13.864266
     -3.560000      7.813697      7.813697     15.627394
     -3.540000      8.719125      8.719125     17.438251
     -3.520000      9.520016      9.520016     19.040032
     -3.500000     10.096759     10.096759     20.193519
     -3.480000     10.387302     10.387302     20.774605
     -3.460000     10.418788     10.418788     20.837576
     -3.440000     10.303970     10.303970     20.607940
     -3.420000     10.200688     10.200688     20.401376
     -3.400000     10.250823     10.250823     20.501645
     -3.380000     10.524511     10.524511     21.049022
     -3.360000     10.991783     10.991783     21.983566
     -3.340000     11.531054     11.531054     23.062109
     -3.320000     11.969730     11.969730     23.939460
     -3.300000     12.142160     12.142160     24.284320
     -3.280000     11.945925     11.945925     23.891850
     -3.260000     11.378030     11.378030     22.756060
     -3.240000     10.537556     10.537556     21.075111
     -3.220000      9.591105      9.591105     19.182210
     -3.200000      8.711167      8.711167     17.422333
     -3.180000      8.010752      8.010752     16.021504
     -3.160000      7.502685      7.502685     15.005371
     -3.140000      7.103021      7.103021     14.206042
     -3.120000      6.677306      6.677306     13.354612
     -3.100000      6.106753      6.106753     12.213506
     -3.080000      5.341995      5.341995     10.683991
     -3.060000      4.420874      4.420874      8.841749
     -3.040000      3.447579      3.447579      6.895158
     -3.020000      2.549841      2.549841      5.099682
     -3.000000      1.837679      1.837679      3.675358
     -2.980000      1.379978      1.379978      2.759956
     -2.960000      1.201531      1.201531      2.403062
     -2.940000      1.292566      1.292566      2.585132
     -2.920000      1.620255      1.620255      3.240510
     -2.900000      2.135793      2.135793      4.271585
     -2.880000      2.776698      2.776698      5.553395
     -2.860000      3.468018      3.468018      6.936036
     -2.840000      4.126920      4.126920      8.253840
     -2.820000      4.673434      4.673434      9.346868
     -2.800000      5.046918      5.046918     10.093836
     -2.780000      5.223914      5.223914     10.447828
     -2.760000      5.229679      5.229679     10.459359
     -2.740000      5.135174      5.135174     10.270348
     -2.720000      5.035707      5.035707     10.071415
     -2.700000      5.016256      5.016256     10.032512
     -2.680000      5.117269      5.117269     10.234539
     -2.660000      5.317568      5.317568     10.635137
     -2.640000      5.544607      5.544607     11.089215
     -2.620000      5.709379      5.709379     11.418758
     -2.600000      5.750598      5.750598     11.501196
     -2.580000      5.667359      5.667359     11.334719
     -2.560000      5.524061      5.524061     11.048123
     -2.540000      5.423761      5.423761     10.847523
     -2.520000      5.460958      5.460958     10.921916
     -2.500000      5.675663      5.675663     11.351325
     -2.480000      6.032072      6.032072     12.064144
     -2.460000      6.434616      6.434616     12.869231
     -2.440000      6.774770      6.774770     13.549541
     -2.420000      6.983575      6.983575     13.967149
     -2.400000      7.059274      7.059274     14.118548
     -2.380000      7.053047      7.053047     14.106094
     -2.360000      7.021669      7.021669     14.043339
     -2.340000      6.977718      6.977718     13.955435
     -2.320000      6.870023      6.870023     13.740046
     -2.300000      6.607473      6.607473     13.214946
     -2.280000      6.111246      6.111246     12.222492
     -2.260000      5.363413      5.363413     10.726825
     -2.240000      4.424330      4.424330      8.848660
     -2.220000      3.412399      3.412399      6.824798
     -2.200000      2.461913      2.461913      4.923826
     -2.180000      1.683839      1.683839      3.367678
     -2.160000      1.147369      1.147369      2.294738
     -2.140000      0.884593      0.884593      1.769187
     -2.120000      0.907517      0.907517      1.815034
     -2.100000      1.222447      1.222447      2.444894
     -2.080000      1.831685      1.831685      3.663369
     -2.060000      2.722283      2.722283      5.444566
     -2.040000      3.850890      3.850890      7.701781
     -2.020000      5.137571      5.137571     10.275142
     -2.000000      6.477146      6.477146     12.954292
     -1.980000      7.765551      7.765551     15.531103
     -1.960000      8.927411      8.927411     17.854822
     -1.940000      9.927999      9.927999     19.855998
     -1.920000     10.762011     10.762011     21.524023
     -1.900000     11.428003     11.428003     22.856007
     -1.880000     11.908965     11.908965     23.817930
     -1.860000     12.176432     12.176432     24.352864
     -1.840000     12.218380     12.218380     24.436760
     -1.820000     12.071682     12.071682     24.143363
     -1.800000     11.832498     11.832498     23.664997
     -1.780000     11.629119     11.629119     23.258238
     -1.760000     11.564977     11.564977     23.129953
     -1.740000     11.660240     11.660240     23.320481
     -1.720000     11.825147     11.825147     23.650294
     -1.700000     11.883692     11.883692     23.767383
     -1.680000     11.640623     11.640623     23.281247
     -1.660000     10.962494     10.962494     21.924987
     -1.640000      9.837040      9.837040     19.674080
     -1.620000      8.387279      8.387279     16.774559
     -1.600000      6.839294      6.839294     13.678589
     -1.580000      5.462375      5.462375     10.924750
     -1.560000      4.506663      4.506663      9.013326
     -1.540000      4.156003      4.156003      8.312006
     -1.520000      4.500443      4.500443      9.000886
     -1.500000      5.524175      5.524175     11.048350
     -1.480000      7.105323      7.105323     14.210646
     -1.460000      9.030108      9.030108     18.060215
     -1.440000     11.026931     11.026931     22.053863
     -1.420000     12.820280     12.820280     25.640561
     -1.400000     14.192524     14.192524     28.385047
     -1.380000     15.032503     15.032503     30.065006
     -1.360000     15.351347     15.351347     30.702694
     -1.340000     15.258879     15.258879     30.517757
     -1.320000     14.911183     14.911183     29.822366
     -1.300000     14.451702     14.451702     28.903405
     -1.280000     13.968856     13.968856     27.937711
     -1.260000     13.483456     13.483456     26.966912
     -1.240000     12.965036     12.965036     25.930072
     -1.220000     12.364645     12.364645     24.729290
     -1.200000     11.647706     11.647706     23.295412
     -1.180000     10.814403     10.814403     21.628807
     -1.160000      9.903157      9.903157     19.806314
     -1.140000      8.980019      8.980019     17.960037
     -1.120000      8.120518      8.120518     16.241037
     -1.100000      7.390960      7.390960     14.781921
     -1.080000      6.834965      6.834965     13.669929
     -1.060000      6.468911      6.468911     12.937822
     -1.040000      6.286615      6.286615     12.573230
     -1.020000      6.269527      6.269527     12.539054
     -1.000000      6.395994      6.395994     12.791988
     -0.980000      6.643919      6.643919     13.287839
     -0.960000      6.986082      6.986082     13.972164
     -0.940000      7.383927      7.383927     14.767853
     -0.920000      7.788974      7.788974     15.577947
     -0.900000      8.157059      8.157059     16.314119
     -0.880000      8.470253      8.470253     16.940506
     -0.860000      8.751730      8.751730     17.503460
     -0.840000      9.059381      9.059381     18.118762
     -0.820000      9.457192      9.457192     18.914385
     -0.800000      9.980914      9.980914     19.961828
     -0.780000     10.621631     10.621631     21.243262
     -0.760000     11.339606     11.339606     22.679212
     -0.740000     12.098274     12.098274     24.196548
     -0.720000     12.891994     12.891994     25.783989
     -0.700000     13.744289     13.744289     27.488578
     -0.680000     14.673804     14.673804     29.347607
     -0.660000     15.648011     15.648011     31.296023
     -0.640000     16.554272     16.554272     33.108544
     -0.620000     17.209231     17.209231     34.418461
     -0.600000     17.407423     17.407423     34.814845
     -0.580000     16.990112     16.990112     33.980225
     -0.560000     15.905565     15.905565     31.811129
     -0.540000     14.236040     14.236040     28.472080
     -0.520000     12.182202     12.182202     24.364404
     -0.500000     10.014278     10.014278     20.028556
     -0.480000      8.011366      8.011366     16.022732
     -0.460000      6.409917      6.409917     12.819834
     -0.440000      5.371868      5.371868     10.743735
     -0.420000      4.970851      4.970851      9.941701
     -0.400000      5.189565      5.189565     10.379129
     -0.380000      5.924474      5.924474     11.848949
     -0.360000      7.000113      7.000113     14.000225
     -0.340000      8.197424      8.197424     16.394848
     -0.320000      9.296255      9.296255     18.592509
     -0.300000     10.124474     10.124474     20.248948
     -0.280000     10.600755     10.600755     21.201511
     -0.260000     10.757716     10.757716     21.515432
     -0.240000     10.736412     10.736412     21.472823
     -0.220000     10.750306     10.750306     21.500612
     -0.200000     11.025598     11.025598     22.051196
     -0.180000     11.733660     11.733660     23.467321
     -0.160000     12.936803     12.936803     25.873606
     -0.140000     14.566218     14.566218     29.132437
     -0.120000     16.439693     16.439693     32.879385
     -0.100000     18.311296     18.311296     36.622591
     -0.080000     19.933923     19.933923     39.867847
     -0.060000     21.113901     21.113901     42.227802
     -0.040000     21.743984     21.743984     43.487968
     -0.020000     21.811339     21.811339     43.622679
      0.000000     21.384844     21.384844     42.769688
      0.020000     20.589334     20.589334     41.178668
      0.040000     19.574508     19.574508     39.149015
      0.060000     18.484859     18.484859     36.969718
      0.080000     17.435295     17.435295     34.870590
      0.100000     16.495247     16.495247     32.990494
      0.120000     15.682423     15.682423     31.364847
      0.140000     14.966035     14.966035     29.932071
      0.160000     14.278399     14.278399     28.556799
      0.180000     13.533013     13.533013     27.066025
      0.200000     12.646435     12.646435     25.292871
      0.220000     11.560394     11.560394     23.120789
      0.240000     10.259516     10.259516     20.519033
      0.260000      8.779725      8.779725     17.559451
      0.280000      7.203784      7.203784     14.407568
      0.300000      5.644354      5.644354     11.288708
      0.320000      4.219955      4.219955      8.439911
      0.340000      3.032489      3.032489      6.064977
      0.360000      2.154197      2.154197      4.308394
      0.380000      1.627095      1.627095      3.254190
      0.400000      1.471575      1.471575      2.943149
      0.420000      1.696452      1.696452      3.392903
      0.440000      2.302282      2.302282      4.604564
      0.460000      3.273412      3.273412      6.546824
      0.480000      4.560378      4.560378      9.120755
      0.500000      6.060712      6.060712     12.121424
      0.520000      7.610385      7.610385     15.220770
      0.540000      8.997458      8.997458     17.994915
      0.560000     10.002320     10.002320     20.004640
      0.580000     10.456320     10.456320     20.912640
      0.600000     10.298049     10.298049     20.596099
      0.620000      9.601982      9.601982     19.203964
      0.640000      8.562845      8.562845     17.125690
      0.660000      7.438555      7.438555     14.877109
      0.680000      6.474470      6.474470     12.948940
      0.700000      5.840125      5.840125     11.680249
      0.720000      5.601273      5.601273     11.202546
      0.740000      5.730390      5.730390     11.460780
      0.760000      6.139993      6.139993     12.279986
      0.780000      6.716388      6.716388     13.432775
      0.800000      7.339237      7.339237     14.678474
      0.820000      7.887703      7.887703     15.775406
      0.840000      8.245103      8.245103     16.490206
      0.860000      8.313282      8.313282     16.626563
      0.880000      8.036684      8.036684     16.073368
      0.900000      7.424076      7.424076     14.848153
      0.920000      6.552875      6.552875     13.105750
      0.940000      5.549598      5.549598     11.099196
      0.960000      4.553437      4.553437      9.106874
      0.980000      3.678732      3.678732      7.357464
      1.000000      2.991104      2.991104      5.982207
      1.020000      2.503475      2.503475      5.006950
      1.040000      2.188624      2.188624      4.377248
      1.060000      1.999459      1.999459      3.998917
      1.080000      1.888138      1.888138      3.776276
      1.100000      1.818596      1.818596      3.637192
      1.120000      1.771260      1.771260      3.542520
      1.140000      1.741932      1.741932      3.483864
      1.160000      1.738016      1.738016      3.476032
      1.180000      1.774697      1.774697      3.549394
      1.200000      1.872059      1.872059      3.744118
      1.220000      2.052561      2.052561      4.105122
      1.240000      2.337711      2.337711      4.675422
      1.260000      2.743479      2.743479      5.486959
      1.280000      3.275249      3.275249      6.550497
      1.300000      3.923880      3.923880      7.847760
      1.320000      4.664018      4.664018      9.328037
      1.340000      5.454615      5.454615     10.909229
      1.360000      6.241183      6.241183     12.482365
      1.380000      6.960279      6.960279     13.920558
      1.400000      7.547762      7.547762     15.095524
      1.420000      7.951190      7.951190     15.902381
      1.440000      8.142798      8.142798     16.285596
      1.460000      8.126005      8.126005     16.252010
      1.480000      7.929933      7.929933     15.859866
      1.500000      7.593613      7.593613     15.187226
      1.520000      7.149330      7.149330     14.298659
      1.540000      6.615786      6.615786     13.231572
      1.560000      6.004621      6.004621     12.009242
      1.580000      5.333986      5.333986     10.667971
      1.600000      4.638644      4.638644      9.277288
      1.620000      3.970489      3.970489      7.940978
      1.640000      3.391775      3.391775      6.783551
      1.660000      2.968091      2.968091      5.936181
      1.680000      2.765312      2.765312      5.530624
      1.700000      2.847751      2.847751      5.695501
      1.720000      3.270052      3.270052      6.540105
      1.740000      4.057995      4.057995      8.115989
      1.760000      5.182102      5.182102     10.364204
      1.780000      6.536984      6.536984     13.073968
      1.800000      7.941646      7.941646     15.883291
      1.820000      9.168819      9.168819     18.337637
      1.840000      9.998032      9.998032     19.996063
      1.860000     10.275244     10.275244     20.550489
      1.880000      9.958064      9.958064     19.916129
      1.900000      9.131113      9.131113     18.262226
      1.920000      7.986997      7.986997     15.973995
      1.940000      6.778981      6.778981     13.557962
      1.960000      5.758435      5.758435     11.516869
      1.980000      5.113240      5.113240     10.226481
      2.000000      4.923468      4.923468      9.846935
      2.020000      5.147769      5.147769     10.295537
      2.040000      5.646707      5.646707     11.293414
      2.060000      6.237101      6.237101     12.474202
      2.080000      6.757623      6.757623     13.515246
      2.100000      7.117898      7.117898     14.235797
      2.120000      7.308759      7.308759     14.617518
      2.140000      7.370908      7.370908     14.741816
      2.160000      7.342996      7.342996     14.685993
      2.180000      7.222428      7.222428     14.444857
      2.200000      6.963589      6.963589     13.927178
      2.220000      6.513608      6.513608     13.027216
      2.240000      5.862046      5.862046     11.724093
      2.260000      5.073818      5.073818     10.147637
      2.280000      4.287170      4.287170      8.574339
      2.300000      3.679647      3.679647      7.359293
      2.320000      3.419697      3.419697      6.839394
      2.340000      3.622521      3.622521      7.245042
      2.360000      4.320222      4.320222      8.640444
      2.380000      5.447953      5.447953     10.895906
      2.400000      6.845877      6.845877     13.691754
      2.420000      8.279554      8.279554     16.559109
      2.440000      9.481994      9.481994     18.963988
      2.460000     10.214171     10.214171     20.428342
      2.480000     10.329587     10.329587     20.659174
      2.500000      9.820482      9.820482     19.640964
      2.520000      8.826096      8.826096     17.652192
      2.540000      7.597253      7.597253     15.194507
      2.560000      6.428825      6.428825     12.857650
      2.580000      5.582699      5.582699     11.165399
      2.600000      5.224192      5.224192     10.448383
      2.620000      5.387357      5.387357     10.774715
      2.640000      5.975498      5.975498     11.950995
      2.660000      6.795688      6.795688     13.591375
      2.680000      7.619411      7.619411     15.238823
      2.700000      8.253709      8.253709     16.507417
      2.720000      8.600436      8.600436     17.200871
      2.740000      8.680829      8.680829     17.361658
      2.760000      8.612903      8.612903     17.225805
      2.780000      8.548522      8.548522     17.097043
      2.800000      8.596525      8.596525     17.193050
      2.820000      8.766907      8.766907     17.533813
      2.840000      8.962546      8.962546     17.925093
      2.860000      9.022418      9.022418     18.044836
      2.880000      8.795310      8.795310     17.590621
      2.900000      8.209365      8.209365     16.418729
      2.920000      7.307231      7.307231     14.614462
      2.940000      6.235402      6.235402     12.470804
      2.960000      5.197409      5.197409     10.394818
      2.980000      4.392763      4.392763      8.785526
      3.000000      3.963304      3.963304      7.926608
      3.020000      3.960780      3.960780      7.921560
      3.040000      4.341051      4.341051      8.682101
      3.060000      4.984471      4.984471      9.968941
      3.080000      5.736917      5.736917     11.473834
      3.100000      6.459432      6.459432     12.918865
      3.120000      7.068574      7.068574     14.137149
      3.140000      7.550133      7.550133     15.100266
      3.160000      7.939851      7.939851     15.879703
      3.180000      8.282203      8.282203     16.564406
      3.200000      8.591315      8.591315     17.182631
      3.220000      8.836656      8.836656     17.673312
      3.240000      8.959937      8.959937     17.919873
      3.260000      8.909765      8.909765     17.819530
      3.280000      8.670970      8.670970     17.341940
      3.300000      8.272334      8.272334     16.544668
      3.320000      7.773077      7.773077     15.546154
      3.340000      7.241665      7.241665     14.483331
      3.360000      6.741107      6.741107     13.482213
      3.380000      6.324639      6.324639     12.649278
      3.400000      6.034661      6.034661     12.069322
      3.420000      5.895538      5.895538     11.791075
      3.440000      5.898949      5.898949     11.797897
      3.460000      5.991352      5.991352     11.982703
      3.480000      6.077068      6.077068     12.154136
      3.500000      6.043309      6.043309     12.086618
      3.520000      5.799776      5.799776     11.599553
      3.540000      5.315018      5.315018     10.630035
      3.560000      4.631958      4.631958      9.263916
      3.580000      3.855654      3.855654      7.711308
      3.600000      3.120333      3.120333      6.240666
      3.620000      2.551634      2.551634      5.103267
      3.640000      2.239550      2.239550      4.479100
      3.660000      2.229654      2.229654      4.459307
      3.680000      2.530186      2.530186      5.060372
      3.700000      3.125743      3.125743      6.251485
      3.720000      3.987167      3.987167      7.974335
      3.740000      5.071830      5.071830     10.143661
      3.760000      6.316167      6.316167     12.632334
      3.780000      7.628921      7.628921     15.257843
      3.800000      8.894442      8.894442     17.788883
      3.820000      9.989084      9.989084     19.978169
      3.840000     10.804249     10.804249     21.608498
      3.860000     11.264389     11.264389     22.528778
      3.880000     11.332460     11.332460     22.664920
      3.900000     11.005407     11.005407     22.010815
      3.920000     10.309138     10.309138     20.618275
      3.940000      9.299452      9.299452     18.598903
      3.960000      8.065668      8.065668     16.131335
      3.980000      6.727272      6.727272     13.454545
      4.000000      5.417633      5.417633     10.835266
      4.020000      4.259392      4.259392      8.518783
      4.040000      3.343736      3.343736      6.687473
      4.060000      2.723432      2.723432      5.446863
      4.080000      2.419491      2.419491      4.838982
      4.100000      2.432122      2.432122      4.864243
      4.120000      2.745263      2.745263      5.490527
      4.140000      3.321144      3.321144      6.642287
      4.160000      4.091096      4.091096      8.182192
      4.180000      4.954089      4.954089      9.908177
      4.200000      5.791009      5.791009     11.582018
      4.220000      6.492748      6.492748     12.985496
      4.240000      6.990199      6.990199     13.980397
      4.260000      7.271601      7.271601     14.543201
      4.280000      7.379474      7.379474     14.758948
      4.300000      7.391151      7.391151     14.782301
      4.320000      7.395195      7.395195     14.790389
      4.340000      7.474878      7.474878     14.949755
      4.360000      7.700696      7.700696     15.401391
      4.380000      8.124381      8.124381     16.248761
      4.400000      8.765256      8.765256     17.530512
      4.420000      9.588259      9.588259     19.176518
      4.440000     10.485496     10.485496     20.970992
      4.460000     11.279391     11.279391     22.558782
      4.480000     11.758413     11.758413     23.516826
      4.500000     11.738549     11.738549     23.477098
      4.520000     11.126385     11.126385     22.252770
      4.540000      9.954979      9.954979     19.909957
      4.560000      8.375664      8.375664     16.751328
      4.580000      6.610219      6.610219     13.220437
      4.600000      4.885525      4.885525      9.771050
      4.620000      3.377463      3.377463      6.754925
      4.640000      2.181994      2.181994      4.363989
      4.660000      1.316486      1.316486      2.632971
      4.680000      0.742031      0.742031      1.484062
      4.700000      0.392990      0.392990      0.785980
      4.720000      0.202594      0.202594      0.405187
      4.740000      0.119605      0.119605      0.239209
      4.760000      0.116476      0.116476      0.232953
      4.780000      0.191879      0.191879      0.383758
      4.800000      0.369658      0.369658      0.739316
      4.820000      0.693705      0.693705      1.387411
      4.840000      1.216102      1.216102      2.432204
      4.860000      1.976547      1.976547      3.953094
      4.880000      2.975623      2.975623      5.951246
      4.900000      4.151233      4.151233      8.302467
      4.920000      5.372076      5.372076     10.744152
      4.940000      6.458999      6.458999     12.917998
      4.960000      7.233113      7.233113     14.466226
      4.980000      7.574015      7.574015     15.148030
      5.000000      7.462592      7.462592     14.925184
      5.020000      6.988109      6.988109     13.976218
      5.040000      6.316876      6.316876     12.633751
      5.060000      5.638989      5.638989     11.277978
      5.080000      5.118452      5.118452     10.236904
      5.100000      4.865848      4.865848      9.731695
      5.120000      4.937087      4.937087      9.874174
      5.140000      5.346892      5.346892     10.693784
      5.160000      6.080044      6.080044     12.160089
      5.180000      7.089167      7.089167     14.178334
      5.200000      8.280873      8.280873     16.561747
      5.220000      9.504524      9.504524     19.009048
      5.240000     10.561423     10.561423     21.122847
      5.260000     11.243280     11.243280     22.486560
      5.280000     11.391305     11.391305     22.782610
      5.300000     10.952199     10.952199     21.904398
      5.320000     10.005040     10.005040     20.010079
      5.340000      8.745966      8.745966     17.491931
      5.360000      7.437385      7.437385     14.874770
      5.380000      6.342696      6.342696     12.685392
      5.400000      5.668853      5.668853     11.337706
      5.420000      5.529744      5.529744     11.059488
      5.440000      5.931927      5.931927     11.863854
      5.460000      6.778247      6.778247     13.556495
      5.480000      7.885819      7.885819     15.771637
      5.500000      9.018519      9.018519     18.037038
      5.520000      9.934614      9.934614     19.869229
      5.540000     10.444327     10.444327     20.888654
      5.560000     10.462502     10.462502     20.925003
      5.580000     10.035108     10.035108     20.070215
      5.600000      9.322455      9.322455     18.644910
      5.620000      8.538559      8.538559     17.077119
      5.640000      7.867994      7.867994     15.735988
      5.660000      7.396053      7.396053     14.792105
      5.680000      7.084697      7.084697     14.169395
      5.700000      6.805193      6.805193     13.610386
      5.720000      6.409955      6.409955     12.819910
      5.740000      5.807253      5.807253     11.614505
      5.760000      5.003878      5.003878     10.007756
      5.780000      4.100790      4.100790      8.201580
      5.800000      3.251834      3.251834      6.503667
      5.820000      2.610952      2.610952      5.221904
      5.840000      2.292088      2.292088      4.584175
      5.860000      2.352788      2.352788      4.705576
      5.880000      2.797884      2.797884      5.595767
      5.900000      3.591686      3.591686      7.183373
      5.920000      4.667754      4.667754      9.335509
      5.940000      5.931360      5.931360     11.862721
      5.960000      7.257435      7.257435     14.514870
      5.980000      8.492614      8.492614     16.985228
      6.000000      9.471122      9.471122     18.942245
      6.020000     10.048350     10.048350     20.096699
      6.040000     10.144213     10.144213     20.288427
      6.060000      9.777294      9.777294     19.554588
      6.080000      9.069019      9.069019     18.138038
      6.100000      8.209158      8.209158     16.418316
      6.120000      7.393931      7.393931     14.787862
      6.140000      6.763722      6.763722     13.527444
      6.160000      6.368369      6.368369     12.736738
      6.180000      6.173858      6.173858     12.347715
      6.200000      6.103683      6.103683     12.207366
      6.220000      6.092421      6.092421     12.184843
      6.240000      6.124965      6.124965     12.249930
      6.260000      6.243085      6.243085     12.486170
      6.280000      6.517389      6.517389     13.034779
      6.300000      7.000349      7.000349     14.000698
      6.320000      7.686431      7.686431     15.372862
      6.340000      8.501926      8.501926     17.003851
      6.360000      9.329874      9.329874     18.659748
      6.380000     10.054089     10.054089     20.108177
      6.400000     10.594800     10.594800     21.189600
      6.420000     10.915943     10.915943     21.831886
      6.440000     11.005635     11.005635     22.011270
      6.460000     10.850823     10.850823     21.701646
      6.480000     10.429321     10.429321     20.858642
      6.500000      9.726309      9.726309     19.452618
      6.520000      8.761627      8.761627     17.523253
      6.540000      7.605588      7.605588     15.211176
      6.560000      6.370278      6.370278     12.740556
      6.580000      5.181386      5.181386     10.362771
      6.600000      4.147981      4.147981      8.295962
      6.620000      3.346184      3.346184      6.692368
      6.640000      2.820689      2.820689      5.641378
      6.660000      2.595487      2.595487      5.190973
      6.680000      2.680241      2.680241      5.360482
      6.700000      3.063848      3.063848      6.127695
      6.720000      3.697890      3.697890      7.395779
      6.740000      4.482959      4.482959      8.965919
      6.760000      5.273274      5.273274     10.546549
      6.780000      5.906688      5.906688     11.813377
      6.800000      6.251801      6.251801     12.503601
      6.820000      6.250966      6.250966     12.501932
      6.840000      5.937169      5.937169     11.874337
      6.860000      5.415880      5.415880     10.831760
      6.880000      4.822016      4.822016      9.644032
      6.900000      4.274264      4.274264      8.548528
      6.920000      3.847039      3.847039      7.694078
      6.940000      3.567196      3.567196      7.134393
      6.960000      3.428588      3.428588      6.857176
      6.980000      3.411297      3.411297      6.822593
      7.000000      3.495617      3.495617      6.991234
      7.020000      3.668568      3.668568      7.337137
      7.040000      3.926392      3.926392      7.852783
      7.060000      4.276644      4.276644      8.553288
      7.080000      4.739339      4.739339      9.478677
      7.100000      5.342432      5.342432     10.684865
      7.120000      6.107209      6.107209     12.214418
      7.140000      7.024998      7.024998     14.049997
      7.160000      8.034880      8.034880     16.069761
      7.180000      9.016385      9.016385     18.032770
      7.200000      9.807014      9.807014     19.614027
      7.220000     10.242665     10.242665     20.485330
      7.240000     10.206476     10.206476     20.412953
      7.260000      9.666321      9.666321     19.332642
      7.280000      8.686544      8.686544     17.373089
      7.300000      7.411854      7.411854     14.823708
      7.320000      6.032782      6.032782     12.065564
      7.340000      4.746761      4.746761      9.493521
      7.360000      3.725662      3.725662      7.451324
      7.380000      3.093605      3.093605      6.187210
      7.400000      2.913269      2.913269      5.826538
      7.420000      3.178351      3.178351      6.356702
      7.440000      3.813723      3.813723      7.627445
      7.460000      4.688969      4.688969      9.377938
      7.480000      5.649700      5.649700     11.299399
      7.500000      6.561875      6.561875     13.123750
      7.520000      7.352156      7.352156     14.704313
      7.540000      8.022048      8.022048     16.044097
      7.560000      8.623444      8.623444     17.246887
      7.580000      9.205290      9.205290     18.410579
      7.600000      9.761238      9.761238     19.522476
      7.620000     10.210602     10.210602     20.421204
      7.640000     10.425693     10.425693     20.851386
      7.660000     10.290172     10.290172     20.580344
      7.680000      9.755157      9.755157     19.510314
      7.700000      8.864108      8.864108     17.728216
      7.720000      7.738817      7.738817     15.477634
      7.740000      6.540881      6.540881     13.081761
      7.760000      5.431638      5.431638     10.863277
      7.780000      4.546645      4.546645      9.093289
      7.800000      3.986765      3.986765      7.973531
      7.820000      3.817686      3.817686      7.635372
      7.840000      4.068188      4.068188      8.136376
      7.860000      4.723254      4.723254      9.446507
      7.880000      5.715648      5.715648     11.431296
      7.900000      6.924359      6.924359     13.848717
      7.920000      8.187733      8.187733     16.375467
      7.940000      9.333483      9.333483     18.666967
      7.960000     10.219114     10.219114     20.438229
      7.980000     10.768840     10.768840     21.537680
      8.000000     10.991161     10.991161     21.982321
      8.020000     10.967751     10.967751     21.935503
      8.040000     10.817254     10.817254     21.634508
      8.060000     10.650251     10.650251     21.300502
      8.080000     10.536003     10.536003     21.072006
      8.100000     10.493905     10.493905     20.987811
      8.120000     10.507616     10.507616     21.015232
      8.140000     10.547822     10.547822     21.095644
      8.160000     10.588570     10.588570     21.177140
      8.180000     10.611295     10.611295     21.222589
      8.200000     10.601430     10.601430     21.202860
      8.220000     10.546233     10.546233     21.092466
      8.240000     10.437860     10.437860     20.875720
      8.260000     10.278735     10.278735     20.557469
      8.280000     10.083377     10.083377     20.166753
      8.300000      9.873724      9.873724     19.747448
      8.320000      9.670177      9.670177     19.340355
      8.340000      9.483883      9.483883     18.967765
      8.360000      9.315253      9.315253     18.630506
      8.380000      9.160121      9.160121     18.320241
      8.400000      9.020246      9.020246     18.040491
      8.420000      8.911648      8.911648     17.823295
      8.440000      8.864347      8.864347     17.728694
      8.460000      8.911070      8.911070     17.822140
      8.480000      9.068376      9.068376     18.136752
      8.500000      9.318306      9.318306     18.636612
      8.520000      9.599548      9.599548     19.199095
      8.540000      9.814144      9.814144     19.628287
      8.560000      9.850400      9.850400     19.700800
      8.580000      9.616778      9.616778     19.233556
      8.600000      9.076721      9.076721     18.153443
      8.620000      8.272107      8.272107     16.544214
      8.640000      7.324842      7.324842     14.649684
      8.660000      6.412548      6.412548     12.825096
      8.680000      5.723471      5.723471     11.446942
      8.700000      5.404231      5.404231     10.808462
      8.720000      5.517994      5.517994     11.035989
      8.740000      6.028191      6.028191     12.056382
      8.760000      6.814396      6.814396     13.628792
      8.780000      7.715188      7.715188     15.430377
      8.800000      8.581962      8.581962     17.163925
      8.820000      9.322693      9.322693     18.645385
      8.840000      9.918606      9.918606     19.837213
      8.860000     10.408812     10.408812     20.817623
      8.880000     10.852769     10.852769     21.705538
      8.900000     11.290505     11.290505     22.581011
      8.920000     11.720101     11.720101     23.440202
      8.940000     12.101359     12.101359     24.202719
      8.960000     12.379880     12.379880     24.759760
      8.980000     12.515704     12.515704     25.031407
      9.000000     12.500916     12.500916     25.001831
      9.020000     12.359870     12.359870     24.719740
      9.040000     12.136945     12.136945     24.273889
      9.060000     11.882341     11.882341     23.764682
      9.080000     11.643826     11.643826     23.287651
      9.100000     11.464936     11.464936     22.929872
      9.120000     11.384244     11.384244     22.768489
      9.140000     11.429705     11.429705     22.859410
      9.160000     11.606669     11.606669     23.213339
      9.180000     11.884496     11.884496     23.768992
      9.200000     12.190942     12.190942     24.381885
      9.220000     12.422682     12.422682     24.845364
      9.240000     12.473675     12.473675     24.947349
      9.260000     12.273078     12.273078     24.546156
      9.280000     11.816507     11.816507     23.633014
      9.300000     11.174711     11.174711     22.349422
      9.320000     10.473837     10.473837     20.947674
      9.340000      9.856190      9.856190     19.712380
      9.360000      9.440295      9.440295     18.880590
      9.380000      9.297249      9.297249     18.594499
      9.400000      9.448389      9.448389     18.896778
      9.420000      9.876108      9.876108     19.752216
      9.440000     10.534666     10.534666     21.069332
      9.460000     11.353577     11.353577     22.707154
      9.480000     12.236772     12.236772     24.473543
      9.500000     13.067159     13.067159     26.134319
      9.520000     13.723570     13.723570     27.447140
      9.540000     14.108009     14.108009     28.216019
      9.560000     14.172932     14.172932     28.345864
      9.580000     13.936646     13.936646     27.873292
      9.600000     13.480346     13.480346     26.960691
      9.620000     12.928341     12.928341     25.856682
      9.640000     12.418965     12.418965     24.837930
      9.660000     12.075126     12.075126     24.150253
      9.680000     11.981556     11.981556     23.963112
      9.700000     12.172545     12.172545     24.345089
      9.720000     12.631046     12.631046     25.262092
      9.740000     13.297717     13.297717     26.595434
      9.760000     14.086568     14.086568     28.173135
      9.780000     14.902424     14.902424     29.804848
      9.800000     15.655141     15.655141     31.310281
      9.820000     16.267181     16.267181     32.534363
      9.840000     16.674678     16.674678     33.349356
      9.860000     16.825460     16.825460     33.650920
      9.880000     16.678709     16.678709     33.357418
      9.900000     16.209138     16.209138     32.418276
      9.920000     15.415410     15.415410     30.830820
      9.940000     14.329817     14.329817     28.659634
      9.960000     13.024891     13.024891     26.049782
      9.980000     11.612238     11.612238     23.224475
     10.000000     10.229946     10.229946     20.459891
