# EIG2DOS: Utility for SIESTA to obtain the electronic density of states
#  E. Artacho, Apr 1999, A. Garcia, Apr 2012
# ------------------------------------------
# Eigenvalues read from GRP_doping.EIG
# Using smearing parameter:   0.100
# Using   1001 points in energy range
# Selected bands: 1 to: 936
# Emin, emax in file for selected band(s):    -24.0670800    254.2462400
# Nbands, Nspin, Nk   =    936     1   231
# E_F                 =    -5.1315 eV --> (shifted to ZERO)
# Broadening          =     0.1000 eV
#
#        E            N(up)  (=)   N(down)         Ntot
    -10.000000      4.578880      4.578880      9.157761
     -9.980000      4.697023      4.697023      9.394047
     -9.960000      4.873861      4.873861      9.747722
     -9.940000      5.117990      5.117990     10.235980
     -9.920000      5.428061      5.428061     10.856121
     -9.900000      5.786969      5.786969     11.573938
     -9.880000      6.161002      6.161002     12.322003
     -9.860000      6.505923      6.505923     13.011846
     -9.840000      6.778471      6.778471     13.556942
     -9.820000      6.948570      6.948570     13.897139
     -9.800000      7.006964      7.006964     14.013929
     -9.780000      6.965414      6.965414     13.930827
     -9.760000      6.850450      6.850450     13.700901
     -9.740000      6.694569      6.694569     13.389137
     -9.720000      6.528858      6.528858     13.057716
     -9.700000      6.378991      6.378991     12.757982
     -9.680000      6.263878      6.263878     12.527756
     -9.660000      6.195100      6.195100     12.390201
     -9.640000      6.175945      6.175945     12.351890
     -9.620000      6.200607      6.200607     12.401213
     -9.600000      6.255283      6.255283     12.510565
     -9.580000      6.322352      6.322352     12.644705
     -9.560000      6.386822      6.386822     12.773644
     -9.540000      6.442139      6.442139     12.884279
     -9.520000      6.492026      6.492026     12.984051
     -9.500000      6.546810      6.546810     13.093619
     -9.480000      6.615810      6.615810     13.231620
     -9.460000      6.699697      6.699697     13.399395
     -9.440000      6.786945      6.786945     13.573890
     -9.420000      6.856433      6.856433     13.712866
     -9.400000      6.885329      6.885329     13.770657
     -9.380000      6.859021      6.859021     13.718041
     -9.360000      6.779052      6.779052     13.558104
     -9.340000      6.665767      6.665767     13.331534
     -9.320000      6.554276      6.554276     13.108553
     -9.300000      6.484680      6.484680     12.969361
     -9.280000      6.489547      6.489547     12.979093
     -9.260000      6.582720      6.582720     13.165441
     -9.240000      6.753302      6.753302     13.506605
     -9.220000      6.967087      6.967087     13.934174
     -9.200000      7.175370      7.175370     14.350740
     -9.180000      7.328540      7.328540     14.657080
     -9.160000      7.390110      7.390110     14.780220
     -9.140000      7.346547      7.346547     14.693095
     -9.120000      7.209673      7.209673     14.419347
     -9.100000      7.011128      7.011128     14.022257
     -9.080000      6.791324      6.791324     13.582649
     -9.060000      6.587292      6.587292     13.174583
     -9.040000      6.423923      6.423923     12.847847
     -9.020000      6.311338      6.311338     12.622675
     -9.000000      6.248159      6.248159     12.496318
     -8.980000      6.227928      6.227928     12.455856
     -8.960000      6.244837      6.244837     12.489674
     -8.940000      6.296049      6.296049     12.592098
     -8.920000      6.380193      6.380193     12.760386
     -8.900000      6.493778      6.493778     12.987556
     -8.880000      6.628072      6.628072     13.256144
     -8.860000      6.768287      6.768287     13.536573
     -8.840000      6.895501      6.895501     13.791002
     -8.820000      6.990632      6.990632     13.981264
     -8.800000      7.039264      7.039264     14.078529
     -8.780000      7.036075      7.036075     14.072150
     -8.760000      6.987528      6.987528     13.975057
     -8.740000      6.911577      6.911577     13.823155
     -8.720000      6.833654      6.833654     13.667308
     -8.700000      6.779577      6.779577     13.559155
     -8.680000      6.767625      6.767625     13.535251
     -8.660000      6.802883      6.802883     13.605766
     -8.640000      6.876317      6.876317     13.752634
     -8.620000      6.968943      6.968943     13.937886
     -8.600000      7.059124      7.059124     14.118248
     -8.580000      7.129790      7.129790     14.259580
     -8.560000      7.172769      7.172769     14.345538
     -8.540000      7.189088      7.189088     14.378175
     -8.520000      7.185969      7.185969     14.371938
     -8.500000      7.172447      7.172447     14.344893
     -8.480000      7.155662      7.155662     14.311323
     -8.460000      7.139133      7.139133     14.278266
     -8.440000      7.123079      7.123079     14.246158
     -8.420000      7.105840      7.105840     14.211679
     -8.400000      7.085198      7.085198     14.170396
     -8.380000      7.059013      7.059013     14.118025
     -8.360000      7.025569      7.025569     14.051138
     -8.340000      6.984486      6.984486     13.968973
     -8.320000      6.938392      6.938392     13.876784
     -8.300000      6.894362      6.894362     13.788724
     -8.280000      6.863531      6.863531     13.727062
     -8.260000      6.858035      6.858035     13.716070
     -8.240000      6.886241      6.886241     13.772483
     -8.220000      6.948590      6.948590     13.897180
     -8.200000      7.036306      7.036306     14.072611
     -8.180000      7.133739      7.133739     14.267477
     -8.160000      7.223298      7.223298     14.446596
     -8.140000      7.290928      7.290928     14.581856
     -8.120000      7.330224      7.330224     14.660448
     -8.100000      7.344015      7.344015     14.688030
     -8.080000      7.343042      7.343042     14.686084
     -8.060000      7.342002      7.342002     14.684004
     -8.040000      7.353967      7.353967     14.707933
     -8.020000      7.385062      7.385062     14.770123
     -8.000000      7.431754      7.431754     14.863508
     -7.980000      7.482386      7.482386     14.964771
     -7.960000      7.522560      7.522560     15.045120
     -7.940000      7.541653      7.541653     15.083306
     -7.920000      7.536879      7.536879     15.073758
     -7.900000      7.512921      7.512921     15.025841
     -7.880000      7.478145      7.478145     14.956290
     -7.860000      7.440534      7.440534     14.881068
     -7.840000      7.405861      7.405861     14.811721
     -7.820000      7.378047      7.378047     14.756093
     -7.800000      7.359548      7.359548     14.719096
     -7.780000      7.350104      7.350104     14.700208
     -7.760000      7.344767      7.344767     14.689534
     -7.740000      7.334087      7.334087     14.668173
     -7.720000      7.308400      7.308400     14.616799
     -7.700000      7.264780      7.264780     14.529560
     -7.680000      7.212183      7.212183     14.424367
     -7.660000      7.170493      7.170493     14.340985
     -7.640000      7.162764      7.162764     14.325529
     -7.620000      7.204482      7.204482     14.408965
     -7.600000      7.295762      7.295762     14.591525
     -7.580000      7.420797      7.420797     14.841593
     -7.560000      7.554638      7.554638     15.109275
     -7.540000      7.673467      7.673467     15.346935
     -7.520000      7.763078      7.763078     15.526156
     -7.500000      7.821844      7.821844     15.643688
     -7.480000      7.857705      7.857705     15.715409
     -7.460000      7.881709      7.881709     15.763419
     -7.440000      7.901934      7.901934     15.803867
     -7.420000      7.920692      7.920692     15.841383
     -7.400000      7.935667      7.935667     15.871334
     -7.380000      7.943358      7.943358     15.886715
     -7.360000      7.942328      7.942328     15.884656
     -7.340000      7.934539      7.934539     15.869077
     -7.320000      7.924629      7.924629     15.849257
     -7.300000      7.918260      7.918260     15.836521
     -7.280000      7.920718      7.920718     15.841437
     -7.260000      7.936170      7.936170     15.872340
     -7.240000      7.967304      7.967304     15.934609
     -7.220000      8.015154      8.015154     16.030307
     -7.200000      8.079509      8.079509     16.159018
     -7.180000      8.160607      8.160607     16.321214
     -7.160000      8.262023      8.262023     16.524047
     -7.140000      8.393460      8.393460     16.786921
     -7.120000      8.571503      8.571503     17.143005
     -7.100000      8.817156      8.817156     17.634311
     -7.080000      9.150627      9.150627     18.301253
     -7.060000      9.585043      9.585043     19.170086
     -7.040000     10.120877     10.120877     20.241755
     -7.020000     10.742155     10.742155     21.484310
     -7.000000     11.415075     11.415075     22.830150
     -6.980000     12.089949     12.089949     24.179898
     -6.960000     12.707610     12.707610     25.415220
     -6.940000     13.210570     13.210570     26.421140
     -6.920000     13.556961     13.556961     27.113921
     -6.900000     13.732789     13.732789     27.465579
     -6.880000     13.757157     13.757157     27.514315
     -6.860000     13.676954     13.676954     27.353908
     -6.840000     13.551797     13.551797     27.103594
     -6.820000     13.434566     13.434566     26.869132
     -6.800000     13.355284     13.355284     26.710569
     -6.780000     13.314770     13.314770     26.629539
     -6.760000     13.290000     13.290000     26.580001
     -6.740000     13.248005     13.248005     26.496010
     -6.720000     13.161984     13.161984     26.323968
     -6.700000     13.023540     13.023540     26.047079
     -6.680000     12.847495     12.847495     25.694991
     -6.660000     12.668936     12.668936     25.337872
     -6.640000     12.534508     12.534508     25.069015
     -6.620000     12.491200     12.491200     24.982401
     -6.600000     12.575883     12.575883     25.151767
     -6.580000     12.807904     12.807904     25.615807
     -6.560000     13.185480     13.185480     26.370960
     -6.540000     13.685325     13.685325     27.370650
     -6.520000     14.264728     14.264728     28.529456
     -6.500000     14.866025     14.866025     29.732051
     -6.480000     15.423905     15.423905     30.847810
     -6.460000     15.875333     15.875333     31.750666
     -6.440000     16.170412     16.170412     32.340824
     -6.420000     16.281504     16.281504     32.563008
     -6.400000     16.208378     16.208378     32.416756
     -6.380000     15.978498     15.978498     31.956997
     -6.360000     15.642616     15.642616     31.285233
     -6.340000     15.265951     15.265951     30.531902
     -6.320000     14.915353     14.915353     29.830707
     -6.300000     14.644148     14.644148     29.288296
     -6.280000     14.478792     14.478792     28.957585
     -6.260000     14.413188     14.413188     28.826377
     -6.240000     14.414951     14.414951     28.829902
     -6.220000     14.442845     14.442845     28.885690
     -6.200000     14.468416     14.468416     28.936832
     -6.180000     14.491611     14.491611     28.983221
     -6.160000     14.542488     14.542488     29.084976
     -6.140000     14.668031     14.668031     29.336062
     -6.120000     14.910693     14.910693     29.821387
     -6.100000     15.289259     15.289259     30.578518
     -6.080000     15.790752     15.790752     31.581504
     -6.060000     16.375870     16.375870     32.751741
     -6.040000     16.993578     16.993578     33.987156
     -6.020000     17.596927     17.596927     35.193854
     -6.000000     18.153304     18.153304     36.306609
     -5.980000     18.646509     18.646509     37.293019
     -5.960000     19.072167     19.072167     38.144335
     -5.940000     19.429795     19.429795     38.859590
     -5.920000     19.714469     19.714469     39.428938
     -5.900000     19.910264     19.910264     39.820528
     -5.880000     19.987642     19.987642     39.975284
     -5.860000     19.907201     19.907201     39.814402
     -5.840000     19.630864     19.630864     39.261727
     -5.820000     19.138032     19.138032     38.276065
     -5.800000     18.440162     18.440162     36.880323
     -5.780000     17.585962     17.585962     35.171924
     -5.760000     16.652997     16.652997     33.305993
     -5.740000     15.728316     15.728316     31.456633
     -5.720000     14.886703     14.886703     29.773407
     -5.700000     14.176113     14.176113     28.352226
     -5.680000     13.615438     13.615438     27.230876
     -5.660000     13.202851     13.202851     26.405702
     -5.640000     12.927973     12.927973     25.855946
     -5.620000     12.780596     12.780596     25.561192
     -5.600000     12.752166     12.752166     25.504333
     -5.580000     12.831211     12.831211     25.662422
     -5.560000     12.997457     12.997457     25.994915
     -5.540000     13.219834     13.219834     26.439667
     -5.520000     13.460928     13.460928     26.921856
     -5.500000     13.686452     13.686452     27.372905
     -5.480000     13.875203     13.875203     27.750406
     -5.460000     14.024743     14.024743     28.049486
     -5.440000     14.150498     14.150498     28.300997
     -5.420000     14.279365     14.279365     28.558731
     -5.400000     14.440884     14.440884     28.881767
     -5.380000     14.658763     14.658763     29.317527
     -5.360000     14.943969     14.943969     29.887938
     -5.340000     15.289608     15.289608     30.579216
     -5.320000     15.668266     15.668266     31.336533
     -5.300000     16.033364     16.033364     32.066728
     -5.280000     16.326035     16.326035     32.652070
     -5.260000     16.487301     16.487301     32.974602
     -5.240000     16.472710     16.472710     32.945421
     -5.220000     16.264787     16.264787     32.529575
     -5.200000     15.878775     15.878775     31.757549
     -5.180000     15.359365     15.359365     30.718731
     -5.160000     14.769443     14.769443     29.538886
     -5.140000     14.174879     14.174879     28.349757
     -5.120000     13.630768     13.630768     27.261535
     -5.100000     13.173479     13.173479     26.346959
     -5.080000     12.819858     12.819858     25.639715
     -5.060000     12.571492     12.571492     25.142983
     -5.040000     12.420042     12.420042     24.840084
     -5.020000     12.350309     12.350309     24.700618
     -5.000000     12.340430     12.340430     24.680859
     -4.980000     12.361367     12.361367     24.722734
     -4.960000     12.378829     12.378829     24.757658
     -4.940000     12.359345     12.359345     24.718690
     -4.920000     12.279412     12.279412     24.558824
     -4.900000     12.134014     12.134014     24.268029
     -4.880000     11.940063     11.940063     23.880125
     -4.860000     11.731919     11.731919     23.463838
     -4.840000     11.549674     11.549674     23.099349
     -4.820000     11.424466     11.424466     22.848933
     -4.800000     11.366927     11.366927     22.733853
     -4.780000     11.363751     11.363751     22.727501
     -4.760000     11.383932     11.383932     22.767865
     -4.740000     11.392170     11.392170     22.784340
     -4.720000     11.364196     11.364196     22.728393
     -4.700000     11.298276     11.298276     22.596553
     -4.680000     11.218761     11.218761     22.437522
     -4.660000     11.170501     11.170501     22.341002
     -4.640000     11.205988     11.205988     22.411976
     -4.620000     11.369325     11.369325     22.738650
     -4.600000     11.681954     11.681954     23.363907
     -4.580000     12.134478     12.134478     24.268956
     -4.560000     12.687125     12.687125     25.374250
     -4.540000     13.278739     13.278739     26.557479
     -4.520000     13.841230     13.841230     27.682460
     -4.500000     14.314141     14.314141     28.628282
     -4.480000     14.653960     14.653960     29.307920
     -4.460000     14.835576     14.835576     29.671153
     -4.440000     14.847861     14.847861     29.695721
     -4.420000     14.688675     14.688675     29.377350
     -4.400000     14.364157     14.364157     28.728313
     -4.380000     13.892867     13.892867     27.785733
     -4.360000     13.310539     13.310539     26.621077
     -4.340000     12.669631     12.669631     25.339263
     -4.320000     12.031058     12.031058     24.062116
     -4.300000     11.450900     11.450900     22.901800
     -4.280000     10.968398     10.968398     21.936795
     -4.260000     10.600591     10.600591     21.201182
     -4.240000     10.344822     10.344822     20.689644
     -4.220000     10.186219     10.186219     20.372438
     -4.200000     10.105872     10.105872     20.211744
     -4.180000     10.086648     10.086648     20.173297
     -4.160000     10.115733     10.115733     20.231465
     -4.140000     10.184359     10.184359     20.368717
     -4.120000     10.285628     10.285628     20.571256
     -4.100000     10.411375     10.411375     20.822749
     -4.080000     10.549232     10.549232     21.098463
     -4.060000     10.681136     10.681136     21.362272
     -4.040000     10.784161     10.784161     21.568321
     -4.020000     10.833750     10.833750     21.667500
     -4.000000     10.808628     10.808628     21.617255
     -3.980000     10.696171     10.696171     21.392341
     -3.960000     10.496970     10.496970     20.993940
     -3.940000     10.227379     10.227379     20.454757
     -3.920000      9.919149      9.919149     19.838298
     -3.900000      9.615923      9.615923     19.231846
     -3.880000      9.367260      9.367260     18.734520
     -3.860000      9.221601      9.221601     18.443201
     -3.840000      9.219403      9.219403     18.438806
     -3.820000      9.386883      9.386883     18.773767
     -3.800000      9.730302      9.730302     19.460603
     -3.780000     10.231554     10.231554     20.463108
     -3.760000     10.847365     10.847365     21.694730
     -3.740000     11.514825     11.514825     23.029649
     -3.720000     12.163679     12.163679     24.327359
     -3.700000     12.731590     12.731590     25.463181
     -3.680000     13.175587     13.175587     26.351174
     -3.660000     13.474373     13.474373     26.948746
     -3.640000     13.621714     13.621714     27.243428
     -3.620000     13.616966     13.616966     27.233931
     -3.600000     13.460270     13.460270     26.920540
     -3.580000     13.155742     13.155742     26.311485
     -3.560000     12.719438     12.719438     25.438877
     -3.540000     12.185167     12.185167     24.370334
     -3.520000     11.602886     11.602886     23.205771
     -3.500000     11.029676     11.029676     22.059352
     -3.480000     10.517845     10.517845     21.035691
     -3.460000     10.105511     10.105511     20.211021
     -3.440000      9.812524      9.812524     19.625048
     -3.420000      9.641399      9.641399     19.282798
     -3.400000      9.581229      9.581229     19.162457
     -3.380000      9.612590      9.612590     19.225180
     -3.360000      9.712039      9.712039     19.424078
     -3.340000      9.855247      9.855247     19.710494
     -3.320000     10.018496     10.018496     20.036992
     -3.300000     10.179330     10.179330     20.358661
     -3.280000     10.317986     10.317986     20.635972
     -3.260000     10.420629     10.420629     20.841258
     -3.240000     10.483398     10.483398     20.966797
     -3.220000     10.514495     10.514495     21.028991
     -3.200000     10.532020     10.532020     21.064040
     -3.180000     10.558027     10.558027     21.116054
     -3.160000     10.612143     10.612143     21.224286
     -3.140000     10.708428     10.708428     21.416855
     -3.120000     10.856374     10.856374     21.712747
     -3.100000     11.063271     11.063271     22.126543
     -3.080000     11.333624     11.333624     22.667247
     -3.060000     11.663453     11.663453     23.326906
     -3.040000     12.031779     12.031779     24.063558
     -3.020000     12.395067     12.395067     24.790133
     -3.000000     12.690302     12.690302     25.380605
     -2.980000     12.848242     12.848242     25.696484
     -2.960000     12.812722     12.812722     25.625444
     -2.940000     12.558185     12.558185     25.116370
     -2.920000     12.098061     12.098061     24.196123
     -2.900000     11.480874     11.480874     22.961748
     -2.880000     10.776272     10.776272     21.552545
     -2.860000     10.056827     10.056827     20.113654
     -2.840000      9.381971      9.381971     18.763942
     -2.820000      8.788614      8.788614     17.577227
     -2.800000      8.290043      8.290043     16.580086
     -2.780000      7.881947      7.881947     15.763894
     -2.760000      7.552229      7.552229     15.104457
     -2.740000      7.290199      7.290199     14.580398
     -2.720000      7.091170      7.091170     14.182340
     -2.700000      6.954721      6.954721     13.909442
     -2.680000      6.878236      6.878236     13.756472
     -2.660000      6.850061      6.850061     13.700122
     -2.640000      6.846966      6.846966     13.693931
     -2.620000      6.838151      6.838151     13.676302
     -2.600000      6.794061      6.794061     13.588121
     -2.580000      6.695390      6.695390     13.390779
     -2.560000      6.537779      6.537779     13.075558
     -2.540000      6.330655      6.330655     12.661311
     -2.520000      6.092289      6.092289     12.184578
     -2.500000      5.844744      5.844744     11.689488
     -2.480000      5.611034      5.611034     11.222068
     -2.460000      5.413984      5.413984     10.827969
     -2.440000      5.274655      5.274655     10.549309
     -2.420000      5.209142      5.209142     10.418284
     -2.400000      5.224943      5.224943     10.449886
     -2.380000      5.319341      5.319341     10.638682
     -2.360000      5.481066      5.481066     10.962132
     -2.340000      5.693945      5.693945     11.387890
     -2.320000      5.939889      5.939889     11.879777
     -2.300000      6.199780      6.199780     12.399560
     -2.280000      6.453387      6.453387     12.906774
     -2.260000      6.680748      6.680748     13.361495
     -2.240000      6.866169      6.866169     13.732338
     -2.220000      7.003210      7.003210     14.006421
     -2.200000      7.097390      7.097390     14.194780
     -2.180000      7.164491      7.164491     14.328981
     -2.160000      7.225351      7.225351     14.450701
     -2.140000      7.300394      7.300394     14.600788
     -2.120000      7.406830      7.406830     14.813661
     -2.100000      7.558889      7.558889     15.117777
     -2.080000      7.768784      7.768784     15.537568
     -2.060000      8.045642      8.045642     16.091285
     -2.040000      8.391455      8.391455     16.782911
     -2.020000      8.795689      8.795689     17.591379
     -2.000000      9.231406      9.231406     18.462812
     -1.980000      9.655189      9.655189     19.310377
     -1.960000     10.011790     10.011790     20.023580
     -1.940000     10.243471     10.243471     20.486942
     -1.920000     10.303415     10.303415     20.606829
     -1.900000     10.171419     10.171419     20.342837
     -1.880000      9.867630      9.867630     19.735260
     -1.860000      9.457775      9.457775     18.915550
     -1.840000      9.043690      9.043690     18.087380
     -1.820000      8.737751      8.737751     17.475503
     -1.800000      8.627622      8.627622     17.255244
     -1.780000      8.744350      8.744350     17.488701
     -1.760000      9.047752      9.047752     18.095505
     -1.740000      9.436788      9.436788     18.873576
     -1.720000      9.782109      9.782109     19.564218
     -1.700000      9.968502      9.968502     19.937005
     -1.680000      9.931090      9.931090     19.862180
     -1.660000      9.672261      9.672261     19.344523
     -1.640000      9.254490      9.254490     18.508981
     -1.620000      8.773662      8.773662     17.547324
     -1.600000      8.324459      8.324459     16.648919
     -1.580000      7.971229      7.971229     15.942458
     -1.560000      7.734093      7.734093     15.468186
     -1.540000      7.592773      7.592773     15.185546
     -1.520000      7.503240      7.503240     15.006481
     -1.500000      7.418203      7.418203     14.836406
     -1.480000      7.303101      7.303101     14.606202
     -1.460000      7.143387      7.143387     14.286773
     -1.440000      6.943548      6.943548     13.887096
     -1.420000      6.721095      6.721095     13.442191
     -1.400000      6.498904      6.498904     12.997808
     -1.380000      6.297970      6.297970     12.595940
     -1.360000      6.131454      6.131454     12.262908
     -1.340000      6.000631      6.000631     12.001262
     -1.320000      5.893750      5.893750     11.787500
     -1.300000      5.788799      5.788799     11.577597
     -1.280000      5.660183      5.660183     11.320365
     -1.260000      5.487600      5.487600     10.975200
     -1.240000      5.263962      5.263962     10.527923
     -1.220000      4.999144      4.999144      9.998289
     -1.200000      4.717949      4.717949      9.435898
     -1.180000      4.453046      4.453046      8.906093
     -1.160000      4.235673      4.235673      8.471346
     -1.140000      4.087367      4.087367      8.174734
     -1.120000      4.015188      4.015188      8.030376
     -1.100000      4.011293      4.011293      8.022586
     -1.080000      4.056336      4.056336      8.112672
     -1.060000      4.125225      4.125225      8.250450
     -1.040000      4.193379      4.193379      8.386758
     -1.020000      4.241673      4.241673      8.483346
     -1.000000      4.258756      4.258756      8.517513
     -0.980000      4.240406      4.240406      8.480812
     -0.960000      4.186695      4.186695      8.373390
     -0.940000      4.098663      4.098663      8.197325
     -0.920000      3.976256      3.976256      7.952513
     -0.900000      3.818609      3.818609      7.637219
     -0.880000      3.626484      3.626484      7.252967
     -0.860000      3.405696      3.405696      6.811393
     -0.840000      3.170060      3.170060      6.340120
     -0.820000      2.942902      2.942902      5.885804
     -0.800000      2.757108      2.757108      5.514217
     -0.780000      2.654182      2.654182      5.308363
     -0.760000      2.682453      2.682453      5.364905
     -0.740000      2.893492      2.893492      5.786983
     -0.720000      3.334629      3.334629      6.669258
     -0.700000      4.035680      4.035680      8.071360
     -0.680000      4.990506      4.990506      9.981012
     -0.660000      6.138758      6.138758     12.277516
     -0.640000      7.357677      7.357677     14.715354
     -0.620000      8.474257      8.474257     16.948515
     -0.600000      9.301533      9.301533     18.603067
     -0.580000      9.690560      9.690560     19.381121
     -0.560000      9.578314      9.578314     19.156627
     -0.540000      9.009383      9.009383     18.018767
     -0.520000      8.119638      8.119638     16.239277
     -0.500000      7.088186      7.088186     14.176372
     -0.480000      6.079305      6.079305     12.158609
     -0.460000      5.199332      5.199332     10.398663
     -0.440000      4.483501      4.483501      8.967002
     -0.420000      3.911525      3.911525      7.823050
     -0.400000      3.438081      3.438081      6.876162
     -0.380000      3.021326      3.021326      6.042653
     -0.360000      2.638412      2.638412      5.276824
     -0.340000      2.286333      2.286333      4.572666
     -0.320000      1.973609      1.973609      3.947217
     -0.300000      1.710314      1.710314      3.420629
     -0.280000      1.501716      1.501716      3.003433
     -0.260000      1.346960      1.346960      2.693920
     -0.240000      1.241485      1.241485      2.482969
     -0.220000      1.180938      1.180938      2.361877
     -0.200000      1.164763      1.164763      2.329527
     -0.180000      1.198231      1.198231      2.396462
     -0.160000      1.292103      1.292103      2.584206
     -0.140000      1.459435      1.459435      2.918869
     -0.120000      1.709748      1.709748      3.419495
     -0.100000      2.041887      2.041887      4.083775
     -0.080000      2.437990      2.437990      4.875981
     -0.060000      2.861438      2.861438      5.722877
     -0.040000      3.260934      3.260934      6.521867
     -0.020000      3.580771      3.580771      7.161542
      0.000000      3.774609      3.774609      7.549218
      0.020000      3.817914      3.817914      7.635828
      0.040000      3.714147      3.714147      7.428294
      0.060000      3.492181      3.492181      6.984362
      0.080000      3.196236      3.196236      6.392473
      0.100000      2.872780      2.872780      5.745560
      0.120000      2.559555      2.559555      5.119110
      0.140000      2.280050      2.280050      4.560100
      0.160000      2.043683      2.043683      4.087366
      0.180000      1.849627      1.849627      3.699255
      0.200000      1.691554      1.691554      3.383108
      0.220000      1.561415      1.561415      3.122829
      0.240000      1.451686      1.451686      2.903372
      0.260000      1.356360      1.356360      2.712720
      0.280000      1.271167      1.271167      2.542333
      0.300000      1.193345      1.193345      2.386690
      0.320000      1.121169      1.121169      2.242338
      0.340000      1.053455      1.053455      2.106910
      0.360000      0.989259      0.989259      1.978518
      0.380000      0.927826      0.927826      1.855651
      0.400000      0.868644      0.868644      1.737289
      0.420000      0.811428      0.811428      1.622855
      0.440000      0.755973      0.755973      1.511945
      0.460000      0.702026      0.702026      1.404052
      0.480000      0.649279      0.649279      1.298559
      0.500000      0.597468      0.597468      1.194936
      0.520000      0.546450      0.546450      1.092899
      0.540000      0.496181      0.496181      0.992363
      0.560000      0.446656      0.446656      0.893312
      0.580000      0.397921      0.397921      0.795842
      0.600000      0.350223      0.350223      0.700446
      0.620000      0.304187      0.304187      0.608373
      0.640000      0.260890      0.260890      0.521780
      0.660000      0.221772      0.221772      0.443544
      0.680000      0.188402      0.188402      0.376804
      0.700000      0.162210      0.162210      0.324420
      0.720000      0.144250      0.144250      0.288500
      0.740000      0.135031      0.135031      0.270062
      0.760000      0.134453      0.134453      0.268906
      0.780000      0.141884      0.141884      0.283768
      0.800000      0.156394      0.156394      0.312788
      0.820000      0.177088      0.177088      0.354175
      0.840000      0.203370      0.203370      0.406740
      0.860000      0.234984      0.234984      0.469968
      0.880000      0.271781      0.271781      0.543563
      0.900000      0.313390      0.313390      0.626779
      0.920000      0.359021      0.359021      0.718043
      0.940000      0.407554      0.407554      0.815108
      0.960000      0.457793      0.457793      0.915586
      0.980000      0.508723      0.508723      1.017446
      1.000000      0.559607      0.559607      1.119213
      1.020000      0.609980      0.609980      1.219960
      1.040000      0.659635      0.659635      1.319270
      1.060000      0.708628      0.708628      1.417257
      1.080000      0.757243      0.757243      1.514487
      1.100000      0.805855      0.805855      1.611710
      1.120000      0.854750      0.854750      1.709501
      1.140000      0.904037      0.904037      1.808074
      1.160000      0.953708      0.953708      1.907417
      1.180000      1.003797      1.003797      2.007594
      1.200000      1.054460      1.054460      2.108920
      1.220000      1.105914      1.105914      2.211828
      1.240000      1.158290      1.158290      2.316579
      1.260000      1.211563      1.211563      2.423127
      1.280000      1.265660      1.265660      2.531321
      1.300000      1.320639      1.320639      2.641278
      1.320000      1.376767      1.376767      2.753534
      1.340000      1.434401      1.434401      2.868803
      1.360000      1.493789      1.493789      2.987578
      1.380000      1.555038      1.555038      3.110076
      1.400000      1.618362      1.618362      3.236723
      1.420000      1.684422      1.684422      3.368844
      1.440000      1.754508      1.754508      3.509015
      1.460000      1.830453      1.830453      3.660907
      1.480000      1.914508      1.914508      3.829017
      1.500000      2.009346      2.009346      4.018693
      1.520000      2.118076      2.118076      4.236152
      1.540000      2.243765      2.243765      4.487531
      1.560000      2.388100      2.388100      4.776201
      1.580000      2.549388      2.549388      5.098776
      1.600000      2.720774      2.720774      5.441548
      1.620000      2.889777      2.889777      5.779554
      1.640000      3.039910      3.039910      6.079821
      1.660000      3.154485      3.154485      6.308969
      1.680000      3.221883      3.221883      6.443765
      1.700000      3.240824      3.240824      6.481648
      1.720000      3.223564      3.223564      6.447128
      1.740000      3.195033      3.195033      6.390065
      1.760000      3.187045      3.187045      6.374090
      1.780000      3.228786      3.228786      6.457572
      1.800000      3.336898      3.336898      6.673796
      1.820000      3.509376      3.509376      7.018753
      1.840000      3.726251      3.726251      7.452502
      1.860000      3.957008      3.957008      7.914016
      1.880000      4.171499      4.171499      8.342998
      1.900000      4.349496      4.349496      8.698991
      1.920000      4.485154      4.485154      8.970307
      1.940000      4.585579      4.585579      9.171157
      1.960000      4.665587      4.665587      9.331174
      1.980000      4.741815      4.741815      9.483631
      2.000000      4.828404      4.828404      9.656807
      2.020000      4.934758      4.934758      9.869516
      2.040000      5.064850      5.064850     10.129701
      2.060000      5.217579      5.217579     10.435159
      2.080000      5.388364      5.388364     10.776727
      2.100000      5.572392      5.572392     11.144783
      2.120000      5.769406      5.769406     11.538812
      2.140000      5.988733      5.988733     11.977466
      2.160000      6.252188      6.252188     12.504377
      2.180000      6.592180      6.592180     13.184361
      2.200000      7.043378      7.043378     14.086757
      2.220000      7.628720      7.628720     15.257439
      2.240000      8.343762      8.343762     16.687525
      2.260000      9.145901      9.145901     18.291802
      2.280000      9.954943      9.954943     19.909885
      2.300000     10.667913     10.667913     21.335826
      2.320000     11.184732     11.184732     22.369464
      2.340000     11.435711     11.435711     22.871422
      2.360000     11.400097     11.400097     22.800195
      2.380000     11.108476     11.108476     22.216953
      2.400000     10.628899     10.628899     21.257798
      2.420000     10.043319     10.043319     20.086638
      2.440000      9.424072      9.424072     18.848144
      2.460000      8.818777      8.818777     17.637554
      2.480000      8.247513      8.247513     16.495025
      2.500000      7.710731      7.710731     15.421461
      2.520000      7.202345      7.202345     14.404690
      2.540000      6.721224      6.721224     13.442447
      2.560000      6.276233      6.276233     12.552466
      2.580000      5.883926      5.883926     11.767853
      2.600000      5.561815      5.561815     11.123631
      2.620000      5.321850      5.321850     10.643699
      2.640000      5.167599      5.167599     10.335199
      2.660000      5.095746      5.095746     10.191493
      2.680000      5.099822      5.099822     10.199644
      2.700000      5.173190      5.173190     10.346381
      2.720000      5.309323      5.309323     10.618646
      2.740000      5.499528      5.499528     10.999056
      2.760000      5.730068      5.730068     11.460136
      2.780000      5.981015      5.981015     11.962029
      2.800000      6.228046      6.228046     12.456092
      2.820000      6.446591      6.446591     12.893182
      2.840000      6.616439      6.616439     13.232878
      2.860000      6.724972      6.724972     13.449944
      2.880000      6.768279      6.768279     13.536558
      2.900000      6.750577      6.750577     13.501154
      2.920000      6.682746      6.682746     13.365493
      2.940000      6.580407      6.580407     13.160814
      2.960000      6.461457      6.461457     12.922915
      2.980000      6.343072      6.343072     12.686144
      3.000000      6.238664      6.238664     12.477327
      3.020000      6.155677      6.155677     12.311355
      3.040000      6.094896      6.094896     12.189792
      3.060000      6.051342      6.051342     12.102683
      3.080000      6.016427      6.016427     12.032855
      3.100000      5.980972      5.980972     11.961943
      3.120000      5.938621      5.938621     11.877242
      3.140000      5.888840      5.888840     11.777681
      3.160000      5.838032      5.838032     11.676064
      3.180000      5.797435      5.797435     11.594870
      3.200000      5.777729      5.777729     11.555459
      3.220000      5.782332      5.782332     11.564663
      3.240000      5.802674      5.802674     11.605347
      3.260000      5.818204      5.818204     11.636408
      3.280000      5.801495      5.801495     11.602989
      3.300000      5.726276      5.726276     11.452552
      3.320000      5.575113      5.575113     11.150226
      3.340000      5.344220      5.344220     10.688439
      3.360000      5.044634      5.044634     10.089269
      3.380000      4.700257      4.700257      9.400513
      3.400000      4.343584      4.343584      8.687169
      3.420000      4.009881      4.009881      8.019762
      3.440000      3.730746      3.730746      7.461491
      3.460000      3.528626      3.528626      7.057253
      3.480000      3.413982      3.413982      6.827963
      3.500000      3.385972      3.385972      6.771944
      3.520000      3.435937      3.435937      6.871873
      3.540000      3.551593      3.551593      7.103185
      3.560000      3.719770      3.719770      7.439541
      3.580000      3.926751      3.926751      7.853501
      3.600000      4.156990      4.156990      8.313979
      3.620000      4.392138      4.392138      8.784275
      3.640000      4.612017      4.612017      9.224034
      3.660000      4.797840      4.797840      9.595679
      3.680000      4.936304      4.936304      9.872608
      3.700000      5.022459      5.022459     10.044919
      3.720000      5.059870      5.059870     10.119740
      3.740000      5.058185      5.058185     10.116370
      3.760000      5.029531      5.029531     10.059063
      3.780000      4.985354      4.985354      9.970709
      3.800000      4.934497      4.934497      9.868994
      3.820000      4.882358      4.882358      9.764715
      3.840000      4.830734      4.830734      9.661469
      3.860000      4.778325      4.778325      9.556651
      3.880000      4.722173      4.722173      9.444346
      3.900000      4.660002      4.660002      9.320005
      3.920000      4.592641      4.592641      9.185281
      3.940000      4.525200      4.525200      9.050400
      3.960000      4.466012      4.466012      8.932023
      3.980000      4.423384      4.423384      8.846769
      4.000000      4.401563      4.401563      8.803126
      4.020000      4.397946      4.397946      8.795893
      4.040000      4.403246      4.403246      8.806493
      4.060000      4.404870      4.404870      8.809741
      4.080000      4.392114      4.392114      8.784228
      4.100000      4.360787      4.360787      8.721574
      4.120000      4.315182      4.315182      8.630363
      4.140000      4.266680      4.266680      8.533360
      4.160000      4.229868      4.229868      8.459736
      4.180000      4.217891      4.217891      8.435783
      4.200000      4.238636      4.238636      8.477272
      4.220000      4.292478      4.292478      8.584957
      4.240000      4.371605      4.371605      8.743209
      4.260000      4.460692      4.460692      8.921384
      4.280000      4.539003      4.539003      9.078007
      4.300000      4.584121      4.584121      9.168242
      4.320000      4.577147      4.577147      9.154293
      4.340000      4.508288      4.508288      9.016576
      4.360000      4.380916      4.380916      8.761832
      4.380000      4.212121      4.212121      8.424242
      4.400000      4.028857      4.028857      8.057714
      4.420000      3.860534      3.860534      7.721069
      4.440000      3.730626      3.730626      7.461252
      4.460000      3.650502      3.650502      7.301004
      4.480000      3.617897      3.617897      7.235794
      4.500000      3.620376      3.620376      7.240753
      4.520000      3.641908      3.641908      7.283816
      4.540000      3.669351      3.669351      7.338701
      4.560000      3.696046      3.696046      7.392092
      4.580000      3.721488      3.721488      7.442976
      4.600000      3.748151      3.748151      7.496303
      4.620000      3.777831      3.777831      7.555663
      4.640000      3.809600      3.809600      7.619201
      4.660000      3.840137      3.840137      7.680273
      4.680000      3.865600      3.865600      7.731199
      4.700000      3.883471      3.883471      7.766942
      4.720000      3.893161      3.893161      7.786321
      4.740000      3.895263      3.895263      7.790526
      4.760000      3.890290      3.890290      7.780580
      4.780000      3.877902      3.877902      7.755804
      4.800000      3.857170      3.857170      7.714340
      4.820000      3.827717      3.827717      7.655434
      4.840000      3.791078      3.791078      7.582156
      4.860000      3.751483      3.751483      7.502965
      4.880000      3.715431      3.715431      7.430861
      4.900000      3.689948      3.689948      7.379897
      4.920000      3.680115      3.680115      7.360229
      4.940000      3.687001      3.687001      7.374002
      4.960000      3.707134      3.707134      7.414268
      4.980000      3.733865      3.733865      7.467729
      5.000000      3.759987      3.759987      7.519974
      5.020000      3.780291      3.780291      7.560582
      5.040000      3.792790      3.792790      7.585579
      5.060000      3.798138      3.798138      7.596276
      5.080000      3.797741      3.797741      7.595482
      5.100000      3.791782      3.791782      7.583563
      5.120000      3.778490      3.778490      7.556980
      5.140000      3.755316      3.755316      7.510631
      5.160000      3.721577      3.721577      7.443154
      5.180000      3.681137      3.681137      7.362273
      5.200000      3.643292      3.643292      7.286585
      5.220000      3.620725      3.620725      7.241451
      5.240000      3.624777      3.624777      7.249554
      5.260000      3.659919      3.659919      7.319838
      5.280000      3.720106      3.720106      7.440211
      5.300000      3.789205      3.789205      7.578410
      5.320000      3.845874      3.845874      7.691748
      5.340000      3.871003      3.871003      7.742005
      5.360000      3.854349      3.854349      7.708697
      5.380000      3.797241      3.797241      7.594481
      5.400000      3.710226      3.710226      7.420453
      5.420000      3.607213      3.607213      7.214425
      5.440000      3.499439      3.499439      6.998877
      5.460000      3.392440      3.392440      6.784881
      5.480000      3.287131      3.287131      6.574263
      5.500000      3.183618      3.183618      6.367237
      5.520000      3.084912      3.084912      6.169824
      5.540000      2.998098      2.998098      5.996196
      5.560000      2.932348      2.932348      5.864695
      5.580000      2.895105      2.895105      5.790209
      5.600000      2.888766      2.888766      5.777532
      5.620000      2.909708      2.909708      5.819416
      5.640000      2.950081      2.950081      5.900163
      5.660000      3.001255      3.001255      6.002509
      5.680000      3.056997      3.056997      6.113993
      5.700000      3.114814      3.114814      6.229629
      5.720000      3.175004      3.175004      6.350007
      5.740000      3.238229      3.238229      6.476458
      5.760000      3.303129      3.303129      6.606259
      5.780000      3.365232      3.365232      6.730465
      5.800000      3.417622      3.417622      6.835244
      5.820000      3.452883      3.452883      6.905765
      5.840000      3.465377      3.465377      6.930754
      5.860000      3.452985      3.452985      6.905970
      5.880000      3.417826      3.417826      6.835653
      5.900000      3.365841      3.365841      6.731682
      5.920000      3.305337      3.305337      6.610673
      5.940000      3.244829      3.244829      6.489658
      5.960000      3.190822      3.190822      6.381644
      5.980000      3.146340      3.146340      6.292680
      6.000000      3.110861      3.110861      6.221721
      6.020000      3.081683      3.081683      6.163365
      6.040000      3.056055      3.056055      6.112111
      6.060000      3.033009      3.033009      6.066019
      6.080000      3.013942      3.013942      6.027884
      6.100000      3.001628      3.001628      6.003257
      6.120000      2.998133      2.998133      5.996266
      6.140000      3.002806      3.002806      6.005611
      6.160000      3.011686      3.011686      6.023371
      6.180000      3.018968      3.018968      6.037937
      6.200000      3.019918      3.019918      6.039837
      6.220000      3.013529      3.013529      6.027058
      6.240000      3.003167      3.003167      6.006333
      6.260000      2.994629      2.994629      5.989259
      6.280000      2.992763      2.992763      5.985526
      6.300000      2.998793      2.998793      5.997587
      6.320000      3.010080      3.010080      6.020160
      6.340000      3.022315      3.022315      6.044629
      6.360000      3.032518      3.032518      6.065037
      6.380000      3.040653      3.040653      6.081307
      6.400000      3.048726      3.048726      6.097452
      6.420000      3.058096      3.058096      6.116191
      6.440000      3.067057      3.067057      6.134113
      6.460000      3.070641      3.070641      6.141281
      6.480000      3.063050      3.063050      6.126100
      6.500000      3.041257      3.041257      6.082514
      6.520000      3.007397      3.007397      6.014793
      6.540000      2.968267      2.968267      5.936533
      6.560000      2.932092      2.932092      5.864183
      6.580000      2.904470      2.904470      5.808941
      6.600000      2.885955      2.885955      5.771910
      6.620000      2.872686      2.872686      5.745373
      6.640000      2.859574      2.859574      5.719148
      6.660000      2.843920      2.843920      5.687841
      6.680000      2.827135      2.827135      5.654270
      6.700000      2.813487      2.813487      5.626973
      6.720000      2.806794      2.806794      5.613588
      6.740000      2.807346      2.807346      5.614692
      6.760000      2.811181      2.811181      5.622362
      6.780000      2.812304      2.812304      5.624609
      6.800000      2.806455      2.806455      5.612911
      6.820000      2.793963      2.793963      5.587925
      6.840000      2.779728      2.779728      5.559456
      6.860000      2.770182      2.770182      5.540364
      6.880000      2.769026      2.769026      5.538052
      6.900000      2.774446      2.774446      5.548893
      6.920000      2.779668      2.779668      5.559336
      6.940000      2.776694      2.776694      5.553388
      6.960000      2.761126      2.761126      5.522253
      6.980000      2.735246      2.735246      5.470492
      7.000000      2.707492      2.707492      5.414983
      7.020000      2.688460      2.688460      5.376920
      7.040000      2.685449      2.685449      5.370898
      7.060000      2.698341      2.698341      5.396682
      7.080000      2.718958      2.718958      5.437916
      7.100000      2.734284      2.734284      5.468567
      7.120000      2.732074      2.732074      5.464147
      7.140000      2.706285      2.706285      5.412570
      7.160000      2.659897      2.659897      5.319794
      7.180000      2.603959      2.603959      5.207918
      7.200000      2.553346      2.553346      5.106692
      7.220000      2.521112      2.521112      5.042224
      7.240000      2.513875      2.513875      5.027750
      7.260000      2.530212      2.530212      5.060425
      7.280000      2.562662      2.562662      5.125325
      7.300000      2.602152      2.602152      5.204304
      7.320000      2.642384      2.642384      5.284767
      7.340000      2.681758      2.681758      5.363517
      7.360000      2.721902      2.721902      5.443804
      7.380000      2.763982      2.763982      5.527965
      7.400000      2.805380      2.805380      5.610760
      7.420000      2.839013      2.839013      5.678026
      7.440000      2.855870      2.855870      5.711741
      7.460000      2.849271      2.849271      5.698542
      7.480000      2.818332      2.818332      5.636664
      7.500000      2.768663      2.768663      5.537327
      7.520000      2.710014      2.710014      5.420027
      7.540000      2.652310      2.652310      5.304619
      7.560000      2.602270      2.602270      5.204539
      7.580000      2.562138      2.562138      5.124275
      7.600000      2.530678      2.530678      5.061356
      7.620000      2.505302      2.505302      5.010604
      7.640000      2.483909      2.483909      4.967818
      7.660000      2.465631      2.465631      4.931261
      7.680000      2.450596      2.450596      4.901191
      7.700000      2.439321      2.439321      4.878641
      7.720000      2.432196      2.432196      4.864392
      7.740000      2.429141      2.429141      4.858282
      7.760000      2.429366      2.429366      4.858732
      7.780000      2.431404      2.431404      4.862808
      7.800000      2.433827      2.433827      4.867653
      7.820000      2.436927      2.436927      4.873853
      7.840000      2.445196      2.445196      4.890391
      7.860000      2.469955      2.469955      4.939910
      7.880000      2.531336      2.531336      5.062673
      7.900000      2.658797      2.658797      5.317594
      7.920000      2.889157      2.889157      5.778313
      7.940000      3.260922      3.260922      6.521843
      7.960000      3.804103      3.804103      7.608207
      7.980000      4.526691      4.526691      9.053382
      8.000000      5.401994      5.401994     10.803989
      8.020000      6.363332      6.363332     12.726665
      8.040000      7.311608      7.311608     14.623215
      8.060000      8.136386      8.136386     16.272772
      8.080000      8.744361      8.744361     17.488722
      8.100000      9.084654      9.084654     18.169308
      8.120000      9.161351      9.161351     18.322701
      8.140000      9.029659      9.029659     18.059319
      8.160000      8.779293      8.779293     17.558586
      8.180000      8.512881      8.512881     17.025761
      8.200000      8.326549      8.326549     16.653099
      8.220000      8.295873      8.295873     16.591747
      8.240000      8.466572      8.466572     16.933144
      8.260000      8.848184      8.848184     17.696368
      8.280000      9.410671      9.410671     18.821341
      8.300000     10.086359     10.086359     20.172718
      8.320000     10.780285     10.780285     21.560569
      8.340000     11.389567     11.389567     22.779133
      8.360000     11.828073     11.828073     23.656145
      8.380000     12.048955     12.048955     24.097910
      8.400000     12.057087     12.057087     24.114173
      8.420000     11.906645     11.906645     23.813289
      8.440000     11.684735     11.684735     23.369470
      8.460000     11.487347     11.487347     22.974694
      8.480000     11.396451     11.396451     22.792902
      8.500000     11.465401     11.465401     22.930803
      8.520000     11.715063     11.715063     23.430125
      8.540000     12.138249     12.138249     24.276498
      8.560000     12.708092     12.708092     25.416183
      8.580000     13.387399     13.387399     26.774799
      8.600000     14.138485     14.138485     28.276969
      8.620000     14.933256     14.933256     29.866512
      8.640000     15.761035     15.761035     31.522070
      8.660000     16.629223     16.629223     33.258447
      8.680000     17.553247     17.553247     35.106494
      8.700000     18.537848     18.537848     37.075695
      8.720000     19.558524     19.558524     39.117047
      8.740000     20.554449     20.554449     41.108898
      8.760000     21.439570     21.439570     42.879140
      8.780000     22.128774     22.128774     44.257548
      8.800000     22.567021     22.567021     45.134042
      8.820000     22.747074     22.747074     45.494149
      8.840000     22.707603     22.707603     45.415205
      8.860000     22.514153     22.514153     45.028307
      8.880000     22.234105     22.234105     44.468210
      8.900000     21.918291     21.918291     43.836581
      8.920000     21.596265     21.596265     43.192531
      8.940000     21.283265     21.283265     42.566531
      8.960000     20.990429     20.990429     41.980857
      8.980000     20.729475     20.729475     41.458951
      9.000000     20.508531     20.508531     41.017061
      9.020000     20.323134     20.323134     40.646267
      9.040000     20.150570     20.150570     40.301139
      9.060000     19.953783     19.953783     39.907565
      9.080000     19.694833     19.694833     39.389666
      9.100000     19.351657     19.351657     38.703313
      9.120000     18.929757     18.929757     37.859514
      9.140000     18.463090     18.463090     36.926181
      9.160000     18.003591     18.003591     36.007182
      9.180000     17.603522     17.603522     35.207044
      9.200000     17.297459     17.297459     34.594919
      9.220000     17.090827     17.090827     34.181654
      9.240000     16.959700     16.959700     33.919401
      9.260000     16.862423     16.862423     33.724846
      9.280000     16.758526     16.758526     33.517051
      9.300000     16.626668     16.626668     33.253336
      9.320000     16.473146     16.473146     32.946293
      9.340000     16.326638     16.326638     32.653276
      9.360000     16.221462     16.221462     32.442924
      9.380000     16.177130     16.177130     32.354260
      9.400000     16.183473     16.183473     32.366946
      9.420000     16.197836     16.197836     32.395672
      9.440000     16.155697     16.155697     32.311393
      9.460000     15.991119     15.991119     31.982239
      9.480000     15.660252     15.660252     31.320503
      9.500000     15.159864     15.159864     30.319728
      9.520000     14.533906     14.533906     29.067811
      9.540000     13.864415     13.864415     27.728831
      9.560000     13.248713     13.248713     26.497427
      9.580000     12.770811     12.770811     25.541622
      9.600000     12.478301     12.478301     24.956601
      9.620000     12.373994     12.373994     24.747988
      9.640000     12.424596     12.424596     24.849193
      9.660000     12.580430     12.580430     25.160861
      9.680000     12.795551     12.795551     25.591101
      9.700000     13.039164     13.039164     26.078327
      9.720000     13.295489     13.295489     26.590977
      9.740000     13.555729     13.555729     27.111458
      9.760000     13.808881     13.808881     27.617761
      9.780000     14.036773     14.036773     28.073546
      9.800000     14.215061     14.215061     28.430123
      9.820000     14.318562     14.318562     28.637124
      9.840000     14.328002     14.328002     28.656004
      9.860000     14.235759     14.235759     28.471518
      9.880000     14.049349     14.049349     28.098698
      9.900000     13.792129     13.792129     27.584258
      9.920000     13.500706     13.500706     27.001411
      9.940000     13.218484     13.218484     26.436967
      9.960000     12.985586     12.985586     25.971171
      9.980000     12.827251     12.827251     25.654502
     10.000000     12.744816     12.744816     25.489631
