# EIG2DOS: Utility for SIESTA to obtain the electronic density of states
#  E. Artacho, Apr 1999, A. Garcia, Apr 2012
# ------------------------------------------
# Eigenvalues read from GRP_doping.EIG
# Using smearing parameter:   0.100
# Using   1001 points in energy range
# Selected bands: 1 to: 936
# Emin, emax in file for selected band(s):    -34.5767900    240.8543000
# Nbands, Nspin, Nk   =    936     1   231
# E_F                 =    -5.4256 eV --> (shifted to ZERO)
# Broadening          =     0.1000 eV
#
#        E            N(up)  (=)   N(down)         Ntot
    -10.000000      2.304070      2.304070      4.608140
     -9.980000      1.828994      1.828994      3.657987
     -9.960000      1.356677      1.356677      2.713355
     -9.940000      0.937952      0.937952      1.875904
     -9.920000      0.603257      0.603257      1.206515
     -9.900000      0.360451      0.360451      0.720903
     -9.880000      0.199952      0.199952      0.399905
     -9.860000      0.103192      0.103192      0.206384
     -9.840000      0.050478      0.050478      0.100956
     -9.820000      0.026211      0.026211      0.052421
     -9.800000      0.021505      0.021505      0.043009
     -9.780000      0.035474      0.035474      0.070948
     -9.760000      0.076485      0.076485      0.152970
     -9.740000      0.163798      0.163798      0.327596
     -9.720000      0.328631      0.328631      0.657262
     -9.700000      0.612378      0.612378      1.224756
     -9.680000      1.059402      1.059402      2.118803
     -9.660000      1.703428      1.703428      3.406856
     -9.640000      2.550285      2.550285      5.100570
     -9.620000      3.563909      3.563909      7.127818
     -9.600000      4.664114      4.664114      9.328227
     -9.580000      5.740849      5.740849     11.481699
     -9.560000      6.681279      6.681279     13.362558
     -9.540000      7.397931      7.397931     14.795862
     -9.520000      7.844717      7.844717     15.689433
     -9.500000      8.014896      8.014896     16.029791
     -9.480000      7.926474      7.926474     15.852949
     -9.460000      7.607460      7.607460     15.214919
     -9.440000      7.090749      7.090749     14.181497
     -9.420000      6.418840      6.418840     12.837679
     -9.400000      5.650104      5.650104     11.300207
     -9.380000      4.857490      4.857490      9.714980
     -9.360000      4.116973      4.116973      8.233947
     -9.340000      3.491017      3.491017      6.982035
     -9.320000      3.016047      3.016047      6.032094
     -9.300000      2.700642      2.700642      5.401283
     -9.280000      2.535378      2.535378      5.070755
     -9.260000      2.509662      2.509662      5.019323
     -9.240000      2.627934      2.627934      5.255867
     -9.220000      2.917675      2.917675      5.835349
     -9.200000      3.424125      3.424125      6.848249
     -9.180000      4.190902      4.190902      8.381804
     -9.160000      5.231495      5.231495     10.462989
     -9.140000      6.502545      6.502545     13.005091
     -9.120000      7.893015      7.893015     15.786029
     -9.100000      9.239834      9.239834     18.479668
     -9.080000     10.369524     10.369524     20.739048
     -9.060000     11.150958     11.150958     22.301915
     -9.040000     11.535851     11.535851     23.071703
     -9.020000     11.567625     11.567625     23.135251
     -9.000000     11.354793     11.354793     22.709585
     -8.980000     11.022517     11.022517     22.045035
     -8.960000     10.664820     10.664820     21.329640
     -8.940000     10.316333     10.316333     20.632667
     -8.920000      9.951296      9.951296     19.902593
     -8.900000      9.506309      9.506309     19.012617
     -8.880000      8.916570      8.916570     17.833140
     -8.860000      8.152595      8.152595     16.305190
     -8.840000      7.244462      7.244462     14.488923
     -8.820000      6.284021      6.284021     12.568042
     -8.800000      5.402967      5.402967     10.805934
     -8.780000      4.734347      4.734347      9.468694
     -8.760000      4.372133      4.372133      8.744267
     -8.740000      4.343887      4.343887      8.687775
     -8.720000      4.605351      4.605351      9.210702
     -8.700000      5.057044      5.057044     10.114088
     -8.680000      5.575761      5.575761     11.151521
     -8.660000      6.050078      6.050078     12.100156
     -8.640000      6.408468      6.408468     12.816936
     -8.620000      6.631201      6.631201     13.262403
     -8.600000      6.743082      6.743082     13.486165
     -8.580000      6.791666      6.791666     13.583333
     -8.560000      6.821404      6.821404     13.642808
     -8.540000      6.854566      6.854566     13.709131
     -8.520000      6.884861      6.884861     13.769723
     -8.500000      6.883189      6.883189     13.766378
     -8.480000      6.810971      6.810971     13.621941
     -8.460000      6.635895      6.635895     13.271791
     -8.440000      6.345540      6.345540     12.691080
     -8.420000      5.954688      5.954688     11.909375
     -8.400000      5.503000      5.503000     11.006000
     -8.380000      5.042660      5.042660     10.085320
     -8.360000      4.620397      4.620397      9.240794
     -8.340000      4.262108      4.262108      8.524216
     -8.320000      3.968087      3.968087      7.936174
     -8.300000      3.722075      3.722075      7.444150
     -8.280000      3.510189      3.510189      7.020377
     -8.260000      3.339945      3.339945      6.679889
     -8.240000      3.248160      3.248160      6.496320
     -8.220000      3.290680      3.290680      6.581360
     -8.200000      3.515439      3.515439      7.030877
     -8.180000      3.929723      3.929723      7.859446
     -8.160000      4.477988      4.477988      8.955977
     -8.140000      5.044329      5.044329     10.088658
     -8.120000      5.483421      5.483421     10.966841
     -8.100000      5.669671      5.669671     11.339343
     -8.080000      5.543839      5.543839     11.087677
     -8.060000      5.135851      5.135851     10.271701
     -8.040000      4.553218      4.553218      9.106435
     -8.020000      3.940675      3.940675      7.881351
     -8.000000      3.429756      3.429756      6.859512
     -7.980000      3.099985      3.099985      6.199969
     -7.960000      2.965778      2.965778      5.931556
     -7.940000      2.989988      2.989988      5.979975
     -7.920000      3.113622      3.113622      6.227245
     -7.900000      3.286500      3.286500      6.573001
     -7.880000      3.486176      3.486176      6.972353
     -7.860000      3.719691      3.719691      7.439381
     -7.840000      4.010545      4.010545      8.021091
     -7.820000      4.378626      4.378626      8.757251
     -7.800000      4.822260      4.822260      9.644521
     -7.780000      5.309540      5.309540     10.619080
     -7.760000      5.781679      5.781679     11.563358
     -7.740000      6.166387      6.166387     12.332774
     -7.720000      6.395631      6.395631     12.791261
     -7.700000      6.421236      6.421236     12.842473
     -7.680000      6.223777      6.223777     12.447553
     -7.660000      5.813855      5.813855     11.627710
     -7.640000      5.228158      5.228158     10.456315
     -7.620000      4.523626      4.523626      9.047253
     -7.600000      3.771825      3.771825      7.543650
     -7.580000      3.053518      3.053518      6.107036
     -7.560000      2.452526      2.452526      4.905052
     -7.540000      2.048505      2.048505      4.097011
     -7.520000      1.909525      1.909525      3.819050
     -7.500000      2.085728      2.085728      4.171456
     -7.480000      2.604717      2.604717      5.209434
     -7.460000      3.468356      3.468356      6.936711
     -7.440000      4.650567      4.650567      9.301134
     -7.420000      6.096577      6.096577     12.193154
     -7.400000      7.724899      7.724899     15.449799
     -7.380000      9.432887      9.432887     18.865774
     -7.360000     11.104697     11.104697     22.209395
     -7.340000     12.618884     12.618884     25.237769
     -7.320000     13.853936     13.853936     27.707873
     -7.300000     14.694148     14.694148     29.388297
     -7.280000     15.041471     15.041471     30.082942
     -7.260000     14.836560     14.836560     29.673120
     -7.240000     14.083531     14.083531     28.167061
     -7.220000     12.864444     12.864444     25.728888
     -7.200000     11.330054     11.330054     22.660109
     -7.180000      9.665323      9.665323     19.330645
     -7.160000      8.043887      8.043887     16.087773
     -7.140000      6.592987      6.592987     13.185973
     -7.120000      5.383319      5.383319     10.766638
     -7.100000      4.442220      4.442220      8.884441
     -7.080000      3.775333      3.775333      7.550666
     -7.060000      3.380181      3.380181      6.760362
     -7.040000      3.244494      3.244494      6.488988
     -7.020000      3.334739      3.334739      6.669478
     -7.000000      3.587353      3.587353      7.174706
     -6.980000      3.912803      3.912803      7.825606
     -6.960000      4.213604      4.213604      8.427208
     -6.940000      4.408426      4.408426      8.816852
     -6.920000      4.451199      4.451199      8.902398
     -6.900000      4.338059      4.338059      8.676118
     -6.880000      4.102568      4.102568      8.205137
     -6.860000      3.805342      3.805342      7.610684
     -6.840000      3.524320      3.524320      7.048639
     -6.820000      3.347105      3.347105      6.694209
     -6.800000      3.361309      3.361309      6.722618
     -6.780000      3.637504      3.637504      7.275007
     -6.760000      4.204161      4.204161      8.408322
     -6.740000      5.022491      5.022491     10.044982
     -6.720000      5.975511      5.975511     11.951022
     -6.700000      6.884214      6.884214     13.768427
     -6.680000      7.552613      7.552613     15.105226
     -6.660000      7.827705      7.827705     15.655410
     -6.640000      7.649552      7.649552     15.299103
     -6.620000      7.068845      7.068845     14.137689
     -6.600000      6.224515      6.224515     12.449030
     -6.580000      5.293328      5.293328     10.586656
     -6.560000      4.435190      4.435190      8.870380
     -6.540000      3.755919      3.755919      7.511837
     -6.520000      3.296869      3.296869      6.593739
     -6.500000      3.047192      3.047192      6.094384
     -6.480000      2.967260      2.967260      5.934519
     -6.460000      3.012315      3.012315      6.024630
     -6.440000      3.149887      3.149887      6.299775
     -6.420000      3.368554      3.368554      6.737109
     -6.400000      3.677584      3.677584      7.355167
     -6.380000      4.098107      4.098107      8.196214
     -6.360000      4.648462      4.648462      9.296924
     -6.340000      5.328897      5.328897     10.657794
     -6.320000      6.112042      6.112042     12.224084
     -6.300000      6.943802      6.943802     13.887604
     -6.280000      7.755181      7.755181     15.510362
     -6.260000      8.481318      8.481318     16.962635
     -6.240000      9.081612      9.081612     18.163225
     -6.220000      9.554374      9.554374     19.108749
     -6.200000      9.939991      9.939991     19.879982
     -6.180000     10.308249     10.308249     20.616499
     -6.160000     10.729418     10.729418     21.458836
     -6.140000     11.235834     11.235834     22.471668
     -6.120000     11.788727     11.788727     23.577454
     -6.100000     12.268411     12.268411     24.536822
     -6.080000     12.499751     12.499751     24.999503
     -6.060000     12.309252     12.309252     24.618503
     -6.040000     11.592782     11.592782     23.185564
     -6.020000     10.364636     10.364636     20.729273
     -6.000000      8.765802      8.765802     17.531605
     -5.980000      7.028842      7.028842     14.057683
     -5.960000      5.417098      5.417098     10.834196
     -5.940000      4.165283      4.165283      8.330566
     -5.920000      3.442524      3.442524      6.885048
     -5.900000      3.343078      3.343078      6.686156
     -5.880000      3.894551      3.894551      7.789102
     -5.860000      5.066926      5.066926     10.133852
     -5.840000      6.770421      6.770421     13.540842
     -5.820000      8.842600      8.842600     17.685199
     -5.800000     11.038259     11.038259     22.076518
     -5.780000     13.041736     13.041736     26.083471
     -5.760000     14.514811     14.514811     29.029622
     -5.740000     15.175239     15.175239     30.350478
     -5.720000     14.880092     14.880092     29.760185
     -5.700000     13.678128     13.678128     27.356256
     -5.680000     11.804992     11.804992     23.609984
     -5.660000      9.620411      9.620411     19.240822
     -5.640000      7.512564      7.512564     15.025129
     -5.620000      5.806213      5.806213     11.612427
     -5.600000      4.703312      4.703312      9.406624
     -5.580000      4.265842      4.265842      8.531684
     -5.560000      4.433544      4.433544      8.867088
     -5.540000      5.061818      5.061818     10.123636
     -5.520000      5.966305      5.966305     11.932610
     -5.500000      6.964809      6.964809     13.929619
     -5.480000      7.910157      7.910157     15.820314
     -5.460000      8.709353      8.709353     17.418706
     -5.440000      9.326980      9.326980     18.653961
     -5.420000      9.774759      9.774759     19.549518
     -5.400000     10.093057     10.093057     20.186113
     -5.380000     10.331887     10.331887     20.663773
     -5.360000     10.537769     10.537769     21.075538
     -5.340000     10.749105     10.749105     21.498209
     -5.320000     10.997525     10.997525     21.995050
     -5.300000     11.308220     11.308220     22.616441
     -5.280000     11.692003     11.692003     23.384006
     -5.260000     12.128368     12.128368     24.256736
     -5.240000     12.549558     12.549558     25.099116
     -5.220000     12.842418     12.842418     25.684837
     -5.200000     12.879244     12.879244     25.758488
     -5.180000     12.570949     12.570949     25.141898
     -5.160000     11.917199     11.917199     23.834397
     -5.140000     11.023468     11.023468     22.046937
     -5.120000     10.070214     10.070214     20.140428
     -5.100000      9.245712      9.245712     18.491423
     -5.080000      8.674759      8.674759     17.349518
     -5.060000      8.377747      8.377747     16.755494
     -5.040000      8.278202      8.278202     16.556404
     -5.020000      8.252074      8.252074     16.504148
     -5.000000      8.192513      8.192513     16.385025
     -4.980000      8.059044      8.059044     16.118088
     -4.960000      7.891008      7.891008     15.782015
     -4.940000      7.784374      7.784374     15.568747
     -4.920000      7.847611      7.847611     15.695222
     -4.900000      8.157847      8.157847     16.315694
     -4.880000      8.732684      8.732684     17.465367
     -4.860000      9.522041      9.522041     19.044081
     -4.840000     10.416075     10.416075     20.832150
     -4.820000     11.263228     11.263228     22.526456
     -4.800000     11.894938     11.894938     23.789877
     -4.780000     12.155880     12.155880     24.311760
     -4.760000     11.937558     11.937558     23.875117
     -4.740000     11.209139     11.209139     22.418279
     -4.720000     10.035930     10.035930     20.071861
     -4.700000      8.576629      8.576629     17.153257
     -4.680000      7.056419      7.056419     14.112837
     -4.660000      5.721706      5.721706     11.443412
     -4.640000      4.788943      4.788943      9.577886
     -4.620000      4.401170      4.401170      8.802340
     -4.600000      4.601683      4.601683      9.203367
     -4.580000      5.328119      5.328119     10.656238
     -4.560000      6.425659      6.425659     12.851318
     -4.540000      7.676133      7.676133     15.352265
     -4.520000      8.838992      8.838992     17.677984
     -4.500000      9.698686      9.698686     19.397373
     -4.480000     10.110407     10.110407     20.220815
     -4.460000     10.033566     10.033566     20.067133
     -4.440000      9.541688      9.541688     19.083376
     -4.420000      8.800890      8.800890     17.601780
     -4.400000      8.017976      8.017976     16.035953
     -4.380000      7.371791      7.371791     14.743581
     -4.360000      6.952185      6.952185     13.904371
     -4.340000      6.732398      6.732398     13.464796
     -4.320000      6.588646      6.588646     13.177293
     -4.300000      6.359364      6.359364     12.718729
     -4.280000      5.916965      5.916965     11.833931
     -4.260000      5.219260      5.219260     10.438521
     -4.240000      4.319671      4.319671      8.639342
     -4.220000      3.337771      3.337771      6.675542
     -4.200000      2.410778      2.410778      4.821557
     -4.180000      1.651763      1.651763      3.303526
     -4.160000      1.130933      1.130933      2.261866
     -4.140000      0.880375      0.880375      1.760750
     -4.120000      0.910134      0.910134      1.820268
     -4.100000      1.220263      1.220263      2.440526
     -4.080000      1.799257      1.799257      3.598513
     -4.060000      2.610027      2.610027      5.220055
     -4.040000      3.574663      3.574663      7.149326
     -4.020000      4.573251      4.573251      9.146503
     -4.000000      5.466440      5.466440     10.932881
     -3.980000      6.137413      6.137413     12.274826
     -3.960000      6.534010      6.534010     13.068020
     -3.940000      6.686416      6.686416     13.372831
     -3.920000      6.686292      6.686292     13.372585
     -3.900000      6.635099      6.635099     13.270198
     -3.880000      6.588837      6.588837     13.177673
     -3.860000      6.530104      6.530104     13.060208
     -3.840000      6.382954      6.382954     12.765908
     -3.820000      6.061514      6.061514     12.123029
     -3.800000      5.525453      5.525453     11.050907
     -3.780000      4.814418      4.814418      9.628835
     -3.760000      4.047850      4.047850      8.095699
     -3.740000      3.395022      3.395022      6.790043
     -3.720000      3.031065      3.031065      6.062129
     -3.700000      3.094264      3.094264      6.188527
     -3.680000      3.652875      3.652875      7.305750
     -3.660000      4.684446      4.684446      9.368892
     -3.640000      6.070942      6.070942     12.141884
     -3.620000      7.615399      7.615399     15.230798
     -3.600000      9.083278      9.083278     18.166555
     -3.580000     10.261344     10.261344     20.522689
     -3.560000     11.014143     11.014143     22.028286
     -3.540000     11.313393     11.313393     22.626785
     -3.520000     11.225520     11.225520     22.451040
     -3.500000     10.863336     10.863336     21.726672
     -3.480000     10.327099     10.327099     20.654198
     -3.460000      9.665347      9.665347     19.330694
     -3.440000      8.873399      8.873399     17.746799
     -3.420000      7.925152      7.925152     15.850305
     -3.400000      6.815660      6.815660     13.631319
     -3.380000      5.588538      5.588538     11.177076
     -3.360000      4.334257      4.334257      8.668515
     -3.340000      3.163851      3.163851      6.327702
     -3.320000      2.175608      2.175608      4.351215
     -3.300000      1.433067      1.433067      2.866133
     -3.280000      0.962935      0.962935      1.925870
     -3.260000      0.768989      0.768989      1.537978
     -3.240000      0.849967      0.849967      1.699934
     -3.220000      1.208941      1.208941      2.417883
     -3.200000      1.847571      1.847571      3.695142
     -3.180000      2.747681      2.747681      5.495361
     -3.160000      3.850946      3.850946      7.701891
     -3.140000      5.051076      5.051076     10.102151
     -3.120000      6.208780      6.208780     12.417561
     -3.100000      7.188470      7.188470     14.376939
     -3.080000      7.902516      7.902516     15.805032
     -3.060000      8.341989      8.341989     16.683978
     -3.040000      8.577102      8.577102     17.154204
     -3.020000      8.724284      8.724284     17.448568
     -3.000000      8.892369      8.892369     17.784738
     -2.980000      9.130220      9.130220     18.260441
     -2.960000      9.398496      9.398496     18.796992
     -2.940000      9.579532      9.579532     19.159064
     -2.920000      9.524338      9.524338     19.048677
     -2.900000      9.119372      9.119372     18.238744
     -2.880000      8.345150      8.345150     16.690299
     -2.860000      7.300485      7.300485     14.600970
     -2.840000      6.180894      6.180894     12.361787
     -2.820000      5.220285      5.220285     10.440571
     -2.800000      4.620196      4.620196      9.240391
     -2.780000      4.493289      4.493289      8.986579
     -2.760000      4.838746      4.838746      9.677491
     -2.740000      5.553066      5.553066     11.106131
     -2.720000      6.467415      6.467415     12.934829
     -2.700000      7.395254      7.395254     14.790507
     -2.680000      8.173098      8.173098     16.346197
     -2.660000      8.683018      8.683018     17.366037
     -2.640000      8.856020      8.856020     17.712041
     -2.620000      8.665232      8.665232     17.330463
     -2.600000      8.120456      8.120456     16.240913
     -2.580000      7.269347      7.269347     14.538694
     -2.560000      6.200515      6.200515     12.401030
     -2.540000      5.038857      5.038857     10.077714
     -2.520000      3.927304      3.927304      7.854608
     -2.500000      2.998431      2.998431      5.996862
     -2.480000      2.346235      2.346235      4.692470
     -2.460000      2.008282      2.008282      4.016563
     -2.440000      1.963006      1.963006      3.926012
     -2.420000      2.141013      2.141013      4.282027
     -2.400000      2.446089      2.446089      4.892179
     -2.380000      2.780877      2.780877      5.561754
     -2.360000      3.071864      3.071864      6.143728
     -2.340000      3.287835      3.287835      6.575670
     -2.320000      3.446340      3.446340      6.892680
     -2.300000      3.605195      3.605195      7.210390
     -2.280000      3.840282      3.840282      7.680565
     -2.260000      4.215384      4.215384      8.430769
     -2.240000      4.752916      4.752916      9.505832
     -2.220000      5.415367      5.415367     10.830734
     -2.200000      6.105360      6.105360     12.210720
     -2.180000      6.687062      6.687062     13.374124
     -2.160000      7.023893      7.023893     14.047786
     -2.140000      7.019921      7.019921     14.039841
     -2.120000      6.649320      6.649320     13.298639
     -2.100000      5.962539      5.962539     11.925077
     -2.080000      5.067984      5.067984     10.135968
     -2.060000      4.098545      4.098545      8.197091
     -2.040000      3.177293      3.177293      6.354586
     -2.020000      2.394045      2.394045      4.788091
     -2.000000      1.796993      1.796993      3.593986
     -1.980000      1.396484      1.396484      2.792968
     -1.960000      1.175033      1.175033      2.350066
     -1.940000      1.098780      1.098780      2.197560
     -1.920000      1.128489      1.128489      2.256978
     -1.900000      1.230176      1.230176      2.460352
     -1.880000      1.385638      1.385638      2.771276
     -1.860000      1.602061      1.602061      3.204122
     -1.840000      1.918420      1.918420      3.836840
     -1.820000      2.405134      2.405134      4.810267
     -1.800000      3.153046      3.153046      6.306092
     -1.780000      4.249455      4.249455      8.498910
     -1.760000      5.743869      5.743869     11.487738
     -1.740000      7.613614      7.613614     15.227229
     -1.720000      9.745076      9.745076     19.490152
     -1.700000     11.944209     11.944209     23.888419
     -1.680000     13.977654     13.977654     27.955308
     -1.660000     15.629069     15.629069     31.258139
     -1.640000     16.746068     16.746068     33.492136
     -1.620000     17.259634     17.259634     34.519268
     -1.600000     17.176365     17.176365     34.352729
     -1.580000     16.559725     16.559725     33.119451
     -1.560000     15.517081     15.517081     31.034162
     -1.540000     14.195425     14.195425     28.390851
     -1.520000     12.774141     12.774141     25.548281
     -1.500000     11.441398     11.441398     22.882797
     -1.480000     10.353615     10.353615     20.707229
     -1.460000      9.593765      9.593765     19.187530
     -1.440000      9.151063      9.151063     18.302126
     -1.420000      8.935918      8.935918     17.871836
     -1.400000      8.825550      8.825550     17.651099
     -1.380000      8.718764      8.718764     17.437528
     -1.360000      8.573636      8.573636     17.147271
     -1.340000      8.412108      8.412108     16.824217
     -1.320000      8.294294      8.294294     16.588588
     -1.300000      8.280492      8.280492     16.560984
     -1.280000      8.401492      8.401492     16.802984
     -1.260000      8.647667      8.647667     17.295333
     -1.240000      8.973714      8.973714     17.947428
     -1.220000      9.309079      9.309079     18.618157
     -1.200000      9.567601      9.567601     19.135202
     -1.180000      9.658309      9.658309     19.316618
     -1.160000      9.503459      9.503459     19.006918
     -1.140000      9.065320      9.065320     18.130640
     -1.120000      8.373498      8.373498     16.746996
     -1.100000      7.538213      7.538213     15.076427
     -1.080000      6.737935      6.737935     13.475871
     -1.060000      6.180864      6.180864     12.361727
     -1.040000      6.051903      6.051903     12.103806
     -1.020000      6.462985      6.462985     12.925970
     -1.000000      7.422553      7.422553     14.845105
     -0.980000      8.832351      8.832351     17.664701
     -0.960000     10.510795     10.510795     21.021590
     -0.940000     12.235094     12.235094     24.470187
     -0.920000     13.790121     13.790121     27.580242
     -0.900000     15.011011     15.011011     30.022021
     -0.880000     15.808966     15.808966     31.617932
     -0.860000     16.175677     16.175677     32.351353
     -0.840000     16.169358     16.169358     32.338716
     -0.820000     15.891414     15.891414     31.782828
     -0.800000     15.463938     15.463938     30.927876
     -0.780000     15.013958     15.013958     30.027916
     -0.760000     14.663347     14.663347     29.326695
     -0.740000     14.518353     14.518353     29.036706
     -0.720000     14.653322     14.653322     29.306645
     -0.700000     15.089195     15.089195     30.178391
     -0.680000     15.774642     15.774642     31.549284
     -0.660000     16.581330     16.581330     33.162660
     -0.640000     17.321992     17.321992     34.643983
     -0.620000     17.791975     17.791975     35.583951
     -0.600000     17.825505     17.825505     35.651010
     -0.580000     17.350522     17.350522     34.701044
     -0.560000     16.423120     16.423120     32.846240
     -0.540000     15.225718     15.225718     30.451436
     -0.520000     14.023262     14.023262     28.046523
     -0.500000     13.087417     13.087417     26.174834
     -0.480000     12.614113     12.614113     25.228226
     -0.460000     12.666077     12.666077     25.332155
     -0.440000     13.163209     13.163209     26.326418
     -0.420000     13.922252     13.922252     27.844504
     -0.400000     14.724821     14.724821     29.449642
     -0.380000     15.382510     15.382510     30.765020
     -0.360000     15.775032     15.775032     31.550064
     -0.340000     15.855546     15.855546     31.711091
     -0.320000     15.633751     15.633751     31.267502
     -0.300000     15.152866     15.152866     30.305732
     -0.280000     14.471857     14.471857     28.943713
     -0.260000     13.656277     13.656277     27.312554
     -0.240000     12.775799     12.775799     25.551598
     -0.220000     11.904643     11.904643     23.809287
     -0.200000     11.120607     11.120607     22.241214
     -0.180000     10.498583     10.498583     20.997165
     -0.160000     10.097068     10.097068     20.194136
     -0.140000      9.941625      9.941625     19.883250
     -0.120000     10.014451     10.014451     20.028902
     -0.100000     10.259088     10.259088     20.518177
     -0.080000     10.601814     10.601814     21.203628
     -0.060000     10.980414     10.980414     21.960828
     -0.040000     11.364703     11.364703     22.729406
     -0.020000     11.756937     11.756937     23.513873
      0.000000     12.172456     12.172456     24.344912
      0.020000     12.613301     12.613301     25.226601
      0.040000     13.051420     13.051420     26.102839
      0.060000     13.431109     13.431109     26.862217
      0.080000     13.687915     13.687915     27.375829
      0.100000     13.772002     13.772002     27.544004
      0.120000     13.663098     13.663098     27.326196
      0.140000     13.370567     13.370567     26.741134
      0.160000     12.920861     12.920861     25.841722
      0.180000     12.340540     12.340540     24.681081
      0.200000     11.644006     11.644006     23.288012
      0.220000     10.831498     10.831498     21.662996
      0.240000      9.897179      9.897179     19.794359
      0.260000      8.842213      8.842213     17.684427
      0.280000      7.686020      7.686020     15.372039
      0.300000      6.470792      6.470792     12.941583
      0.320000      5.258268      5.258268     10.516535
      0.340000      4.121169      4.121169      8.242339
      0.360000      3.133088      3.133088      6.266176
      0.380000      2.359798      2.359798      4.719596
      0.400000      1.852996      1.852996      3.705993
      0.420000      1.645469      1.645469      3.290939
      0.440000      1.745749      1.745749      3.491498
      0.460000      2.131286      2.131286      4.262573
      0.480000      2.741907      2.741907      5.483814
      0.500000      3.478297      3.478297      6.956594
      0.520000      4.210981      4.210981      8.421961
      0.540000      4.801968      4.801968      9.603937
      0.560000      5.135027      5.135027     10.270055
      0.580000      5.144823      5.144823     10.289646
      0.600000      4.833890      4.833890      9.667780
      0.620000      4.270711      4.270711      8.541423
      0.640000      3.569820      3.569820      7.139641
      0.660000      2.861559      2.861559      5.723118
      0.680000      2.261679      2.261679      4.523359
      0.700000      1.848988      1.848988      3.697975
      0.720000      1.654891      1.654891      3.309781
      0.740000      1.664744      1.664744      3.329489
      0.760000      1.828747      1.828747      3.657494
      0.780000      2.079327      2.079327      4.158654
      0.800000      2.351401      2.351401      4.702802
      0.820000      2.601059      2.601059      5.202118
      0.840000      2.817798      2.817798      5.635595
      0.860000      3.026512      3.026512      6.053024
      0.880000      3.278142      3.278142      6.556283
      0.900000      3.631356      3.631356      7.262713
      0.920000      4.130510      4.130510      8.261021
      0.940000      4.786481      4.786481      9.572962
      0.960000      5.566681      5.566681     11.133362
      0.980000      6.398513      6.398513     12.797027
      1.000000      7.186895      7.186895     14.373790
      1.020000      7.841683      7.841683     15.683367
      1.040000      8.306217      8.306217     16.612435
      1.060000      8.575925      8.575925     17.151849
      1.080000      8.698125      8.698125     17.396251
      1.100000      8.751136      8.751136     17.502272
      1.120000      8.810262      8.810262     17.620525
      1.140000      8.915537      8.915537     17.831074
      1.160000      9.056557      9.056557     18.113114
      1.180000      9.182104      9.182104     18.364207
      1.200000      9.229917      9.229917     18.459835
      1.220000      9.161628      9.161628     18.323257
      1.240000      8.985149      8.985149     17.970299
      1.260000      8.753171      8.753171     17.506342
      1.280000      8.538218      8.538218     17.076436
      1.300000      8.396021      8.396021     16.792043
      1.320000      8.334457      8.334457     16.668913
      1.340000      8.302804      8.302804     16.605609
      1.360000      8.207113      8.207113     16.414227
      1.380000      7.946205      7.946205     15.892409
      1.400000      7.454355      7.454355     14.908709
      1.420000      6.734381      6.734381     13.468761
      1.440000      5.869130      5.869130     11.738261
      1.460000      5.007701      5.007701     10.015401
      1.480000      4.331119      4.331119      8.662238
      1.500000      4.007586      4.007586      8.015171
      1.520000      4.148849      4.148849      8.297699
      1.540000      4.778081      4.778081      9.556161
      1.560000      5.817122      5.817122     11.634244
      1.580000      7.097486      7.097486     14.194973
      1.600000      8.394274      8.394274     16.788547
      1.620000      9.475665      9.475665     18.951331
      1.640000     10.155209     10.155209     20.310419
      1.660000     10.332536     10.332536     20.665071
      1.680000     10.011517     10.011517     20.023035
      1.700000      9.291754      9.291754     18.583508
      1.720000      8.337222      8.337222     16.674444
      1.740000      7.332824      7.332824     14.665648
      1.760000      6.443213      6.443213     12.886426
      1.780000      5.786476      5.786476     11.572952
      1.800000      5.427472      5.427472     10.854945
      1.820000      5.385260      5.385260     10.770520
      1.840000      5.642460      5.642460     11.284921
      1.860000      6.146821      6.146821     12.293642
      1.880000      6.805521      6.805521     13.611041
      1.900000      7.483505      7.483505     14.967011
      1.920000      8.019286      8.019286     16.038572
      1.940000      8.261934      8.261934     16.523869
      1.960000      8.117301      8.117301     16.234601
      1.980000      7.581303      7.581303     15.162605
      2.000000      6.741920      6.741920     13.483841
      2.020000      5.747618      5.747618     11.495236
      2.040000      4.757503      4.757503      9.515005
      2.060000      3.896145      3.896145      7.792291
      2.080000      3.230053      3.230053      6.460106
      2.100000      2.769232      2.769232      5.538465
      2.120000      2.485553      2.485553      4.971106
      2.140000      2.335480      2.335480      4.670960
      2.160000      2.277733      2.277733      4.555466
      2.180000      2.282255      2.282255      4.564510
      2.200000      2.331552      2.331552      4.663104
      2.220000      2.417381      2.417381      4.834761
      2.240000      2.535454      2.535454      5.070908
      2.260000      2.679808      2.679808      5.359615
      2.280000      2.837951      2.837951      5.675901
      2.300000      2.988196      2.988196      5.976393
      2.320000      3.100911      3.100911      6.201823
      2.340000      3.144762      3.144762      6.289524
      2.360000      3.097001      3.097001      6.194001
      2.380000      2.954265      2.954265      5.908530
      2.400000      2.738949      2.738949      5.477899
      2.420000      2.497319      2.497319      4.994637
      2.440000      2.288984      2.288984      4.577967
      2.460000      2.171434      2.171434      4.342868
      2.480000      2.185669      2.185669      4.371338
      2.500000      2.348216      2.348216      4.696433
      2.520000      2.651564      2.651564      5.303129
      2.540000      3.071296      3.071296      6.142591
      2.560000      3.576085      3.576085      7.152169
      2.580000      4.136729      4.136729      8.273458
      2.600000      4.731620      4.731620      9.463239
      2.620000      5.347244      5.347244     10.694487
      2.640000      5.973329      5.973329     11.946659
      2.660000      6.594142      6.594142     13.188283
      2.680000      7.180656      7.180656     14.361312
      2.700000      7.691032      7.691032     15.382065
      2.720000      8.085115      8.085115     16.170229
      2.740000      8.350432      8.350432     16.700864
      2.760000      8.525662      8.525662     17.051324
      2.780000      8.701624      8.701624     17.403249
      2.800000      8.987694      8.987694     17.975388
      2.820000      9.452222      9.452222     18.904444
      2.840000     10.066794     10.066794     20.133589
      2.860000     10.689499     10.689499     21.378999
      2.880000     11.104451     11.104451     22.208903
      2.900000     11.103004     11.103004     22.206008
      2.920000     10.567101     10.567101     21.134201
      2.940000      9.514123      9.514123     19.028246
      2.960000      8.085508      8.085508     16.171016
      2.980000      6.492176      6.492176     12.984352
      3.000000      4.948603      4.948603      9.897206
      3.020000      3.625201      3.625201      7.250403
      3.040000      2.631457      2.631457      5.262915
      3.060000      2.023361      2.023361      4.046721
      3.080000      1.818642      1.818642      3.637285
      3.100000      2.004767      2.004767      4.009534
      3.120000      2.533993      2.533993      5.067985
      3.140000      3.311374      3.311374      6.622748
      3.160000      4.189532      4.189532      8.379065
      3.180000      4.983691      4.983691      9.967383
      3.200000      5.510530      5.510530     11.021059
      3.220000      5.639287      5.639287     11.278573
      3.240000      5.332668      5.332668     10.665335
      3.260000      4.656860      4.656860      9.313719
      3.280000      3.754773      3.754773      7.509546
      3.300000      2.795402      2.795402      5.590804
      3.320000      1.922939      1.922939      3.845879
      3.340000      1.226113      1.226113      2.452227
      3.360000      0.735082      0.735082      1.470163
      3.380000      0.439631      0.439631      0.879262
      3.400000      0.315633      0.315633      0.631265
      3.420000      0.347597      0.347597      0.695194
      3.440000      0.539872      0.539872      1.079744
      3.460000      0.913651      0.913651      1.827302
      3.480000      1.490486      1.490486      2.980972
      3.500000      2.266911      2.266911      4.533822
      3.520000      3.189735      3.189735      6.379471
      3.540000      4.145284      4.145284      8.290567
      3.560000      4.973861      4.973861      9.947721
      3.580000      5.510649      5.510649     11.021299
      3.600000      5.639708      5.639708     11.279415
      3.620000      5.337786      5.337786     10.675573
      3.640000      4.687303      4.687303      9.374607
      3.660000      3.852876      3.852876      7.705751
      3.680000      3.033822      3.033822      6.067643
      3.700000      2.414187      2.414187      4.828375
      3.720000      2.127290      2.127290      4.254580
      3.740000      2.239049      2.239049      4.478098
      3.760000      2.744176      2.744176      5.488352
      3.780000      3.568496      3.568496      7.136993
      3.800000      4.577327      4.577327      9.154654
      3.820000      5.595884      5.595884     11.191769
      3.840000      6.445996      6.445996     12.891993
      3.860000      6.993826      6.993826     13.987652
      3.880000      7.192717      7.192717     14.385433
      3.900000      7.102012      7.102012     14.204024
      3.920000      6.870207      6.870207     13.740414
      3.940000      6.685306      6.685306     13.370612
      3.960000      6.709138      6.709138     13.418277
      3.980000      7.019333      7.019333     14.038665
      4.000000      7.580502      7.580502     15.161004
      4.020000      8.256121      8.256121     16.512241
      4.040000      8.857591      8.857591     17.715181
      4.060000      9.211947      9.211947     18.423894
      4.080000      9.221139      9.221139     18.442278
      4.100000      8.889354      8.889354     17.778707
      4.120000      8.310278      8.310278     16.620556
      4.140000      7.625696      7.625696     15.251392
      4.160000      6.978917      6.978917     13.957835
      4.180000      6.484147      6.484147     12.968294
      4.200000      6.218464      6.218464     12.436929
      4.220000      6.227003      6.227003     12.454006
      4.240000      6.525308      6.525308     13.050616
      4.260000      7.089755      7.089755     14.179510
      4.280000      7.841765      7.841765     15.683530
      4.300000      8.642778      8.642778     17.285557
      4.320000      9.315154      9.315154     18.630309
      4.340000      9.689186      9.689186     19.378372
      4.360000      9.658172      9.658172     19.316345
      4.380000      9.215193      9.215193     18.430387
      4.400000      8.453474      8.453474     16.906949
      4.420000      7.531673      7.531673     15.063346
      4.440000      6.623089      6.623089     13.246178
      4.460000      5.872771      5.872771     11.745542
      4.480000      5.377467      5.377467     10.754935
      4.500000      5.188103      5.188103     10.376206
      4.520000      5.322932      5.322932     10.645864
      4.540000      5.777405      5.777405     11.554811
      4.560000      6.523286      6.523286     13.046572
      4.580000      7.499432      7.499432     14.998863
      4.600000      8.603935      8.603935     17.207870
      4.620000      9.698090      9.698090     19.396181
      4.640000     10.626849     10.626849     21.253698
      4.660000     11.251757     11.251757     22.503513
      4.680000     11.485848     11.485848     22.971696
      4.700000     11.318824     11.318824     22.637648
      4.720000     10.824517     10.824517     21.649033
      4.740000     10.148163     10.148163     20.296326
      4.760000      9.475964      9.475964     18.951928
      4.780000      8.993196      8.993196     17.986392
      4.800000      8.840322      8.840322     17.680643
      4.820000      9.078549      9.078549     18.157098
      4.840000      9.675421      9.675421     19.350843
      4.860000     10.515614     10.515614     21.031228
      4.880000     11.433038     11.433038     22.866077
      4.900000     12.251731     12.251731     24.503461
      4.920000     12.820391     12.820391     25.640782
      4.940000     13.031425     13.031425     26.062851
      4.960000     12.826031     12.826031     25.652062
      4.980000     12.193959     12.193959     24.387919
      5.000000     11.174503     11.174503     22.349006
      5.020000      9.856777      9.856777     19.713553
      5.040000      8.371435      8.371435     16.742870
      5.060000      6.868896      6.868896     13.737791
      5.080000      5.488537      5.488537     10.977073
      5.100000      4.330820      4.330820      8.661640
      5.120000      3.443543      3.443543      6.887086
      5.140000      2.825620      2.825620      5.651240
      5.160000      2.443118      2.443118      4.886235
      5.180000      2.248287      2.248287      4.496575
      5.200000      2.193926      2.193926      4.387852
      5.220000      2.240043      2.240043      4.480085
      5.240000      2.354240      2.354240      4.708479
      5.260000      2.509723      2.509723      5.019446
      5.280000      2.685032      2.685032      5.370063
      5.300000      2.867607      2.867607      5.735215
      5.320000      3.059824      3.059824      6.119649
      5.340000      3.282503      3.282503      6.565007
      5.360000      3.569667      3.569667      7.139334
      5.380000      3.951484      3.951484      7.902969
      5.400000      4.429638      4.429638      8.859275
      5.420000      4.956952      4.956952      9.913903
      5.440000      5.435242      5.435242     10.870483
      5.460000      5.738540      5.738540     11.477080
      5.480000      5.755450      5.755450     11.510900
      5.500000      5.432274      5.432274     10.864549
      5.520000      4.796135      4.796135      9.592270
      5.540000      3.947036      3.947036      7.894072
      5.560000      3.024000      3.024000      6.047999
      5.580000      2.162969      2.162969      4.325939
      5.600000      1.465925      1.465925      2.931850
      5.620000      0.991961      0.991961      1.983923
      5.640000      0.768317      0.768317      1.536634
      5.660000      0.809787      0.809787      1.619573
      5.680000      1.132434      1.132434      2.264869
      5.700000      1.751700      1.751700      3.503399
      5.720000      2.663639      2.663639      5.327278
      5.740000      3.818051      3.818051      7.636103
      5.760000      5.099763      5.099763     10.199527
      5.780000      6.334768      6.334768     12.669537
      5.800000      7.328373      7.328373     14.656746
      5.820000      7.925767      7.925767     15.851534
      5.840000      8.070403      8.070403     16.140806
      5.860000      7.832299      7.832299     15.664598
      5.880000      7.390371      7.390371     14.780743
      5.900000      6.973655      6.973655     13.947310
      5.920000      6.783994      6.783994     13.567988
      5.940000      6.929061      6.929061     13.858123
      5.960000      7.388886      7.388886     14.777773
      5.980000      8.026403      8.026403     16.052806
      6.000000      8.637783      8.637783     17.275566
      6.020000      9.024750      9.024750     18.049501
      6.040000      9.062258      9.062258     18.124517
      6.060000      8.735600      8.735600     17.471199
      6.080000      8.133560      8.133560     16.267120
      6.100000      7.403996      7.403996     14.807991
      6.120000      6.694770      6.694770     13.389540
      6.140000      6.106916      6.106916     12.213833
      6.160000      5.677018      5.677018     11.354036
      6.180000      5.389380      5.389380     10.778761
      6.200000      5.205379      5.205379     10.410757
      6.220000      5.092898      5.092898     10.185796
      6.240000      5.042577      5.042577     10.085154
      6.260000      5.065672      5.065672     10.131344
      6.280000      5.176900      5.176900     10.353799
      6.300000      5.371934      5.371934     10.743869
      6.320000      5.611525      5.611525     11.223049
      6.340000      5.821456      5.821456     11.642913
      6.360000      5.910314      5.910314     11.820628
      6.380000      5.798299      5.798299     11.596598
      6.400000      5.444670      5.444670     10.889339
      6.420000      4.861957      4.861957      9.723915
      6.440000      4.111601      4.111601      8.223201
      6.460000      3.284224      3.284224      6.568449
      6.480000      2.473763      2.473763      4.947527
      6.500000      1.755483      1.755483      3.510966
      6.520000      1.174408      1.174408      2.348817
      6.540000      0.745505      0.745505      1.491011
      6.560000      0.462860      0.462860      0.925720
      6.580000      0.313260      0.313260      0.626519
      6.600000      0.289565      0.289565      0.579129
      6.620000      0.399941      0.399941      0.799881
      6.640000      0.669601      0.669601      1.339201
      6.660000      1.132534      1.132534      2.265069
      6.680000      1.813032      1.813032      3.626064
      6.700000      2.701466      2.701466      5.402932
      6.720000      3.734420      3.734420      7.468840
      6.740000      4.791942      4.791942      9.583884
      6.760000      5.720339      5.720339     11.440678
      6.780000      6.377224      6.377224     12.754448
      6.800000      6.682247      6.682247     13.364495
      6.820000      6.650732      6.650732     13.301463
      6.840000      6.393469      6.393469     12.786938
      6.860000      6.080985      6.080985     12.161969
      6.880000      5.885785      5.885785     11.771569
      6.900000      5.923698      5.923698     11.847397
      6.920000      6.214083      6.214083     12.428165
      6.940000      6.671685      6.671685     13.343369
      6.960000      7.133576      7.133576     14.267152
      6.980000      7.413686      7.413686     14.827372
      7.000000      7.366693      7.366693     14.733386
      7.020000      6.937170      6.937170     13.874340
      7.040000      6.174413      6.174413     12.348826
      7.060000      5.208575      5.208575     10.417151
      7.080000      4.201842      4.201842      8.403684
      7.100000      3.298614      3.298614      6.597229
      7.120000      2.595386      2.595386      5.190771
      7.140000      2.137552      2.137552      4.275105
      7.160000      1.936005      1.936005      3.872010
      7.180000      1.988595      1.988595      3.977190
      7.200000      2.292675      2.292675      4.585350
      7.220000      2.842232      2.842232      5.684465
      7.240000      3.612562      3.612562      7.225125
      7.260000      4.543228      4.543228      9.086456
      7.280000      5.532841      5.532841     11.065682
      7.300000      6.454710      6.454710     12.909419
      7.320000      7.191217      7.191217     14.382433
      7.340000      7.672260      7.672260     15.344520
      7.360000      7.897448      7.897448     15.794896
      7.380000      7.928357      7.928357     15.856713
      7.400000      7.853480      7.853480     15.706960
      7.420000      7.744242      7.744242     15.488483
      7.440000      7.625079      7.625079     15.250158
      7.460000      7.471306      7.471306     14.942613
      7.480000      7.232224      7.232224     14.464448
      7.500000      6.864692      6.864692     13.729384
      7.520000      6.360444      6.360444     12.720888
      7.540000      5.757095      5.757095     11.514190
      7.560000      5.131773      5.131773     10.263546
      7.580000      4.582318      4.582318      9.164635
      7.600000      4.203002      4.203002      8.406005
      7.620000      4.061490      4.061490      8.122980
      7.640000      4.182892      4.182892      8.365783
      7.660000      4.545531      4.545531      9.091062
      7.680000      5.090519      5.090519     10.181038
      7.700000      5.743226      5.743226     11.486451
      7.720000      6.440050      6.440050     12.880100
      7.740000      7.150521      7.150521     14.301042
      7.760000      7.885000      7.885000     15.770000
      7.780000      8.683183      8.683183     17.366366
      7.800000      9.587075      9.587075     19.174149
      7.820000     10.610123     10.610123     21.220245
      7.840000     11.716939     11.716939     23.433879
      7.860000     12.822931     12.822931     25.645863
      7.880000     13.812685     13.812685     27.625369
      7.900000     14.566639     14.566639     29.133278
      7.920000     14.983520     14.983520     29.967041
      7.940000     14.992016     14.992016     29.984032
      7.960000     14.554041     14.554041     29.108082
      7.980000     13.666639     13.666639     27.333278
      8.000000     12.366877     12.366877     24.733754
      8.020000     10.737149     10.737149     21.474297
      8.040000      8.903372      8.903372     17.806743
      8.060000      7.020221      7.020221     14.040442
      8.080000      5.244803      5.244803     10.489605
      8.100000      3.707956      3.707956      7.415913
      8.120000      2.495119      2.495119      4.990238
      8.140000      1.644506      1.644506      3.289012
      8.160000      1.161850      1.161850      2.323699
      8.180000      1.042761      1.042761      2.085522
      8.200000      1.289928      1.289928      2.579856
      8.220000      1.914323      1.914323      3.828646
      8.240000      2.916879      2.916879      5.833758
      8.260000      4.257619      4.257619      8.515238
      8.280000      5.828955      5.828955     11.657910
      8.300000      7.453181      7.453181     14.906361
      8.320000      8.916392      8.916392     17.832784
      8.340000     10.032986     10.032986     20.065972
      8.360000     10.715261     10.715261     21.430522
      8.380000     11.013962     11.013962     22.027923
      8.400000     11.105582     11.105582     22.211164
      8.420000     11.226910     11.226910     22.453819
      8.440000     11.583052     11.583052     23.166104
      8.460000     12.267647     12.267647     24.535294
      8.480000     13.227275     13.227275     26.454550
      8.500000     14.281246     14.281246     28.562492
      8.520000     15.184269     15.184269     30.368537
      8.540000     15.704208     15.704208     31.408417
      8.560000     15.685741     15.685741     31.371481
      8.580000     15.081691     15.081691     30.163382
      8.600000     13.949885     13.949885     27.899770
      8.620000     12.425928     12.425928     24.851857
      8.640000     10.686696     10.686696     21.373392
      8.660000      8.916382      8.916382     17.832764
      8.680000      7.281254      7.281254     14.562507
      8.700000      5.914637      5.914637     11.829275
      8.720000      4.911051      4.911051      9.822103
      8.740000      4.326660      4.326660      8.653320
      8.760000      4.181878      4.181878      8.363756
      8.780000      4.461984      4.461984      8.923967
      8.800000      5.114385      5.114385     10.228770
      8.820000      6.046043      6.046043     12.092085
      8.840000      7.128297      7.128297     14.256594
      8.860000      8.215226      8.215226     16.430452
      8.880000      9.174566      9.174566     18.349133
      8.900000      9.920914      9.920914     19.841827
      8.920000     10.435840     10.435840     20.871680
      8.940000     10.763600     10.763600     21.527200
      8.960000     10.982975     10.982975     21.965951
      8.980000     11.168377     11.168377     22.336755
      9.000000     11.358417     11.358417     22.716835
      9.020000     11.544638     11.544638     23.089276
      9.040000     11.681241     11.681241     23.362483
      9.060000     11.706526     11.706526     23.413051
      9.080000     11.564220     11.564220     23.128439
      9.100000     11.217675     11.217675     22.435350
      9.120000     10.656836     10.656836     21.313673
      9.140000      9.901621      9.901621     19.803241
      9.160000      9.004108      9.004108     18.008216
      9.180000      8.048158      8.048158     16.096317
      9.200000      7.142756      7.142756     14.285512
      9.220000      6.406840      6.406840     12.813681
      9.240000      5.947698      5.947698     11.895395
      9.260000      5.839085      5.839085     11.678170
      9.280000      6.106191      6.106191     12.212381
      9.300000      6.721750      6.721750     13.443500
      9.320000      7.613158      7.613158     15.226316
      9.340000      8.677141      8.677141     17.354282
      9.360000      9.797898      9.797898     19.595796
      9.380000     10.865623     10.865623     21.731246
      9.400000     11.792976     11.792976     23.585952
      9.420000     12.526631     12.526631     25.053263
      9.440000     13.050749     13.050749     26.101498
      9.460000     13.380996     13.380996     26.761992
      9.480000     13.551479     13.551479     27.102959
      9.500000     13.600325     13.600325     27.200649
      9.520000     13.559861     13.559861     27.119722
      9.540000     13.453892     13.453892     26.907785
      9.560000     13.299842     13.299842     26.599683
      9.580000     13.111206     13.111206     26.222412
      9.600000     12.897578     12.897578     25.795157
      9.620000     12.663716     12.663716     25.327431
      9.640000     12.411766     12.411766     24.823532
      9.660000     12.148680     12.148680     24.297360
      9.680000     11.895066     11.895066     23.790132
      9.700000     11.687335     11.687335     23.374670
      9.720000     11.566836     11.566836     23.133673
      9.740000     11.558113     11.558113     23.116226
      9.760000     11.647783     11.647783     23.295567
      9.780000     11.778549     11.778549     23.557099
      9.800000     11.866322     11.866322     23.732644
      9.820000     11.836054     11.836054     23.672108
      9.840000     11.661089     11.661089     23.322178
      9.860000     11.387668     11.387668     22.775336
      9.880000     11.131680     11.131680     22.263361
      9.900000     11.045720     11.045720     22.091441
      9.920000     11.266564     11.266564     22.533128
      9.940000     11.862340     11.862340     23.724680
      9.960000     12.801303     12.801303     25.602606
      9.980000     13.957264     13.957264     27.914528
     10.000000     15.150758     15.150758     30.301517
