# EIG2DOS: Utility for SIESTA to obtain the electronic density of states
#  E. Artacho, Apr 1999, A. Garcia, Apr 2012
# ------------------------------------------
# Eigenvalues read from GRP_doping.EIG
# Using smearing parameter:   0.100
# Using   1001 points in energy range
# Selected bands: 1 to: 936
# Emin, emax in file for selected band(s):    -38.2950300    259.8830300
# Nbands, Nspin, Nk   =    936     1   231
# E_F                 =    -5.1259 eV --> (shifted to ZERO)
# Broadening          =     0.1000 eV
#
#        E            N(up)  (=)   N(down)         Ntot
    -10.000000      5.112977      5.112977     10.225955
     -9.980000      4.682725      4.682725      9.365450
     -9.960000      4.383070      4.383070      8.766141
     -9.940000      4.372629      4.372629      8.745259
     -9.920000      4.719304      4.719304      9.438607
     -9.900000      5.379624      5.379624     10.759248
     -9.880000      6.216582      6.216582     12.433164
     -9.860000      7.050552      7.050552     14.101104
     -9.840000      7.725616      7.725616     15.451232
     -9.820000      8.167029      8.167029     16.334058
     -9.800000      8.408747      8.408747     16.817494
     -9.780000      8.582440      8.582440     17.164881
     -9.760000      8.875093      8.875093     17.750186
     -9.740000      9.472499      9.472499     18.944997
     -9.720000     10.506124     10.506124     21.012249
     -9.700000     12.013703     12.013703     24.027405
     -9.680000     13.917017     13.917017     27.834034
     -9.660000     16.018932     16.018932     32.037864
     -9.640000     18.024351     18.024351     36.048702
     -9.620000     19.589793     19.589793     39.179587
     -9.600000     20.398399     20.398399     40.796799
     -9.580000     20.243291     20.243291     40.486582
     -9.560000     19.091243     19.091243     38.182486
     -9.540000     17.100236     17.100236     34.200472
     -9.520000     14.581088     14.581088     29.162177
     -9.500000     11.917185     11.917185     23.834370
     -9.480000      9.473603      9.473603     18.947207
     -9.460000      7.527540      7.527540     15.055080
     -9.440000      6.236413      6.236413     12.472827
     -9.420000      5.639359      5.639359     11.278718
     -9.400000      5.675489      5.675489     11.350978
     -9.380000      6.204522      6.204522     12.409044
     -9.360000      7.027246      7.027246     14.054492
     -9.340000      7.913102      7.913102     15.826203
     -9.320000      8.640889      8.640889     17.281778
     -9.300000      9.047163      9.047163     18.094326
     -9.280000      9.065217      9.065217     18.130434
     -9.260000      8.736491      8.736491     17.472982
     -9.240000      8.188065      8.188065     16.376130
     -9.220000      7.586384      7.586384     15.172768
     -9.200000      7.086789      7.086789     14.173577
     -9.180000      6.795585      6.795585     13.591170
     -9.160000      6.751168      6.751168     13.502336
     -9.140000      6.922405      6.922405     13.844809
     -9.120000      7.220770      7.220770     14.441540
     -9.100000      7.524411      7.524411     15.048823
     -9.080000      7.711483      7.711483     15.422965
     -9.060000      7.695162      7.695162     15.390323
     -9.040000      7.448461      7.448461     14.896923
     -9.020000      7.008913      7.008913     14.017827
     -9.000000      6.461927      6.461927     12.923854
     -8.980000      5.911515      5.911515     11.823029
     -8.960000      5.451520      5.451520     10.903040
     -8.940000      5.147262      5.147262     10.294524
     -8.920000      5.029947      5.029947     10.059895
     -8.900000      5.099727      5.099727     10.199453
     -8.880000      5.331324      5.331324     10.662648
     -8.860000      5.678516      5.678516     11.357031
     -8.840000      6.077746      6.077746     12.155493
     -8.820000      6.453849      6.453849     12.907698
     -8.800000      6.730500      6.730500     13.460999
     -8.780000      6.845053      6.845053     13.690107
     -8.760000      6.763697      6.763697     13.527394
     -8.740000      6.490949      6.490949     12.981898
     -8.720000      6.068899      6.068899     12.137799
     -8.700000      5.565727      5.565727     11.131454
     -8.680000      5.057682      5.057682     10.115364
     -8.660000      4.611156      4.611156      9.222312
     -8.640000      4.270417      4.270417      8.540834
     -8.620000      4.052947      4.052947      8.105894
     -8.600000      3.950617      3.950617      7.901234
     -8.580000      3.933560      3.933560      7.867120
     -8.560000      3.955016      3.955016      7.910032
     -8.540000      3.957900      3.957900      7.915801
     -8.520000      3.884805      3.884805      7.769609
     -8.500000      3.691295      3.691295      7.382590
     -8.480000      3.358944      3.358944      6.717887
     -8.460000      2.902371      2.902371      5.804741
     -8.440000      2.365995      2.365995      4.731991
     -8.420000      1.810830      1.810830      3.621660
     -8.400000      1.296623      1.296623      2.593246
     -8.380000      0.866772      0.866772      1.733544
     -8.360000      0.541465      0.541465      1.082930
     -8.340000      0.320184      0.320184      0.640369
     -8.320000      0.190778      0.190778      0.381556
     -8.300000      0.140768      0.140768      0.281536
     -8.280000      0.167164      0.167164      0.334328
     -8.260000      0.282356      0.282356      0.564711
     -8.240000      0.514312      0.514312      1.028624
     -8.220000      0.899442      0.899442      1.798884
     -8.200000      1.467428      1.467428      2.934856
     -8.180000      2.220474      2.220474      4.440947
     -8.160000      3.114223      3.114223      6.228445
     -8.140000      4.051172      4.051172      8.102344
     -8.120000      4.895592      4.895592      9.791185
     -8.100000      5.510152      5.510152     11.020303
     -8.080000      5.801994      5.801994     11.603989
     -8.060000      5.757767      5.757767     11.515533
     -8.040000      5.449693      5.449693     10.899386
     -8.020000      5.008483      5.008483     10.016966
     -8.000000      4.575736      4.575736      9.151471
     -7.980000      4.258176      4.258176      8.516352
     -7.960000      4.102858      4.102858      8.205716
     -7.940000      4.099504      4.099504      8.199008
     -7.920000      4.202314      4.202314      8.404627
     -7.900000      4.356858      4.356858      8.713715
     -7.880000      4.520117      4.520117      9.040234
     -7.860000      4.669160      4.669160      9.338320
     -7.840000      4.800450      4.800450      9.600901
     -7.820000      4.923944      4.923944      9.847888
     -7.800000      5.054890      5.054890     10.109780
     -7.780000      5.204713      5.204713     10.409426
     -7.760000      5.372668      5.372668     10.745336
     -7.740000      5.541448      5.541448     11.082896
     -7.720000      5.680276      5.680276     11.360553
     -7.700000      5.756628      5.756628     11.513256
     -7.680000      5.753408      5.753408     11.506816
     -7.660000      5.684604      5.684604     11.369208
     -7.640000      5.601587      5.601587     11.203174
     -7.620000      5.585162      5.585162     11.170324
     -7.600000      5.723975      5.723975     11.447949
     -7.580000      6.085422      6.085422     12.170844
     -7.560000      6.688248      6.688248     13.376495
     -7.540000      7.485464      7.485464     14.970928
     -7.520000      8.363245      8.363245     16.726489
     -7.500000      9.157907      9.157907     18.315814
     -7.480000      9.689812      9.689812     19.379625
     -7.460000      9.808921      9.808921     19.617843
     -7.440000      9.441226      9.441226     18.882452
     -7.420000      8.620682      8.620682     17.241364
     -7.400000      7.492126      7.492126     14.984253
     -7.380000      6.279373      6.279373     12.558747
     -7.360000      5.226109      5.226109     10.452219
     -7.340000      4.528188      4.528188      9.056377
     -7.320000      4.279017      4.279017      8.558034
     -7.300000      4.444751      4.444751      8.889501
     -7.280000      4.876692      4.876692      9.753384
     -7.260000      5.357833      5.357833     10.715667
     -7.240000      5.670379      5.670379     11.340758
     -7.220000      5.663154      5.663154     11.326308
     -7.200000      5.295999      5.295999     10.591999
     -7.180000      4.645967      4.645967      9.291934
     -7.160000      3.875414      3.875414      7.750827
     -7.140000      3.177158      3.177158      6.354316
     -7.120000      2.718178      2.718178      5.436355
     -7.100000      2.598710      2.598710      5.197420
     -7.080000      2.833398      2.833398      5.666796
     -7.060000      3.353031      3.353031      6.706061
     -7.040000      4.022854      4.022854      8.045708
     -7.020000      4.673861      4.673861      9.347723
     -7.000000      5.142441      5.142441     10.284881
     -6.980000      5.310182      5.310182     10.620364
     -6.960000      5.132643      5.132643     10.265286
     -6.940000      4.647623      4.647623      9.295246
     -6.920000      3.960682      3.960682      7.921363
     -6.900000      3.214623      3.214623      6.429246
     -6.880000      2.555236      2.555236      5.110471
     -6.860000      2.104777      2.104777      4.209553
     -6.840000      1.948577      1.948577      3.897154
     -6.820000      2.132642      2.132642      4.265283
     -6.800000      2.665466      2.665466      5.330932
     -6.780000      3.517799      3.517799      7.035599
     -6.760000      4.619385      4.619385      9.238770
     -6.740000      5.858424      5.858424     11.716848
     -6.720000      7.092726      7.092726     14.185451
     -6.700000      8.177224      8.177224     16.354449
     -6.680000      9.001541      9.001541     18.003081
     -6.660000      9.520467      9.520467     19.040933
     -6.640000      9.759071      9.759071     19.518141
     -6.620000      9.786523      9.786523     19.573045
     -6.600000      9.672031      9.672031     19.344062
     -6.580000      9.448535      9.448535     18.897069
     -6.560000      9.104985      9.104985     18.209971
     -6.540000      8.609108      8.609108     17.218216
     -6.520000      7.943480      7.943480     15.886960
     -6.500000      7.132183      7.132183     14.264366
     -6.480000      6.245186      6.245186     12.490373
     -6.460000      5.383263      5.383263     10.766525
     -6.440000      4.655414      4.655414      9.310828
     -6.420000      4.159156      4.159156      8.318313
     -6.400000      3.966583      3.966583      7.933165
     -6.380000      4.114003      4.114003      8.228006
     -6.360000      4.593592      4.593592      9.187184
     -6.340000      5.349118      5.349118     10.698235
     -6.320000      6.279512      6.279512     12.559024
     -6.300000      7.251805      7.251805     14.503609
     -6.280000      8.120918      8.120918     16.241836
     -6.260000      8.751488      8.751488     17.502976
     -6.240000      9.037595      9.037595     18.075190
     -6.220000      8.918336      8.918336     17.836672
     -6.200000      8.388069      8.388069     16.776138
     -6.180000      7.499306      7.499306     14.998612
     -6.160000      6.355466      6.355466     12.710933
     -6.140000      5.092464      5.092464     10.184928
     -6.120000      3.852511      3.852511      7.705021
     -6.100000      2.757979      2.757979      5.515957
     -6.080000      1.894142      1.894142      3.788285
     -6.060000      1.305720      1.305720      2.611440
     -6.040000      1.005382      1.005382      2.010764
     -6.020000      0.986736      0.986736      1.973472
     -6.000000      1.233016      1.233016      2.466032
     -5.980000      1.716378      1.716378      3.432757
     -5.960000      2.389210      2.389210      4.778419
     -5.940000      3.174623      3.174623      6.349247
     -5.920000      3.965181      3.965181      7.930362
     -5.900000      4.635582      4.635582      9.271164
     -5.880000      5.068056      5.068056     10.136112
     -5.860000      5.182078      5.182078     10.364157
     -5.840000      4.956694      4.956694      9.913389
     -5.820000      4.436171      4.436171      8.872341
     -5.800000      3.716695      3.716695      7.433389
     -5.780000      2.919839      2.919839      5.839678
     -5.760000      2.163463      2.163463      4.326926
     -5.740000      1.540504      1.540504      3.081008
     -5.720000      1.111297      1.111297      2.222595
     -5.700000      0.908579      0.908579      1.817158
     -5.680000      0.949473      0.949473      1.898946
     -5.660000      1.247569      1.247569      2.495137
     -5.640000      1.820263      1.820263      3.640527
     -5.620000      2.689814      2.689814      5.379628
     -5.600000      3.878719      3.878719      7.757438
     -5.580000      5.400337      5.400337     10.800674
     -5.560000      7.245114      7.245114     14.490228
     -5.540000      9.363330      9.363330     18.726660
     -5.520000     11.647839     11.647839     23.295678
     -5.500000     13.923792     13.923792     27.847583
     -5.480000     15.954370     15.954370     31.908739
     -5.460000     17.469611     17.469611     34.939223
     -5.440000     18.218515     18.218515     36.437030
     -5.420000     18.034028     18.034028     36.068056
     -5.400000     16.890564     16.890564     33.781128
     -5.380000     14.930592     14.930592     29.861184
     -5.360000     12.445366     12.445366     24.890732
     -5.340000      9.813206      9.813206     19.626412
     -5.320000      7.417471      7.417471     14.834942
     -5.300000      5.573711      5.573711     11.147423
     -5.280000      4.486701      4.486701      8.973402
     -5.260000      4.239721      4.239721      8.479443
     -5.240000      4.803812      4.803812      9.607623
     -5.220000      6.053139      6.053139     12.106278
     -5.200000      7.782508      7.782508     15.565016
     -5.180000      9.733634      9.733634     19.467269
     -5.160000     11.637331     11.637331     23.274663
     -5.140000     13.267441     13.267441     26.534881
     -5.120000     14.488146     14.488146     28.976291
     -5.100000     15.272224     15.272224     30.544447
     -5.080000     15.679815     15.679815     31.359631
     -5.060000     15.808675     15.808675     31.617350
     -5.040000     15.742741     15.742741     31.485482
     -5.020000     15.524901     15.524901     31.049802
     -5.000000     15.163300     15.163300     30.326600
     -4.980000     14.660585     14.660585     29.321170
     -4.960000     14.044927     14.044927     28.089855
     -4.940000     13.384916     13.384916     26.769832
     -4.920000     12.782294     12.782294     25.564588
     -4.900000     12.348510     12.348510     24.697020
     -4.880000     12.177291     12.177291     24.354582
     -4.860000     12.324581     12.324581     24.649163
     -4.840000     12.801020     12.801020     25.602041
     -4.820000     13.574067     13.574067     27.148134
     -4.800000     14.571708     14.571708     29.143416
     -4.780000     15.681624     15.681624     31.363248
     -4.760000     16.748959     16.748959     33.497918
     -4.740000     17.585838     17.585838     35.171675
     -4.720000     18.006379     18.006379     36.012757
     -4.700000     17.886708     17.886708     35.773416
     -4.680000     17.227013     17.227013     34.454025
     -4.660000     16.178474     16.178474     32.356949
     -4.640000     15.006604     15.006604     30.013209
     -4.620000     13.993996     13.993996     27.987991
     -4.600000     13.322357     13.322357     26.644714
     -4.580000     12.991885     12.991885     25.983769
     -4.560000     12.821575     12.821575     25.643151
     -4.540000     12.533510     12.533510     25.067021
     -4.520000     11.880699     11.880699     23.761398
     -4.500000     10.757175     10.757175     21.514349
     -4.480000      9.241674      9.241674     18.483348
     -4.460000      7.562745      7.562745     15.125490
     -4.440000      6.010583      6.010583     12.021166
     -4.420000      4.839060      4.839060      9.678120
     -4.400000      4.195226      4.195226      8.390451
     -4.380000      4.093260      4.093260      8.186520
     -4.360000      4.430343      4.430343      8.860685
     -4.340000      5.031440      5.031440     10.062880
     -4.320000      5.707128      5.707128     11.414255
     -4.300000      6.308127      6.308127     12.616255
     -4.280000      6.760658      6.760658     13.521316
     -4.260000      7.071164      7.071164     14.142328
     -4.240000      7.300153      7.300153     14.600305
     -4.220000      7.519199      7.519199     15.038397
     -4.200000      7.773632      7.773632     15.547264
     -4.180000      8.068831      8.068831     16.137662
     -4.160000      8.382429      8.382429     16.764859
     -4.140000      8.689187      8.689187     17.378373
     -4.120000      8.981023      8.981023     17.962047
     -4.100000      9.273240      9.273240     18.546481
     -4.080000      9.599545      9.599545     19.199089
     -4.060000     10.002054     10.002054     20.004109
     -4.040000     10.516809     10.516809     21.033618
     -4.020000     11.150600     11.150600     22.301201
     -4.000000     11.851141     11.851141     23.702281
     -3.980000     12.486826     12.486826     24.973652
     -3.960000     12.859387     12.859387     25.718773
     -3.940000     12.759803     12.759803     25.519606
     -3.920000     12.049672     12.049672     24.099344
     -3.900000     10.727762     10.727762     21.455524
     -3.880000      8.944273      8.944273     17.888545
     -3.860000      6.953681      6.953681     13.907362
     -3.840000      5.031237      5.031237     10.062473
     -3.820000      3.394976      3.394976      6.789951
     -3.800000      2.165832      2.165832      4.331665
     -3.780000      1.373106      1.373106      2.746212
     -3.760000      0.989155      0.989155      1.978311
     -3.740000      0.967814      0.967814      1.935627
     -3.720000      1.266249      1.266249      2.532499
     -3.700000      1.843159      1.843159      3.686319
     -3.680000      2.639785      2.639785      5.279569
     -3.660000      3.559369      3.559369      7.118738
     -3.640000      4.462411      4.462411      8.924822
     -3.620000      5.188125      5.188125     10.376250
     -3.600000      5.598891      5.598891     11.197783
     -3.580000      5.630430      5.630430     11.260860
     -3.560000      5.324342      5.324342     10.648685
     -3.540000      4.826067      4.826067      9.652134
     -3.520000      4.346967      4.346967      8.693934
     -3.500000      4.104960      4.104960      8.209920
     -3.480000      4.265340      4.265340      8.530680
     -3.460000      4.900247      4.900247      9.800494
     -3.440000      5.975909      5.975909     11.951819
     -3.420000      7.367094      7.367094     14.734188
     -3.400000      8.891535      8.891535     17.783070
     -3.380000     10.353833     10.353833     20.707666
     -3.360000     11.587834     11.587834     23.175667
     -3.340000     12.488306     12.488306     24.976613
     -3.320000     13.026083     13.026083     26.052167
     -3.300000     13.244687     13.244687     26.489374
     -3.280000     13.240134     13.240134     26.480267
     -3.260000     13.129028     13.129028     26.258056
     -3.240000     13.013040     13.013040     26.026081
     -3.220000     12.949302     12.949302     25.898603
     -3.200000     12.935157     12.935157     25.870315
     -3.180000     12.912093     12.912093     25.824186
     -3.160000     12.788617     12.788617     25.577233
     -3.140000     12.476416     12.476416     24.952831
     -3.120000     11.928736     11.928736     23.857471
     -3.100000     11.166310     11.166310     22.332619
     -3.080000     10.277545     10.277545     20.555091
     -3.060000      9.388571      9.388571     18.777141
     -3.040000      8.613082      8.613082     17.226165
     -3.020000      8.004269      8.004269     16.008538
     -3.000000      7.532786      7.532786     15.065572
     -2.980000      7.102927      7.102927     14.205854
     -2.960000      6.599606      6.599606     13.199213
     -2.940000      5.943054      5.943054     11.886108
     -2.920000      5.125590      5.125590     10.251181
     -2.900000      4.216235      4.216235      8.432470
     -2.880000      3.336192      3.336192      6.672384
     -2.860000      2.620601      2.620601      5.241202
     -2.840000      2.183236      2.183236      4.366472
     -2.820000      2.093279      2.093279      4.186558
     -2.800000      2.364346      2.364346      4.728692
     -2.780000      2.952156      2.952156      5.904313
     -2.760000      3.759409      3.759409      7.518817
     -2.740000      4.650012      4.650012      9.300024
     -2.720000      5.474434      5.474434     10.948868
     -2.700000      6.102300      6.102300     12.204599
     -2.680000      6.451826      6.451826     12.903651
     -2.660000      6.504321      6.504321     13.008643
     -2.640000      6.298394      6.298394     12.596788
     -2.620000      5.908802      5.908802     11.817604
     -2.600000      5.421845      5.421845     10.843690
     -2.580000      4.918040      4.918040      9.836081
     -2.560000      4.465378      4.465378      8.930757
     -2.540000      4.119013      4.119013      8.238027
     -2.520000      3.921170      3.921170      7.842340
     -2.500000      3.898588      3.898588      7.797175
     -2.480000      4.059688      4.059688      8.119377
     -2.460000      4.395385      4.395385      8.790769
     -2.440000      4.884928      4.884928      9.769856
     -2.420000      5.504059      5.504059     11.008117
     -2.400000      6.230586      6.230586     12.461172
     -2.380000      7.044102      7.044102     14.088203
     -2.360000      7.920482      7.920482     15.840964
     -2.340000      8.825260      8.825260     17.650519
     -2.320000      9.710705      9.710705     19.421409
     -2.300000     10.519611     10.519611     21.039222
     -2.280000     11.195915     11.195915     22.391831
     -2.260000     11.699679     11.699679     23.399358
     -2.240000     12.021978     12.021978     24.043956
     -2.220000     12.193741     12.193741     24.387482
     -2.200000     12.282512     12.282512     24.565023
     -2.180000     12.374075     12.374075     24.748150
     -2.160000     12.542386     12.542386     25.084772
     -2.140000     12.818652     12.818652     25.637304
     -2.120000     13.173923     13.173923     26.347845
     -2.100000     13.525217     13.525217     27.050434
     -2.080000     13.764155     13.764155     27.528310
     -2.060000     13.795257     13.795257     27.590515
     -2.040000     13.566099     13.566099     27.132197
     -2.020000     13.076732     13.076732     26.153463
     -2.000000     12.367895     12.367895     24.735791
     -1.980000     11.498687     11.498687     22.997375
     -1.960000     10.527814     10.527814     21.055628
     -1.940000      9.507042      9.507042     19.014084
     -1.920000      8.485732      8.485732     16.971464
     -1.900000      7.518105      7.518105     15.036211
     -1.880000      6.664387      6.664387     13.328773
     -1.860000      5.982443      5.982443     11.964887
     -1.840000      5.513691      5.513691     11.027382
     -1.820000      5.271117      5.271117     10.542234
     -1.800000      5.236109      5.236109     10.472218
     -1.780000      5.365594      5.365594     10.731189
     -1.760000      5.605273      5.605273     11.210546
     -1.740000      5.901982      5.901982     11.803964
     -1.720000      6.210025      6.210025     12.420050
     -1.700000      6.491151      6.491151     12.982301
     -1.680000      6.712312      6.712312     13.424623
     -1.660000      6.846305      6.846305     13.692610
     -1.640000      6.877457      6.877457     13.754914
     -1.620000      6.810141      6.810141     13.620283
     -1.600000      6.675207      6.675207     13.350414
     -1.580000      6.529793      6.529793     13.059585
     -1.560000      6.448687      6.448687     12.897375
     -1.540000      6.508647      6.508647     13.017295
     -1.520000      6.769687      6.769687     13.539375
     -1.500000      7.258642      7.258642     14.517283
     -1.480000      7.959807      7.959807     15.919615
     -1.460000      8.815151      8.815151     17.630301
     -1.440000      9.733350      9.733350     19.466700
     -1.420000     10.604604     10.604604     21.209207
     -1.400000     11.317746     11.317746     22.635491
     -1.380000     11.777279     11.777279     23.554558
     -1.360000     11.918752     11.918752     23.837505
     -1.340000     11.720474     11.720474     23.440948
     -1.320000     11.208553     11.208553     22.417107
     -1.300000     10.452520     10.452520     20.905041
     -1.280000      9.551218      9.551218     19.102435
     -1.260000      8.612465      8.612465     17.224931
     -1.240000      7.732788      7.732788     15.465575
     -1.220000      6.983345      6.983345     13.966690
     -1.200000      6.405104      6.405104     12.810208
     -1.180000      6.011940      6.011940     12.023879
     -1.160000      5.797375      5.797375     11.594750
     -1.140000      5.740513      5.740513     11.481026
     -1.120000      5.809307      5.809307     11.618615
     -1.100000      5.962645      5.962645     11.925291
     -1.080000      6.154506      6.154506     12.309012
     -1.060000      6.342217      6.342217     12.684434
     -1.040000      6.497469      6.497469     12.994937
     -1.020000      6.615607      6.615607     13.231214
     -1.000000      6.718145      6.718145     13.436291
     -0.980000      6.845833      6.845833     13.691666
     -0.960000      7.043500      7.043500     14.087000
     -0.940000      7.341313      7.341313     14.682626
     -0.920000      7.738826      7.738826     15.477653
     -0.900000      8.197950      8.197950     16.395899
     -0.880000      8.648632      8.648632     17.297264
     -0.860000      9.006826      9.006826     18.013652
     -0.840000      9.199419      9.199419     18.398839
     -0.820000      9.187746      9.187746     18.375491
     -0.800000      8.982008      8.982008     17.964017
     -0.780000      8.643154      8.643154     17.286309
     -0.760000      8.273464      8.273464     16.546929
     -0.740000      7.999362      7.999362     15.998725
     -0.720000      7.949186      7.949186     15.898373
     -0.700000      8.227364      8.227364     16.454729
     -0.680000      8.887410      8.887410     17.774821
     -0.660000      9.909620      9.909620     19.819239
     -0.640000     11.192465     11.192465     22.384930
     -0.620000     12.565660     12.565660     25.131320
     -0.600000     13.826028     13.826028     27.652057
     -0.580000     14.787137     14.787137     29.574273
     -0.560000     15.325755     15.325755     30.651511
     -0.540000     15.408415     15.408415     30.816830
     -0.520000     15.090792     15.090792     30.181583
     -0.500000     14.495885     14.495885     28.991770
     -0.480000     13.784738     13.784738     27.569477
     -0.460000     13.130313     13.130313     26.260626
     -0.440000     12.694915     12.694915     25.389831
     -0.420000     12.604614     12.604614     25.209228
     -0.400000     12.918076     12.918076     25.836152
     -0.380000     13.599305     13.599305     27.198611
     -0.360000     14.512394     14.512394     29.024788
     -0.340000     15.451622     15.451622     30.903244
     -0.320000     16.202658     16.202658     32.405317
     -0.300000     16.611671     16.611671     33.223343
     -0.280000     16.632092     16.632092     33.264185
     -0.260000     16.328798     16.328798     32.657597
     -0.240000     15.840394     15.840394     31.680788
     -0.220000     15.319550     15.319550     30.639101
     -0.200000     14.878733     14.878733     29.757467
     -0.180000     14.561949     14.561949     29.123898
     -0.160000     14.348180     14.348180     28.696360
     -0.140000     14.177897     14.177897     28.355794
     -0.120000     13.987004     13.987004     27.974008
     -0.100000     13.733977     13.733977     27.467953
     -0.080000     13.412547     13.412547     26.825094
     -0.060000     13.049450     13.049450     26.098900
     -0.040000     12.691530     12.691530     25.383061
     -0.020000     12.388306     12.388306     24.776611
      0.000000     12.175763     12.175763     24.351526
      0.020000     12.065708     12.065708     24.131416
      0.040000     12.042880     12.042880     24.085761
      0.060000     12.069687     12.069687     24.139374
      0.080000     12.096319     12.096319     24.192639
      0.100000     12.072814     12.072814     24.145628
      0.120000     11.959570     11.959570     23.919139
      0.140000     11.733804     11.733804     23.467608
      0.160000     11.390989     11.390989     22.781977
      0.180000     10.941999     10.941999     21.883998
      0.200000     10.408121     10.408121     20.816243
      0.220000      9.816637      9.816637     19.633274
      0.240000      9.199022      9.199022     18.398044
      0.260000      8.592039      8.592039     17.184079
      0.280000      8.039954      8.039954     16.079909
      0.300000      7.594964      7.594964     15.189928
      0.320000      7.313183      7.313183     14.626367
      0.340000      7.245123      7.245123     14.490247
      0.360000      7.421864      7.421864     14.843727
      0.380000      7.840638      7.840638     15.681276
      0.400000      8.455517      8.455517     16.911033
      0.420000      9.179060      9.179060     18.358121
      0.440000      9.897999      9.897999     19.795997
      0.460000     10.500236     10.500236     21.000471
      0.480000     10.904317     10.904317     21.808635
      0.500000     11.079684     11.079684     22.159369
      0.520000     11.049221     11.049221     22.098441
      0.540000     10.873871     10.873871     21.747741
      0.560000     10.628098     10.628098     21.256195
      0.580000     10.379192     10.379192     20.758384
      0.600000     10.179889     10.179889     20.359778
      0.620000     10.074055     10.074055     20.148111
      0.640000     10.105447     10.105447     20.210894
      0.660000     10.316702     10.316702     20.633404
      0.680000     10.732822     10.732822     21.465644
      0.700000     11.336547     11.336547     22.673094
      0.720000     12.053096     12.053096     24.106191
      0.740000     12.760368     12.760368     25.520737
      0.760000     13.326946     13.326946     26.653892
      0.780000     13.662172     13.662172     27.324344
      0.800000     13.752446     13.752446     27.504893
      0.820000     13.663167     13.663167     27.326333
      0.840000     13.503920     13.503920     27.007840
      0.860000     13.374544     13.374544     26.749088
      0.880000     13.319655     13.319655     26.639310
      0.900000     13.313911     13.313911     26.627822
      0.920000     13.283341     13.283341     26.566682
      0.940000     13.149291     13.149291     26.298582
      0.960000     12.870738     12.870738     25.741475
      0.980000     12.463155     12.463155     24.926310
      1.000000     11.985897     11.985897     23.971793
      1.020000     11.507558     11.507558     23.015116
      1.040000     11.070317     11.070317     22.140633
      1.060000     10.673522     10.673522     21.347045
      1.080000     10.284400     10.284400     20.568799
      1.100000      9.867269      9.867269     19.734537
      1.120000      9.412263      9.412263     18.824525
      1.140000      8.946378      8.946378     17.892755
      1.160000      8.522038      8.522038     17.044076
      1.180000      8.192632      8.192632     16.385265
      1.200000      7.991315      7.991315     15.982629
      1.220000      7.924967      7.924967     15.849933
      1.240000      7.983605      7.983605     15.967210
      1.260000      8.155112      8.155112     16.310224
      1.280000      8.433046      8.433046     16.866093
      1.300000      8.812440      8.812440     17.624880
      1.320000      9.279434      9.279434     18.558869
      1.340000      9.806879      9.806879     19.613759
      1.360000     10.363869     10.363869     20.727739
      1.380000     10.934472     10.934472     21.868943
      1.400000     11.529055     11.529055     23.058110
      1.420000     12.171706     12.171706     24.343412
      1.440000     12.862689     12.862689     25.725377
      1.460000     13.536529     13.536529     27.073057
      1.480000     14.047312     14.047312     28.094623
      1.500000     14.201702     14.201702     28.403405
      1.520000     13.831584     13.831584     27.663167
      1.540000     12.871051     12.871051     25.742101
      1.560000     11.396323     11.396323     22.792647
      1.580000      9.606938      9.606938     19.213877
      1.600000      7.758945      7.758945     15.517890
      1.620000      6.084528      6.084528     12.169057
      1.640000      4.734166      4.734166      9.468333
      1.660000      3.759665      3.759665      7.519331
      1.680000      3.133376      3.133376      6.266751
      1.700000      2.784447      2.784447      5.568894
      1.720000      2.632319      2.632319      5.264639
      1.740000      2.606561      2.606561      5.213121
      1.760000      2.652686      2.652686      5.305373
      1.780000      2.729901      2.729901      5.459801
      1.800000      2.807353      2.807353      5.614705
      1.820000      2.862546      2.862546      5.725091
      1.840000      2.881948      2.881948      5.763896
      1.860000      2.861826      2.861826      5.723653
      1.880000      2.807458      2.807458      5.614916
      1.900000      2.730332      2.730332      5.460665
      1.920000      2.644377      2.644377      5.288753
      1.940000      2.562585      2.562585      5.125171
      1.960000      2.494745      2.494745      4.989490
      1.980000      2.446069      2.446069      4.892139
      2.000000      2.416305      2.416305      4.832610
      2.020000      2.399317      2.399317      4.798634
      2.040000      2.383725      2.383725      4.767449
      2.060000      2.355188      2.355188      4.710377
      2.080000      2.300377      2.300377      4.600754
      2.100000      2.211822      2.211822      4.423644
      2.120000      2.092152      2.092152      4.184305
      2.140000      1.955842      1.955842      3.911684
      2.160000      1.826939      1.826939      3.653879
      2.180000      1.732517      1.732517      3.465034
      2.200000      1.693653      1.693653      3.387305
      2.220000      1.717538      1.717538      3.435075
      2.240000      1.794459      1.794459      3.588918
      2.260000      1.901318      1.901318      3.802636
      2.280000      2.010047      2.010047      4.020095
      2.300000      2.096897      2.096897      4.193793
      2.320000      2.148577      2.148577      4.297155
      2.340000      2.163519      2.163519      4.327039
      2.360000      2.149156      2.149156      4.298313
      2.380000      2.117553      2.117553      4.235105
      2.400000      2.081380      2.081380      4.162760
      2.420000      2.051206      2.051206      4.102412
      2.440000      2.034269      2.034269      4.068537
      2.460000      2.034606      2.034606      4.069213
      2.480000      2.054223      2.054223      4.108446
      2.500000      2.094672      2.094672      4.189344
      2.520000      2.158442      2.158442      4.316883
      2.540000      2.249945      2.249945      4.499890
      2.560000      2.376673      2.376673      4.753347
      2.580000      2.551459      2.551459      5.102918
      2.600000      2.796456      2.796456      5.592911
      2.620000      3.148158      3.148158      6.296317
      2.640000      3.660556      3.660556      7.321111
      2.660000      4.401045      4.401045      8.802090
      2.680000      5.433093      5.433093     10.866186
      2.700000      6.783615      6.783615     13.567229
      2.720000      8.402751      8.402751     16.805501
      2.740000     10.135237     10.135237     20.270474
      2.760000     11.727266     11.727266     23.454532
      2.780000     12.882712     12.882712     25.765424
      2.800000     13.358490     13.358490     26.716979
      2.820000     13.063015     13.063015     26.126029
      2.840000     12.111664     12.111664     24.223328
      2.860000     10.808381     10.808381     21.616762
      2.880000      9.556180      9.556180     19.112359
      2.900000      8.731919      8.731919     17.463837
      2.920000      8.574283      8.574283     17.148565
      2.940000      9.123626      9.123626     18.247253
      2.960000     10.227531     10.227531     20.455063
      2.980000     11.601072     11.601072     23.202144
      3.000000     12.916009     12.916009     25.832018
      3.020000     13.890447     13.890447     27.780895
      3.040000     14.356181     14.356181     28.712361
      3.060000     14.289918     14.289918     28.579836
      3.080000     13.803543     13.803543     27.607086
      3.100000     13.097015     13.097015     26.194031
      3.120000     12.386389     12.386389     24.772777
      3.140000     11.828141     11.828141     23.656281
      3.160000     11.465894     11.465894     22.931787
      3.180000     11.221274     11.221274     22.442548
      3.200000     10.934846     10.934846     21.869693
      3.220000     10.440840     10.440840     20.881680
      3.240000      9.642351      9.642351     19.284701
      3.260000      8.552899      8.552899     17.105798
      3.280000      7.287607      7.287607     14.575214
      3.300000      6.012950      6.012950     12.025900
      3.320000      4.882727      4.882727      9.765453
      3.340000      3.989809      3.989809      7.979618
      3.360000      3.350168      3.350168      6.700336
      3.380000      2.918008      2.918008      5.836016
      3.400000      2.618883      2.618883      5.237766
      3.420000      2.385110      2.385110      4.770220
      3.440000      2.182002      2.182002      4.364004
      3.460000      2.019323      2.019323      4.038645
      3.480000      1.946866      1.946866      3.893731
      3.500000      2.035759      2.035759      4.071517
      3.520000      2.349496      2.349496      4.698992
      3.540000      2.911966      2.911966      5.823932
      3.560000      3.683352      3.683352      7.366703
      3.580000      4.555945      4.555945      9.111889
      3.600000      5.377093      5.377093     10.754186
      3.620000      5.995092      5.995092     11.990184
      3.640000      6.310685      6.310685     12.621370
      3.660000      6.310829      6.310829     12.621657
      3.680000      6.068663      6.068663     12.137326
      3.700000      5.711419      5.711419     11.422837
      3.720000      5.374874      5.374874     10.749747
      3.740000      5.167366      5.167366     10.334731
      3.760000      5.155709      5.155709     10.311419
      3.780000      5.368468      5.368468     10.736935
      3.800000      5.801775      5.801775     11.603550
      3.820000      6.416310      6.416310     12.832621
      3.840000      7.127227      7.127227     14.254454
      3.860000      7.800780      7.800780     15.601561
      3.880000      8.272150      8.272150     16.544300
      3.900000      8.386951      8.386951     16.773902
      3.920000      8.052167      8.052167     16.104334
      3.940000      7.272607      7.272607     14.545215
      3.960000      6.153939      6.153939     12.307879
      3.980000      4.870228      4.870228      9.740456
      4.000000      3.611857      3.611857      7.223713
      4.020000      2.537577      2.537577      5.075154
      4.040000      1.748502      1.748502      3.497004
      4.060000      1.287581      1.287581      2.575162
      4.080000      1.155098      1.155098      2.310196
      4.100000      1.325978      1.325978      2.651955
      4.120000      1.758918      1.758918      3.517835
      4.140000      2.396268      2.396268      4.792537
      4.160000      3.161221      3.161221      6.322443
      4.180000      3.961217      3.961217      7.922433
      4.200000      4.702696      4.702696      9.405392
      4.220000      5.314878      5.314878     10.629756
      4.240000      5.773286      5.773286     11.546572
      4.260000      6.111141      6.111141     12.222282
      4.280000      6.410140      6.410140     12.820280
      4.300000      6.770419      6.770419     13.540838
      4.320000      7.269003      7.269003     14.538006
      4.340000      7.922415      7.922415     15.844830
      4.360000      8.668841      8.668841     17.337683
      4.380000      9.378014      9.378014     18.756028
      4.400000      9.885978      9.885978     19.771956
      4.420000     10.042392     10.042392     20.084783
      4.440000      9.754148      9.754148     19.508296
      4.460000      9.011756      9.011756     18.023511
      4.480000      7.891853      7.891853     15.783707
      4.500000      6.537283      6.537283     13.074567
      4.520000      5.122820      5.122820     10.245640
      4.540000      3.818341      3.818341      7.636681
      4.560000      2.760798      2.760798      5.521596
      4.580000      2.041712      2.041712      4.083425
      4.600000      1.709617      1.709617      3.419233
      4.620000      1.780334      1.780334      3.560667
      4.640000      2.245385      2.245385      4.490771
      4.660000      3.071561      3.071561      6.143121
      4.680000      4.191351      4.191351      8.382701
      4.700000      5.491352      5.491352     10.982704
      4.720000      6.810097      6.810097     13.620194
      4.740000      7.955148      7.955148     15.910296
      4.760000      8.740969      8.740969     17.481937
      4.780000      9.037111      9.037111     18.074223
      4.800000      8.807139      8.807139     17.614279
      4.820000      8.119271      8.119271     16.238543
      4.840000      7.121659      7.121659     14.243318
      4.860000      5.992476      5.992476     11.984953
      4.880000      4.887088      4.887088      9.774176
      4.900000      3.904065      3.904065      7.808131
      4.920000      3.079846      3.079846      6.159693
      4.940000      2.406837      2.406837      4.813673
      4.960000      1.860764      1.860764      3.721527
      4.980000      1.423636      1.423636      2.847272
      5.000000      1.095654      1.095654      2.191308
      5.020000      0.896710      0.896710      1.793420
      5.040000      0.861264      0.861264      1.722529
      5.060000      1.029020      1.029020      2.058040
      5.080000      1.431131      1.431131      2.862262
      5.100000      2.071573      2.071573      4.143146
      5.120000      2.907341      2.907341      5.814681
      5.140000      3.836849      3.836849      7.673697
      5.160000      4.707901      4.707901      9.415802
      5.180000      5.350499      5.350499     10.700999
      5.200000      5.626798      5.626798     11.253597
      5.220000      5.478242      5.478242     10.956484
      5.240000      4.947513      4.947513      9.895026
      5.260000      4.163824      4.163824      8.327647
      5.280000      3.298248      3.298248      6.596496
      5.300000      2.509880      2.509880      5.019760
      5.320000      1.905408      1.905408      3.810816
      5.340000      1.524935      1.524935      3.049869
      5.360000      1.353200      1.353200      2.706401
      5.380000      1.345821      1.345821      2.691642
      5.400000      1.457835      1.457835      2.915670
      5.420000      1.664668      1.664668      3.329335
      5.440000      1.969995      1.969995      3.939991
      5.460000      2.398852      2.398852      4.797704
      5.480000      2.978016      2.978016      5.956032
      5.500000      3.710040      3.710040      7.420081
      5.520000      4.551679      4.551679      9.103357
      5.540000      5.409091      5.409091     10.818182
      5.560000      6.157950      6.157950     12.315900
      5.580000      6.685868      6.685868     13.371737
      5.600000      6.941782      6.941782     13.883565
      5.620000      6.969536      6.969536     13.939072
      5.640000      6.906540      6.906540     13.813079
      5.660000      6.942425      6.942425     13.884849
      5.680000      7.250187      7.250187     14.500375
      5.700000      7.915063      7.915063     15.830125
      5.720000      8.889208      8.889208     17.778417
      5.740000      9.992640      9.992640     19.985280
      5.760000     10.965110     10.965110     21.930221
      5.780000     11.553975     11.553975     23.107950
      5.800000     11.606139     11.606139     23.212278
      5.820000     11.126401     11.126401     22.252802
      5.840000     10.275490     10.275490     20.550979
      5.860000      9.306436      9.306436     18.612873
      5.880000      8.466078      8.466078     16.932157
      5.900000      7.904899      7.904899     15.809798
      5.920000      7.634261      7.634261     15.268521
      5.940000      7.547345      7.547345     15.094689
      5.960000      7.490114      7.490114     14.980229
      5.980000      7.345833      7.345833     14.691666
      6.000000      7.091854      7.091854     14.183709
      6.020000      6.802570      6.802570     13.605139
      6.040000      6.599878      6.599878     13.199757
      6.060000      6.578633      6.578633     13.157265
      6.080000      6.746143      6.746143     13.492286
      6.100000      7.006429      7.006429     14.012858
      6.120000      7.196097      7.196097     14.392194
      6.140000      7.152326      7.152326     14.304652
      6.160000      6.778502      6.778502     13.557004
      6.180000      6.077267      6.077267     12.154533
      6.200000      5.140456      5.140456     10.280912
      6.220000      4.108036      4.108036      8.216072
      6.240000      3.120510      3.120510      6.241021
      6.260000      2.286266      2.286266      4.572531
      6.280000      1.672042      1.672042      3.344083
      6.300000      1.311183      1.311183      2.622366
      6.320000      1.217751      1.217751      2.435502
      6.340000      1.395987      1.395987      2.791973
      6.360000      1.840539      1.840539      3.681077
      6.380000      2.529136      2.529136      5.058272
      6.400000      3.413562      3.413562      6.827124
      6.420000      4.415978      4.415978      8.831957
      6.440000      5.435986      5.435986     10.871973
      6.460000      6.369951      6.369951     12.739903
      6.480000      7.139316      7.139316     14.278633
      6.500000      7.720239      7.720239     15.440479
      6.520000      8.164099      8.164099     16.328199
      6.540000      8.598089      8.598089     17.196179
      6.560000      9.198295      9.198295     18.396591
      6.580000     10.135300     10.135300     20.270599
      6.600000     11.504111     11.504111     23.008223
      6.620000     13.262508     13.262508     26.525017
      6.640000     15.207577     15.207577     30.415154
      6.660000     17.011950     17.011950     34.023900
      6.680000     18.317498     18.317498     36.634995
      6.700000     18.854196     18.854196     37.708392
      6.720000     18.532889     18.532889     37.065779
      6.740000     17.467621     17.467621     34.935243
      6.760000     15.916427     15.916427     31.832854
      6.780000     14.171237     14.171237     28.342473
      6.800000     12.452619     12.452619     24.905239
      6.820000     10.858018     10.858018     21.716037
      6.840000      9.378502      9.378502     18.757004
      6.860000      7.961151      7.961151     15.922302
      6.880000      6.574915      6.574915     13.149829
      6.900000      5.245325      5.245325     10.490650
      6.920000      4.048184      4.048184      8.096369
      6.940000      3.076174      3.076174      6.152347
      6.960000      2.402213      2.402213      4.804426
      6.980000      2.057903      2.057903      4.115805
      7.000000      2.032357      2.032357      4.064714
      7.020000      2.285294      2.285294      4.570588
      7.040000      2.763343      2.763343      5.526686
      7.060000      3.410174      3.410174      6.820348
      7.080000      4.166768      4.166768      8.333535
      7.100000      4.964866      4.964866      9.929732
      7.120000      5.721462      5.721462     11.442923
      7.140000      6.342647      6.342647     12.685294
      7.160000      6.740503      6.740503     13.481005
      7.180000      6.859101      6.859101     13.718201
      7.200000      6.699190      6.699190     13.398381
      7.220000      6.329463      6.329463     12.658926
      7.240000      5.876372      5.876372     11.752745
      7.260000      5.492360      5.492360     10.984720
      7.280000      5.310689      5.310689     10.621378
      7.300000      5.401058      5.401058     10.802115
      7.320000      5.741864      5.741864     11.483728
      7.340000      6.221241      6.221241     12.442481
      7.360000      6.669715      6.669715     13.339430
      7.380000      6.914893      6.914893     13.829785
      7.400000      6.838144      6.838144     13.676287
      7.420000      6.411051      6.411051     12.822101
      7.440000      5.697979      5.697979     11.395958
      7.460000      4.826802      4.826802      9.653604
      7.480000      3.943753      3.943753      7.887505
      7.500000      3.172801      3.172801      6.345602
      7.520000      2.593365      2.593365      5.186730
      7.540000      2.238139      2.238139      4.476278
      7.560000      2.103261      2.103261      4.206522
      7.580000      2.160763      2.160763      4.321526
      7.600000      2.367439      2.367439      4.734877
      7.620000      2.670395      2.670395      5.340790
      7.640000      3.012961      3.012961      6.025921
      7.660000      3.343550      3.343550      6.687100
      7.680000      3.626135      3.626135      7.252270
      7.700000      3.847559      3.847559      7.695118
      7.720000      4.016831      4.016831      8.033662
      7.740000      4.155132      4.155132      8.310263
      7.760000      4.280422      4.280422      8.560845
      7.780000      4.394065      4.394065      8.788130
      7.800000      4.476490      4.476490      8.952981
      7.820000      4.494643      4.494643      8.989286
      7.840000      4.417944      4.417944      8.835888
      7.860000      4.235122      4.235122      8.470243
      7.880000      3.964063      3.964063      7.928126
      7.900000      3.650929      3.650929      7.301858
      7.920000      3.360570      3.360570      6.721140
      7.940000      3.164016      3.164016      6.328033
      7.960000      3.128177      3.128177      6.256354
      7.980000      3.308594      3.308594      6.617188
      8.000000      3.741719      3.741719      7.483438
      8.020000      4.432610      4.432610      8.865220
      8.040000      5.338686      5.338686     10.677372
      8.060000      6.357718      6.357718     12.715436
      8.080000      7.332854      7.332854     14.665709
      8.100000      8.083773      8.083773     16.167546
      8.120000      8.460345      8.460345     16.920690
      8.140000      8.399852      8.399852     16.799704
      8.160000      7.960993      7.960993     15.921986
      8.180000      7.314742      7.314742     14.629485
      8.200000      6.691411      6.691411     13.382822
      8.220000      6.304500      6.304500     12.608999
      8.240000      6.283060      6.283060     12.566120
      8.260000      6.639851      6.639851     13.279701
      8.280000      7.285905      7.285905     14.571809
      8.300000      8.082030      8.082030     16.164060
      8.320000      8.902895      8.902895     17.805790
      8.340000      9.685141      9.685141     19.370282
      8.360000     10.438776     10.438776     20.877553
      8.380000     11.218142     11.218142     22.436283
      8.400000     12.068199     12.068199     24.136398
      8.420000     12.974618     12.974618     25.949236
      8.440000     13.844977     13.844977     27.689953
      8.460000     14.532956     14.532956     29.065913
      8.480000     14.895330     14.895330     29.790659
      8.500000     14.854562     14.854562     29.709124
      8.520000     14.436994     14.436994     28.873988
      8.540000     13.768848     13.768848     27.537696
      8.560000     13.032652     13.032652     26.065305
      8.580000     12.404398     12.404398     24.808796
      8.600000     11.998390     11.998390     23.996781
      8.620000     11.840408     11.840408     23.680816
      8.640000     11.875184     11.875184     23.750368
      8.660000     11.999501     11.999501     23.999003
      8.680000     12.104114     12.104114     24.208227
      8.700000     12.108292     12.108292     24.216584
      8.720000     11.977447     11.977447     23.954895
      8.740000     11.722378     11.722378     23.444756
      8.760000     11.384893     11.384893     22.769787
      8.780000     11.017557     11.017557     22.035114
      8.800000     10.665496     10.665496     21.330992
      8.820000     10.356050     10.356050     20.712100
      8.840000     10.098004     10.098004     20.196008
      8.860000      9.887271      9.887271     19.774543
      8.880000      9.712508      9.712508     19.425016
      8.900000      9.554833      9.554833     19.109666
      8.920000      9.381336      9.381336     18.762672
      8.940000      9.139235      9.139235     18.278471
      8.960000      8.760613      8.760613     17.521227
      8.980000      8.182647      8.182647     16.365294
      9.000000      7.377215      7.377215     14.754431
      9.020000      6.374716      6.374716     12.749432
      9.040000      5.267544      5.267544     10.535087
      9.060000      4.189725      4.189725      8.379450
      9.080000      3.282988      3.282988      6.565977
      9.100000      2.666242      2.666242      5.332484
      9.120000      2.420734      2.420734      4.841468
      9.140000      2.591284      2.591284      5.182567
      9.160000      3.193773      3.193773      6.387546
      9.180000      4.217178      4.217178      8.434356
      9.200000      5.615218      5.615218     11.230437
      9.220000      7.293058      7.293058     14.586115
      9.240000      9.101401      9.101401     18.202802
      9.260000     10.849265     10.849265     21.698531
      9.280000     12.337866     12.337866     24.675731
      9.300000     13.406343     13.406343     26.812686
      9.320000     13.972158     13.972158     27.944316
      9.340000     14.049630     14.049630     28.099259
      9.360000     13.739153     13.739153     27.478307
      9.380000     13.192195     13.192195     26.384391
      9.400000     12.566552     12.566552     25.133105
      9.420000     11.988229     11.988229     23.976459
      9.440000     11.530818     11.530818     23.061635
      9.460000     11.214610     11.214610     22.429221
      9.480000     11.020684     11.020684     22.041369
      9.500000     10.912191     10.912191     21.824383
      9.520000     10.855427     10.855427     21.710854
      9.540000     10.834908     10.834908     21.669816
      9.560000     10.858689     10.858689     21.717379
      9.580000     10.952863     10.952863     21.905725
      9.600000     11.147897     11.147897     22.295794
      9.620000     11.463018     11.463018     22.926036
      9.640000     11.895809     11.895809     23.791619
      9.660000     12.421277     12.421277     24.842555
      9.680000     12.999011     12.999011     25.998021
      9.700000     13.582539     13.582539     27.165078
      9.720000     14.125020     14.125020     28.250040
      9.740000     14.580000     14.580000     29.160001
      9.760000     14.901242     14.901242     29.802483
      9.780000     15.046541     15.046541     30.093082
      9.800000     14.986075     14.986075     29.972149
      9.820000     14.710117     14.710117     29.420234
      9.840000     14.229822     14.229822     28.459644
      9.860000     13.569880     13.569880     27.139759
      9.880000     12.759022     12.759022     25.518044
      9.900000     11.827078     11.827078     23.654156
      9.920000     10.812712     10.812712     21.625423
      9.940000      9.777305      9.777305     19.554611
      9.960000      8.814162      8.814162     17.628325
      9.980000      8.042762      8.042762     16.085524
     10.000000      7.584966      7.584966     15.169933
