# EIG2DOS: Utility for SIESTA to obtain the electronic density of states
#  E. Artacho, Apr 1999, A. Garcia, Apr 2012
# ------------------------------------------
# Eigenvalues read from GRP_doping.EIG
# Using smearing parameter:   0.100
# Using   1001 points in energy range
# Selected bands: 1 to: 936
# Emin, emax in file for selected band(s):    -38.0851100    251.3463400
# Nbands, Nspin, Nk   =    936     1   231
# E_F                 =    -5.2413 eV --> (shifted to ZERO)
# Broadening          =     0.1000 eV
#
#        E            N(up)  (=)   N(down)         Ntot
    -10.000000      3.819786      3.819786      7.639572
     -9.980000      4.174189      4.174189      8.348378
     -9.960000      4.418665      4.418665      8.837330
     -9.940000      4.566051      4.566051      9.132102
     -9.920000      4.646221      4.646221      9.292442
     -9.900000      4.702075      4.702075      9.404150
     -9.880000      4.781839      4.781839      9.563678
     -9.860000      4.925926      4.925926      9.851852
     -9.840000      5.150944      5.150944     10.301887
     -9.820000      5.438770      5.438770     10.877539
     -9.800000      5.739567      5.739567     11.479134
     -9.780000      5.991478      5.991478     11.982957
     -9.760000      6.149395      6.149395     12.298789
     -9.740000      6.207654      6.207654     12.415308
     -9.720000      6.202757      6.202757     12.405515
     -9.700000      6.192353      6.192353     12.384706
     -9.680000      6.220203      6.220203     12.440405
     -9.660000      6.285594      6.285594     12.571187
     -9.640000      6.334444      6.334444     12.668887
     -9.620000      6.278528      6.278528     12.557055
     -9.600000      6.034615      6.034615     12.069230
     -9.580000      5.564862      5.564862     11.129724
     -9.560000      4.899233      4.899233      9.798467
     -9.540000      4.130034      4.130034      8.260068
     -9.520000      3.382253      3.382253      6.764506
     -9.500000      2.773926      2.773926      5.547851
     -9.480000      2.383322      2.383322      4.766644
     -9.460000      2.234730      2.234730      4.469461
     -9.440000      2.305689      2.305689      4.611377
     -9.420000      2.550122      2.550122      5.100244
     -9.400000      2.926479      2.926479      5.852958
     -9.380000      3.418408      3.418408      6.836816
     -9.360000      4.037926      4.037926      8.075852
     -9.340000      4.807392      4.807392      9.614784
     -9.320000      5.726067      5.726067     11.452134
     -9.300000      6.736526      6.736526     13.473053
     -9.280000      7.710572      7.710572     15.421145
     -9.260000      8.468859      8.468859     16.937719
     -9.240000      8.833263      8.833263     17.666527
     -9.220000      8.692876      8.692876     17.385751
     -9.200000      8.054341      8.054341     16.108682
     -9.180000      7.052489      7.052489     14.104978
     -9.160000      5.915638      5.915638     11.831276
     -9.140000      4.900505      4.900505      9.801011
     -9.120000      4.222647      4.222647      8.445293
     -9.100000      4.005733      4.005733      8.011466
     -9.080000      4.261779      4.261779      8.523557
     -9.060000      4.902624      4.902624      9.805247
     -9.040000      5.774844      5.774844     11.549687
     -9.020000      6.705467      6.705467     13.410934
     -9.000000      7.543673      7.543673     15.087346
     -8.980000      8.185832      8.185832     16.371665
     -8.960000      8.579795      8.579795     17.159590
     -8.940000      8.716240      8.716240     17.432479
     -8.920000      8.621832      8.621832     17.243665
     -8.900000      8.363742      8.363742     16.727484
     -8.880000      8.059860      8.059860     16.119720
     -8.860000      7.875889      7.875889     15.751778
     -8.840000      7.992030      7.992030     15.984060
     -8.820000      8.540533      8.540533     17.081066
     -8.800000      9.539249      9.539249     19.078498
     -8.780000     10.857858     10.857858     21.715716
     -8.760000     12.241907     12.241907     24.483814
     -8.740000     13.390158     13.390158     26.780316
     -8.720000     14.051360     14.051360     28.102719
     -8.700000     14.097066     14.097066     28.194132
     -8.680000     13.543824     13.543824     27.087649
     -8.660000     12.528320     12.528320     25.056640
     -8.640000     11.260791     11.260791     22.521582
     -8.620000      9.981262      9.981262     19.962523
     -8.600000      8.925322      8.925322     17.850644
     -8.580000      8.290046      8.290046     16.580092
     -8.560000      8.191334      8.191334     16.382669
     -8.540000      8.620014      8.620014     17.240028
     -8.520000      9.419997      9.419997     18.839993
     -8.500000     10.311910     10.311910     20.623820
     -8.480000     10.966471     10.966471     21.932942
     -8.460000     11.104810     11.104810     22.209621
     -8.440000     10.585511     10.585511     21.171022
     -8.420000      9.442004      9.442004     18.884009
     -8.400000      7.857317      7.857317     15.714634
     -8.380000      6.092196      6.092196     12.184393
     -8.360000      4.401076      4.401076      8.802152
     -8.340000      2.969750      2.969750      5.939499
     -8.320000      1.892535      1.892535      3.785070
     -8.300000      1.186428      1.186428      2.372857
     -8.280000      0.825843      0.825843      1.651686
     -8.260000      0.778237      0.778237      1.556474
     -8.240000      1.025897      1.025897      2.051793
     -8.220000      1.567661      1.567661      3.135321
     -8.200000      2.402760      2.402760      4.805521
     -8.180000      3.505676      3.505676      7.011353
     -8.160000      4.804705      4.804705      9.609411
     -8.140000      6.176155      6.176155     12.352310
     -8.120000      7.459785      7.459785     14.919570
     -8.100000      8.491326      8.491326     16.982652
     -8.080000      9.139824      9.139824     18.279647
     -8.060000      9.336080      9.336080     18.672160
     -8.040000      9.084257      9.084257     18.168515
     -8.020000      8.457041      8.457041     16.914083
     -8.000000      7.579745      7.579745     15.159491
     -7.980000      6.608236      6.608236     13.216472
     -7.960000      5.702660      5.702660     11.405319
     -7.940000      4.998298      4.998298      9.996597
     -7.920000      4.577885      4.577885      9.155769
     -7.900000      4.453275      4.453275      8.906550
     -7.880000      4.564264      4.564264      9.128527
     -7.860000      4.797035      4.797035      9.594069
     -7.840000      5.017133      5.017133     10.034265
     -7.820000      5.106361      5.106361     10.212721
     -7.800000      4.992462      4.992462      9.984924
     -7.780000      4.664193      4.664193      9.328387
     -7.760000      4.169698      4.169698      8.339396
     -7.740000      3.600542      3.600542      7.201084
     -7.720000      3.066568      3.066568      6.133135
     -7.700000      2.668211      2.668211      5.336422
     -7.680000      2.473284      2.473284      4.946569
     -7.660000      2.504100      2.504100      5.008199
     -7.640000      2.737838      2.737838      5.475676
     -7.620000      3.118889      3.118889      6.237778
     -7.600000      3.578057      3.578057      7.156115
     -7.580000      4.051900      4.051900      8.103800
     -7.560000      4.496597      4.496597      8.993193
     -7.540000      4.893759      4.893759      9.787518
     -7.520000      5.248226      5.248226     10.496452
     -7.500000      5.579002      5.579002     11.158005
     -7.480000      5.904711      5.904711     11.809422
     -7.460000      6.226332      6.226332     12.452664
     -7.440000      6.513159      6.513159     13.026317
     -7.420000      6.700313      6.700313     13.400625
     -7.400000      6.703750      6.703750     13.407501
     -7.380000      6.450362      6.450362     12.900725
     -7.360000      5.910833      5.910833     11.821666
     -7.340000      5.118783      5.118783     10.237566
     -7.320000      4.165547      4.165547      8.331093
     -7.300000      3.172651      3.172651      6.345301
     -7.280000      2.255384      2.255384      4.510768
     -7.260000      1.493726      1.493726      2.987453
     -7.240000      0.920751      0.920751      1.841503
     -7.220000      0.528638      0.528638      1.057276
     -7.200000      0.285093      0.285093      0.570187
     -7.180000      0.151424      0.151424      0.302848
     -7.160000      0.096509      0.096509      0.193019
     -7.140000      0.105121      0.105121      0.210243
     -7.120000      0.181561      0.181561      0.363122
     -7.100000      0.349474      0.349474      0.698948
     -7.080000      0.647015      0.647015      1.294029
     -7.060000      1.115253      1.115253      2.230506
     -7.040000      1.779057      1.779057      3.558114
     -7.020000      2.624277      2.624277      5.248554
     -7.000000      3.581068      3.581068      7.162135
     -6.980000      4.525979      4.525979      9.051959
     -6.960000      5.310593      5.310593     10.621186
     -6.940000      5.811554      5.811554     11.623108
     -6.920000      5.982238      5.982238     11.964475
     -6.900000      5.879840      5.879840     11.759681
     -6.880000      5.650123      5.650123     11.300246
     -6.860000      5.472575      5.472575     10.945149
     -6.840000      5.490070      5.490070     10.980140
     -6.820000      5.756254      5.756254     11.512508
     -6.800000      6.225009      6.225009     12.450018
     -6.780000      6.784098      6.784098     13.568196
     -6.760000      7.312043      7.312043     14.624087
     -6.740000      7.726642      7.726642     15.453284
     -6.720000      8.001496      8.001496     16.002992
     -6.700000      8.148251      8.148251     16.296502
     -6.680000      8.183125      8.183125     16.366251
     -6.660000      8.103189      8.103189     16.206379
     -6.640000      7.887337      7.887337     15.774673
     -6.620000      7.517931      7.517931     15.035862
     -6.600000      7.005796      7.005796     14.011592
     -6.580000      6.401581      6.401581     12.803162
     -6.560000      5.787640      5.787640     11.575281
     -6.540000      5.256578      5.256578     10.513156
     -6.520000      4.887749      4.887749      9.775499
     -6.500000      4.730439      4.730439      9.460878
     -6.480000      4.796634      4.796634      9.593269
     -6.460000      5.061985      5.061985     10.123970
     -6.440000      5.472207      5.472207     10.944415
     -6.420000      5.952840      5.952840     11.905680
     -6.400000      6.421386      6.421386     12.842773
     -6.380000      6.801778      6.801778     13.603555
     -6.360000      7.041239      7.041239     14.082478
     -6.340000      7.128325      7.128325     14.256650
     -6.320000      7.107737      7.107737     14.215473
     -6.300000      7.083862      7.083862     14.167724
     -6.280000      7.203928      7.203928     14.407857
     -6.260000      7.616567      7.616567     15.233133
     -6.240000      8.413048      8.413048     16.826095
     -6.220000      9.572096      9.572096     19.144191
     -6.200000     10.936413     10.936413     21.872826
     -6.180000     12.241693     12.241693     24.483386
     -6.160000     13.196296     13.196296     26.392593
     -6.140000     13.582464     13.582464     27.164928
     -6.120000     13.335020     13.335020     26.670040
     -6.100000     12.562496     12.562496     25.124991
     -6.080000     11.504337     11.504337     23.008675
     -6.060000     10.448190     10.448190     20.896380
     -6.040000      9.644522      9.644522     19.289044
     -6.020000      9.247138      9.247138     18.494276
     -6.000000      9.288429      9.288429     18.576857
     -5.980000      9.683595      9.683595     19.367189
     -5.960000     10.255859     10.255859     20.511718
     -5.940000     10.779078     10.779078     21.558157
     -5.920000     11.034411     11.034411     22.068822
     -5.900000     10.869781     10.869781     21.739561
     -5.880000     10.242000     10.242000     20.484000
     -5.860000      9.222620      9.222620     18.445239
     -5.840000      7.963508      7.963508     15.927016
     -5.820000      6.638342      6.638342     13.276684
     -5.800000      5.387695      5.387695     10.775390
     -5.780000      4.290512      4.290512      8.581025
     -5.760000      3.367889      3.367889      6.735778
     -5.740000      2.608256      2.608256      5.216511
     -5.720000      1.996230      1.996230      3.992460
     -5.700000      1.531778      1.531778      3.063557
     -5.680000      1.235681      1.235681      2.471361
     -5.660000      1.144262      1.144262      2.288524
     -5.640000      1.297774      1.297774      2.595547
     -5.620000      1.724938      1.724938      3.449876
     -5.600000      2.425342      2.425342      4.850683
     -5.580000      3.353806      3.353806      6.707613
     -5.560000      4.414465      4.414465      8.828929
     -5.540000      5.472339      5.472339     10.944679
     -5.520000      6.383711      6.383711     12.767421
     -5.500000      7.035783      7.035783     14.071566
     -5.480000      7.378221      7.378221     14.756442
     -5.460000      7.430723      7.430723     14.861447
     -5.440000      7.262531      7.262531     14.525062
     -5.420000      6.954758      6.954758     13.909516
     -5.400000      6.565168      6.565168     13.130335
     -5.380000      6.112258      6.112258     12.224516
     -5.360000      5.583684      5.583684     11.167369
     -5.340000      4.960787      4.960787      9.921574
     -5.320000      4.243933      4.243933      8.487866
     -5.300000      3.465426      3.465426      6.930853
     -5.280000      2.685518      2.685518      5.371037
     -5.260000      1.976804      1.976804      3.953608
     -5.240000      1.407658      1.407658      2.815316
     -5.220000      1.033959      1.033959      2.067918
     -5.200000      0.901853      0.901853      1.803706
     -5.180000      1.056734      1.056734      2.113469
     -5.160000      1.549115      1.549115      3.098230
     -5.140000      2.428946      2.428946      4.857893
     -5.120000      3.725994      3.725994      7.451988
     -5.100000      5.422560      5.422560     10.845119
     -5.080000      7.431769      7.431769     14.863538
     -5.060000      9.595331      9.595331     19.190661
     -5.040000     11.707177     11.707177     23.414355
     -5.020000     13.556589     13.556589     27.113177
     -5.000000     14.973519     14.973519     29.947037
     -4.980000     15.857080     15.857080     31.714160
     -4.960000     16.177489     16.177489     32.354979
     -4.940000     15.956846     15.956846     31.913691
     -4.920000     15.245321     15.245321     30.490643
     -4.900000     14.109317     14.109317     28.218635
     -4.880000     12.636993     12.636993     25.273986
     -4.860000     10.952042     10.952042     21.904084
     -4.840000      9.218777      9.218777     18.437554
     -4.820000      7.626072      7.626072     15.252143
     -4.800000      6.351429      6.351429     12.702859
     -4.780000      5.519938      5.519938     11.039875
     -4.760000      5.177072      5.177072     10.354143
     -4.740000      5.287006      5.287006     10.574013
     -4.720000      5.754743      5.754743     11.509485
     -4.700000      6.459799      6.459799     12.919599
     -4.680000      7.287223      7.287223     14.574445
     -4.660000      8.147651      8.147651     16.295302
     -4.640000      8.986372      8.986372     17.972744
     -4.620000      9.785375      9.785375     19.570749
     -4.600000     10.560077     10.560077     21.120154
     -4.580000     11.347451     11.347451     22.694902
     -4.560000     12.181515     12.181515     24.363030
     -4.540000     13.059532     13.059532     26.119065
     -4.520000     13.913758     13.913758     27.827516
     -4.500000     14.608928     14.608928     29.217856
     -4.480000     14.976662     14.976662     29.953324
     -4.460000     14.877074     14.877074     29.754148
     -4.440000     14.258961     14.258961     28.517922
     -4.420000     13.187753     13.187753     26.375506
     -4.400000     11.828207     11.828207     23.656414
     -4.380000     10.394575     10.394575     20.789150
     -4.360000      9.096519      9.096519     18.193038
     -4.340000      8.104333      8.104333     16.208665
     -4.320000      7.537549      7.537549     15.075098
     -4.300000      7.462712      7.462712     14.925424
     -4.280000      7.883051      7.883051     15.766101
     -4.260000      8.716940      8.716940     17.433880
     -4.240000      9.781889      9.781889     19.563777
     -4.220000     10.809678     10.809678     21.619356
     -4.200000     11.506552     11.506552     23.013105
     -4.180000     11.645198     11.645198     23.290396
     -4.160000     11.150510     11.150510     22.301019
     -4.140000     10.136866     10.136866     20.273731
     -4.120000      8.875718      8.875718     17.751436
     -4.100000      7.706331      7.706331     15.412662
     -4.080000      6.928826      6.928826     13.857652
     -4.060000      6.722844      6.722844     13.445687
     -4.040000      7.117630      7.117630     14.235259
     -4.020000      8.012734      8.012734     16.025468
     -4.000000      9.227790      9.227790     18.455579
     -3.980000     10.554051     10.554051     21.108102
     -3.960000     11.789659     11.789659     23.579318
     -3.940000     12.757317     12.757317     25.514635
     -3.920000     13.316266     13.316266     26.632531
     -3.900000     13.381387     13.381387     26.762773
     -3.880000     12.950702     12.950702     25.901404
     -3.860000     12.127192     12.127192     24.254383
     -3.840000     11.114207     11.114207     22.228414
     -3.820000     10.172178     10.172178     20.344355
     -3.800000      9.543531      9.543531     19.087062
     -3.780000      9.371236      9.371236     18.742472
     -3.760000      9.643518      9.643518     19.287036
     -3.740000     10.189521     10.189521     20.379042
     -3.720000     10.731725     10.731725     21.463450
     -3.700000     10.978669     10.978669     21.957338
     -3.680000     10.724982     10.724982     21.449964
     -3.660000      9.922271      9.922271     19.844542
     -3.640000      8.696477      8.696477     17.392954
     -3.620000      7.309420      7.309420     14.618841
     -3.600000      6.083020      6.083020     12.166040
     -3.580000      5.313492      5.313492     10.626983
     -3.560000      5.198027      5.198027     10.396055
     -3.540000      5.785752      5.785752     11.571504
     -3.520000      6.958168      6.958168     13.916336
     -3.500000      8.444413      8.444413     16.888826
     -3.480000      9.876548      9.876548     19.753095
     -3.460000     10.881007     10.881007     21.762014
     -3.440000     11.184401     11.184401     22.368802
     -3.420000     10.696846     10.696846     21.393692
     -3.400000      9.538328      9.538328     19.076657
     -3.380000      7.996536      7.996536     15.993073
     -3.360000      6.435567      6.435567     12.871135
     -3.340000      5.194385      5.194385     10.388770
     -3.320000      4.510871      4.510871      9.021743
     -3.300000      4.487116      4.487116      8.974232
     -3.280000      5.090132      5.090132     10.180263
     -3.260000      6.172781      6.172781     12.345562
     -3.240000      7.504051      7.504051     15.008103
     -3.220000      8.807389      8.807389     17.614779
     -3.200000      9.810072      9.810072     19.620144
     -3.180000     10.301233     10.301233     20.602466
     -3.160000     10.185522     10.185522     20.371044
     -3.140000      9.512562      9.512562     19.025123
     -3.120000      8.466289      8.466289     16.932578
     -3.100000      7.312363      7.312363     14.624727
     -3.080000      6.318850      6.318850     12.637700
     -3.060000      5.676520      5.676520     11.353041
     -3.040000      5.445745      5.445745     10.891490
     -3.020000      5.547803      5.547803     11.095605
     -3.000000      5.803358      5.803358     11.606716
     -2.980000      6.004333      6.004333     12.008666
     -2.960000      5.992671      5.992671     11.985341
     -2.940000      5.716158      5.716158     11.432316
     -2.920000      5.240909      5.240909     10.481817
     -2.900000      4.719283      4.719283      9.438566
     -2.880000      4.331385      4.331385      8.662770
     -2.860000      4.227264      4.227264      8.454528
     -2.840000      4.491572      4.491572      8.983144
     -2.820000      5.137729      5.137729     10.275459
     -2.800000      6.124418      6.124418     12.248836
     -2.780000      7.380525      7.380525     14.761049
     -2.760000      8.826014      8.826014     17.652029
     -2.740000     10.381566     10.381566     20.763132
     -2.720000     11.965353     11.965353     23.930705
     -2.700000     13.480455     13.480455     26.960909
     -2.680000     14.801634     14.801634     29.603268
     -2.660000     15.774082     15.774082     31.548164
     -2.640000     16.234925     16.234925     32.469850
     -2.620000     16.057838     16.057838     32.115677
     -2.600000     15.205693     15.205693     30.411385
     -2.580000     13.765746     13.765746     27.531492
     -2.560000     11.945757     11.945757     23.891514
     -2.540000     10.027497     10.027497     20.054995
     -2.520000      8.295726      8.295726     16.591453
     -2.500000      6.971814      6.971814     13.943629
     -2.480000      6.175388      6.175388     12.350776
     -2.460000      5.920100      5.920100     11.840199
     -2.440000      6.133202      6.133202     12.266403
     -2.420000      6.682723      6.682723     13.365446
     -2.400000      7.401466      7.401466     14.802932
     -2.380000      8.106959      8.106959     16.213917
     -2.360000      8.622620      8.622620     17.245240
     -2.340000      8.803932      8.803932     17.607864
     -2.320000      8.566625      8.566625     17.133251
     -2.300000      7.907687      7.907687     15.815374
     -2.280000      6.909294      6.909294     13.818589
     -2.260000      5.721658      5.721658     11.443317
     -2.240000      4.529629      4.529629      9.059258
     -2.220000      3.514416      3.514416      7.028832
     -2.200000      2.822109      2.822109      5.644218
     -2.180000      2.545331      2.545331      5.090663
     -2.160000      2.717413      2.717413      5.434826
     -2.140000      3.314538      3.314538      6.629076
     -2.120000      4.262012      4.262012      8.524023
     -2.100000      5.444078      5.444078     10.888157
     -2.080000      6.718976      6.718976     13.437952
     -2.060000      7.940172      7.940172     15.880343
     -2.040000      8.981781      8.981781     17.963563
     -2.020000      9.763141      9.763141     19.526282
     -2.000000     10.265895     10.265895     20.531789
     -1.980000     10.537035     10.537035     21.074069
     -1.960000     10.673478     10.673478     21.346955
     -1.940000     10.788704     10.788704     21.577409
     -1.920000     10.969617     10.969617     21.939235
     -1.900000     11.239045     11.239045     22.478090
     -1.880000     11.541191     11.541191     23.082382
     -1.860000     11.760161     11.760161     23.520321
     -1.840000     11.767217     11.767217     23.534435
     -1.820000     11.477625     11.477625     22.955249
     -1.800000     10.891419     10.891419     21.782839
     -1.780000     10.098780     10.098780     20.197560
     -1.760000      9.247423      9.247423     18.494846
     -1.740000      8.488154      8.488154     16.976308
     -1.720000      7.925140      7.925140     15.850280
     -1.700000      7.593717      7.593717     15.187435
     -1.680000      7.472830      7.472830     14.945660
     -1.660000      7.520739      7.520739     15.041478
     -1.640000      7.711998      7.711998     15.423997
     -1.620000      8.055893      8.055893     16.111786
     -1.600000      8.588732      8.588732     17.177464
     -1.580000      9.346634      9.346634     18.693267
     -1.560000     10.334299     10.334299     20.668599
     -1.540000     11.505302     11.505302     23.010605
     -1.520000     12.761898     12.761898     25.523796
     -1.500000     13.971904     13.971904     27.943808
     -1.480000     14.992682     14.992682     29.985363
     -1.460000     15.691838     15.691838     31.383676
     -1.440000     15.960572     15.960572     31.921145
     -1.420000     15.723174     15.723174     31.446348
     -1.400000     14.948475     14.948475     29.896951
     -1.380000     13.664150     13.664150     27.328299
     -1.360000     11.967202     11.967202     23.934404
     -1.340000     10.021093     10.021093     20.042186
     -1.320000      8.034800      8.034800     16.069600
     -1.300000      6.228384      6.228384     12.456769
     -1.280000      4.796350      4.796350      9.592699
     -1.260000      3.879891      3.879891      7.759782
     -1.240000      3.553030      3.553030      7.106061
     -1.220000      3.820654      3.820654      7.641309
     -1.200000      4.623421      4.623421      9.246841
     -1.180000      5.846664      5.846664     11.693328
     -1.160000      7.334884      7.334884     14.669768
     -1.140000      8.915263      8.915263     17.830525
     -1.120000     10.429669     10.429669     20.859338
     -1.100000     11.766326     11.766326     23.532652
     -1.080000     12.876056     12.876056     25.752113
     -1.060000     13.761182     13.761182     27.522364
     -1.040000     14.439480     14.439480     28.878960
     -1.020000     14.903602     14.903602     29.807203
     -1.000000     15.104475     15.104475     30.208950
     -0.980000     14.975855     14.975855     29.951711
     -0.960000     14.490316     14.490316     28.980633
     -0.940000     13.711908     13.711908     27.423817
     -0.920000     12.806562     12.806562     25.613124
     -0.900000     11.994020     11.994020     23.988040
     -0.880000     11.461270     11.461270     22.922541
     -0.860000     11.283234     11.283234     22.566468
     -0.840000     11.394384     11.394384     22.788768
     -0.820000     11.626194     11.626194     23.252388
     -0.800000     11.788320     11.788320     23.576640
     -0.780000     11.748899     11.748899     23.497798
     -0.760000     11.473729     11.473729     22.947459
     -0.740000     11.010811     11.010811     22.021623
     -0.720000     10.438485     10.438485     20.876971
     -0.700000      9.813433      9.813433     19.626866
     -0.680000      9.149701      9.149701     18.299402
     -0.660000      8.436659      8.436659     16.873318
     -0.640000      7.677933      7.677933     15.355866
     -0.620000      6.921018      6.921018     13.842035
     -0.600000      6.255192      6.255192     12.510385
     -0.580000      5.777011      5.777011     11.554022
     -0.560000      5.543564      5.543564     11.087128
     -0.540000      5.541312      5.541312     11.082623
     -0.520000      5.689447      5.689447     11.378895
     -0.500000      5.877918      5.877918     11.755836
     -0.480000      6.022145      6.022145     12.044290
     -0.460000      6.107797      6.107797     12.215593
     -0.440000      6.202914      6.202914     12.405829
     -0.420000      6.429011      6.429011     12.858023
     -0.400000      6.901276      6.901276     13.802552
     -0.380000      7.663037      7.663037     15.326074
     -0.360000      8.644462      8.644462     17.288925
     -0.340000      9.667164      9.667164     19.334329
     -0.320000     10.497518     10.497518     20.995037
     -0.300000     10.929877     10.929877     21.859753
     -0.280000     10.866449     10.866449     21.732898
     -0.260000     10.360677     10.360677     20.721354
     -0.240000      9.605930      9.605930     19.211861
     -0.220000      8.874415      8.874415     17.748830
     -0.200000      8.431493      8.431493     16.862987
     -0.180000      8.459108      8.459108     16.918217
     -0.160000      9.015382      9.015382     18.030765
     -0.140000     10.039566     10.039566     20.079132
     -0.120000     11.391183     11.391183     22.782366
     -0.100000     12.899382     12.899382     25.798764
     -0.080000     14.399325     14.399325     28.798650
     -0.060000     15.745639     15.745639     31.491278
     -0.040000     16.809883     16.809883     33.619765
     -0.020000     17.478506     17.478506     34.957011
      0.000000     17.663652     17.663652     35.327304
      0.020000     17.325151     17.325151     34.650303
      0.040000     16.489450     16.489450     32.978900
      0.060000     15.250408     15.250408     30.500816
      0.080000     13.748654     13.748654     27.497308
      0.100000     12.140881     12.140881     24.281761
      0.120000     10.576003     10.576003     21.152005
      0.140000      9.187166      9.187166     18.374333
      0.160000      8.094209      8.094209     16.188419
      0.180000      7.402300      7.402300     14.804600
      0.200000      7.186108      7.186108     14.372216
      0.220000      7.461844      7.461844     14.923688
      0.240000      8.162128      8.162128     16.324256
      0.260000      9.132056      9.132056     18.264112
      0.280000     10.156620     10.156620     20.313239
      0.300000     11.014253     11.014253     22.028505
      0.320000     11.536957     11.536957     23.073914
      0.340000     11.651990     11.651990     23.303979
      0.360000     11.387359     11.387359     22.774719
      0.380000     10.840659     10.840659     21.681319
      0.400000     10.129228     10.129228     20.258456
      0.420000      9.348354      9.348354     18.696709
      0.440000      8.557366      8.557366     17.114733
      0.460000      7.794880      7.794880     15.589760
      0.480000      7.106246      7.106246     14.212493
      0.500000      6.560218      6.560218     13.120436
      0.520000      6.241348      6.241348     12.482696
      0.540000      6.222170      6.222170     12.444339
      0.560000      6.532441      6.532441     13.064882
      0.580000      7.143445      7.143445     14.286890
      0.600000      7.974593      7.974593     15.949186
      0.620000      8.915834      8.915834     17.831667
      0.640000      9.852007      9.852007     19.704015
      0.660000     10.678105     10.678105     21.356210
      0.680000     11.304092     11.304092     22.608184
      0.700000     11.656820     11.656820     23.313639
      0.720000     11.688198     11.688198     23.376397
      0.740000     11.392162     11.392162     22.784325
      0.760000     10.822776     10.822776     21.645553
      0.780000     10.099421     10.099421     20.198842
      0.800000      9.387432      9.387432     18.774865
      0.820000      8.853676      8.853676     17.707352
      0.840000      8.610730      8.610730     17.221460
      0.860000      8.672872      8.672872     17.345744
      0.880000      8.945777      8.945777     17.891554
      0.900000      9.258812      9.258812     18.517625
      0.920000      9.429476      9.429476     18.858951
      0.940000      9.333566      9.333566     18.667132
      0.960000      8.951182      8.951182     17.902363
      0.980000      8.369989      8.369989     16.739978
      1.000000      7.747065      7.747065     15.494131
      1.020000      7.247825      7.247825     14.495650
      1.040000      6.986730      6.986730     13.973460
      1.060000      6.989411      6.989411     13.978821
      1.080000      7.185344      7.185344     14.370688
      1.100000      7.430511      7.430511     14.861021
      1.120000      7.552439      7.552439     15.104878
      1.140000      7.404617      7.404617     14.809234
      1.160000      6.913493      6.913493     13.826985
      1.180000      6.101975      6.101975     12.203950
      1.200000      5.081016      5.081016     10.162033
      1.220000      4.013605      4.013605      8.027210
      1.240000      3.066674      3.066674      6.133348
      1.260000      2.369543      2.369543      4.739085
      1.280000      1.991398      1.991398      3.982797
      1.300000      1.939959      1.939959      3.879918
      1.320000      2.175414      2.175414      4.350829
      1.340000      2.631276      2.631276      5.262553
      1.360000      3.235334      3.235334      6.470668
      1.380000      3.926227      3.926227      7.852453
      1.400000      4.662388      4.662388      9.324776
      1.420000      5.421174      5.421174     10.842349
      1.440000      6.188510      6.188510     12.377021
      1.460000      6.943546      6.943546     13.887092
      1.480000      7.646569      7.646569     15.293138
      1.500000      8.238711      8.238711     16.477421
      1.520000      8.657144      8.657144     17.314287
      1.540000      8.860865      8.860865     17.721729
      1.560000      8.854417      8.854417     17.708833
      1.580000      8.695270      8.695270     17.390540
      1.600000      8.477444      8.477444     16.954888
      1.620000      8.296242      8.296242     16.592483
      1.640000      8.209622      8.209622     16.419245
      1.660000      8.214355      8.214355     16.428710
      1.680000      8.248126      8.248126     16.496253
      1.700000      8.216409      8.216409     16.432817
      1.720000      8.031743      8.031743     16.063485
      1.740000      7.648328      7.648328     15.296656
      1.760000      7.077983      7.077983     14.155967
      1.780000      6.382584      6.382584     12.765168
      1.800000      5.648753      5.648753     11.297506
      1.820000      4.958063      4.958063      9.916126
      1.840000      4.366966      4.366966      8.733932
      1.860000      3.904656      3.904656      7.809313
      1.880000      3.587098      3.587098      7.174196
      1.900000      3.436402      3.436402      6.872805
      1.920000      3.491392      3.491392      6.982784
      1.940000      3.799554      3.799554      7.599108
      1.960000      4.391083      4.391083      8.782167
      1.980000      5.247127      5.247127     10.494254
      2.000000      6.280204      6.280204     12.560409
      2.020000      7.340728      7.340728     14.681457
      2.040000      8.250844      8.250844     16.501688
      2.060000      8.852351      8.852351     17.704703
      2.080000      9.048144      9.048144     18.096287
      2.100000      8.820756      8.820756     17.641513
      2.120000      8.224252      8.224252     16.448505
      2.140000      7.358423      7.358423     14.716846
      2.160000      6.339993      6.339993     12.679987
      2.180000      5.282555      5.282555     10.565110
      2.200000      4.289112      4.289112      8.578224
      2.220000      3.453660      3.453660      6.907320
      2.240000      2.864281      2.864281      5.728562
      2.260000      2.600329      2.600329      5.200659
      2.280000      2.719478      2.719478      5.438955
      2.300000      3.235894      3.235894      6.471789
      2.320000      4.097521      4.097521      8.195042
      2.340000      5.175620      5.175620     10.351240
      2.360000      6.279301      6.279301     12.558602
      2.380000      7.198710      7.198710     14.397419
      2.400000      7.765336      7.765336     15.530672
      2.420000      7.905020      7.905020     15.810040
      2.440000      7.658422      7.658422     15.316845
      2.460000      7.158033      7.158033     14.316066
      2.480000      6.572763      6.572763     13.145527
      2.500000      6.047307      6.047307     12.094614
      2.520000      5.663802      5.663802     11.327603
      2.540000      5.438470      5.438470     10.876940
      2.560000      5.345985      5.345985     10.691970
      2.580000      5.351510      5.351510     10.703019
      2.600000      5.431175      5.431175     10.862350
      2.620000      5.573553      5.573553     11.147107
      2.640000      5.768624      5.768624     11.537248
      2.660000      5.997768      5.997768     11.995535
      2.680000      6.235058      6.235058     12.470116
      2.700000      6.460151      6.460151     12.920302
      2.720000      6.673777      6.673777     13.347553
      2.740000      6.904152      6.904152     13.808304
      2.760000      7.197705      7.197705     14.395409
      2.780000      7.596889      7.596889     15.193778
      2.800000      8.116171      8.116171     16.232342
      2.820000      8.729807      8.729807     17.459613
      2.840000      9.380010      9.380010     18.760020
      2.860000     10.003372     10.003372     20.006744
      2.880000     10.562318     10.562318     21.124636
      2.900000     11.063407     11.063407     22.126814
      2.920000     11.549233     11.549233     23.098466
      2.940000     12.064095     12.064095     24.128190
      2.960000     12.608795     12.608795     25.217590
      2.980000     13.108694     13.108694     26.217388
      3.000000     13.415928     13.415928     26.831856
      3.020000     13.351753     13.351753     26.703506
      3.040000     12.774820     12.774820     25.549641
      3.060000     11.646082     11.646082     23.292164
      3.080000     10.060071     10.060071     20.120143
      3.100000      8.227202      8.227202     16.454403
      3.120000      6.414760      6.414760     12.829520
      3.140000      4.872320      4.872320      9.744641
      3.160000      3.770824      3.770824      7.541647
      3.180000      3.174041      3.174041      6.348082
      3.200000      3.045237      3.045237      6.090474
      3.220000      3.279796      3.279796      6.559592
      3.240000      3.749609      3.749609      7.499219
      3.260000      4.344637      4.344637      8.689275
      3.280000      4.998470      4.998470      9.996939
      3.300000      5.688539      5.688539     11.377078
      3.320000      6.410394      6.410394     12.820787
      3.340000      7.138285      7.138285     14.276571
      3.360000      7.794663      7.794663     15.589326
      3.380000      8.250243      8.250243     16.500487
      3.400000      8.361134      8.361134     16.722267
      3.420000      8.027314      8.027314     16.054628
      3.440000      7.241929      7.241929     14.483859
      3.460000      6.104163      6.104163     12.208326
      3.480000      4.788577      4.788577      9.577153
      3.500000      3.487413      3.487413      6.974826
      3.520000      2.354443      2.354443      4.708885
      3.540000      1.473583      1.473583      2.947166
      3.560000      0.859108      0.859108      1.718216
      3.580000      0.478678      0.478678      0.957355
      3.600000      0.283902      0.283902      0.567804
      3.620000      0.235856      0.235856      0.471712
      3.640000      0.319508      0.319508      0.639016
      3.660000      0.546187      0.546187      1.092375
      3.680000      0.945275      0.945275      1.890550
      3.700000      1.547143      1.547143      3.094286
      3.720000      2.361411      2.361411      4.722823
      3.740000      3.358176      3.358176      6.716351
      3.760000      4.461968      4.461968      8.923936
      3.780000      5.564934      5.564934     11.129869
      3.800000      6.556188      6.556188     13.112376
      3.820000      7.353569      7.353569     14.707138
      3.840000      7.920644      7.920644     15.841289
      3.860000      8.260517      8.260517     16.521034
      3.880000      8.394090      8.394090     16.788180
      3.900000      8.341460      8.341460     16.682920
      3.920000      8.121157      8.121157     16.242313
      3.940000      7.765396      7.765396     15.530791
      3.960000      7.333980      7.333980     14.667961
      3.980000      6.908560      6.908560     13.817120
      4.000000      6.563929      6.563929     13.127858
      4.020000      6.331886      6.331886     12.663772
      4.040000      6.180954      6.180954     12.361908
      4.060000      6.026459      6.026459     12.052917
      4.080000      5.767157      5.767157     11.534314
      4.100000      5.329724      5.329724     10.659448
      4.120000      4.699658      4.699658      9.399316
      4.140000      3.926312      3.926312      7.852623
      4.160000      3.103625      3.103625      6.207250
      4.180000      2.338519      2.338519      4.677038
      4.200000      1.721275      1.721275      3.442550
      4.220000      1.307424      1.307424      2.614847
      4.240000      1.113025      1.113025      2.226051
      4.260000      1.119567      1.119567      2.239134
      4.280000      1.283351      1.283351      2.566701
      4.300000      1.546306      1.546306      3.092612
      4.320000      1.847771      1.847771      3.695542
      4.340000      2.137631      2.137631      4.275261
      4.360000      2.389873      2.389873      4.779746
      4.380000      2.613487      2.613487      5.226974
      4.400000      2.856309      2.856309      5.712617
      4.420000      3.197708      3.197708      6.395416
      4.440000      3.727986      3.727986      7.455972
      4.460000      4.516210      4.516210      9.032419
      4.480000      5.574015      5.574015     11.148029
      4.500000      6.828939      6.828939     13.657878
      4.520000      8.122962      8.122962     16.245924
      4.540000      9.245471      9.245471     18.490943
      4.560000      9.994742      9.994742     19.989484
      4.580000     10.245470     10.245470     20.490939
      4.600000      9.993137      9.993137     19.986273
      4.620000      9.355505      9.355505     18.711009
      4.640000      8.532420      8.532420     17.064841
      4.660000      7.743967      7.743967     15.487935
      4.680000      7.172201      7.172201     14.344402
      4.700000      6.922747      6.922747     13.845495
      4.720000      7.009228      7.009228     14.018457
      4.740000      7.356502      7.356502     14.713005
      4.760000      7.820296      7.820296     15.640593
      4.780000      8.223984      8.223984     16.447968
      4.800000      8.409857      8.409857     16.819715
      4.820000      8.291786      8.291786     16.583572
      4.840000      7.887373      7.887373     15.774746
      4.860000      7.310883      7.310883     14.621765
      4.880000      6.725319      6.725319     13.450638
      4.900000      6.273656      6.273656     12.547311
      4.920000      6.021381      6.021381     12.042762
      4.940000      5.937053      5.937053     11.874106
      4.960000      5.918008      5.918008     11.836016
      4.980000      5.846372      5.846372     11.692745
      5.000000      5.647743      5.647743     11.295485
      5.020000      5.326278      5.326278     10.652556
      5.040000      4.962576      4.962576      9.925152
      5.060000      4.677329      4.677329      9.354659
      5.080000      4.577220      4.577220      9.154441
      5.100000      4.705515      4.705515      9.411031
      5.120000      5.017401      5.017401     10.034803
      5.140000      5.390497      5.390497     10.780994
      5.160000      5.667191      5.667191     11.334381
      5.180000      5.712097      5.712097     11.424195
      5.200000      5.460817      5.460817     10.921634
      5.220000      4.939607      4.939607      9.879214
      5.240000      4.249032      4.249032      8.498063
      5.260000      3.521501      3.521501      7.043002
      5.280000      2.873697      2.873697      5.747394
      5.300000      2.374437      2.374437      4.748875
      5.320000      2.038064      2.038064      4.076129
      5.340000      1.840164      1.840164      3.680328
      5.360000      1.743859      1.743859      3.487719
      5.380000      1.724068      1.724068      3.448137
      5.400000      1.781727      1.781727      3.563455
      5.420000      1.945452      1.945452      3.890905
      5.440000      2.261407      2.261407      4.522814
      5.460000      2.773493      2.773493      5.546986
      5.480000      3.497737      3.497737      6.995474
      5.500000      4.398427      4.398427      8.796854
      5.520000      5.377250      5.377250     10.754499
      5.540000      6.285898      6.285898     12.571796
      5.560000      6.964140      6.964140     13.928281
      5.580000      7.291633      7.291633     14.583266
      5.600000      7.231262      7.231262     14.462524
      5.620000      6.843098      6.843098     13.686195
      5.640000      6.262266      6.262266     12.524532
      5.660000      5.652638      5.652638     11.305276
      5.680000      5.158980      5.158980     10.317959
      5.700000      4.876853      4.876853      9.753705
      5.720000      4.846236      4.846236      9.692472
      5.740000      5.061942      5.061942     10.123883
      5.760000      5.489192      5.489192     10.978384
      5.780000      6.076311      6.076311     12.152623
      5.800000      6.762609      6.762609     13.525218
      5.820000      7.482781      7.482781     14.965562
      5.840000      8.168972      8.168972     16.337944
      5.860000      8.751121      8.751121     17.502242
      5.880000      9.157897      9.157897     18.315794
      5.900000      9.322736      9.322736     18.645472
      5.920000      9.198324      9.198324     18.396649
      5.940000      8.776879      8.776879     17.553758
      5.960000      8.106727      8.106727     16.213453
      5.980000      7.294161      7.294161     14.588322
      6.000000      6.485778      6.485778     12.971556
      6.020000      5.836057      5.836057     11.672115
      6.040000      5.470958      5.470958     10.941916
      6.060000      5.457638      5.457638     10.915276
      6.080000      5.786512      5.786512     11.573023
      6.100000      6.369530      6.369530     12.739060
      6.120000      7.058471      7.058471     14.116942
      6.140000      7.684424      7.684424     15.368849
      6.160000      8.110911      8.110911     16.221821
      6.180000      8.281487      8.281487     16.562974
      6.200000      8.238066      8.238066     16.476132
      6.220000      8.096251      8.096251     16.192502
      6.240000      7.986245      7.986245     15.972489
      6.260000      7.988898      7.988898     15.977795
      6.280000      8.101438      8.101438     16.202876
      6.300000      8.251116      8.251116     16.502231
      6.320000      8.346686      8.346686     16.693371
      6.340000      8.335104      8.335104     16.670209
      6.360000      8.228475      8.228475     16.456950
      6.380000      8.085807      8.085807     16.171613
      6.400000      7.963064      7.963064     15.926128
      6.420000      7.864855      7.864855     15.729711
      6.440000      7.729549      7.729549     15.459098
      6.460000      7.458078      7.458078     14.916155
      6.480000      6.969455      6.969455     13.938911
      6.500000      6.250429      6.250429     12.500858
      6.520000      5.371735      5.371735     10.743471
      6.540000      4.464245      4.464245      8.928490
      6.560000      3.670443      3.670443      7.340886
      6.580000      3.096843      3.096843      6.193687
      6.600000      2.787344      2.787344      5.574687
      6.620000      2.723048      2.723048      5.446096
      6.640000      2.841187      2.841187      5.682373
      6.660000      3.060907      3.060907      6.121815
      6.680000      3.306310      3.306310      6.612620
      6.700000      3.522375      3.522375      7.044749
      6.720000      3.683077      3.683077      7.366153
      6.740000      3.792067      3.792067      7.584134
      6.760000      3.876330      3.876330      7.752660
      6.780000      3.974069      3.974069      7.948138
      6.800000      4.119910      4.119910      8.239820
      6.820000      4.332105      4.332105      8.664209
      6.840000      4.606415      4.606415      9.212829
      6.860000      4.919254      4.919254      9.838509
      6.880000      5.239163      5.239163     10.478327
      6.900000      5.542042      5.542042     11.084084
      6.920000      5.823238      5.823238     11.646477
      6.940000      6.099773      6.099773     12.199547
      6.960000      6.399532      6.399532     12.799065
      6.980000      6.740529      6.740529     13.481059
      7.000000      7.109893      7.109893     14.219787
      7.020000      7.455072      7.455072     14.910145
      7.040000      7.695829      7.695829     15.391658
      7.060000      7.755352      7.755352     15.510705
      7.080000      7.597159      7.597159     15.194317
      7.100000      7.248567      7.248567     14.497134
      7.120000      6.796278      6.796278     13.592556
      7.140000      6.353613      6.353613     12.707226
      7.160000      6.014689      6.014689     12.029378
      7.180000      5.818749      5.818749     11.637498
      7.200000      5.742797      5.742797     11.485593
      7.220000      5.725294      5.725294     11.450589
      7.240000      5.706971      5.706971     11.413942
      7.260000      5.666177      5.666177     11.332354
      7.280000      5.629956      5.629956     11.259912
      7.300000      5.655190      5.655190     11.310381
      7.320000      5.789581      5.789581     11.579161
      7.340000      6.032632      6.032632     12.065263
      7.360000      6.317716      6.317716     12.635433
      7.380000      6.527157      6.527157     13.054315
      7.400000      6.536525      6.536525     13.073050
      7.420000      6.269220      6.269220     12.538441
      7.440000      5.736134      5.736134     11.472268
      7.460000      5.042024      5.042024     10.084047
      7.480000      4.356625      4.356625      8.713249
      7.500000      3.864460      3.864460      7.728919
      7.520000      3.713708      3.713708      7.427416
      7.540000      3.979674      3.979674      7.959348
      7.560000      4.648653      4.648653      9.297306
      7.580000      5.621246      5.621246     11.242493
      7.600000      6.733080      6.733080     13.466161
      7.620000      7.791424      7.791424     15.582849
      7.640000      8.623068      8.623068     17.246136
      7.660000      9.121475      9.121475     18.242949
      7.680000      9.275540      9.275540     18.551080
      7.700000      9.165330      9.165330     18.330659
      7.720000      8.923385      8.923385     17.846770
      7.740000      8.677022      8.677022     17.354043
      7.760000      8.497280      8.497280     16.994561
      7.780000      8.377380      8.377380     16.754761
      7.800000      8.249184      8.249184     16.498369
      7.820000      8.028202      8.028202     16.056405
      7.840000      7.665011      7.665011     15.330021
      7.860000      7.179057      7.179057     14.358114
      7.880000      6.659739      6.659739     13.319477
      7.900000      6.235009      6.235009     12.470017
      7.920000      6.022568      6.022568     12.045136
      7.940000      6.086066      6.086066     12.172133
      7.960000      6.414896      6.414896     12.829791
      7.980000      6.933071      6.933071     13.866143
      8.000000      7.527740      7.527740     15.055480
      8.020000      8.079942      8.079942     16.159883
      8.040000      8.484041      8.484041     16.968081
      8.060000      8.654170      8.654170     17.308340
      8.080000      8.526661      8.526661     17.053323
      8.100000      8.068331      8.068331     16.136662
      8.120000      7.291505      7.291505     14.583010
      8.140000      6.266055      6.266055     12.532111
      8.160000      5.116165      5.116165     10.232330
      8.180000      3.997584      3.997584      7.995168
      8.200000      3.063261      3.063261      6.126522
      8.220000      2.431905      2.431905      4.863809
      8.240000      2.171011      2.171011      4.342021
      8.260000      2.296734      2.296734      4.593469
      8.280000      2.784729      2.784729      5.569459
      8.300000      3.583318      3.583318      7.166637
      8.320000      4.622696      4.622696      9.245392
      8.340000      5.818338      5.818338     11.636677
      8.360000      7.070976      7.070976     14.141952
      8.380000      8.268304      8.268304     16.536608
      8.400000      9.294053      9.294053     18.588106
      8.420000     10.046776     10.046776     20.093552
      8.440000     10.463751     10.463751     20.927502
      8.460000     10.538486     10.538486     21.076972
      8.480000     10.319621     10.319621     20.639243
      8.500000      9.887937      9.887937     19.775875
      8.520000      9.322431      9.322431     18.644861
      8.540000      8.675645      8.675645     17.351291
      8.560000      7.974105      7.974105     15.948211
      8.580000      7.243253      7.243253     14.486506
      8.600000      6.538946      6.538946     13.077891
      8.620000      5.961776      5.961776     11.923553
      8.640000      5.640247      5.640247     11.280494
      8.660000      5.687438      5.687438     11.374876
      8.680000      6.151530      6.151530     12.303060
      8.700000      6.984878      6.984878     13.969755
      8.720000      8.048180      8.048180     16.096361
      8.740000      9.150514      9.150514     18.301029
      8.760000     10.109998     10.109998     20.219996
      8.780000     10.810320     10.810320     21.620641
      8.800000     11.229427     11.229427     22.458854
      8.820000     11.428412     11.428412     22.856824
      8.840000     11.506611     11.506611     23.013223
      8.860000     11.544991     11.544991     23.089981
      8.880000     11.566074     11.566074     23.132148
      8.900000     11.530932     11.530932     23.061864
      8.920000     11.375131     11.375131     22.750262
      8.940000     11.065109     11.065109     22.130218
      8.960000     10.644949     10.644949     21.289898
      8.980000     10.247015     10.247015     20.494029
      9.000000     10.056697     10.056697     20.113393
      9.020000     10.243046     10.243046     20.486093
      9.040000     10.883540     10.883540     21.767081
      9.060000     11.915855     11.915855     23.831711
      9.080000     13.140473     13.140473     26.280947
      9.100000     14.277802     14.277802     28.555604
      9.120000     15.059484     15.059484     30.118968
      9.140000     15.316596     15.316596     30.633191
      9.160000     15.027748     15.027748     30.055496
      9.180000     14.309585     14.309585     28.619170
      9.200000     13.360455     13.360455     26.720909
      9.220000     12.388030     12.388030     24.776060
      9.240000     11.552148     11.552148     23.104296
      9.260000     10.938393     10.938393     21.876785
      9.280000     10.559844     10.559844     21.119689
      9.300000     10.376002     10.376002     20.752005
      9.320000     10.319941     10.319941     20.639881
      9.340000     10.328986     10.328986     20.657971
      9.360000     10.373467     10.373467     20.746933
      9.380000     10.473693     10.473693     20.947387
      9.400000     10.694675     10.694675     21.389350
      9.420000     11.116058     11.116058     22.232116
      9.440000     11.787864     11.787864     23.575727
      9.460000     12.691858     12.691858     25.383717
      9.480000     13.727044     13.727044     27.454087
      9.500000     14.726685     14.726685     29.453370
      9.520000     15.500501     15.500501     31.001003
      9.540000     15.886367     15.886367     31.772735
      9.560000     15.794234     15.794234     31.588467
      9.580000     15.229261     15.229261     30.458523
      9.600000     14.288177     14.288177     28.576354
      9.620000     13.130348     13.130348     26.260695
      9.640000     11.932328     11.932328     23.864657
      9.660000     10.840688     10.840688     21.681376
      9.680000      9.940058      9.940058     19.880117
      9.700000      9.248460      9.248460     18.496921
      9.720000      8.739994      8.739994     17.479987
      9.740000      8.381322      8.381322     16.762643
      9.760000      8.161425      8.161425     16.322850
      9.780000      8.098976      8.098976     16.197952
      9.800000      8.225544      8.225544     16.451087
      9.820000      8.556578      8.556578     17.113156
      9.840000      9.067261      9.067261     18.134522
      9.860000      9.685437      9.685437     19.370874
      9.880000     10.304016     10.304016     20.608032
      9.900000     10.807071     10.807071     21.614141
      9.920000     11.100039     11.100039     22.200078
      9.940000     11.134240     11.134240     22.268479
      9.960000     10.918070     10.918070     21.836140
      9.980000     10.511718     10.511718     21.023437
     10.000000     10.008595     10.008595     20.017189
