# EIG2DOS: Utility for SIESTA to obtain the electronic density of states
#  E. Artacho, Apr 1999, A. Garcia, Apr 2012
# ------------------------------------------
# Eigenvalues read from GRP_doping.EIG
# Using smearing parameter:   0.100
# Using   1001 points in energy range
# Selected bands: 1 to: 936
# Emin, emax in file for selected band(s):    -37.9460200    234.6475200
# Nbands, Nspin, Nk   =    936     1   231
# E_F                 =    -5.1374 eV --> (shifted to ZERO)
# Broadening          =     0.1000 eV
#
#        E            N(up)  (=)   N(down)         Ntot
    -10.000000      3.964413      3.964413      7.928826
     -9.980000      4.618871      4.618871      9.237742
     -9.960000      5.184818      5.184818     10.369635
     -9.940000      5.677601      5.677601     11.355203
     -9.920000      6.146165      6.146165     12.292330
     -9.900000      6.652252      6.652252     13.304503
     -9.880000      7.241351      7.241351     14.482702
     -9.860000      7.916225      7.916225     15.832450
     -9.840000      8.623767      8.623767     17.247534
     -9.820000      9.261777      9.261777     18.523554
     -9.800000      9.704983      9.704983     19.409967
     -9.780000      9.841717      9.841717     19.683433
     -9.760000      9.607589      9.607589     19.215178
     -9.740000      9.003397      9.003397     18.006795
     -9.720000      8.091559      8.091559     16.183117
     -9.700000      6.975034      6.975034     13.950068
     -9.680000      5.769513      5.769513     11.539025
     -9.660000      4.580033      4.580033      9.160067
     -9.640000      3.488193      3.488193      6.976386
     -9.620000      2.549847      2.549847      5.099695
     -9.600000      1.799788      1.799788      3.599576
     -9.580000      1.260009      1.260009      2.520019
     -9.560000      0.949657      0.949657      1.899315
     -9.540000      0.894844      0.894844      1.789688
     -9.520000      1.134649      1.134649      2.269299
     -9.500000      1.717815      1.717815      3.435629
     -9.480000      2.685832      2.685832      5.371663
     -9.460000      4.043926      4.043926      8.087852
     -9.440000      5.729950      5.729950     11.459900
     -9.420000      7.597373      7.597373     15.194746
     -9.400000      9.426823      9.426823     18.853645
     -9.380000     10.969454     10.969454     21.938908
     -9.360000     12.009942     12.009942     24.019885
     -9.340000     12.426166     12.426166     24.852331
     -9.320000     12.223411     12.223411     24.446822
     -9.300000     11.532076     11.532076     23.064153
     -9.280000     10.571821     10.571821     21.143642
     -9.260000      9.594395      9.594395     19.188791
     -9.240000      8.820020      8.820020     17.640040
     -9.220000      8.381520      8.381520     16.763041
     -9.200000      8.289771      8.289771     16.579542
     -9.180000      8.432410      8.432410     16.864820
     -9.160000      8.611260      8.611260     17.222520
     -9.140000      8.610764      8.610764     17.221527
     -9.120000      8.274885      8.274885     16.549769
     -9.100000      7.562738      7.562738     15.125475
     -9.080000      6.560616      6.560616     13.121231
     -9.060000      5.447616      5.447616     10.895231
     -9.040000      4.432682      4.432682      8.865364
     -9.020000      3.690608      3.690608      7.381217
     -9.000000      3.319279      3.319279      6.638558
     -8.980000      3.326033      3.326033      6.652065
     -8.960000      3.637901      3.637901      7.275801
     -8.940000      4.125387      4.125387      8.250775
     -8.920000      4.631925      4.631925      9.263849
     -8.900000      5.005508      5.005508     10.011015
     -8.880000      5.130147      5.130147     10.260295
     -8.860000      4.952099      4.952099      9.904197
     -8.840000      4.493140      4.493140      8.986280
     -8.820000      3.844855      3.844855      7.689709
     -8.800000      3.144374      3.144374      6.288747
     -8.780000      2.539482      2.539482      5.078963
     -8.760000      2.154249      2.154249      4.308499
     -8.740000      2.063846      2.063846      4.127692
     -8.720000      2.281804      2.281804      4.563607
     -8.700000      2.759191      2.759191      5.518383
     -8.680000      3.394612      3.394612      6.789224
     -8.660000      4.054418      4.054418      8.108836
     -8.640000      4.601068      4.601068      9.202136
     -8.620000      4.923789      4.923789      9.847579
     -8.600000      4.962825      4.962825      9.925649
     -8.580000      4.719920      4.719920      9.439839
     -8.560000      4.253309      4.253309      8.506617
     -8.540000      3.661687      3.661687      7.323375
     -8.520000      3.064360      3.064360      6.128719
     -8.500000      2.582666      2.582666      5.165333
     -8.480000      2.323426      2.323426      4.646851
     -8.460000      2.362286      2.362286      4.724571
     -8.440000      2.726219      2.726219      5.452438
     -8.420000      3.379360      3.379360      6.758719
     -8.400000      4.221345      4.221345      8.442690
     -8.380000      5.107233      5.107233     10.214465
     -8.360000      5.889740      5.889740     11.779480
     -8.340000      6.470731      6.470731     12.941461
     -8.320000      6.838134      6.838134     13.676267
     -8.300000      7.066474      7.066474     14.132948
     -8.280000      7.276234      7.276234     14.552468
     -8.260000      7.570456      7.570456     15.140912
     -8.240000      7.981192      7.981192     15.962383
     -8.220000      8.453231      8.453231     16.906462
     -8.200000      8.870876      8.870876     17.741752
     -8.180000      9.109670      9.109670     18.219340
     -8.160000      9.084390      9.084390     18.168781
     -8.140000      8.772367      8.772367     17.544735
     -8.120000      8.209508      8.209508     16.419016
     -8.100000      7.471279      7.471279     14.942558
     -8.080000      6.653247      6.653247     13.306495
     -8.060000      5.857452      5.857452     11.714903
     -8.040000      5.181471      5.181471     10.362942
     -8.020000      4.705078      4.705078      9.410155
     -8.000000      4.475322      4.475322      8.950643
     -7.980000      4.497889      4.497889      8.995777
     -7.960000      4.742963      4.742963      9.485927
     -7.940000      5.165940      5.165940     10.331881
     -7.920000      5.732592      5.732592     11.465183
     -7.900000      6.432837      6.432837     12.865675
     -7.880000      7.271826      7.271826     14.543651
     -7.860000      8.239871      8.239871     16.479743
     -7.840000      9.276948      9.276948     18.553897
     -7.820000     10.254468     10.254468     20.508937
     -7.800000     10.991584     10.991584     21.983168
     -7.780000     11.306159     11.306159     22.612318
     -7.760000     11.080250     11.080250     22.160500
     -7.740000     10.308677     10.308677     20.617353
     -7.720000      9.105536      9.105536     18.211072
     -7.700000      7.664920      7.664920     15.329841
     -7.680000      6.195670      6.195670     12.391341
     -7.660000      4.861196      4.861196      9.722393
     -7.640000      3.748543      3.748543      7.497085
     -7.620000      2.872588      2.872588      5.745175
     -7.600000      2.204092      2.204092      4.408184
     -7.580000      1.703301      1.703301      3.406602
     -7.560000      1.344648      1.344648      2.689296
     -7.540000      1.127057      1.127057      2.254115
     -7.520000      1.071873      1.071873      2.143746
     -7.500000      1.213225      1.213225      2.426449
     -7.480000      1.584462      1.584462      3.168924
     -7.460000      2.202238      2.202238      4.404475
     -7.440000      3.049690      3.049690      6.099379
     -7.420000      4.062674      4.062674      8.125349
     -7.400000      5.126022      5.126022     10.252045
     -7.380000      6.086809      6.086809     12.173619
     -7.360000      6.786244      6.786244     13.572487
     -7.340000      7.102377      7.102377     14.204755
     -7.320000      6.987758      6.987758     13.975517
     -7.300000      6.485469      6.485469     12.970937
     -7.280000      5.715731      5.715731     11.431463
     -7.260000      4.839019      4.839019      9.678038
     -7.240000      4.012138      4.012138      8.024277
     -7.220000      3.354916      3.354916      6.709832
     -7.200000      2.936997      2.936997      5.873995
     -7.180000      2.782812      2.782812      5.565624
     -7.160000      2.884861      2.884861      5.769721
     -7.140000      3.214828      3.214828      6.429656
     -7.120000      3.727440      3.727440      7.454880
     -7.100000      4.359302      4.359302      8.718604
     -7.080000      5.029759      5.029759     10.059518
     -7.060000      5.650331      5.650331     11.300662
     -7.040000      6.143784      6.143784     12.287568
     -7.020000      6.466441      6.466441     12.932883
     -7.000000      6.622651      6.622651     13.245302
     -6.980000      6.662007      6.662007     13.324013
     -6.960000      6.657845      6.657845     13.315689
     -6.940000      6.675393      6.675393     13.350785
     -6.920000      6.743813      6.743813     13.487626
     -6.900000      6.844674      6.844674     13.689349
     -6.880000      6.921409      6.921409     13.842818
     -6.860000      6.904884      6.904884     13.809768
     -6.840000      6.744213      6.744213     13.488425
     -6.820000      6.431178      6.431178     12.862357
     -6.800000      6.009778      6.009778     12.019556
     -6.780000      5.567206      5.567206     11.134412
     -6.760000      5.207876      5.207876     10.415752
     -6.740000      5.017559      5.017559     10.035119
     -6.720000      5.029477      5.029477     10.058954
     -6.700000      5.205782      5.205782     10.411563
     -6.680000      5.444068      5.444068     10.888135
     -6.660000      5.609369      5.609369     11.218738
     -6.640000      5.581134      5.581134     11.162267
     -6.620000      5.297354      5.297354     10.594708
     -6.600000      4.778569      4.778569      9.557137
     -6.580000      4.122945      4.122945      8.245890
     -6.560000      3.475812      3.475812      6.951623
     -6.540000      2.986648      2.986648      5.973296
     -6.520000      2.769314      2.769314      5.538629
     -6.500000      2.877260      2.877260      5.754520
     -6.480000      3.298055      3.298055      6.596111
     -6.460000      3.964861      3.964861      7.929721
     -6.440000      4.778410      4.778410      9.556821
     -6.420000      5.631639      5.631639     11.263278
     -6.400000      6.429575      6.429575     12.859150
     -6.380000      7.099512      7.099512     14.199024
     -6.360000      7.590611      7.590611     15.181222
     -6.340000      7.866885      7.866885     15.733771
     -6.320000      7.900533      7.900533     15.801067
     -6.300000      7.671746      7.671746     15.343492
     -6.280000      7.176405      7.176405     14.352811
     -6.260000      6.437159      6.437159     12.874318
     -6.240000      5.510043      5.510043     11.020087
     -6.220000      4.480452      4.480452      8.960903
     -6.200000      3.447932      3.447932      6.895863
     -6.180000      2.505494      2.505494      5.010988
     -6.160000      1.722031      1.722031      3.444062
     -6.140000      1.134589      1.134589      2.269178
     -6.120000      0.752102      0.752102      1.504205
     -6.100000      0.566861      0.566861      1.133723
     -6.080000      0.567282      0.567282      1.134565
     -6.060000      0.746256      0.746256      1.492511
     -6.040000      1.102743      1.102743      2.205486
     -6.020000      1.638314      1.638314      3.276627
     -6.000000      2.352842      2.352842      4.705684
     -5.980000      3.243056      3.243056      6.486112
     -5.960000      4.304016      4.304016      8.608033
     -5.940000      5.529191      5.529191     11.058383
     -5.920000      6.903291      6.903291     13.806582
     -5.900000      8.385971      8.385971     16.771942
     -5.880000      9.892565      9.892565     19.785131
     -5.860000     11.284659     11.284659     22.569319
     -5.840000     12.382661     12.382661     24.765322
     -5.820000     13.003208     13.003208     26.006416
     -5.800000     13.011157     13.011157     26.022314
     -5.780000     12.366993     12.366993     24.733986
     -5.760000     11.150875     11.150875     22.301750
     -5.740000      9.553544      9.553544     19.107088
     -5.720000      7.836613      7.836613     15.673226
     -5.700000      6.274433      6.274433     12.548866
     -5.680000      5.093655      5.093655     10.187309
     -5.660000      4.424994      4.424994      8.849988
     -5.640000      4.277321      4.277321      8.554642
     -5.620000      4.539496      4.539496      9.078992
     -5.600000      5.010815      5.010815     10.021630
     -5.580000      5.454982      5.454982     10.909964
     -5.560000      5.664678      5.664678     11.329357
     -5.540000      5.517137      5.517137     11.034275
     -5.520000      5.001384      5.001384     10.002768
     -5.500000      4.207958      4.207958      8.415917
     -5.480000      3.288282      3.288282      6.576563
     -5.460000      2.404037      2.404037      4.808074
     -5.440000      1.689104      1.689104      3.378207
     -5.420000      1.236810      1.236810      2.473619
     -5.400000      1.109980      1.109980      2.219959
     -5.380000      1.359054      1.359054      2.718108
     -5.360000      2.030110      2.030110      4.060221
     -5.340000      3.151094      3.151094      6.302189
     -5.320000      4.698422      4.698422      9.396844
     -5.300000      6.561731      6.561731     13.123462
     -5.280000      8.533657      8.533657     17.067314
     -5.260000     10.345699     10.345699     20.691399
     -5.240000     11.748606     11.748606     23.497212
     -5.220000     12.606082     12.606082     25.212165
     -5.200000     12.953185     12.953185     25.906371
     -5.180000     12.981416     12.981416     25.962832
     -5.160000     12.949895     12.949895     25.899790
     -5.140000     13.064753     13.064753     26.129506
     -5.120000     13.388790     13.388790     26.777579
     -5.100000     13.826321     13.826321     27.652642
     -5.080000     14.184531     14.184531     28.369061
     -5.060000     14.271239     14.271239     28.542478
     -5.040000     13.975739     13.975739     27.951478
     -5.020000     13.299243     13.299243     26.598486
     -5.000000     12.336486     12.336486     24.672971
     -4.980000     11.234342     11.234342     22.468684
     -4.960000     10.153542     10.153542     20.307085
     -4.940000      9.243028      9.243028     18.486056
     -4.920000      8.621444      8.621444     17.242888
     -4.900000      8.358669      8.358669     16.717338
     -4.880000      8.458997      8.458997     16.917994
     -4.860000      8.854949      8.854949     17.709898
     -4.840000      9.419113      9.419113     18.838226
     -4.820000      9.993184      9.993184     19.986369
     -4.800000     10.425652     10.425652     20.851303
     -4.780000     10.606740     10.606740     21.213479
     -4.760000     10.490680     10.490680     20.981361
     -4.740000     10.099150     10.099150     20.198300
     -4.720000      9.505346      9.505346     19.010693
     -4.700000      8.805327      8.805327     17.610653
     -4.680000      8.088992      8.088992     16.177985
     -4.660000      7.423266      7.423266     14.846532
     -4.640000      6.852949      6.852949     13.705898
     -4.620000      6.414288      6.414288     12.828576
     -4.600000      6.148826      6.148826     12.297652
     -4.580000      6.105169      6.105169     12.210338
     -4.560000      6.323591      6.323591     12.647182
     -4.540000      6.809033      6.809033     13.618067
     -4.520000      7.506953      7.506953     15.013905
     -4.500000      8.298912      8.298912     16.597824
     -4.480000      9.028105      9.028105     18.056209
     -4.460000      9.550479      9.550479     19.100958
     -4.440000      9.791612      9.791612     19.583225
     -4.420000      9.782435      9.782435     19.564870
     -4.400000      9.654208      9.654208     19.308417
     -4.380000      9.591822      9.591822     19.183644
     -4.360000      9.764107      9.764107     19.528213
     -4.340000     10.259777     10.259777     20.519553
     -4.320000     11.053808     11.053808     22.107615
     -4.300000     12.015203     12.015203     24.030405
     -4.280000     12.950515     12.950515     25.901030
     -4.260000     13.664896     13.664896     27.329792
     -4.240000     14.018040     14.018040     28.036080
     -4.220000     13.957446     13.957446     27.914893
     -4.200000     13.523116     13.523116     27.046232
     -4.180000     12.829754     12.829754     25.659509
     -4.160000     12.037924     12.037924     24.075848
     -4.140000     11.322535     11.322535     22.645069
     -4.120000     10.840555     10.840555     21.681110
     -4.100000     10.697606     10.697606     21.395212
     -4.080000     10.918331     10.918331     21.836661
     -4.060000     11.432995     11.432995     22.865989
     -4.040000     12.093386     12.093386     24.186773
     -4.020000     12.719955     12.719955     25.439911
     -4.000000     13.164568     13.164568     26.329136
     -3.980000     13.361594     13.361594     26.723188
     -3.960000     13.343916     13.343916     26.687832
     -3.940000     13.218619     13.218619     26.437238
     -3.920000     13.117823     13.117823     26.235646
     -3.900000     13.149986     13.149986     26.299971
     -3.880000     13.371112     13.371112     26.742223
     -3.860000     13.780021     13.780021     27.560042
     -3.840000     14.328967     14.328967     28.657934
     -3.820000     14.938200     14.938200     29.876400
     -3.800000     15.509158     15.509158     31.018317
     -3.780000     15.938138     15.938138     31.876277
     -3.760000     16.133824     16.133824     32.267648
     -3.740000     16.037390     16.037390     32.074779
     -3.720000     15.638150     15.638150     31.276300
     -3.700000     14.976496     14.976496     29.952992
     -3.680000     14.130880     14.130880     28.261761
     -3.660000     13.193924     13.193924     26.387847
     -3.640000     12.249153     12.249153     24.498305
     -3.620000     11.360174     11.360174     22.720347
     -3.600000     10.577072     10.577072     21.154145
     -3.580000      9.953688      9.953688     19.907376
     -3.560000      9.560515      9.560515     19.121030
     -3.540000      9.477867      9.477867     18.955733
     -3.520000      9.764524      9.764524     19.529049
     -3.500000     10.413369     10.413369     20.826738
     -3.480000     11.317616     11.317616     22.635231
     -3.460000     12.270722     12.270722     24.541445
     -3.440000     13.008588     13.008588     26.017177
     -3.420000     13.281761     13.281761     26.563521
     -3.400000     12.929751     12.929751     25.859503
     -3.380000     11.927938     11.927938     23.855876
     -3.360000     10.390199     10.390199     20.780397
     -3.340000      8.529899      8.529899     17.059799
     -3.320000      6.597846      6.597846     13.195691
     -3.300000      4.821570      4.821570      9.643139
     -3.280000      3.365181      3.365181      6.730363
     -3.260000      2.317431      2.317431      4.634862
     -3.240000      1.703820      1.703820      3.407639
     -3.220000      1.511425      1.511425      3.022849
     -3.200000      1.714238      1.714238      3.428475
     -3.180000      2.290704      2.290704      4.581407
     -3.160000      3.230314      3.230314      6.460629
     -3.140000      4.529649      4.529649      9.059298
     -3.120000      6.179546      6.179546     12.359092
     -3.100000      8.145779      8.145779     16.291557
     -3.080000     10.347515     10.347515     20.695030
     -3.060000     12.640917     12.640917     25.281834
     -3.040000     14.817097     14.817097     29.634193
     -3.020000     16.621797     16.621797     33.243594
     -3.000000     17.798019     17.798019     35.596037
     -2.980000     18.144109     18.144109     36.288219
     -2.960000     17.571674     17.571674     35.143349
     -2.940000     16.143382     16.143382     32.286765
     -2.920000     14.073463     14.073463     28.146926
     -2.900000     11.684818     11.684818     23.369636
     -2.880000      9.333321      9.333321     18.666641
     -2.860000      7.324459      7.324459     14.648919
     -2.840000      5.851453      5.851453     11.702907
     -2.820000      4.974230      4.974230      9.948460
     -2.800000      4.640288      4.640288      9.280576
     -2.780000      4.731523      4.731523      9.463047
     -2.760000      5.113760      5.113760     10.227520
     -2.740000      5.669828      5.669828     11.339657
     -2.720000      6.308449      6.308449     12.616898
     -2.700000      6.953633      6.953633     13.907267
     -2.680000      7.527672      7.527672     15.055343
     -2.660000      7.942447      7.942447     15.884895
     -2.640000      8.108563      8.108563     16.217126
     -2.620000      7.961497      7.961497     15.922993
     -2.600000      7.493110      7.493110     14.986220
     -2.580000      6.771035      6.771035     13.542070
     -2.560000      5.931919      5.931919     11.863838
     -2.540000      5.146447      5.146447     10.292895
     -2.520000      4.568174      4.568174      9.136348
     -2.500000      4.286408      4.286408      8.572816
     -2.480000      4.301340      4.301340      8.602681
     -2.460000      4.529209      4.529209      9.058417
     -2.440000      4.832880      4.832880      9.665761
     -2.420000      5.064919      5.064919     10.129839
     -2.400000      5.108535      5.108535     10.217069
     -2.380000      4.905543      4.905543      9.811087
     -2.360000      4.466559      4.466559      8.933117
     -2.340000      3.864316      3.864316      7.728631
     -2.320000      3.214876      3.214876      6.429753
     -2.300000      2.652866      2.652866      5.305731
     -2.280000      2.305915      2.305915      4.611830
     -2.260000      2.271115      2.271115      4.542231
     -2.240000      2.594511      2.594511      5.189021
     -2.220000      3.255498      3.255498      6.510996
     -2.200000      4.161181      4.161181      8.322362
     -2.180000      5.157825      5.157825     10.315651
     -2.160000      6.063189      6.063189     12.126378
     -2.140000      6.713983      6.713983     13.427966
     -2.120000      7.012329      7.012329     14.024657
     -2.100000      6.951977      6.951977     13.903954
     -2.080000      6.613143      6.613143     13.226287
     -2.060000      6.129684      6.129684     12.259368
     -2.040000      5.644360      5.644360     11.288720
     -2.020000      5.270091      5.270091     10.540181
     -2.000000      5.068115      5.068115     10.136230
     -1.980000      5.044378      5.044378     10.088755
     -1.960000      5.159248      5.159248     10.318495
     -1.940000      5.344359      5.344359     10.688717
     -1.920000      5.521646      5.521646     11.043293
     -1.900000      5.621128      5.621128     11.242257
     -1.880000      5.594827      5.594827     11.189654
     -1.860000      5.424976      5.424976     10.849952
     -1.840000      5.125596      5.125596     10.251191
     -1.820000      4.737642      4.737642      9.475284
     -1.800000      4.319167      4.319167      8.638333
     -1.780000      3.933208      3.933208      7.866416
     -1.760000      3.637002      3.637002      7.274004
     -1.740000      3.475509      3.475509      6.951018
     -1.720000      3.479735      3.479735      6.959470
     -1.700000      3.666959      3.666959      7.333919
     -1.680000      4.038326      4.038326      8.076652
     -1.660000      4.571800      4.571800      9.143599
     -1.640000      5.214680      5.214680     10.429360
     -1.620000      5.885507      5.885507     11.771014
     -1.600000      6.494294      6.494294     12.988588
     -1.580000      6.979994      6.979994     13.959987
     -1.560000      7.349526      7.349526     14.699053
     -1.540000      7.694047      7.694047     15.388093
     -1.520000      8.164268      8.164268     16.328536
     -1.500000      8.907103      8.907103     17.814206
     -1.480000      9.989234      9.989234     19.978469
     -1.460000     11.344447     11.344447     22.688894
     -1.440000     12.772563     12.772563     25.545126
     -1.420000     13.993399     13.993399     27.986798
     -1.400000     14.733520     14.733520     29.467041
     -1.380000     14.810879     14.810879     29.621757
     -1.360000     14.187542     14.187542     28.375084
     -1.340000     12.977716     12.977716     25.955433
     -1.320000     11.415866     11.415866     22.831733
     -1.300000      9.799960      9.799960     19.599920
     -1.280000      8.426852      8.426852     16.853705
     -1.260000      7.534521      7.534521     15.069042
     -1.240000      7.262522      7.262522     14.525045
     -1.220000      7.637823      7.637823     15.275645
     -1.200000      8.586737      8.586737     17.173473
     -1.180000      9.965851      9.965851     19.931702
     -1.160000     11.598879     11.598879     23.197757
     -1.140000     13.306291     13.306291     26.612582
     -1.120000     14.921262     14.921262     29.842524
     -1.100000     16.295466     16.295466     32.590932
     -1.080000     17.305163     17.305163     34.610327
     -1.060000     17.866366     17.866366     35.732733
     -1.040000     17.957746     17.957746     35.915493
     -1.020000     17.638182     17.638182     35.276364
     -1.000000     17.042162     17.042162     34.084324
     -0.980000     16.345790     16.345790     32.691579
     -0.960000     15.714051     15.714051     31.428103
     -0.940000     15.253779     15.253779     30.507558
     -0.920000     14.995401     14.995401     29.990803
     -0.900000     14.909655     14.909655     29.819310
     -0.880000     14.944164     14.944164     29.888328
     -0.860000     15.054029     15.054029     30.108059
     -0.840000     15.207658     15.207658     30.415316
     -0.820000     15.368446     15.368446     30.736892
     -0.800000     15.470555     15.470555     30.941109
     -0.780000     15.410931     15.410931     30.821861
     -0.760000     15.068415     15.068415     30.136830
     -0.740000     14.343225     14.343225     28.686451
     -0.720000     13.197903     13.197903     26.395806
     -0.700000     11.680226     11.680226     23.360451
     -0.680000      9.917935      9.917935     19.835869
     -0.660000      8.087999      8.087999     16.175997
     -0.640000      6.373187      6.373187     12.746375
     -0.620000      4.922240      4.922240      9.844480
     -0.600000      3.826321      3.826321      7.652642
     -0.580000      3.116167      3.116167      6.232334
     -0.560000      2.775584      2.775584      5.551169
     -0.540000      2.761895      2.761895      5.523790
     -0.520000      3.024196      3.024196      6.048393
     -0.500000      3.514351      3.514351      7.028703
     -0.480000      4.190348      4.190348      8.380695
     -0.460000      5.014619      5.014619     10.029237
     -0.440000      5.950688      5.950688     11.901377
     -0.420000      6.960900      6.960900     13.921799
     -0.400000      8.006732      8.006732     16.013463
     -0.380000      9.051449      9.051449     18.102898
     -0.360000     10.062924     10.062924     20.125847
     -0.340000     11.013664     11.013664     22.027329
     -0.320000     11.876738     11.876738     23.753477
     -0.300000     12.619952     12.619952     25.239903
     -0.280000     13.203644     13.203644     26.407289
     -0.260000     13.586484     13.586484     27.172968
     -0.240000     13.738269     13.738269     27.476537
     -0.220000     13.652710     13.652710     27.305420
     -0.200000     13.351864     13.351864     26.703728
     -0.180000     12.879438     12.879438     25.758876
     -0.160000     12.288929     12.288929     24.577859
     -0.140000     11.637022     11.637022     23.274045
     -0.120000     10.988049     10.988049     21.976098
     -0.100000     10.424083     10.424083     20.848165
     -0.080000     10.046212     10.046212     20.092424
     -0.060000      9.954215      9.954215     19.908430
     -0.040000     10.205304     10.205304     20.410607
     -0.020000     10.769643     10.769643     21.539287
      0.000000     11.508836     11.508836     23.017673
      0.020000     12.196177     12.196177     24.392354
      0.040000     12.577269     12.577269     25.154538
      0.060000     12.448429     12.448429     24.896859
      0.080000     11.720785     11.720785     23.441571
      0.100000     10.445214     10.445214     20.890427
      0.120000      8.792046      8.792046     17.584093
      0.140000      6.998702      6.998702     13.997405
      0.160000      5.308481      5.308481     10.616962
      0.180000      3.921756      3.921756      7.843512
      0.200000      2.970346      2.970346      5.940692
      0.220000      2.513776      2.513776      5.027552
      0.240000      2.548596      2.548596      5.097192
      0.260000      3.021480      3.021480      6.042959
      0.280000      3.841883      3.841883      7.683765
      0.300000      4.895760      4.895760      9.791520
      0.320000      6.063394      6.063394     12.126788
      0.340000      7.240266      7.240266     14.480532
      0.360000      8.353639      8.353639     16.707278
      0.380000      9.365331      9.365331     18.730662
      0.400000     10.257029     10.257029     20.514058
      0.420000     11.005858     11.005858     22.011716
      0.440000     11.566627     11.566627     23.133254
      0.460000     11.875346     11.875346     23.750692
      0.480000     11.875763     11.875763     23.751527
      0.500000     11.554947     11.554947     23.109894
      0.520000     10.966539     10.966539     21.933079
      0.540000     10.226431     10.226431     20.452861
      0.560000      9.480778      9.480778     18.961555
      0.580000      8.860271      8.860271     17.720541
      0.600000      8.439583      8.439583     16.879167
      0.620000      8.216580      8.216580     16.433160
      0.640000      8.117004      8.117004     16.234008
      0.660000      8.021957      8.021957     16.043915
      0.680000      7.809308      7.809308     15.618615
      0.700000      7.396121      7.396121     14.792243
      0.720000      6.768271      6.768271     13.536543
      0.740000      5.987111      5.987111     11.974221
      0.760000      5.171650      5.171650     10.343301
      0.780000      4.464312      4.464312      8.928624
      0.800000      3.993761      3.993761      7.987521
      0.820000      3.846789      3.846789      7.693578
      0.840000      4.054683      4.054683      8.109365
      0.860000      4.592963      4.592963      9.185925
      0.880000      5.390455      5.390455     10.780909
      0.900000      6.344278      6.344278     12.688556
      0.920000      7.338872      7.338872     14.677744
      0.940000      8.267138      8.267138     16.534276
      0.960000      9.050037      9.050037     18.100075
      0.980000      9.649428      9.649428     19.298857
      1.000000     10.069684     10.069684     20.139368
      1.020000     10.347409     10.347409     20.694817
      1.040000     10.533690     10.533690     21.067381
      1.060000     10.676802     10.676802     21.353605
      1.080000     10.812436     10.812436     21.624872
      1.100000     10.963396     10.963396     21.926793
      1.120000     11.144135     11.144135     22.288270
      1.140000     11.362107     11.362107     22.724213
      1.160000     11.610705     11.610705     23.221410
      1.180000     11.856401     11.856401     23.712803
      1.200000     12.030392     12.030392     24.060784
      1.220000     12.036246     12.036246     24.072492
      1.240000     11.777089     11.777089     23.554178
      1.260000     11.192916     11.192916     22.385832
      1.280000     10.289602     10.289602     20.579204
      1.300000      9.143379      9.143379     18.286759
      1.320000      7.877600      7.877600     15.755199
      1.340000      6.624100      6.624100     13.248201
      1.360000      5.489188      5.489188     10.978375
      1.380000      4.539587      4.539587      9.079173
      1.400000      3.810541      3.810541      7.621082
      1.420000      3.325240      3.325240      6.650481
      1.440000      3.109325      3.109325      6.218650
      1.460000      3.188545      3.188545      6.377089
      1.480000      3.568788      3.568788      7.137576
      1.500000      4.209710      4.209710      8.419420
      1.520000      5.009583      5.009583     10.019167
      1.540000      5.815579      5.815579     11.631158
      1.560000      6.460896      6.460896     12.921791
      1.580000      6.814546      6.814546     13.629092
      1.600000      6.820813      6.820813     13.641626
      1.620000      6.509817      6.509817     13.019634
      1.640000      5.976081      5.976081     11.952162
      1.660000      5.338441      5.338441     10.676883
      1.680000      4.701843      4.701843      9.403686
      1.700000      4.136351      4.136351      8.272703
      1.720000      3.676719      3.676719      7.353439
      1.740000      3.335676      3.335676      6.671352
      1.760000      3.120728      3.120728      6.241456
      1.780000      3.046703      3.046703      6.093405
      1.800000      3.140371      3.140371      6.280741
      1.820000      3.436201      3.436201      6.872402
      1.840000      3.963665      3.963665      7.927331
      1.860000      4.728453      4.728453      9.456905
      1.880000      5.693651      5.693651     11.387302
      1.900000      6.770761      6.770761     13.541522
      1.920000      7.830258      7.830258     15.660516
      1.940000      8.734014      8.734014     17.468028
      1.960000      9.378852      9.378852     18.757705
      1.980000      9.729757      9.729757     19.459514
      2.000000      9.822411      9.822411     19.644821
      2.020000      9.730823      9.730823     19.461646
      2.040000      9.518139      9.518139     19.036278
      2.060000      9.201266      9.201266     18.402531
      2.080000      8.751992      8.751992     17.503984
      2.100000      8.132936      8.132936     16.265872
      2.120000      7.343265      7.343265     14.686530
      2.140000      6.443489      6.443489     12.886978
      2.160000      5.543881      5.543881     11.087763
      2.180000      4.765022      4.765022      9.530044
      2.200000      4.194665      4.194665      8.389330
      2.220000      3.863774      3.863774      7.727549
      2.240000      3.750200      3.750200      7.500399
      2.260000      3.802319      3.802319      7.604638
      2.280000      3.966534      3.966534      7.933067
      2.300000      4.204262      4.204262      8.408524
      2.320000      4.492498      4.492498      8.984996
      2.340000      4.811442      4.811442      9.622884
      2.360000      5.128866      5.128866     10.257733
      2.380000      5.391784      5.391784     10.783569
      2.400000      5.531979      5.531979     11.063958
      2.420000      5.485032      5.485032     10.970065
      2.440000      5.215793      5.215793     10.431586
      2.460000      4.739919      4.739919      9.479838
      2.480000      4.132838      4.132838      8.265675
      2.500000      3.523033      3.523033      7.046065
      2.520000      3.072382      3.072382      6.144764
      2.540000      2.948904      2.948904      5.897808
      2.560000      3.296033      3.296033      6.592066
      2.580000      4.200427      4.200427      8.400855
      2.600000      5.661188      5.661188     11.322377
      2.620000      7.567977      7.567977     15.135953
      2.640000      9.699821      9.699821     19.399641
      2.660000     11.754485     11.754485     23.508971
      2.680000     13.407816     13.407816     26.815631
      2.700000     14.388091     14.388091     28.776181
      2.720000     14.540890     14.540890     29.081781
      2.740000     13.861853     13.861853     27.723706
      2.760000     12.487441     12.487441     24.974883
      2.780000     10.650477     10.650477     21.300954
      2.800000      8.619256      8.619256     17.238513
      2.820000      6.641682      6.641682     13.283363
      2.840000      4.909458      4.909458      9.818916
      2.860000      3.546571      3.546571      7.093142
      2.880000      2.616228      2.616228      5.232455
      2.900000      2.135144      2.135144      4.270288
      2.920000      2.084574      2.084574      4.169149
      2.940000      2.412833      2.412833      4.825667
      2.960000      3.031528      3.031528      6.063055
      2.980000      3.813860      3.813860      7.627720
      3.000000      4.604625      4.604625      9.209250
      3.020000      5.246210      5.246210     10.492419
      3.040000      5.615056      5.615056     11.230113
      3.060000      5.654303      5.654303     11.308607
      3.080000      5.386949      5.386949     10.773897
      3.100000      4.901976      4.901976      9.803952
      3.120000      4.319176      4.319176      8.638353
      3.140000      3.748714      3.748714      7.497428
      3.160000      3.262589      3.262589      6.525178
      3.180000      2.887032      2.887032      5.774064
      3.200000      2.613416      2.613416      5.226831
      3.220000      2.417621      2.417621      4.835243
      3.240000      2.277350      2.277350      4.554700
      3.260000      2.181888      2.181888      4.363775
      3.280000      2.134817      2.134817      4.269635
      3.300000      2.153281      2.153281      4.306561
      3.320000      2.266609      2.266609      4.533217
      3.340000      2.513984      2.513984      5.027968
      3.360000      2.937832      2.937832      5.875665
      3.380000      3.569376      3.569376      7.138753
      3.400000      4.406485      4.406485      8.812969
      3.420000      5.390734      5.390734     10.781468
      3.440000      6.396672      6.396672     12.793344
      3.460000      7.246191      7.246191     14.492382
      3.480000      7.751479      7.751479     15.502958
      3.500000      7.774245      7.774245     15.548489
      3.520000      7.276291      7.276291     14.552582
      3.540000      6.336842      6.336842     12.673683
      3.560000      5.127365      5.127365     10.254730
      3.580000      3.856150      3.856150      7.712299
      3.600000      2.709014      2.709014      5.418028
      3.620000      1.810974      1.810974      3.621949
      3.640000      1.219309      1.219309      2.438619
      3.660000      0.941719      0.941719      1.883437
      3.680000      0.963764      0.963764      1.927529
      3.700000      1.270316      1.270316      2.540631
      3.720000      1.852590      1.852590      3.705181
      3.740000      2.700309      2.700309      5.400618
      3.760000      3.784353      3.784353      7.568707
      3.780000      5.038938      5.038938     10.077876
      3.800000      6.353887      6.353887     12.707775
      3.820000      7.585980      7.585980     15.171960
      3.840000      8.591497      8.591497     17.182994
      3.860000      9.270670      9.270670     18.541340
      3.880000      9.604079      9.604079     19.208157
      3.900000      9.659493      9.659493     19.318986
      3.920000      9.559807      9.559807     19.119614
      3.940000      9.424075      9.424075     18.848150
      3.960000      9.311529      9.311529     18.623058
      3.980000      9.200243      9.200243     18.400486
      4.000000      9.014549      9.014549     18.029099
      4.020000      8.687600      8.687600     17.375200
      4.040000      8.223932      8.223932     16.447863
      4.060000      7.724585      7.724585     15.449170
      4.080000      7.356335      7.356335     14.712670
      4.100000      7.276640      7.276640     14.553280
      4.120000      7.550797      7.550797     15.101594
      4.140000      8.103997      8.103997     16.207993
      4.160000      8.734963      8.734963     17.469927
      4.180000      9.187491      9.187491     18.374982
      4.200000      9.247252      9.247252     18.494504
      4.220000      8.819204      8.819204     17.638408
      4.240000      7.952391      7.952391     15.904782
      4.260000      6.806873      6.806873     13.613746
      4.280000      5.585381      5.585381     11.170761
      4.300000      4.464570      4.464570      8.929140
      4.320000      3.553334      3.553334      7.106668
      4.340000      2.886691      2.886691      5.773381
      4.360000      2.446390      2.446390      4.892780
      4.380000      2.191807      2.191807      4.383614
      4.400000      2.086851      2.086851      4.173702
      4.420000      2.115035      2.115035      4.230069
      4.440000      2.280617      2.280617      4.561233
      4.460000      2.597342      2.597342      5.194685
      4.480000      3.069016      3.069016      6.138032
      4.500000      3.669055      3.669055      7.338110
      4.520000      4.328365      4.328365      8.656730
      4.540000      4.939903      4.939903      9.879807
      4.560000      5.382562      5.382562     10.765125
      4.580000      5.558038      5.558038     11.116076
      4.600000      5.426732      5.426732     10.853464
      4.620000      5.027279      5.027279     10.054557
      4.640000      4.470509      4.470509      8.941018
      4.660000      3.909382      3.909382      7.818765
      4.680000      3.495917      3.495917      6.991835
      4.700000      3.340010      3.340010      6.680021
      4.720000      3.482736      3.482736      6.965472
      4.740000      3.890816      3.890816      7.781633
      4.760000      4.472459      4.472459      8.944918
      4.780000      5.109118      5.109118     10.218236
      4.800000      5.693106      5.693106     11.386212
      4.820000      6.158134      6.158134     12.316268
      4.840000      6.490827      6.490827     12.981653
      4.860000      6.718026      6.718026     13.436051
      4.880000      6.876127      6.876127     13.752254
      4.900000      6.979333      6.979333     13.958667
      4.920000      7.006246      7.006246     14.012491
      4.940000      6.914995      6.914995     13.829990
      4.960000      6.680005      6.680005     13.360011
      4.980000      6.328734      6.328734     12.657467
      5.000000      5.954220      5.954220     11.908441
      5.020000      5.691529      5.691529     11.383059
      5.040000      5.666319      5.666319     11.332637
      5.060000      5.940095      5.940095     11.880189
      5.080000      6.479653      6.479653     12.959306
      5.100000      7.166003      7.166003     14.332006
      5.120000      7.837482      7.837482     15.674964
      5.140000      8.344538      8.344538     16.689076
      5.160000      8.589799      8.589799     17.179597
      5.180000      8.538552      8.538552     17.077104
      5.200000      8.203534      8.203534     16.407068
      5.220000      7.621281      7.621281     15.242562
      5.240000      6.837133      6.837133     13.674266
      5.260000      5.904634      5.904634     11.809269
      5.280000      4.892696      4.892696      9.785391
      5.300000      3.889557      3.889557      7.779113
      5.320000      2.997501      2.997501      5.995003
      5.340000      2.320188      2.320188      4.640376
      5.360000      1.948277      1.948277      3.896553
      5.380000      1.946811      1.946811      3.893622
      5.400000      2.343527      2.343527      4.687053
      5.420000      3.116495      3.116495      6.232990
      5.440000      4.184011      4.184011      8.368023
      5.460000      5.405352      5.405352     10.810704
      5.480000      6.601305      6.601305     13.202609
      5.500000      7.594941      7.594941     15.189881
      5.520000      8.260167      8.260167     16.520333
      5.540000      8.557551      8.557551     17.115102
      5.560000      8.541006      8.541006     17.082012
      5.580000      8.333412      8.333412     16.666823
      5.600000      8.084159      8.084159     16.168318
      5.620000      7.926768      7.926768     15.853536
      5.640000      7.948383      7.948383     15.896766
      5.660000      8.172888      8.172888     16.345776
      5.680000      8.554982      8.554982     17.109964
      5.700000      8.986026      8.986026     17.972052
      5.720000      9.316854      9.316854     18.633707
      5.740000      9.399583      9.399583     18.799166
      5.760000      9.138942      9.138942     18.277883
      5.780000      8.532715      8.532715     17.065430
      5.800000      7.681331      7.681331     15.362662
      5.820000      6.760595      6.760595     13.521190
      5.840000      5.970129      5.970129     11.940257
      5.860000      5.480506      5.480506     10.961012
      5.880000      5.398326      5.398326     10.796652
      5.900000      5.755132      5.755132     11.510264
      5.920000      6.513381      6.513381     13.026762
      5.940000      7.578276      7.578276     15.156551
      5.960000      8.808919      8.808919     17.617838
      5.980000     10.030751     10.030751     20.061502
      6.000000     11.056650     11.056650     22.113301
      6.020000     11.721626     11.721626     23.443252
      6.040000     11.925857     11.925857     23.851715
      6.060000     11.669014     11.669014     23.338029
      6.080000     11.054676     11.054676     22.109351
      6.100000     10.253748     10.253748     20.507497
      6.120000      9.437243      9.437243     18.874486
      6.140000      8.708826      8.708826     17.417652
      6.160000      8.071595      8.071595     16.143191
      6.180000      7.446237      7.446237     14.892474
      6.200000      6.728911      6.728911     13.457823
      6.220000      5.855507      5.855507     11.711014
      6.240000      4.838254      4.838254      9.676509
      6.260000      3.760136      3.760136      7.520272
      6.280000      2.737735      2.737735      5.475470
      6.300000      1.877816      1.877816      3.755631
      6.320000      1.250268      1.250268      2.500537
      6.340000      0.885631      0.885631      1.771262
      6.360000      0.790432      0.790432      1.580865
      6.380000      0.966338      0.966338      1.932675
      6.400000      1.420645      1.420645      2.841291
      6.420000      2.162378      2.162378      4.324755
      6.440000      3.185581      3.185581      6.371162
      6.460000      4.447124      4.447124      8.894248
      6.480000      5.849448      5.849448     11.698896
      6.500000      7.238853      7.238853     14.477707
      6.520000      8.425899      8.425899     16.851797
      6.540000      9.226134      9.226134     18.452267
      6.560000      9.509030      9.509030     19.018060
      6.580000      9.236126      9.236126     18.472252
      6.600000      8.471488      8.471488     16.942976
      6.620000      7.359400      7.359400     14.718800
      6.640000      6.079623      6.079623     12.159246
      6.660000      4.800219      4.800219      9.600439
      6.680000      3.646081      3.646081      7.292163
      6.700000      2.690240      2.690240      5.380481
      6.720000      1.962835      1.962835      3.925670
      6.740000      1.466557      1.466557      2.933114
      6.760000      1.189121      1.189121      2.378242
      6.780000      1.109318      1.109318      2.218636
      6.800000      1.198765      1.198765      2.397529
      6.820000      1.423890      1.423890      2.847780
      6.840000      1.751920      1.751920      3.503839
      6.860000      2.161758      2.161758      4.323517
      6.880000      2.656968      2.656968      5.313936
      6.900000      3.274691      3.274691      6.549382
      6.920000      4.082793      4.082793      8.165587
      6.940000      5.159257      5.159257     10.318515
      6.960000      6.553953      6.553953     13.107906
      6.980000      8.242517      8.242517     16.485034
      7.000000     10.091364     10.091364     20.182728
      7.020000     11.855795     11.855795     23.711589
      7.040000     13.224395     13.224395     26.448791
      7.060000     13.903044     13.903044     27.806089
      7.080000     13.709590     13.709590     27.419180
      7.100000     12.639329     12.639329     25.278658
      7.120000     10.870981     10.870981     21.741962
      7.140000      8.709772      8.709772     17.419544
      7.160000      6.493451      6.493451     12.986901
      7.180000      4.501635      4.501635      9.003269
      7.200000      2.901729      2.901729      5.803458
      7.220000      1.742758      1.742758      3.485517
      7.240000      0.986228      0.986228      1.972456
      7.260000      0.552027      0.552027      1.104053
      7.280000      0.359320      0.359320      0.718640
      7.300000      0.351607      0.351607      0.703214
      7.320000      0.504217      0.504217      1.008434
      7.340000      0.817641      0.817641      1.635281
      7.360000      1.301767      1.301767      2.603533
      7.380000      1.956723      1.956723      3.913445
      7.400000      2.757034      2.757034      5.514068
      7.420000      3.646082      3.646082      7.292164
      7.440000      4.545198      4.545198      9.090396
      7.460000      5.375280      5.375280     10.750561
      7.480000      6.081070      6.081070     12.162140
      7.500000      6.644390      6.644390     13.288779
      7.520000      7.077017      7.077017     14.154035
      7.540000      7.395833      7.395833     14.791666
      7.560000      7.595680      7.595680     15.191361
      7.580000      7.639675      7.639675     15.279350
      7.600000      7.477619      7.477619     14.955238
      7.620000      7.085001      7.085001     14.170001
      7.640000      6.499603      6.499603     12.999205
      7.660000      5.831086      5.831086     11.662172
      7.680000      5.233070      5.233070     10.466140
      7.700000      4.848338      4.848338      9.696676
      7.720000      4.752871      4.752871      9.505742
      7.740000      4.925274      4.925274      9.850549
      7.760000      5.255696      5.255696     10.511392
      7.780000      5.590216      5.590216     11.180433
      7.800000      5.791581      5.791581     11.583163
      7.820000      5.790923      5.790923     11.581847
      7.840000      5.609585      5.609585     11.219170
      7.860000      5.343120      5.343120     10.686240
      7.880000      5.115679      5.115679     10.231358
      7.900000      5.025413      5.025413     10.050827
      7.920000      5.104748      5.104748     10.209496
      7.940000      5.312137      5.312137     10.624275
      7.960000      5.557756      5.557756     11.115511
      7.980000      5.751041      5.751041     11.502081
      8.000000      5.849312      5.849312     11.698624
      8.020000      5.886947      5.886947     11.773893
      8.040000      5.972892      5.972892     11.945784
      8.060000      6.256693      6.256693     12.513386
      8.080000      6.874741      6.874741     13.749481
      8.100000      7.895463      7.895463     15.790926
      8.120000      9.283034      9.283034     18.566067
      8.140000     10.893995     10.893995     21.787990
      8.160000     12.511075     12.511075     25.022150
      8.180000     13.905451     13.905451     27.810901
      8.200000     14.906594     14.906594     29.813188
      8.220000     15.453080     15.453080     30.906160
      8.240000     15.602979     15.602979     31.205959
      8.260000     15.498709     15.498709     30.997419
      8.280000     15.301799     15.301799     30.603598
      8.300000     15.127203     15.127203     30.254406
      8.320000     15.006149     15.006149     30.012297
      8.340000     14.890808     14.890808     29.781616
      8.360000     14.692314     14.692314     29.384628
      8.380000     14.328431     14.328431     28.656861
      8.400000     13.756985     13.756985     27.513970
      8.420000     12.984466     12.984466     25.968932
      8.440000     12.056090     12.056090     24.112181
      8.460000     11.042621     11.042621     22.085242
      8.480000     10.035204     10.035204     20.070408
      8.500000      9.147040      9.147040     18.294079
      8.520000      8.510190      8.510190     17.020381
      8.540000      8.255924      8.255924     16.511848
      8.560000      8.477984      8.477984     16.955968
      8.580000      9.192222      9.192222     18.384443
      8.600000     10.312678     10.312678     20.625356
      8.620000     11.658492     11.658492     23.316983
      8.640000     12.991738     12.991738     25.983477
      8.660000     14.072731     14.072731     28.145462
      8.680000     14.714020     14.714020     29.428041
      8.700000     14.817905     14.817905     29.635810
      8.720000     14.389825     14.389825     28.779650
      8.740000     13.526573     13.526573     27.053147
      8.760000     12.383028     12.383028     24.766056
      8.780000     11.125990     11.125990     22.251979
      8.800000      9.888928      9.888928     19.777857
      8.820000      8.743497      8.743497     17.486994
      8.840000      7.698630      7.698630     15.397260
      8.860000      6.726353      6.726353     13.452706
      8.880000      5.801022      5.801022     11.602044
      8.900000      4.932975      4.932975      9.865951
      8.920000      4.181568      4.181568      8.363136
      8.940000      3.643355      3.643355      7.286709
      8.960000      3.422327      3.422327      6.844654
      8.980000      3.595357      3.595357      7.190715
      9.000000      4.185826      4.185826      8.371652
      9.020000      5.153446      5.153446     10.306891
      9.040000      6.401357      6.401357     12.802715
      9.060000      7.795366      7.795366     15.590731
      9.080000      9.187149      9.187149     18.374299
      9.100000     10.434709     10.434709     20.869418
      9.120000     11.418055     11.418055     22.836111
      9.140000     12.052224     12.052224     24.104449
      9.160000     12.299265     12.299265     24.598531
      9.180000     12.176114     12.176114     24.352229
      9.200000     11.751340     11.751340     23.502681
      9.220000     11.126275     11.126275     22.252550
      9.240000     10.404879     10.404879     20.809757
      9.260000      9.665210      9.665210     19.330419
      9.280000      8.945867      8.945867     17.891734
      9.300000      8.252055      8.252055     16.504111
      9.320000      7.574632      7.574632     15.149265
      9.340000      6.910092      6.910092     13.820184
      9.360000      6.272860      6.272860     12.545721
      9.380000      5.698847      5.698847     11.397695
      9.400000      5.243758      5.243758     10.487515
      9.420000      4.978189      4.978189      9.956377
      9.440000      4.977314      4.977314      9.954629
      9.460000      5.301851      5.301851     10.603703
      9.480000      5.971727      5.971727     11.943454
      9.500000      6.941554      6.941554     13.883107
      9.520000      8.091592      8.091592     16.183184
      9.540000      9.244979      9.244979     18.489958
      9.560000     10.211996     10.211996     20.423992
      9.580000     10.849560     10.849560     21.699120
      9.600000     11.114802     11.114802     22.229603
      9.620000     11.089952     11.089952     22.179904
      9.640000     10.963556     10.963556     21.927113
      9.660000     10.968674     10.968674     21.937347
      9.680000     11.296867     11.296867     22.593735
      9.700000     12.019514     12.019514     24.039029
      9.720000     13.048251     13.048251     26.096502
      9.740000     14.152561     14.152561     28.305123
      9.760000     15.030080     15.030080     30.060160
      9.780000     15.404241     15.404241     30.808481
      9.800000     15.113672     15.113672     30.227344
      9.820000     14.162054     14.162054     28.324108
      9.840000     12.713135     12.713135     25.426269
      9.860000     11.036155     11.036155     22.072310
      9.880000      9.423899      9.423899     18.847797
      9.900000      8.113296      8.113296     16.226592
      9.920000      7.234911      7.234911     14.469823
      9.940000      6.804817      6.804817     13.609634
      9.960000      6.755244      6.755244     13.510487
      9.980000      6.985630      6.985630     13.971260
     10.000000      7.409193      7.409193     14.818386
