# EIG2DOS: Utility for SIESTA to obtain the electronic density of states
#  E. Artacho, Apr 1999, A. Garcia, Apr 2012
# ------------------------------------------
# Eigenvalues read from GRP_doping.EIG
# Using smearing parameter:   0.100
# Using   1001 points in energy range
# Selected bands: 1 to: 936
# Emin, emax in file for selected band(s):    -36.9862500    236.3334300
# Nbands, Nspin, Nk   =    936     1   231
# E_F                 =    -5.3661 eV --> (shifted to ZERO)
# Broadening          =     0.1000 eV
#
#        E            N(up)  (=)   N(down)         Ntot
    -10.000000      6.184668      6.184668     12.369335
     -9.980000      5.984182      5.984182     11.968365
     -9.960000      5.491005      5.491005     10.982010
     -9.940000      4.773566      4.773566      9.547133
     -9.920000      3.966797      3.966797      7.933594
     -9.900000      3.232798      3.232798      6.465597
     -9.880000      2.715627      2.715627      5.431254
     -9.860000      2.506432      2.506432      5.012864
     -9.840000      2.627426      2.627426      5.254852
     -9.820000      3.034536      3.034536      6.069072
     -9.800000      3.633878      3.633878      7.267757
     -9.780000      4.306696      4.306696      8.613393
     -9.760000      4.938213      4.938213      9.876426
     -9.740000      5.445272      5.445272     10.890543
     -9.720000      5.795671      5.795671     11.591341
     -9.700000      6.011298      6.011298     12.022596
     -9.680000      6.150613      6.150613     12.301226
     -9.660000      6.274464      6.274464     12.548928
     -9.640000      6.409248      6.409248     12.818495
     -9.620000      6.526312      6.526312     13.052624
     -9.600000      6.550963      6.550963     13.101927
     -9.580000      6.399292      6.399292     12.798584
     -9.560000      6.024771      6.024771     12.049542
     -9.540000      5.449836      5.449836     10.899672
     -9.520000      4.765497      4.765497      9.530995
     -9.500000      4.099691      4.099691      8.199383
     -9.480000      3.571353      3.571353      7.142706
     -9.460000      3.252728      3.252728      6.505455
     -9.440000      3.155470      3.155470      6.310939
     -9.420000      3.242478      3.242478      6.484956
     -9.400000      3.455513      3.455513      6.911026
     -9.380000      3.743874      3.743874      7.487749
     -9.360000      4.082200      4.082200      8.164400
     -9.340000      4.472330      4.472330      8.944661
     -9.320000      4.930946      4.930946      9.861892
     -9.300000      5.468897      5.468897     10.937794
     -9.280000      6.069933      6.069933     12.139866
     -9.260000      6.677077      6.677077     13.354155
     -9.240000      7.194312      7.194312     14.388624
     -9.220000      7.507863      7.507863     15.015727
     -9.200000      7.523815      7.523815     15.047630
     -9.180000      7.209078      7.209078     14.418155
     -9.160000      6.616778      6.616778     13.233555
     -9.140000      5.880665      5.880665     11.761330
     -9.120000      5.176457      5.176457     10.352914
     -9.100000      4.664249      4.664249      9.328497
     -9.080000      4.435633      4.435633      8.871265
     -9.060000      4.486619      4.486619      8.973239
     -9.040000      4.725050      4.725050      9.450101
     -9.020000      5.006468      5.006468     10.012936
     -9.000000      5.182664      5.182664     10.365329
     -8.980000      5.145470      5.145470     10.290940
     -8.960000      4.853435      4.853435      9.706869
     -8.940000      4.337072      4.337072      8.674145
     -8.920000      3.685658      3.685658      7.371316
     -8.900000      3.022903      3.022903      6.045806
     -8.880000      2.479503      2.479503      4.959006
     -8.860000      2.168308      2.168308      4.336616
     -8.840000      2.164514      2.164514      4.329029
     -8.820000      2.491246      2.491246      4.982491
     -8.800000      3.111687      3.111687      6.223374
     -8.780000      3.931621      3.931621      7.863242
     -8.760000      4.817228      4.817228      9.634456
     -8.740000      5.628889      5.628889     11.257778
     -8.720000      6.262752      6.262752     12.525503
     -8.700000      6.683634      6.683634     13.367267
     -8.680000      6.932840      6.932840     13.865679
     -8.660000      7.105407      7.105407     14.210813
     -8.640000      7.307534      7.307534     14.615068
     -8.620000      7.615548      7.615548     15.231096
     -8.600000      8.054957      8.054957     16.109913
     -8.580000      8.604197      8.604197     17.208395
     -8.560000      9.213062      9.213062     18.426125
     -8.540000      9.820761      9.820761     19.641521
     -8.520000     10.364728     10.364728     20.729456
     -8.500000     10.781549     10.781549     21.563098
     -8.480000     11.007194     11.007194     22.014389
     -8.460000     10.982546     10.982546     21.965092
     -8.440000     10.665486     10.665486     21.330973
     -8.420000     10.046900     10.046900     20.093800
     -8.400000      9.165714      9.165714     18.331429
     -8.380000      8.116324      8.116324     16.232648
     -8.360000      7.041080      7.041080     14.082160
     -8.340000      6.103683      6.103683     12.207367
     -8.320000      5.447479      5.447479     10.894958
     -8.300000      5.152308      5.152308     10.304615
     -8.280000      5.208323      5.208323     10.416647
     -8.260000      5.520666      5.520666     11.041331
     -8.240000      5.945995      5.945995     11.891990
     -8.220000      6.346556      6.346556     12.693111
     -8.200000      6.637500      6.637500     13.275001
     -8.180000      6.804911      6.804911     13.609823
     -8.160000      6.886227      6.886227     13.772454
     -8.140000      6.925339      6.925339     13.850678
     -8.120000      6.929818      6.929818     13.859636
     -8.100000      6.857348      6.857348     13.714696
     -8.080000      6.641341      6.641341     13.282683
     -8.060000      6.241979      6.241979     12.483958
     -8.040000      5.693465      5.693465     11.386930
     -8.020000      5.120263      5.120263     10.240526
     -8.000000      4.711686      4.711686      9.423373
     -7.980000      4.664154      4.664154      9.328308
     -7.960000      5.113084      5.113084     10.226168
     -7.940000      6.078612      6.078612     12.157223
     -7.920000      7.444092      7.444092     14.888185
     -7.900000      8.977207      8.977207     17.954413
     -7.880000     10.391097     10.391097     20.782194
     -7.860000     11.427972     11.427972     22.855944
     -7.840000     11.934932     11.934932     23.869864
     -7.820000     11.900259     11.900259     23.800519
     -7.800000     11.433715     11.433715     22.867430
     -7.780000     10.701633     10.701633     21.403266
     -7.760000      9.851497      9.851497     19.702994
     -7.740000      8.965263      8.965263     17.930526
     -7.720000      8.061791      8.061791     16.123582
     -7.700000      7.138250      7.138250     14.276500
     -7.680000      6.218213      6.218213     12.436427
     -7.660000      5.373896      5.373896     10.747792
     -7.640000      4.709508      4.709508      9.419015
     -7.620000      4.317310      4.317310      8.634620
     -7.600000      4.232281      4.232281      8.464562
     -7.580000      4.409090      4.409090      8.818180
     -7.560000      4.731237      4.731237      9.462473
     -7.540000      5.046466      5.046466     10.092932
     -7.520000      5.212851      5.212851     10.425703
     -7.500000      5.138665      5.138665     10.277329
     -7.480000      4.804431      4.804431      9.608862
     -7.460000      4.263460      4.263460      8.526921
     -7.440000      3.624171      3.624171      7.248343
     -7.420000      3.021575      3.021575      6.043151
     -7.400000      2.585941      2.585941      5.171881
     -7.380000      2.414858      2.414858      4.829715
     -7.360000      2.552474      2.552474      5.104949
     -7.340000      2.978250      2.978250      5.956499
     -7.320000      3.607580      3.607580      7.215160
     -7.300000      4.306732      4.306732      8.613464
     -7.280000      4.922477      4.922477      9.844955
     -7.260000      5.321872      5.321872     10.643743
     -7.240000      5.431598      5.431598     10.863195
     -7.220000      5.263084      5.263084     10.526168
     -7.200000      4.912256      4.912256      9.824512
     -7.180000      4.531187      4.531187      9.062374
     -7.160000      4.279662      4.279662      8.559325
     -7.140000      4.273090      4.273090      8.546180
     -7.120000      4.545652      4.545652      9.091304
     -7.100000      5.042929      5.042929     10.085858
     -7.080000      5.647377      5.647377     11.294754
     -7.060000      6.226388      6.226388     12.452776
     -7.040000      6.681770      6.681770     13.363539
     -7.020000      6.977541      6.977541     13.955081
     -7.000000      7.133195      7.133195     14.266391
     -6.980000      7.188265      7.188265     14.376531
     -6.960000      7.160667      7.160667     14.321335
     -6.940000      7.024938      7.024938     14.049876
     -6.920000      6.723670      6.723670     13.447341
     -6.900000      6.204287      6.204287     12.408573
     -6.880000      5.457791      5.457791     10.915583
     -6.860000      4.536387      4.536387      9.072775
     -6.840000      3.541372      3.541372      7.082744
     -6.820000      2.590810      2.590810      5.181620
     -6.800000      1.786400      1.786400      3.572799
     -6.780000      1.196245      1.196245      2.392489
     -6.760000      0.859040      0.859040      1.718080
     -6.740000      0.803128      0.803128      1.606256
     -6.720000      1.066735      1.066735      2.133470
     -6.700000      1.705020      1.705020      3.410039
     -6.680000      2.774638      2.774638      5.549276
     -6.660000      4.296424      4.296424      8.592847
     -6.640000      6.209513      6.209513     12.419025
     -6.620000      8.340781      8.340781     16.681561
     -6.600000     10.413996     10.413996     20.827992
     -6.580000     12.108342     12.108342     24.216684
     -6.560000     13.150106     13.150106     26.300212
     -6.540000     13.399042     13.399042     26.798085
     -6.520000     12.888396     12.888396     25.776793
     -6.500000     11.799546     11.799546     23.599092
     -6.480000     10.386066     10.386066     20.772131
     -6.460000      8.886415      8.886415     17.772831
     -6.440000      7.464995      7.464995     14.929991
     -6.420000      6.200488      6.200488     12.400976
     -6.400000      5.113678      5.113678     10.227357
     -6.380000      4.210133      4.210133      8.420265
     -6.360000      3.512358      3.512358      7.024717
     -6.340000      3.067029      3.067029      6.134059
     -6.320000      2.926853      2.926853      5.853706
     -6.300000      3.117414      3.117414      6.234828
     -6.280000      3.604801      3.604801      7.209601
     -6.260000      4.280164      4.280164      8.560327
     -6.240000      4.972403      4.972403      9.944806
     -6.220000      5.489671      5.489671     10.979341
     -6.200000      5.676903      5.676903     11.353805
     -6.180000      5.466706      5.466706     10.933411
     -6.160000      4.901629      4.901629      9.803258
     -6.140000      4.118707      4.118707      8.237414
     -6.120000      3.305140      3.305140      6.610281
     -6.100000      2.646144      2.646144      5.292287
     -6.080000      2.285312      2.285312      4.570624
     -6.060000      2.306581      2.306581      4.613163
     -6.040000      2.733691      2.733691      5.467381
     -6.020000      3.536384      3.536384      7.072768
     -6.000000      4.635042      4.635042      9.270083
     -5.980000      5.903536      5.903536     11.807071
     -5.960000      7.177490      7.177490     14.354980
     -5.940000      8.276380      8.276380     16.552759
     -5.920000      9.041239      9.041239     18.082478
     -5.900000      9.378534      9.378534     18.757067
     -5.880000      9.292166      9.292166     18.584332
     -5.860000      8.886523      8.886523     17.773046
     -5.840000      8.335016      8.335016     16.670031
     -5.820000      7.824635      7.824635     15.649269
     -5.800000      7.498330      7.498330     14.996660
     -5.780000      7.417531      7.417531     14.835063
     -5.760000      7.557512      7.557512     15.115023
     -5.740000      7.833937      7.833937     15.667874
     -5.720000      8.146247      8.146247     16.292494
     -5.700000      8.417652      8.417652     16.835303
     -5.680000      8.615276      8.615276     17.230552
     -5.660000      8.745817      8.745817     17.491634
     -5.640000      8.835458      8.835458     17.670917
     -5.620000      8.909097      8.909097     17.818193
     -5.600000      8.979399      8.979399     17.958799
     -5.580000      9.045684      9.045684     18.091367
     -5.560000      9.095881      9.095881     18.191762
     -5.540000      9.107230      9.107230     18.214461
     -5.520000      9.048605      9.048605     18.097209
     -5.500000      8.890372      8.890372     17.780744
     -5.480000      8.622246      8.622246     17.244491
     -5.460000      8.270853      8.270853     16.541707
     -5.440000      7.905757      7.905757     15.811514
     -5.420000      7.628592      7.628592     15.257185
     -5.400000      7.549378      7.549378     15.098755
     -5.380000      7.758764      7.758764     15.517528
     -5.360000      8.302767      8.302767     16.605534
     -5.340000      9.162329      9.162329     18.324659
     -5.320000     10.240021     10.240021     20.480041
     -5.300000     11.360437     11.360437     22.720874
     -5.280000     12.293211     12.293211     24.586422
     -5.260000     12.801654     12.801654     25.603308
     -5.240000     12.706623     12.706623     25.413246
     -5.220000     11.942698     11.942698     23.885395
     -5.200000     10.582207     10.582207     21.164414
     -5.180000      8.815323      8.815323     17.630646
     -5.160000      6.894574      6.894574     13.789148
     -5.140000      5.067837      5.067837     10.135675
     -5.120000      3.526428      3.526428      7.052856
     -5.100000      2.384259      2.384259      4.768519
     -5.080000      1.687629      1.687629      3.375257
     -5.060000      1.441919      1.441919      2.883838
     -5.040000      1.636925      1.636925      3.273849
     -5.020000      2.256843      2.256843      4.513685
     -5.000000      3.270938      3.270938      6.541877
     -4.980000      4.611775      4.611775      9.223550
     -4.960000      6.155313      6.155313     12.310625
     -4.940000      7.718057      7.718057     15.436113
     -4.920000      9.080193      9.080193     18.160386
     -4.900000     10.032685     10.032685     20.065370
     -4.880000     10.435168     10.435168     20.870336
     -4.860000     10.264925     10.264925     20.529849
     -4.840000      9.638022      9.638022     19.276044
     -4.820000      8.791846      8.791846     17.583692
     -4.800000      8.030874      8.030874     16.061749
     -4.780000      7.649873      7.649873     15.299746
     -4.760000      7.856015      7.856015     15.712029
     -4.740000      8.711279      8.711279     17.422557
     -4.720000     10.110097     10.110097     20.220193
     -4.700000     11.798021     11.798021     23.596043
     -4.680000     13.428142     13.428142     26.856284
     -4.660000     14.643801     14.643801     29.287602
     -4.640000     15.168755     15.168755     30.337510
     -4.620000     14.880860     14.880860     29.761720
     -4.600000     13.846288     13.846288     27.692577
     -4.580000     12.301099     12.301099     24.602198
     -4.560000     10.584234     10.584234     21.168468
     -4.540000      9.043829      9.043829     18.087659
     -4.520000      7.948463      7.948463     15.896927
     -4.500000      7.431314      7.431314     14.862629
     -4.480000      7.480109      7.480109     14.960219
     -4.460000      7.967257      7.967257     15.934515
     -4.440000      8.702037      8.702037     17.404075
     -4.420000      9.484837      9.484837     18.969674
     -4.400000     10.149819     10.149819     20.299638
     -4.380000     10.590274     10.590274     21.180548
     -4.360000     10.765355     10.765355     21.530710
     -4.340000     10.688758     10.688758     21.377517
     -4.320000     10.403410     10.403410     20.806819
     -4.300000      9.952668      9.952668     19.905336
     -4.280000      9.362795      9.362795     18.725591
     -4.260000      8.646707      8.646707     17.293414
     -4.240000      7.825323      7.825323     15.650647
     -4.220000      6.949631      6.949631     13.899263
     -4.200000      6.105167      6.105167     12.210334
     -4.180000      5.393320      5.393320     10.786640
     -4.160000      4.900877      4.900877      9.801754
     -4.140000      4.677061      4.677061      9.354122
     -4.120000      4.730313      4.730313      9.460627
     -4.100000      5.041716      5.041716     10.083433
     -4.080000      5.580517      5.580517     11.161034
     -4.060000      6.308078      6.308078     12.616155
     -4.040000      7.168246      7.168246     14.336493
     -4.020000      8.075395      8.075395     16.150790
     -4.000000      8.916145      8.916145     17.832289
     -3.980000      9.572896      9.572896     19.145793
     -3.960000      9.961695      9.961695     19.923390
     -3.940000     10.064636     10.064636     20.129272
     -3.920000      9.937459      9.937459     19.874918
     -3.900000      9.686542      9.686542     19.373084
     -3.880000      9.426854      9.426854     18.853708
     -3.860000      9.241374      9.241374     18.482749
     -3.840000      9.158229      9.158229     18.316458
     -3.820000      9.149939      9.149939     18.299878
     -3.800000      9.149803      9.149803     18.299607
     -3.780000      9.078292      9.078292     18.156583
     -3.760000      8.873677      8.873677     17.747354
     -3.740000      8.519823      8.519823     17.039646
     -3.720000      8.059824      8.059824     16.119648
     -3.700000      7.584002      7.584002     15.168004
     -3.680000      7.190731      7.190731     14.381461
     -3.660000      6.935584      6.935584     13.871167
     -3.640000      6.796250      6.796250     13.592500
     -3.620000      6.676269      6.676269     13.352537
     -3.600000      6.450018      6.450018     12.900035
     -3.580000      6.027345      6.027345     12.054689
     -3.560000      5.404713      5.404713     10.809426
     -3.540000      4.677712      4.677712      9.355423
     -3.520000      4.010750      4.010750      8.021500
     -3.500000      3.579800      3.579800      7.159599
     -3.480000      3.512873      3.512873      7.025745
     -3.460000      3.849748      3.849748      7.699496
     -3.440000      4.533154      4.533154      9.066308
     -3.420000      5.433345      5.433345     10.866690
     -3.400000      6.397814      6.397814     12.795628
     -3.380000      7.307816      7.307816     14.615633
     -3.360000      8.117186      8.117186     16.234372
     -3.340000      8.853185      8.853185     17.706370
     -3.320000      9.576420      9.576420     19.152841
     -3.300000     10.320025     10.320025     20.640051
     -3.280000     11.042931     11.042931     22.085861
     -3.260000     11.626768     11.626768     23.253536
     -3.240000     11.921741     11.921741     23.843482
     -3.220000     11.817841     11.817841     23.635682
     -3.200000     11.302221     11.302221     22.604441
     -3.180000     10.471445     10.471445     20.942891
     -3.160000      9.493589      9.493589     18.987177
     -3.140000      8.543183      8.543183     17.086366
     -3.120000      7.744668      7.744668     15.489336
     -3.100000      7.151056      7.151056     14.302112
     -3.080000      6.761700      6.761700     13.523400
     -3.060000      6.561286      6.561286     13.122573
     -3.040000      6.553301      6.553301     13.106601
     -3.020000      6.767633      6.767633     13.535266
     -3.000000      7.238059      7.238059     14.476118
     -2.980000      7.962245      7.962245     15.924490
     -2.960000      8.867170      8.867170     17.734340
     -2.940000      9.802026      9.802026     19.604052
     -2.920000     10.568613     10.568613     21.137226
     -2.900000     10.980896     10.980896     21.961793
     -2.880000     10.929532     10.929532     21.859064
     -2.860000     10.422589     10.422589     20.845179
     -2.840000      9.583700      9.583700     19.167400
     -2.820000      8.608623      8.608623     17.217245
     -2.800000      7.700185      7.700185     15.400371
     -2.780000      7.009743      7.009743     14.019486
     -2.760000      6.607114      6.607114     13.214229
     -2.740000      6.484870      6.484870     12.969740
     -2.720000      6.586131      6.586131     13.172262
     -2.700000      6.836315      6.836315     13.672629
     -2.680000      7.162072      7.162072     14.324145
     -2.660000      7.492382      7.492382     14.984764
     -2.640000      7.750239      7.750239     15.500478
     -2.620000      7.850520      7.850520     15.701039
     -2.600000      7.715667      7.715667     15.431335
     -2.580000      7.307786      7.307786     14.615573
     -2.560000      6.661940      6.661940     13.323879
     -2.540000      5.900458      5.900458     11.800916
     -2.520000      5.215764      5.215764     10.431528
     -2.500000      4.824511      4.824511      9.649022
     -2.480000      4.908986      4.908986      9.817972
     -2.460000      5.565742      5.565742     11.131484
     -2.440000      6.776647      6.776647     13.553293
     -2.420000      8.408883      8.408883     16.817766
     -2.400000     10.242324     10.242324     20.484648
     -2.380000     12.016417     12.016417     24.032834
     -2.360000     13.484268     13.484268     26.968536
     -2.340000     14.460043     14.460043     28.920086
     -2.320000     14.848909     14.848909     29.697817
     -2.300000     14.655751     14.655751     29.311502
     -2.280000     13.976065     13.976065     27.952130
     -2.260000     12.975059     12.975059     25.950119
     -2.240000     11.858580     11.858580     23.717159
     -2.220000     10.835966     10.835966     21.671932
     -2.200000     10.075783     10.075783     20.151567
     -2.180000      9.661798      9.661798     19.323596
     -2.160000      9.564106      9.564106     19.128213
     -2.140000      9.641643      9.641643     19.283286
     -2.120000      9.683148      9.683148     19.366296
     -2.100000      9.476755      9.476755     18.953511
     -2.080000      8.882736      8.882736     17.765472
     -2.060000      7.879609      7.879609     15.759218
     -2.040000      6.565070      6.565070     13.130140
     -2.020000      5.114386      5.114386     10.228772
     -2.000000      3.718106      3.718106      7.436212
     -1.980000      2.527376      2.527376      5.054751
     -1.960000      1.626681      1.626681      3.253362
     -1.940000      1.037460      1.037460      2.074920
     -1.920000      0.741744      0.741744      1.483489
     -1.900000      0.709422      0.709422      1.418844
     -1.880000      0.915772      0.915772      1.831544
     -1.860000      1.343629      1.343629      2.687257
     -1.840000      1.972489      1.972489      3.944978
     -1.820000      2.762621      2.762621      5.525243
     -1.800000      3.644624      3.644624      7.289248
     -1.780000      4.523119      4.523119      9.046238
     -1.760000      5.297053      5.297053     10.594106
     -1.740000      5.889996      5.889996     11.779993
     -1.720000      6.276091      6.276091     12.552182
     -1.700000      6.486334      6.486334     12.972667
     -1.680000      6.588325      6.588325     13.176650
     -1.660000      6.647427      6.647427     13.294854
     -1.640000      6.689850      6.689850     13.379700
     -1.620000      6.689732      6.689732     13.379463
     -1.600000      6.590141      6.590141     13.180282
     -1.580000      6.348477      6.348477     12.696953
     -1.560000      5.981762      5.981762     11.963524
     -1.540000      5.585957      5.585957     11.171914
     -1.520000      5.316261      5.316261     10.632522
     -1.500000      5.334615      5.334615     10.669230
     -1.480000      5.745967      5.745967     11.491934
     -1.460000      6.549730      6.549730     13.099460
     -1.440000      7.626757      7.626757     15.253514
     -1.420000      8.768734      8.768734     17.537467
     -1.400000      9.741177      9.741177     19.482354
     -1.380000     10.358297     10.358297     20.716593
     -1.360000     10.542471     10.542471     21.084943
     -1.340000     10.345984     10.345984     20.691968
     -1.320000      9.927024      9.927024     19.854048
     -1.300000      9.490280      9.490280     18.980561
     -1.280000      9.216580      9.216580     18.433160
     -1.260000      9.209414      9.209414     18.418828
     -1.240000      9.477350      9.477350     18.954700
     -1.220000      9.954405      9.954405     19.908810
     -1.200000     10.543324     10.543324     21.086649
     -1.180000     11.157569     11.157569     22.315138
     -1.160000     11.741332     11.741332     23.482665
     -1.140000     12.261622     12.261622     24.523244
     -1.120000     12.684231     12.684231     25.368462
     -1.100000     12.955476     12.955476     25.910953
     -1.080000     13.006970     13.006970     26.013939
     -1.060000     12.783964     12.783964     25.567927
     -1.040000     12.280235     12.280235     24.560471
     -1.020000     11.556282     11.556282     23.112564
     -1.000000     10.727159     10.727159     21.454318
     -0.980000      9.924705      9.924705     19.849411
     -0.960000      9.253588      9.253588     18.507176
     -0.940000      8.762584      8.762584     17.525169
     -0.920000      8.442246      8.442246     16.884492
     -0.900000      8.245573      8.245573     16.491146
     -0.880000      8.118447      8.118447     16.236894
     -0.860000      8.025499      8.025499     16.050998
     -0.840000      7.962944      7.962944     15.925889
     -0.820000      7.957780      7.957780     15.915560
     -0.800000      8.057818      8.057818     16.115635
     -0.780000      8.317620      8.317620     16.635240
     -0.760000      8.782955      8.782955     17.565911
     -0.740000      9.474704      9.474704     18.949408
     -0.720000     10.374679     10.374679     20.749358
     -0.700000     11.419354     11.419354     22.838707
     -0.680000     12.508297     12.508297     25.016595
     -0.660000     13.528613     13.528613     27.057227
     -0.640000     14.386870     14.386870     28.773740
     -0.620000     15.033274     15.033274     30.066548
     -0.600000     15.465845     15.465845     30.931691
     -0.580000     15.714443     15.714443     31.428887
     -0.560000     15.817165     15.817165     31.634329
     -0.540000     15.804994     15.804994     31.609989
     -0.520000     15.701910     15.701910     31.403820
     -0.500000     15.533983     15.533983     31.067965
     -0.480000     15.333658     15.333658     30.667317
     -0.460000     15.130373     15.130373     30.260746
     -0.440000     14.931605     14.931605     29.863211
     -0.420000     14.708334     14.708334     29.416668
     -0.400000     14.397659     14.397659     28.795318
     -0.380000     13.924830     13.924830     27.849661
     -0.360000     13.235913     13.235913     26.471827
     -0.340000     12.328319     12.328319     24.656638
     -0.320000     11.269418     11.269418     22.538837
     -0.300000     10.198348     10.198348     20.396696
     -0.280000      9.309109      9.309109     18.618218
     -0.260000      8.815072      8.815072     17.630144
     -0.240000      8.899006      8.899006     17.798013
     -0.220000      9.659230      9.659230     19.318459
     -0.200000     11.068333     11.068333     22.136667
     -0.180000     12.961613     12.961613     25.923226
     -0.160000     15.065236     15.065236     30.130471
     -0.140000     17.060243     17.060243     34.120487
     -0.120000     18.662842     18.662842     37.325685
     -0.100000     19.692025     19.692025     39.384051
     -0.080000     20.099249     20.099249     40.198499
     -0.060000     19.951671     19.951671     39.903343
     -0.040000     19.381714     19.381714     38.763428
     -0.020000     18.529076     18.529076     37.058152
      0.000000     17.499674     17.499674     34.999349
      0.020000     16.352886     16.352886     32.705773
      0.040000     15.113885     15.113885     30.227769
      0.060000     13.799703     13.799703     27.599405
      0.080000     12.446355     12.446355     24.892710
      0.100000     11.125934     11.125934     22.251869
      0.120000      9.945030      9.945030     19.890059
      0.140000      9.021149      9.021149     18.042299
      0.160000      8.443772      8.443772     16.887544
      0.180000      8.237264      8.237264     16.474528
      0.200000      8.345887      8.345887     16.691775
      0.220000      8.651345      8.651345     17.302689
      0.240000      9.015348      9.015348     18.030697
      0.260000      9.325623      9.325623     18.651247
      0.280000      9.523463      9.523463     19.046927
      0.300000      9.603884      9.603884     19.207767
      0.320000      9.595367      9.595367     19.190734
      0.340000      9.534339      9.534339     19.068678
      0.360000      9.446842      9.446842     18.893683
      0.380000      9.341781      9.341781     18.683562
      0.400000      9.213856      9.213856     18.427712
      0.420000      9.052592      9.052592     18.105185
      0.440000      8.854368      8.854368     17.708737
      0.460000      8.633804      8.633804     17.267607
      0.480000      8.429200      8.429200     16.858400
      0.500000      8.296718      8.296718     16.593436
      0.520000      8.291794      8.291794     16.583588
      0.540000      8.442990      8.442990     16.885980
      0.560000      8.729240      8.729240     17.458480
      0.580000      9.072570      9.072570     18.145140
      0.600000      9.353381      9.353381     18.706762
      0.620000      9.446000      9.446000     18.891999
      0.640000      9.262271      9.262271     18.524542
      0.660000      8.785324      8.785324     17.570647
      0.680000      8.077932      8.077932     16.155864
      0.700000      7.260454      7.260454     14.520909
      0.720000      6.467573      6.467573     12.935146
      0.740000      5.803259      5.803259     11.606518
      0.760000      5.313284      5.313284     10.626567
      0.780000      4.984205      4.984205      9.968409
      0.800000      4.763787      4.763787      9.527574
      0.820000      4.588960      4.588960      9.177921
      0.840000      4.408149      4.408149      8.816299
      0.860000      4.192579      4.192579      8.385159
      0.880000      3.939109      3.939109      7.878219
      0.900000      3.669762      3.669762      7.339524
      0.920000      3.429923      3.429923      6.859846
      0.940000      3.282393      3.282393      6.564786
      0.960000      3.293085      3.293085      6.586170
      0.980000      3.508237      3.508237      7.016474
      1.000000      3.930148      3.930148      7.860296
      1.020000      4.503555      4.503555      9.007110
      1.040000      5.123275      5.123275     10.246549
      1.060000      5.664828      5.664828     11.329655
      1.080000      6.027497      6.027497     12.054994
      1.100000      6.170825      6.170825     12.341650
      1.120000      6.126959      6.126959     12.253918
      1.140000      5.982956      5.982956     11.965912
      1.160000      5.842794      5.842794     11.685588
      1.180000      5.788839      5.788839     11.577679
      1.200000      5.860593      5.860593     11.721185
      1.220000      6.056443      6.056443     12.112885
      1.240000      6.350362      6.350362     12.700724
      1.260000      6.709034      6.709034     13.418069
      1.280000      7.098874      7.098874     14.197748
      1.300000      7.482368      7.482368     14.964736
      1.320000      7.811526      7.811526     15.623052
      1.340000      8.027731      8.027731     16.055461
      1.360000      8.072295      8.072295     16.144590
      1.380000      7.904671      7.904671     15.809342
      1.400000      7.520100      7.520100     15.040199
      1.420000      6.957979      6.957979     13.915958
      1.440000      6.296130      6.296130     12.592259
      1.460000      5.632334      5.632334     11.264667
      1.480000      5.060133      5.060133     10.120265
      1.500000      4.648240      4.648240      9.296479
      1.520000      4.431024      4.431024      8.862048
      1.540000      4.412316      4.412316      8.824633
      1.560000      4.578712      4.578712      9.157424
      1.580000      4.914273      4.914273      9.828545
      1.600000      5.407790      5.407790     10.815580
      1.620000      6.047212      6.047212     12.094423
      1.640000      6.802679      6.802679     13.605357
      1.660000      7.607470      7.607470     15.214939
      1.680000      8.350616      8.350616     16.701232
      1.700000      8.891938      8.891938     17.783876
      1.720000      9.099213      9.099213     18.198426
      1.740000      8.893529      8.893529     17.787059
      1.760000      8.281477      8.281477     16.562954
      1.780000      7.357627      7.357627     14.715254
      1.800000      6.275647      6.275647     12.551295
      1.820000      5.202083      5.202083     10.404167
      1.840000      4.273712      4.273712      8.547425
      1.860000      3.574331      3.574331      7.148663
      1.880000      3.134671      3.134671      6.269343
      1.900000      2.947992      2.947992      5.895984
      1.920000      2.989354      2.989354      5.978709
      1.940000      3.229055      3.229055      6.458109
      1.960000      3.636934      3.636934      7.273868
      1.980000      4.180270      4.180270      8.360540
      2.000000      4.820947      4.820947      9.641893
      2.020000      5.516529      5.516529     11.033057
      2.040000      6.225534      6.225534     12.451068
      2.060000      6.912312      6.912312     13.824624
      2.080000      7.545379      7.545379     15.090759
      2.100000      8.087291      8.087291     16.174583
      2.120000      8.482210      8.482210     16.964421
      2.140000      8.653127      8.653127     17.306254
      2.160000      8.517868      8.517868     17.035737
      2.180000      8.021361      8.021361     16.042722
      2.200000      7.168608      7.168608     14.337217
      2.220000      6.038699      6.038699     12.077399
      2.240000      4.769255      4.769255      9.538511
      2.260000      3.517292      3.517292      7.034583
      2.280000      2.415164      2.415164      4.830329
      2.300000      1.541009      1.541009      3.082017
      2.320000      0.912982      0.912982      1.825964
      2.340000      0.503757      0.503757      1.007514
      2.360000      0.264090      0.264090      0.528179
      2.380000      0.144480      0.144480      0.288959
      2.400000      0.109047      0.109047      0.218094
      2.420000      0.141038      0.141038      0.282076
      2.440000      0.242022      0.242022      0.484044
      2.460000      0.426816      0.426816      0.853631
      2.480000      0.715205      0.715205      1.430410
      2.500000      1.121459      1.121459      2.242918
      2.520000      1.643817      1.643817      3.287633
      2.540000      2.257639      2.257639      4.515279
      2.560000      2.915882      2.915882      5.831764
      2.580000      3.557971      3.557971      7.115942
      2.600000      4.124010      4.124010      8.248021
      2.620000      4.568216      4.568216      9.136432
      2.640000      4.866010      4.866010      9.732021
      2.660000      5.013335      5.013335     10.026670
      2.680000      5.021506      5.021506     10.043012
      2.700000      4.912912      4.912912      9.825823
      2.720000      4.720777      4.720777      9.441554
      2.740000      4.492156      4.492156      8.984312
      2.760000      4.290573      4.290573      8.581145
      2.780000      4.195076      4.195076      8.390152
      2.800000      4.294721      4.294721      8.589442
      2.820000      4.679102      4.679102      9.358203
      2.840000      5.425101      5.425101     10.850202
      2.860000      6.578683      6.578683     13.157365
      2.880000      8.131155      8.131155     16.262310
      2.900000      9.993925      9.993925     19.987850
      2.920000     11.982932     11.982932     23.965863
      2.940000     13.828537     13.828537     27.657075
      2.960000     15.222335     15.222335     30.444671
      2.980000     15.897051     15.897051     31.794102
      3.000000     15.715515     15.715515     31.431030
      3.020000     14.732083     14.732083     29.464165
      3.040000     13.195389     13.195389     26.390778
      3.060000     11.484588     11.484588     22.969177
      3.080000      9.999852      9.999852     19.999703
      3.100000      9.046219      9.046219     18.092437
      3.120000      8.750121      8.750121     17.500243
      3.140000      9.033651      9.033651     18.067302
      3.160000      9.651824      9.651824     19.303648
      3.180000     10.279238     10.279238     20.558475
      3.200000     10.617409     10.617409     21.234817
      3.220000     10.486087     10.486087     20.972174
      3.240000      9.866171      9.866171     19.732342
      3.260000      8.880790      8.880790     17.761580
      3.280000      7.727958      7.727958     15.455916
      3.300000      6.598778      6.598778     13.197557
      3.320000      5.617649      5.617649     11.235299
      3.340000      4.824846      4.824846      9.649692
      3.360000      4.198250      4.198250      8.396500
      3.380000      3.693718      3.693718      7.387436
      3.400000      3.280161      3.280161      6.560321
      3.420000      2.954025      2.954025      5.908050
      3.440000      2.731386      2.731386      5.462772
      3.460000      2.626915      2.626915      5.253830
      3.480000      2.633592      2.633592      5.267184
      3.500000      2.714554      2.714554      5.429108
      3.520000      2.811129      2.811129      5.622258
      3.540000      2.862589      2.862589      5.725178
      3.560000      2.827600      2.827600      5.655199
      3.580000      2.697243      2.697243      5.394486
      3.600000      2.494592      2.494592      4.989184
      3.620000      2.262794      2.262794      4.525588
      3.640000      2.048549      2.048549      4.097098
      3.660000      1.888317      1.888317      3.776634
      3.680000      1.801295      1.801295      3.602589
      3.700000      1.788899      1.788899      3.577797
      3.720000      1.837919      1.837919      3.675837
      3.740000      1.924567      1.924567      3.849134
      3.760000      2.018428      2.018428      4.036857
      3.780000      2.087021      2.087021      4.174043
      3.800000      2.101994      2.101994      4.203988
      3.820000      2.046807      2.046807      4.093615
      3.840000      1.923994      1.923994      3.847989
      3.860000      1.759020      1.759020      3.518041
      3.880000      1.598227      1.598227      3.196454
      3.900000      1.500192      1.500192      3.000384
      3.920000      1.522334      1.522334      3.044669
      3.940000      1.706702      1.706702      3.413403
      3.960000      2.069885      2.069885      4.139771
      3.980000      2.601199      2.601199      5.202399
      4.000000      3.270301      3.270301      6.540603
      4.020000      4.040731      4.040731      8.081461
      4.040000      4.881553      4.881553      9.763106
      4.060000      5.768808      5.768808     11.537616
      4.080000      6.673994      6.673994     13.347989
      4.100000      7.546448      7.546448     15.092896
      4.120000      8.303815      8.303815     16.607631
      4.140000      8.843146      8.843146     17.686293
      4.160000      9.073493      9.073493     18.146987
      4.180000      8.956316      8.956316     17.912633
      4.200000      8.532890      8.532890     17.065781
      4.220000      7.923429      7.923429     15.846859
      4.240000      7.296614      7.296614     14.593228
      4.260000      6.821096      6.821096     13.642192
      4.280000      6.615855      6.615855     13.231710
      4.300000      6.714582      6.714582     13.429164
      4.320000      7.054716      7.054716     14.109432
      4.340000      7.496100      7.496100     14.992200
      4.360000      7.865926      7.865926     15.731852
      4.380000      8.015686      8.015686     16.031373
      4.400000      7.867680      7.867680     15.735360
      4.420000      7.430941      7.430941     14.861881
      4.440000      6.781112      6.781112     13.562225
      4.460000      6.017894      6.017894     12.035788
      4.480000      5.224454      5.224454     10.448908
      4.500000      4.448575      4.448575      8.897151
      4.520000      3.709626      3.709626      7.419253
      4.540000      3.020522      3.020522      6.041044
      4.560000      2.409021      2.409021      4.818042
      4.580000      1.928338      1.928338      3.856675
      4.600000      1.655890      1.655890      3.311781
      4.620000      1.683538      1.683538      3.367077
      4.640000      2.101038      2.101038      4.202076
      4.660000      2.971356      2.971356      5.942713
      4.680000      4.298210      4.298210      8.596420
      4.700000      5.994509      5.994509     11.989019
      4.720000      7.869676      7.869676     15.739352
      4.740000      9.654136      9.654136     19.308271
      4.760000     11.064736     11.064736     22.129473
      4.780000     11.890725     11.890725     23.781450
      4.800000     12.061762     12.061762     24.123524
      4.820000     11.662521     11.662521     23.325041
      4.840000     10.884524     10.884524     21.769047
      4.860000      9.939812      9.939812     19.879624
      4.880000      8.980855      8.980855     17.961711
      4.900000      8.064326      8.064326     16.128651
      4.920000      7.168833      7.168833     14.337666
      4.940000      6.247311      6.247311     12.494621
      4.960000      5.280977      5.280977     10.561953
      4.980000      4.308734      4.308734      8.617469
      5.000000      3.424934      3.424934      6.849869
      5.020000      2.755525      2.755525      5.511049
      5.040000      2.428225      2.428225      4.856449
      5.060000      2.546490      2.546490      5.092980
      5.080000      3.167518      3.167518      6.335035
      5.100000      4.280354      4.280354      8.560709
      5.120000      5.784979      5.784979     11.569958
      5.140000      7.482829      7.482829     14.965658
      5.160000      9.094480      9.094480     18.188961
      5.180000     10.313525     10.313525     20.627050
      5.200000     10.887808     10.887808     21.775617
      5.220000     10.700190     10.700190     21.400379
      5.240000      9.814355      9.814355     19.628711
      5.260000      8.463585      8.463585     16.927170
      5.280000      6.985511      6.985511     13.971022
      5.300000      5.728629      5.728629     11.457258
      5.320000      4.963902      4.963902      9.927805
      5.340000      4.826418      4.826418      9.652835
      5.360000      5.297079      5.297079     10.594159
      5.380000      6.222857      6.222857     12.445713
      5.400000      7.368146      7.368146     14.736291
      5.420000      8.484858      8.484858     16.969715
      5.440000      9.381877      9.381877     18.763755
      5.460000      9.969985      9.969985     19.939971
      5.480000     10.264150     10.264150     20.528299
      5.500000     10.343236     10.343236     20.686473
      5.520000     10.288859     10.288859     20.577717
      5.540000     10.136010     10.136010     20.272021
      5.560000      9.860358      9.860358     19.720716
      5.580000      9.405322      9.405322     18.810644
      5.600000      8.730311      8.730311     17.460623
      5.620000      7.852225      7.852225     15.704450
      5.640000      6.858876      6.858876     13.717752
      5.660000      5.889123      5.889123     11.778247
      5.680000      5.090292      5.090292     10.180584
      5.700000      4.571862      4.571862      9.143724
      5.720000      4.373607      4.373607      8.747213
      5.740000      4.458905      4.458905      8.917809
      5.760000      4.733929      4.733929      9.467857
      5.780000      5.084384      5.084384     10.168768
      5.800000      5.415789      5.415789     10.831578
      5.820000      5.682150      5.682150     11.364301
      5.840000      5.891707      5.891707     11.783414
      5.860000      6.086822      6.086822     12.173644
      5.880000      6.306169      6.306169     12.612338
      5.900000      6.546968      6.546968     13.093935
      5.920000      6.747614      6.747614     13.495228
      5.940000      6.803027      6.803027     13.606054
      5.960000      6.608509      6.608509     13.217017
      5.980000      6.111796      6.111796     12.223593
      6.000000      5.347680      5.347680     10.695360
      6.020000      4.439206      4.439206      8.878412
      6.040000      3.567659      3.567659      7.135317
      6.060000      2.927701      2.927701      5.855402
      6.080000      2.685509      2.685509      5.371018
      6.100000      2.948255      2.948255      5.896509
      6.120000      3.743059      3.743059      7.486118
      6.140000      5.001878      5.001878     10.003757
      6.160000      6.556091      6.556091     13.112182
      6.180000      8.152136      8.152136     16.304273
      6.200000      9.497370      9.497370     18.994740
      6.220000     10.331151     10.331151     20.662303
      6.240000     10.498850     10.498850     20.997700
      6.260000      9.999073      9.999073     19.998146
      6.280000      8.983780      8.983780     17.967559
      6.300000      7.711593      7.711593     15.423185
      6.320000      6.473373      6.473373     12.946747
      6.340000      5.515874      5.515874     11.031748
      6.360000      4.984044      4.984044      9.968088
      6.380000      4.892951      4.892951      9.785903
      6.400000      5.132970      5.132970     10.265939
      6.420000      5.506968      5.506968     11.013936
      6.440000      5.791923      5.791923     11.583846
      6.460000      5.808525      5.808525     11.617049
      6.480000      5.476138      5.476138     10.952276
      6.500000      4.833847      4.833847      9.667695
      6.520000      4.022431      4.022431      8.044862
      6.540000      3.239280      3.239280      6.478559
      6.560000      2.687351      2.687351      5.374702
      6.580000      2.534796      2.534796      5.069592
      6.600000      2.888973      2.888973      5.777946
      6.620000      3.778400      3.778400      7.556800
      6.640000      5.137081      5.137081     10.274162
      6.660000      6.796016      6.796016     13.592032
      6.680000      8.496372      8.496372     16.992745
      6.700000      9.936821      9.936821     19.873643
      6.720000     10.851350     10.851350     21.702701
      6.740000     11.092532     11.092532     22.185065
      6.760000     10.683766     10.683766     21.367531
      6.780000      9.812455      9.812455     19.624911
      6.800000      8.761808      8.761808     17.523615
      6.820000      7.807868      7.807868     15.615736
      6.840000      7.124749      7.124749     14.249498
      6.860000      6.736502      6.736502     13.473004
      6.880000      6.532021      6.532021     13.064042
      6.900000      6.331167      6.331167     12.662333
      6.920000      5.969316      5.969316     11.938633
      6.940000      5.362986      5.362986     10.725972
      6.960000      4.532204      4.532204      9.064407
      6.980000      3.578237      3.578237      7.156474
      7.000000      2.635679      2.635679      5.271357
      7.020000      1.825608      1.825608      3.651215
      7.040000      1.229690      1.229690      2.459381
      7.060000      0.889990      0.889990      1.779980
      7.080000      0.825419      0.825419      1.650839
      7.100000      1.049596      1.049596      2.099193
      7.120000      1.577343      1.577343      3.154686
      7.140000      2.415248      2.415248      4.830497
      7.160000      3.541363      3.541363      7.082725
      7.180000      4.885941      4.885941      9.771882
      7.200000      6.325964      6.325964     12.651927
      7.220000      7.699959      7.699959     15.399918
      7.240000      8.839524      8.839524     17.679048
      7.260000      9.605875      9.605875     19.211751
      7.280000      9.918636      9.918636     19.837271
      7.300000      9.769534      9.769534     19.539068
      7.320000      9.220633      9.220633     18.441266
      7.340000      8.390290      8.390290     16.780580
      7.360000      7.429983      7.429983     14.859967
      7.380000      6.494793      6.494793     12.989587
      7.400000      5.712194      5.712194     11.424388
      7.420000      5.156505      5.156505     10.313010
      7.440000      4.836607      4.836607      9.673215
      7.460000      4.700935      4.700935      9.401870
      7.480000      4.658121      4.658121      9.316243
      7.500000      4.607040      4.607040      9.214079
      7.520000      4.467988      4.467988      8.935976
      7.540000      4.207319      4.207319      8.414638
      7.560000      3.849976      3.849976      7.699953
      7.580000      3.477410      3.477410      6.954819
      7.600000      3.211434      3.211434      6.422867
      7.620000      3.187074      3.187074      6.374147
      7.640000      3.518868      3.518868      7.037737
      7.660000      4.266066      4.266066      8.532132
      7.680000      5.403590      5.403590     10.807181
      7.700000      6.807594      6.807594     13.615188
      7.720000      8.264798      8.264798     16.529596
      7.740000      9.510649      9.510649     19.021299
      7.760000     10.291442     10.291442     20.582885
      7.780000     10.433307     10.433307     20.866614
      7.800000      9.893528      9.893528     19.787056
      7.820000      8.773399      8.773399     17.546798
      7.840000      7.286875      7.286875     14.573750
      7.860000      5.698192      5.698192     11.396384
      7.880000      4.253585      4.253585      8.507170
      7.900000      3.131069      3.131069      6.262138
      7.920000      2.420063      2.420063      4.840127
      7.940000      2.128104      2.128104      4.256209
      7.960000      2.203197      2.203197      4.406394
      7.980000      2.560142      2.560142      5.120284
      8.000000      3.104212      3.104212      6.208425
      8.020000      3.750497      3.750497      7.500994
      8.040000      4.438841      4.438841      8.877683
      8.060000      5.143173      5.143173     10.286346
      8.080000      5.872679      5.872679     11.745358
      8.100000      6.663086      6.663086     13.326171
      8.120000      7.559373      7.559373     15.118747
      8.140000      8.594966      8.594966     17.189932
      8.160000      9.774567      9.774567     19.549133
      8.180000     11.066701     11.066701     22.133402
      8.200000     12.407605     12.407605     24.815210
      8.220000     13.712261     13.712261     27.424522
      8.240000     14.884969     14.884969     29.769939
      8.260000     15.824102     15.824102     31.648205
      8.280000     16.423168     16.423168     32.846335
      8.300000     16.577248     16.577248     33.154496
      8.320000     16.203115     16.203115     32.406229
      8.340000     15.271137     15.271137     30.542274
      8.360000     13.834444     13.834444     27.668888
      8.380000     12.036460     12.036460     24.072921
      8.400000     10.087035     10.087035     20.174070
      8.420000      8.214386      8.214386     16.428771
      8.440000      6.613147      6.613147     13.226294
      8.460000      5.409462      5.409462     10.818923
      8.480000      4.653241      4.653241      9.306481
      8.500000      4.333672      4.333672      8.667344
      8.520000      4.405202      4.405202      8.810403
      8.540000      4.810785      4.810785      9.621571
      8.560000      5.494699      5.494699     10.989397
      8.580000      6.403891      6.403891     12.807782
      8.600000      7.481413      7.481413     14.962826
      8.620000      8.657275      8.657275     17.314550
      8.640000      9.842473      9.842473     19.684946
      8.660000     10.931606     10.931606     21.863213
      8.680000     11.817690     11.817690     23.635380
      8.700000     12.417953     12.417953     24.835907
      8.720000     12.702277     12.702277     25.404554
      8.740000     12.710453     12.710453     25.420905
      8.760000     12.545833     12.545833     25.091667
      8.780000     12.342944     12.342944     24.685888
      8.800000     12.220598     12.220598     24.441195
      8.820000     12.241366     12.241366     24.482732
      8.840000     12.396112     12.396112     24.792224
      8.860000     12.619413     12.619413     25.238826
      8.880000     12.825776     12.825776     25.651552
      8.900000     12.947233     12.947233     25.894465
      8.920000     12.954830     12.954830     25.909660
      8.940000     12.857002     12.857002     25.714003
      8.960000     12.679578     12.679578     25.359155
      8.980000     12.439452     12.439452     24.878904
      9.000000     12.125023     12.125023     24.250045
      9.020000     11.693095     11.693095     23.386190
      9.040000     11.085575     11.085575     22.171150
      9.060000     10.261064     10.261064     20.522127
      9.080000      9.228555      9.228555     18.457111
      9.100000      8.067023      8.067023     16.134046
      9.120000      6.918943      6.918943     13.837887
      9.140000      5.956956      5.956956     11.913911
      9.160000      5.335196      5.335196     10.670393
      9.180000      5.144129      5.144129     10.288257
      9.200000      5.386523      5.386523     10.773046
      9.220000      5.983665      5.983665     11.967331
      9.240000      6.808445      6.808445     13.616890
      9.260000      7.730666      7.730666     15.461331
      9.280000      8.654847      8.654847     17.309694
      9.300000      9.535304      9.535304     19.070609
      9.320000     10.365744     10.365744     20.731489
      9.340000     11.153629     11.153629     22.307257
      9.360000     11.894765     11.894765     23.789529
      9.380000     12.558601     12.558601     25.117202
      9.400000     13.085619     13.085619     26.171237
      9.420000     13.393639     13.393639     26.787278
      9.440000     13.392209     13.392209     26.784419
      9.460000     13.007413     13.007413     26.014825
      9.480000     12.216045     12.216045     24.432090
      9.500000     11.078254     11.078254     22.156509
      9.520000      9.750231      9.750231     19.500461
      9.540000      8.462348      8.462348     16.924695
      9.560000      7.463574      7.463574     14.927148
      9.580000      6.950749      6.950749     13.901498
      9.600000      7.010229      7.010229     14.020457
      9.620000      7.594579      7.594579     15.189158
      9.640000      8.541864      8.541864     17.083727
      9.660000      9.627807      9.627807     19.255613
      9.680000     10.629392     10.629392     21.258784
      9.700000     11.376636     11.376636     22.753272
      9.720000     11.777485     11.777485     23.554970
      9.740000     11.814670     11.814670     23.629341
      9.760000     11.525729     11.525729     23.051459
      9.780000     10.981758     10.981758     21.963515
      9.800000     10.275250     10.275250     20.550500
      9.820000      9.517122      9.517122     19.034244
      9.840000      8.834965      8.834965     17.669931
      9.860000      8.363592      8.363592     16.727184
      9.880000      8.224474      8.224474     16.448948
      9.900000      8.498364      8.498364     16.996728
      9.920000      9.200517      9.200517     18.401034
      9.940000     10.268429     10.268429     20.536857
      9.960000     11.568519     11.568519     23.137037
      9.980000     12.922569     12.922569     25.845139
     10.000000     14.148482     14.148482     28.296965
