# EIG2DOS: Utility for SIESTA to obtain the electronic density of states
#  E. Artacho, Apr 1999, A. Garcia, Apr 2012
# ------------------------------------------
# Eigenvalues read from GRP_doping.EIG
# Using smearing parameter:   0.100
# Using   1001 points in energy range
# Selected bands: 1 to: 936
# Emin, emax in file for selected band(s):    -38.2341900    244.1962200
# Nbands, Nspin, Nk   =    936     1   231
# E_F                 =    -5.1551 eV --> (shifted to ZERO)
# Broadening          =     0.1000 eV
#
#        E            N(up)  (=)   N(down)         Ntot
    -10.000000      6.816742      6.816742     13.633485
     -9.980000      6.781125      6.781125     13.562251
     -9.960000      6.654302      6.654302     13.308603
     -9.940000      6.390629      6.390629     12.781258
     -9.920000      6.007324      6.007324     12.014649
     -9.900000      5.593038      5.593038     11.186076
     -9.880000      5.272887      5.272887     10.545773
     -9.860000      5.148102      5.148102     10.296203
     -9.840000      5.242179      5.242179     10.484357
     -9.820000      5.481577      5.481577     10.963154
     -9.800000      5.721178      5.721178     11.442355
     -9.780000      5.802913      5.802913     11.605825
     -9.760000      5.621064      5.621064     11.242129
     -9.740000      5.166249      5.166249     10.332498
     -9.720000      4.531503      4.531503      9.063007
     -9.700000      3.881223      3.881223      7.762445
     -9.680000      3.397726      3.397726      6.795451
     -9.660000      3.225283      3.225283      6.450565
     -9.640000      3.428236      3.428236      6.856471
     -9.620000      3.973388      3.973388      7.946777
     -9.600000      4.740803      4.740803      9.481606
     -9.580000      5.561073      5.561073     11.122147
     -9.560000      6.269064      6.269064     12.538129
     -9.540000      6.755433      6.755433     13.510865
     -9.520000      6.994360      6.994360     13.988720
     -9.500000      7.034543      7.034543     14.069086
     -9.480000      6.958818      6.958818     13.917636
     -9.460000      6.835352      6.835352     13.670704
     -9.440000      6.688047      6.688047     13.376095
     -9.420000      6.501878      6.501878     13.003755
     -9.400000      6.257664      6.257664     12.515328
     -9.380000      5.973620      5.973620     11.947240
     -9.360000      5.727380      5.727380     11.454761
     -9.340000      5.642937      5.642937     11.285875
     -9.320000      5.845086      5.845086     11.690172
     -9.300000      6.400408      6.400408     12.800817
     -9.280000      7.271537      7.271537     14.543074
     -9.260000      8.307411      8.307411     16.614823
     -9.240000      9.277894      9.277894     18.555787
     -9.220000      9.941919      9.941919     19.883838
     -9.200000     10.122993     10.122993     20.245985
     -9.180000      9.762335      9.762335     19.524670
     -9.160000      8.930794      8.930794     17.861589
     -9.140000      7.799857      7.799857     15.599714
     -9.120000      6.588760      6.588760     13.177520
     -9.100000      5.510312      5.510312     11.020624
     -9.080000      4.732001      4.732001      9.464002
     -9.060000      4.357645      4.357645      8.715290
     -9.040000      4.425410      4.425410      8.850820
     -9.020000      4.913909      4.913909      9.827818
     -9.000000      5.748942      5.748942     11.497885
     -8.980000      6.807725      6.807725     13.615451
     -8.960000      7.923622      7.923622     15.847244
     -8.940000      8.899341      8.899341     17.798682
     -8.920000      9.535993      9.535993     19.071987
     -8.900000      9.677029      9.677029     19.354058
     -8.880000      9.253838      9.253838     18.507677
     -8.860000      8.312632      8.312632     16.625264
     -8.840000      7.007407      7.007407     14.014814
     -8.820000      5.559659      5.559659     11.119317
     -8.800000      4.201807      4.201807      8.403615
     -8.780000      3.127016      3.127016      6.254032
     -8.760000      2.460362      2.460362      4.920725
     -8.740000      2.252082      2.252082      4.504164
     -8.720000      2.483560      2.483560      4.967120
     -8.700000      3.076925      3.076925      6.153850
     -8.680000      3.906899      3.906899      7.813798
     -8.660000      4.820493      4.820493      9.640986
     -8.640000      5.668793      5.668793     11.337586
     -8.620000      6.345218      6.345218     12.690437
     -8.600000      6.813913      6.813913     13.627825
     -8.580000      7.110708      7.110708     14.221416
     -8.560000      7.311508      7.311508     14.623016
     -8.540000      7.482464      7.482464     14.964929
     -8.520000      7.639244      7.639244     15.278488
     -8.500000      7.738512      7.738512     15.477024
     -8.480000      7.705248      7.705248     15.410496
     -8.460000      7.477870      7.477870     14.955739
     -8.440000      7.044187      7.044187     14.088374
     -8.420000      6.449885      6.449885     12.899770
     -8.400000      5.779659      5.779659     11.559319
     -8.380000      5.125870      5.125870     10.251740
     -8.360000      4.562261      4.562261      9.124522
     -8.340000      4.132467      4.132467      8.264934
     -8.320000      3.852515      3.852515      7.705030
     -8.300000      3.720303      3.720303      7.440606
     -8.280000      3.724867      3.724867      7.449733
     -8.260000      3.851588      3.851588      7.703175
     -8.240000      4.083007      4.083007      8.166013
     -8.220000      4.396773      4.396773      8.793545
     -8.200000      4.762572      4.762572      9.525143
     -8.180000      5.139580      5.139580     10.279161
     -8.160000      5.475893      5.475893     10.951786
     -8.140000      5.711521      5.711521     11.423042
     -8.120000      5.786359      5.786359     11.572717
     -8.100000      5.653057      5.653057     11.306113
     -8.080000      5.292017      5.292017     10.584033
     -8.060000      4.723038      4.723038      9.446076
     -8.040000      4.007726      4.007726      8.015452
     -8.020000      3.239814      3.239814      6.479628
     -8.000000      2.525839      2.525839      5.051678
     -7.980000      1.963006      1.963006      3.926012
     -7.960000      1.621781      1.621781      3.243561
     -7.940000      1.537684      1.537684      3.075369
     -7.920000      1.712268      1.712268      3.424536
     -7.900000      2.120080      2.120080      4.240159
     -7.880000      2.717685      2.717685      5.435370
     -7.860000      3.451751      3.451751      6.903502
     -7.840000      4.264792      4.264792      8.529583
     -7.820000      5.098969      5.098969     10.197938
     -7.800000      5.899902      5.899902     11.799804
     -7.780000      6.622625      6.622625     13.245250
     -7.760000      7.239433      7.239433     14.478866
     -7.740000      7.745198      7.745198     15.490397
     -7.720000      8.153486      8.153486     16.306972
     -7.700000      8.480397      8.480397     16.960794
     -7.680000      8.722108      8.722108     17.444216
     -7.660000      8.840229      8.840229     17.680458
     -7.640000      8.768347      8.768347     17.536693
     -7.620000      8.441408      8.441408     16.882817
     -7.600000      7.834044      7.834044     15.668089
     -7.580000      6.986260      6.986260     13.972521
     -7.560000      6.001485      6.001485     12.002970
     -7.540000      5.018317      5.018317     10.036634
     -7.520000      4.171789      4.171789      8.343577
     -7.500000      3.563110      3.563110      7.126221
     -7.480000      3.248200      3.248200      6.496400
     -7.460000      3.242373      3.242373      6.484746
     -7.440000      3.530276      3.530276      7.060552
     -7.420000      4.070952      4.070952      8.141903
     -7.400000      4.795972      4.795972      9.591943
     -7.380000      5.607805      5.607805     11.215610
     -7.360000      6.389167      6.389167     12.778334
     -7.340000      7.028411      7.028411     14.056822
     -7.320000      7.453720      7.453720     14.907440
     -7.300000      7.658487      7.658487     15.316974
     -7.280000      7.700996      7.700996     15.401992
     -7.260000      7.675176      7.675176     15.350352
     -7.240000      7.667264      7.667264     15.334528
     -7.220000      7.722114      7.722114     15.444228
     -7.200000      7.835523      7.835523     15.671045
     -7.180000      7.970770      7.970770     15.941540
     -7.160000      8.082838      8.082838     16.165675
     -7.140000      8.133209      8.133209     16.266418
     -7.120000      8.090564      8.090564     16.181127
     -7.100000      7.926320      7.926320     15.852639
     -7.080000      7.617251      7.617251     15.234502
     -7.060000      7.158527      7.158527     14.317054
     -7.040000      6.578269      6.578269     13.156538
     -7.020000      5.940293      5.940293     11.880587
     -7.000000      5.328919      5.328919     10.657837
     -6.980000      4.822283      4.822283      9.644565
     -6.960000      4.468253      4.468253      8.936505
     -6.940000      4.274292      4.274292      8.548584
     -6.920000      4.213000      4.213000      8.425999
     -6.900000      4.236708      4.236708      8.473415
     -6.880000      4.293179      4.293179      8.586358
     -6.860000      4.338934      4.338934      8.677868
     -6.840000      4.351226      4.351226      8.702452
     -6.820000      4.339441      4.339441      8.678881
     -6.800000      4.352232      4.352232      8.704465
     -6.780000      4.473077      4.473077      8.946153
     -6.760000      4.799084      4.799084      9.598168
     -6.740000      5.406185      5.406185     10.812370
     -6.720000      6.313070      6.313070     12.626140
     -6.700000      7.459726      7.459726     14.919452
     -6.680000      8.710969      8.710969     17.421939
     -6.660000      9.884196      9.884196     19.768391
     -6.640000     10.790841     10.790841     21.581681
     -6.620000     11.277976     11.277976     22.555952
     -6.600000     11.259671     11.259671     22.519343
     -6.580000     10.732820     10.732820     21.465639
     -6.560000      9.775524      9.775524     19.551049
     -6.540000      8.528391      8.528391     17.056782
     -6.520000      7.162512      7.162512     14.325024
     -6.500000      5.842688      5.842688     11.685377
     -6.480000      4.697303      4.697303      9.394606
     -6.460000      3.803907      3.803907      7.607815
     -6.440000      3.192405      3.192405      6.384810
     -6.420000      2.859820      2.859820      5.719640
     -6.400000      2.786625      2.786625      5.573249
     -6.380000      2.946240      2.946240      5.892480
     -6.360000      3.304959      3.304959      6.609918
     -6.340000      3.815706      3.815706      7.631413
     -6.320000      4.412580      4.412580      8.825161
     -6.300000      5.012416      5.012416     10.024832
     -6.280000      5.525318      5.525318     11.050636
     -6.260000      5.870823      5.870823     11.741645
     -6.240000      5.993329      5.993329     11.986659
     -6.220000      5.871451      5.871451     11.742903
     -6.200000      5.519900      5.519900     11.039800
     -6.180000      4.986241      4.986241      9.972481
     -6.160000      4.345689      4.345689      8.691377
     -6.140000      3.694918      3.694918      7.389836
     -6.120000      3.142970      3.142970      6.285940
     -6.100000      2.796403      2.796403      5.592806
     -6.080000      2.737933      2.737933      5.475867
     -6.060000      3.002207      3.002207      6.004413
     -6.040000      3.557007      3.557007      7.114014
     -6.020000      4.300521      4.300521      8.601042
     -6.000000      5.082451      5.082451     10.164902
     -5.980000      5.747754      5.747754     11.495507
     -5.960000      6.189455      6.189455     12.378909
     -5.940000      6.388503      6.388503     12.777005
     -5.920000      6.421157      6.421157     12.842315
     -5.900000      6.429083      6.429083     12.858167
     -5.880000      6.566373      6.566373     13.132747
     -5.860000      6.949013      6.949013     13.898025
     -5.840000      7.628232      7.628232     15.256465
     -5.820000      8.592876      8.592876     17.185752
     -5.800000      9.788939      9.788939     19.577878
     -5.780000     11.138140     11.138140     22.276279
     -5.760000     12.544518     12.544518     25.089036
     -5.740000     13.891590     13.891590     27.783180
     -5.720000     15.041946     15.041946     30.083891
     -5.700000     15.850233     15.850233     31.700466
     -5.680000     16.191143     16.191143     32.382286
     -5.660000     15.993404     15.993404     31.986807
     -5.640000     15.265583     15.265583     30.531166
     -5.620000     14.101986     14.101986     28.203972
     -5.600000     12.665006     12.665006     25.330011
     -5.580000     11.149553     11.149553     22.299106
     -5.560000      9.741568      9.741568     19.483137
     -5.540000      8.583835      8.583835     17.167669
     -5.520000      7.758496      7.758496     15.516992
     -5.500000      7.288694      7.288694     14.577388
     -5.480000      7.154529      7.154529     14.309058
     -5.460000      7.313973      7.313973     14.627947
     -5.440000      7.719255      7.719255     15.438510
     -5.420000      8.323290      8.323290     16.646581
     -5.400000      9.076388      9.076388     18.152777
     -5.380000      9.917565      9.917565     19.835129
     -5.360000     10.765940     10.765940     21.531879
     -5.340000     11.517221     11.517221     23.034442
     -5.320000     12.049836     12.049836     24.099672
     -5.300000     12.244275     12.244275     24.488551
     -5.280000     12.014910     12.014910     24.029819
     -5.260000     11.345401     11.345401     22.690802
     -5.240000     10.311489     10.311489     20.622977
     -5.220000      9.075654      9.075654     18.151309
     -5.200000      7.849788      7.849788     15.699577
     -5.180000      6.838554      6.838554     13.677108
     -5.160000      6.186770      6.186770     12.373540
     -5.140000      5.951580      5.951580     11.903160
     -5.120000      6.106499      6.106499     12.212998
     -5.100000      6.568753      6.568753     13.137506
     -5.080000      7.232646      7.232646     14.465293
     -5.060000      7.993580      7.993580     15.987160
     -5.040000      8.757065      8.757065     17.514131
     -5.020000      9.438375      9.438375     18.876751
     -5.000000      9.964842      9.964842     19.929684
     -4.980000     10.289990     10.289990     20.579980
     -4.960000     10.417212     10.417212     20.834424
     -4.940000     10.417187     10.417187     20.834375
     -4.920000     10.418069     10.418069     20.836138
     -4.900000     10.558201     10.558201     21.116402
     -4.880000     10.914869     10.914869     21.829738
     -4.860000     11.445021     11.445021     22.890043
     -4.840000     11.977367     11.977367     23.954734
     -4.820000     12.272460     12.272460     24.544919
     -4.800000     12.129081     12.129081     24.258163
     -4.780000     11.485170     11.485170     22.970340
     -4.760000     10.460117     10.460117     20.920234
     -4.740000      9.314845      9.314845     18.629689
     -4.720000      8.348873      8.348873     16.697747
     -4.700000      7.784356      7.784356     15.568712
     -4.680000      7.689713      7.689713     15.379427
     -4.660000      7.971931      7.971931     15.943862
     -4.640000      8.432264      8.432264     16.864528
     -4.620000      8.853320      8.853320     17.706641
     -4.600000      9.077518      9.077518     18.155036
     -4.580000      9.048203      9.048203     18.096406
     -4.560000      8.806421      8.806421     17.612842
     -4.540000      8.455889      8.455889     16.911779
     -4.520000      8.117041      8.117041     16.234081
     -4.500000      7.887481      7.887481     15.774961
     -4.480000      7.817519      7.817519     15.635037
     -4.460000      7.902927      7.902927     15.805853
     -4.440000      8.094388      8.094388     16.188776
     -4.420000      8.320476      8.320476     16.640952
     -4.400000      8.515862      8.515862     17.031724
     -4.380000      8.642122      8.642122     17.284244
     -4.360000      8.691440      8.691440     17.382881
     -4.340000      8.674744      8.674744     17.349488
     -4.320000      8.607335      8.607335     17.214670
     -4.300000      8.506069      8.506069     17.012137
     -4.280000      8.400228      8.400228     16.800456
     -4.260000      8.343584      8.343584     16.687168
     -4.240000      8.411382      8.411382     16.822765
     -4.220000      8.677269      8.677269     17.354537
     -4.200000      9.181576      9.181576     18.363152
     -4.180000      9.909495      9.909495     19.818990
     -4.160000     10.790040     10.790040     21.580080
     -4.140000     11.712476     11.712476     23.424952
     -4.120000     12.548748     12.548748     25.097497
     -4.100000     13.173520     13.173520     26.347040
     -4.080000     13.481390     13.481390     26.962780
     -4.060000     13.404007     13.404007     26.808013
     -4.040000     12.925525     12.925525     25.851049
     -4.020000     12.089393     12.089393     24.178786
     -4.000000     10.990470     10.990470     21.980940
     -3.980000      9.754284      9.754284     19.508568
     -3.960000      8.513007      8.513007     17.026014
     -3.940000      7.388263      7.388263     14.776525
     -3.920000      6.483782      6.483782     12.967565
     -3.900000      5.882443      5.882443     11.764886
     -3.880000      5.639371      5.639371     11.278742
     -3.860000      5.767868      5.767868     11.535736
     -3.840000      6.224068      6.224068     12.448136
     -3.820000      6.902613      6.902613     13.805226
     -3.800000      7.653783      7.653783     15.307566
     -3.780000      8.322058      8.322058     16.644117
     -3.760000      8.792605      8.792605     17.585209
     -3.740000      9.024631      9.024631     18.049262
     -3.720000      9.055381      9.055381     18.110761
     -3.700000      8.973932      8.973932     17.947864
     -3.680000      8.880103      8.880103     17.760207
     -3.660000      8.849406      8.849406     17.698813
     -3.640000      8.916957      8.916957     17.833914
     -3.620000      9.078958      9.078958     18.157916
     -3.600000      9.301589      9.301589     18.603178
     -3.580000      9.529438      9.529438     19.058876
     -3.560000      9.693954      9.693954     19.387907
     -3.540000      9.726915      9.726915     19.453831
     -3.520000      9.579687      9.579687     19.159373
     -3.500000      9.240740      9.240740     18.481479
     -3.480000      8.740741      8.740741     17.481481
     -3.460000      8.140630      8.140630     16.281261
     -3.440000      7.509048      7.509048     15.018095
     -3.420000      6.902105      6.902105     13.804209
     -3.400000      6.355731      6.355731     12.711462
     -3.380000      5.891251      5.891251     11.782501
     -3.360000      5.526111      5.526111     11.052222
     -3.340000      5.279805      5.279805     10.559610
     -3.320000      5.170297      5.170297     10.340595
     -3.300000      5.204007      5.204007     10.408015
     -3.280000      5.367144      5.367144     10.734288
     -3.260000      5.625257      5.625257     11.250514
     -3.240000      5.932450      5.932450     11.864900
     -3.220000      6.245405      6.245405     12.490810
     -3.200000      6.533988      6.533988     13.067976
     -3.180000      6.782149      6.782149     13.564297
     -3.160000      6.979473      6.979473     13.958945
     -3.140000      7.111146      7.111146     14.222291
     -3.120000      7.156627      7.156627     14.313255
     -3.100000      7.101680      7.101680     14.203360
     -3.080000      6.957184      6.957184     13.914369
     -3.060000      6.769477      6.769477     13.538953
     -3.040000      6.608714      6.608714     13.217427
     -3.020000      6.535101      6.535101     13.070202
     -3.000000      6.559746      6.559746     13.119492
     -2.980000      6.625162      6.625162     13.250324
     -2.960000      6.622467      6.622467     13.244933
     -2.940000      6.441519      6.441519     12.883039
     -2.920000      6.029720      6.029720     12.059440
     -2.900000      5.428667      5.428667     10.857335
     -2.880000      4.769733      4.769733      9.539466
     -2.860000      4.231817      4.231817      8.463634
     -2.840000      3.982867      3.982867      7.965733
     -2.820000      4.131162      4.131162      8.262324
     -2.800000      4.702995      4.702995      9.405991
     -2.780000      5.648225      5.648225     11.296449
     -2.760000      6.863367      6.863367     13.726734
     -2.740000      8.218200      8.218200     16.436400
     -2.720000      9.575675      9.575675     19.151350
     -2.700000     10.802329     10.802329     21.604657
     -2.680000     11.772867     11.772867     23.545735
     -2.660000     12.375249     12.375249     24.750498
     -2.640000     12.521086     12.521086     25.042172
     -2.620000     12.162017     12.162017     24.324034
     -2.600000     11.307994     11.307994     22.615988
     -2.580000     10.039991     10.039991     20.079982
     -2.560000      8.509091      8.509091     17.018183
     -2.540000      6.917276      6.917276     13.834551
     -2.520000      5.481835      5.481835     10.963671
     -2.500000      4.392148      4.392148      8.784295
     -2.480000      3.770862      3.770862      7.541725
     -2.460000      3.650003      3.650003      7.300005
     -2.440000      3.967872      3.967872      7.935744
     -2.420000      4.587653      4.587653      9.175306
     -2.400000      5.334009      5.334009     10.668019
     -2.380000      6.039014      6.039014     12.078028
     -2.360000      6.583892      6.583892     13.167784
     -2.340000      6.921735      6.921735     13.843470
     -2.320000      7.072279      7.072279     14.144557
     -2.300000      7.092329      7.092329     14.184657
     -2.280000      7.038021      7.038021     14.076042
     -2.260000      6.939377      6.939377     13.878754
     -2.240000      6.799839      6.799839     13.599678
     -2.220000      6.617951      6.617951     13.235902
     -2.200000      6.414774      6.414774     12.829549
     -2.180000      6.247354      6.247354     12.494708
     -2.160000      6.197327      6.197327     12.394653
     -2.140000      6.338944      6.338944     12.677889
     -2.120000      6.703344      6.703344     13.406689
     -2.100000      7.258950      7.258950     14.517900
     -2.080000      7.920064      7.920064     15.840128
     -2.060000      8.581420      8.581420     17.162841
     -2.040000      9.162992      9.162992     18.325983
     -2.020000      9.643347      9.643347     19.286694
     -2.000000     10.064487     10.064487     20.128973
     -1.980000     10.504641     10.504641     21.009283
     -1.960000     11.031803     11.031803     22.063607
     -1.940000     11.661284     11.661284     23.322568
     -1.920000     12.338852     12.338852     24.677704
     -1.900000     12.956963     12.956963     25.913927
     -1.880000     13.393198     13.393198     26.786396
     -1.860000     13.549012     13.549012     27.098023
     -1.840000     13.370611     13.370611     26.741221
     -1.820000     12.848683     12.848683     25.697367
     -1.800000     12.007875     12.007875     24.015750
     -1.780000     10.899392     10.899392     21.798785
     -1.760000      9.600740      9.600740     19.201480
     -1.740000      8.215360      8.215360     16.430719
     -1.720000      6.862625      6.862625     13.725250
     -1.700000      5.656803      5.656803     11.313605
     -1.680000      4.684077      4.684077      9.368154
     -1.660000      3.989945      3.989945      7.979891
     -1.640000      3.582688      3.582688      7.165376
     -1.620000      3.447894      3.447894      6.895788
     -1.600000      3.562618      3.562618      7.125236
     -1.580000      3.899992      3.899992      7.799983
     -1.560000      4.423903      4.423903      8.847807
     -1.540000      5.082120      5.082120     10.164241
     -1.520000      5.808505      5.808505     11.617009
     -1.500000      6.538706      6.538706     13.077413
     -1.480000      7.232783      7.232783     14.465566
     -1.460000      7.890401      7.890401     15.780803
     -1.440000      8.545970      8.545970     17.091941
     -1.420000      9.242325      9.242325     18.484650
     -1.400000      9.995496      9.995496     19.990992
     -1.380000     10.770330     10.770330     21.540660
     -1.360000     11.482181     11.482181     22.964362
     -1.340000     12.026249     12.026249     24.052499
     -1.320000     12.321507     12.321507     24.643013
     -1.300000     12.348654     12.348654     24.697309
     -1.280000     12.164662     12.164662     24.329324
     -1.260000     11.887889     11.887889     23.775778
     -1.240000     11.661521     11.661521     23.323041
     -1.220000     11.611934     11.611934     23.223869
     -1.200000     11.817983     11.817983     23.635966
     -1.180000     12.297880     12.297880     24.595761
     -1.160000     13.009321     13.009321     26.018642
     -1.140000     13.854346     13.854346     27.708693
     -1.120000     14.686465     14.686465     29.372930
     -1.100000     15.327093     15.327093     30.654187
     -1.080000     15.600266     15.600266     31.200532
     -1.060000     15.383389     15.383389     30.766778
     -1.040000     14.654992     14.654992     29.309985
     -1.020000     13.512846     13.512846     27.025692
     -1.000000     12.146674     12.146674     24.293347
     -0.980000     10.773515     10.773515     21.547030
     -0.960000      9.564495      9.564495     19.128990
     -0.940000      8.595527      8.595527     17.191055
     -0.920000      7.840328      7.840328     15.680655
     -0.900000      7.202470      7.202470     14.404941
     -0.880000      6.567117      6.567117     13.134233
     -0.860000      5.849031      5.849031     11.698062
     -0.840000      5.020190      5.020190     10.040379
     -0.820000      4.111810      4.111810      8.223621
     -0.800000      3.196335      3.196335      6.392671
     -0.780000      2.361246      2.361246      4.722492
     -0.760000      1.687297      1.687297      3.374595
     -0.740000      1.239343      1.239343      2.478686
     -0.720000      1.070453      1.070453      2.140906
     -0.700000      1.232721      1.232721      2.465442
     -0.680000      1.784024      1.784024      3.568049
     -0.660000      2.781025      2.781025      5.562051
     -0.640000      4.254969      4.254969      8.509937
     -0.620000      6.176239      6.176239     12.352478
     -0.600000      8.422366      8.422366     16.844732
     -0.580000     10.767538     10.767538     21.535077
     -0.560000     12.906795     12.906795     25.813590
     -0.540000     14.515544     14.515544     29.031089
     -0.520000     15.329693     15.329693     30.659386
     -0.500000     15.220263     15.220263     30.440526
     -0.480000     14.234703     14.234703     28.469407
     -0.460000     12.587207     12.587207     25.174414
     -0.440000     10.599198     10.599198     21.198397
     -0.420000      8.611133      8.611133     17.222265
     -0.400000      6.898562      6.898562     13.797124
     -0.380000      5.622758      5.622758     11.245515
     -0.360000      4.829922      4.829922      9.659844
     -0.340000      4.491238      4.491238      8.982477
     -0.320000      4.559481      4.559481      9.118963
     -0.300000      5.013900      5.013900     10.027800
     -0.280000      5.873935      5.873935     11.747870
     -0.260000      7.178490      7.178490     14.356979
     -0.240000      8.943152      8.943152     17.886303
     -0.220000     11.116579     11.116579     22.233158
     -0.200000     13.556343     13.556343     27.112687
     -0.180000     16.035316     16.035316     32.070631
     -0.160000     18.277158     18.277158     36.554315
     -0.140000     20.009640     20.009640     40.019280
     -0.120000     21.020729     21.020729     42.041457
     -0.100000     21.203893     21.203893     42.407785
     -0.080000     20.582552     20.582552     41.165105
     -0.060000     19.307166     19.307166     38.614332
     -0.040000     17.623154     17.623154     35.246309
     -0.020000     15.815363     15.815363     31.630726
      0.000000     14.143561     14.143561     28.287122
      0.020000     12.788711     12.788711     25.577422
      0.040000     11.826804     11.826804     23.653608
      0.060000     11.236040     11.236040     22.472080
      0.080000     10.929492     10.929492     21.858985
      0.100000     10.796365     10.796365     21.592729
      0.120000     10.734785     10.734785     21.469569
      0.140000     10.666930     10.666930     21.333860
      0.160000     10.538129     10.538129     21.076258
      0.180000     10.309573     10.309573     20.619147
      0.200000      9.955489      9.955489     19.910978
      0.220000      9.469923      9.469923     18.939847
      0.240000      8.879416      8.879416     17.758832
      0.260000      8.251368      8.251368     16.502735
      0.280000      7.688059      7.688059     15.376117
      0.300000      7.302954      7.302954     14.605909
      0.320000      7.185047      7.185047     14.370094
      0.340000      7.363637      7.363637     14.727274
      0.360000      7.787390      7.787390     15.574781
      0.380000      8.327657      8.327657     16.655314
      0.400000      8.808108      8.808108     17.616216
      0.420000      9.052759      9.052759     18.105517
      0.440000      8.936064      8.936064     17.872128
      0.460000      8.416728      8.416728     16.833456
      0.480000      7.543738      7.543738     15.087476
      0.500000      6.435907      6.435907     12.871814
      0.520000      5.247501      5.247501     10.495003
      0.540000      4.135733      4.135733      8.271466
      0.560000      3.240180      3.240180      6.480359
      0.580000      2.674385      2.674385      5.348769
      0.600000      2.522361      2.522361      5.044721
      0.620000      2.831397      2.831397      5.662795
      0.640000      3.597593      3.597593      7.195186
      0.660000      4.748998      4.748998      9.497997
      0.680000      6.138316      6.138316     12.276632
      0.700000      7.557520      7.557520     15.115039
      0.720000      8.778214      8.778214     17.556427
      0.740000      9.607509      9.607509     19.215018
      0.760000      9.938292      9.938292     19.876585
      0.780000      9.773143      9.773143     19.546287
      0.800000      9.213623      9.213623     18.427246
      0.820000      8.423341      8.423341     16.846682
      0.840000      7.583479      7.583479     15.166958
      0.860000      6.857841      6.857841     13.715682
      0.880000      6.374193      6.374193     12.748385
      0.900000      6.217715      6.217715     12.435429
      0.920000      6.427751      6.427751     12.855502
      0.940000      6.992301      6.992301     13.984601
      0.960000      7.842462      7.842462     15.684924
      0.980000      8.855068      8.855068     17.710136
      1.000000      9.870926      9.870926     19.741851
      1.020000     10.727656     10.727656     21.455311
      1.040000     11.295547     11.295547     22.591094
      1.060000     11.500475     11.500475     23.000950
      1.080000     11.324651     11.324651     22.649302
      1.100000     10.789832     10.789832     21.579665
      1.120000      9.938115      9.938115     19.876229
      1.140000      8.824000      8.824000     17.648000
      1.160000      7.519601      7.519601     15.039202
      1.180000      6.122778      6.122778     12.245557
      1.200000      4.755755      4.755755      9.511510
      1.220000      3.550037      3.550037      7.100074
      1.240000      2.624074      2.624074      5.248147
      1.260000      2.063878      2.063878      4.127756
      1.280000      1.912011      1.912011      3.824021
      1.300000      2.163111      2.163111      4.326222
      1.320000      2.762091      2.762091      5.524183
      1.340000      3.606152      3.606152      7.212304
      1.360000      4.558308      4.558308      9.116616
      1.380000      5.479982      5.479982     10.959964
      1.400000      6.279695      6.279695     12.559389
      1.420000      6.959187      6.959187     13.918375
      1.440000      7.628940      7.628940     15.257881
      1.460000      8.471990      8.471990     16.943979
      1.480000      9.658568      9.658568     19.317136
      1.500000     11.243247     11.243247     22.486495
      1.520000     13.093856     13.093856     26.187712
      1.540000     14.894669     14.894669     29.789338
      1.560000     16.234915     16.234915     32.469830
      1.580000     16.751750     16.751750     33.503500
      1.600000     16.266740     16.266740     32.533480
      1.620000     14.854491     14.854491     29.708982
      1.640000     12.813493     12.813493     25.626986
      1.660000     10.555865     10.555865     21.111730
      1.680000      8.468837      8.468837     16.937674
      1.700000      6.807808      6.807808     13.615617
      1.720000      5.658124      5.658124     11.316248
      1.740000      4.966260      4.966260      9.932520
      1.760000      4.611509      4.611509      9.223018
      1.780000      4.479042      4.479042      8.958083
      1.800000      4.504283      4.504283      9.008567
      1.820000      4.677677      4.677677      9.355353
      1.840000      5.017452      5.017452     10.034903
      1.860000      5.529311      5.529311     11.058621
      1.880000      6.174370      6.174370     12.348739
      1.900000      6.861529      6.861529     13.723057
      1.920000      7.469818      7.469818     14.939636
      1.940000      7.892906      7.892906     15.785811
      1.960000      8.086416      8.086416     16.172833
      1.980000      8.094680      8.094680     16.189360
      2.000000      8.040686      8.040686     16.081373
      2.020000      8.079310      8.079310     16.158621
      2.040000      8.331437      8.331437     16.662875
      2.060000      8.826296      8.826296     17.652592
      2.080000      9.476498      9.476498     18.952997
      2.100000     10.097067     10.097067     20.194134
      2.120000     10.462473     10.462473     20.924946
      2.140000     10.381169     10.381169     20.762339
      2.160000      9.760184      9.760184     19.520368
      2.180000      8.635757      8.635757     17.271514
      2.200000      7.159453      7.159453     14.318906
      2.220000      5.547667      5.547667     11.095334
      2.240000      4.017393      4.017393      8.034786
      2.260000      2.734702      2.734702      5.469403
      2.280000      1.792975      1.792975      3.585949
      2.300000      1.221549      1.221549      2.443099
      2.320000      1.011358      1.011358      2.022716
      2.340000      1.138960      1.138960      2.277920
      2.360000      1.575052      1.575052      3.150104
      2.380000      2.274561      2.274561      4.549123
      2.400000      3.157313      3.157313      6.314625
      2.420000      4.095671      4.095671      8.191341
      2.440000      4.924185      4.924185      9.848370
      2.460000      5.475425      5.475425     10.950850
      2.480000      5.630623      5.630623     11.261245
      2.500000      5.362687      5.362687     10.725374
      2.520000      4.750515      4.750515      9.501031
      2.540000      3.957419      3.957419      7.914838
      2.560000      3.184070      3.184070      6.368140
      2.580000      2.616337      2.616337      5.232675
      2.600000      2.385719      2.385719      4.771439
      2.620000      2.549462      2.549462      5.098923
      2.640000      3.088125      3.088125      6.176251
      2.660000      3.915972      3.915972      7.831943
      2.680000      4.902006      4.902006      9.804012
      2.700000      5.900669      5.900669     11.801339
      2.720000      6.787487      6.787487     13.574974
      2.740000      7.489344      7.489344     14.978688
      2.760000      7.997643      7.997643     15.995286
      2.780000      8.358537      8.358537     16.717075
      2.800000      8.644343      8.644343     17.288685
      2.820000      8.917653      8.917653     17.835306
      2.840000      9.200906      9.200906     18.401812
      2.860000      9.460962      9.460962     18.921924
      2.880000      9.614275      9.614275     19.228551
      2.900000      9.553965      9.553965     19.107931
      2.920000      9.193383      9.193383     18.386766
      2.940000      8.511700      8.511700     17.023400
      2.960000      7.581034      7.581034     15.162068
      2.980000      6.558564      6.558564     13.117129
      3.000000      5.641890      5.641890     11.283781
      3.020000      5.003951      5.003951     10.007902
      3.040000      4.734350      4.734350      9.468700
      3.060000      4.811283      4.811283      9.622566
      3.080000      5.114846      5.114846     10.229693
      3.100000      5.475731      5.475731     10.951462
      3.120000      5.740038      5.740038     11.480077
      3.140000      5.825212      5.825212     11.650424
      3.160000      5.745231      5.745231     11.490461
      3.180000      5.594632      5.594632     11.189263
      3.200000      5.497481      5.497481     10.994962
      3.220000      5.543105      5.543105     11.086209
      3.240000      5.738011      5.738011     11.476022
      3.260000      5.997908      5.997908     11.995815
      3.280000      6.185728      6.185728     12.371456
      3.300000      6.178896      6.178896     12.357793
      3.320000      5.933333      5.933333     11.866666
      3.340000      5.512166      5.512166     11.024333
      3.360000      5.064142      5.064142     10.128284
      3.380000      4.761320      4.761320      9.522640
      3.400000      4.724925      4.724925      9.449850
      3.420000      4.973175      4.973175      9.946351
      3.440000      5.414447      5.414447     10.828894
      3.460000      5.888675      5.888675     11.777351
      3.480000      6.238180      6.238180     12.476360
      3.500000      6.375268      6.375268     12.750536
      3.520000      6.314927      6.314927     12.629854
      3.540000      6.157744      6.157744     12.315487
      3.560000      6.033527      6.033527     12.067053
      3.580000      6.036536      6.036536     12.073072
      3.600000      6.186907      6.186907     12.373814
      3.620000      6.437139      6.437139     12.874278
      3.640000      6.716208      6.716208     13.432415
      3.660000      6.982018      6.982018     13.964036
      3.680000      7.248332      7.248332     14.496663
      3.700000      7.568133      7.568133     15.136267
      3.720000      7.982897      7.982897     15.965794
      3.740000      8.469976      8.469976     16.939953
      3.760000      8.923658      8.923658     17.847317
      3.780000      9.186122      9.186122     18.372244
      3.800000      9.114157      9.114157     18.228315
      3.820000      8.645562      8.645562     17.291124
      3.840000      7.829561      7.829561     15.659122
      3.860000      6.807209      6.807209     13.614417
      3.880000      5.755364      5.755364     11.510729
      3.900000      4.824381      4.824381      9.648761
      3.920000      4.097609      4.097609      8.195218
      3.940000      3.585512      3.585512      7.171023
      3.960000      3.249910      3.249910      6.499821
      3.980000      3.043223      3.043223      6.086446
      4.000000      2.945280      2.945280      5.890559
      4.020000      2.983738      2.983738      5.967477
      4.040000      3.230193      3.230193      6.460386
      4.060000      3.771455      3.771455      7.542911
      4.080000      4.663845      4.663845      9.327690
      4.100000      5.886349      5.886349     11.772698
      4.120000      7.312941      7.312941     14.625881
      4.140000      8.721151      8.721151     17.442301
      4.160000      9.841330      9.841330     19.682660
      4.180000     10.432706     10.432706     20.865413
      4.200000     10.357490     10.357490     20.714981
      4.220000      9.622599      9.622599     19.245198
      4.240000      8.372748      8.372748     16.745495
      4.260000      6.841252      6.841252     13.682505
      4.280000      5.282691      5.282691     10.565382
      4.300000      3.914969      3.914969      7.829939
      4.320000      2.887563      2.887563      5.775127
      4.340000      2.276377      2.276377      4.552754
      4.360000      2.093987      2.093987      4.187974
      4.380000      2.302135      2.302135      4.604271
      4.400000      2.819796      2.819796      5.639592
      4.420000      3.529154      3.529154      7.058309
      4.440000      4.287285      4.287285      8.574570
      4.460000      4.949734      4.949734      9.899469
      4.480000      5.404462      5.404462     10.808923
      4.500000      5.605263      5.605263     11.210526
      4.520000      5.588912      5.588912     11.177823
      4.540000      5.463753      5.463753     10.927506
      4.560000      5.369068      5.369068     10.738137
      4.580000      5.419152      5.419152     10.838304
      4.600000      5.656364      5.656364     11.312728
      4.620000      6.036781      6.036781     12.073563
      4.640000      6.458494      6.458494     12.916989
      4.660000      6.820987      6.820987     13.641975
      4.680000      7.085549      7.085549     14.171098
      4.700000      7.302880      7.302880     14.605760
      4.720000      7.589417      7.589417     15.178834
      4.740000      8.061175      8.061175     16.122350
      4.760000      8.757893      8.757893     17.515785
      4.780000      9.597148      9.597148     19.194296
      4.800000     10.384159     10.384159     20.768317
      4.820000     10.875958     10.875958     21.751916
      4.840000     10.872644     10.872644     21.745288
      4.860000     10.296053     10.296053     20.592107
      4.880000      9.222814      9.222814     18.445629
      4.900000      7.860266      7.860266     15.720533
      4.920000      6.478873      6.478873     12.957747
      4.940000      5.331051      5.331051     10.662102
      4.960000      4.586943      4.586943      9.173886
      4.980000      4.305087      4.305087      8.610175
      5.000000      4.439097      4.439097      8.878195
      5.020000      4.869262      4.869262      9.738523
      5.040000      5.443893      5.443893     10.887786
      5.060000      6.017416      6.017416     12.034833
      5.080000      6.476980      6.476980     12.953961
      5.100000      6.754392      6.754392     13.508783
      5.120000      6.824685      6.824685     13.649370
      5.140000      6.696010      6.696010     13.392021
      5.160000      6.396847      6.396847     12.793693
      5.180000      5.965329      5.965329     11.930657
      5.200000      5.442603      5.442603     10.885207
      5.220000      4.869435      4.869435      9.738871
      5.240000      4.284270      4.284270      8.568540
      5.260000      3.721758      3.721758      7.443515
      5.280000      3.212261      3.212261      6.424522
      5.300000      2.783665      2.783665      5.567329
      5.320000      2.466080      2.466080      4.932160
      5.340000      2.297800      2.297800      4.595600
      5.360000      2.328183      2.328183      4.656366
      5.380000      2.611874      2.611874      5.223747
      5.400000      3.190901      3.190901      6.381802
      5.420000      4.067472      4.067472      8.134944
      5.440000      5.178458      5.178458     10.356916
      5.460000      6.387301      6.387301     12.774603
      5.480000      7.504996      7.504996     15.009992
      5.500000      8.338267      8.338267     16.676533
      5.520000      8.747032      8.747032     17.494065
      5.540000      8.685398      8.685398     17.370797
      5.560000      8.207459      8.207459     16.414917
      5.580000      7.437365      7.437365     14.874730
      5.600000      6.520789      6.520789     13.041578
      5.620000      5.581214      5.581214     11.162428
      5.640000      4.697391      4.697391      9.394782
      5.660000      3.904581      3.904581      7.809161
      5.680000      3.211032      3.211032      6.422064
      5.700000      2.617471      2.617471      5.234943
      5.720000      2.130448      2.130448      4.260895
      5.740000      1.766362      1.766362      3.532723
      5.760000      1.548368      1.548368      3.096736
      5.780000      1.501045      1.501045      3.002090
      5.800000      1.647216      1.647216      3.294431
      5.820000      2.008053      2.008053      4.016106
      5.840000      2.603425      2.603425      5.206850
      5.860000      3.447120      3.447120      6.894241
      5.880000      4.533672      4.533672      9.067345
      5.900000      5.820002      5.820002     11.640003
      5.920000      7.212358      7.212358     14.424716
      5.940000      8.571227      8.571227     17.142454
      5.960000      9.740270      9.740270     19.480539
      5.980000     10.592348     10.592348     21.184696
      6.000000     11.074120     11.074120     22.148241
      6.020000     11.228408     11.228408     22.456815
      6.040000     11.182348     11.182348     22.364695
      6.060000     11.103851     11.103851     22.207702
      6.080000     11.141513     11.141513     22.283025
      6.100000     11.369280     11.369280     22.738560
      6.120000     11.756223     11.756223     23.512445
      6.140000     12.174226     12.174226     24.348452
      6.160000     12.443198     12.443198     24.886395
      6.180000     12.397513     12.397513     24.795026
      6.200000     11.946411     11.946411     23.892823
      6.220000     11.102583     11.102583     22.205166
      6.240000      9.968565      9.968565     19.937129
      6.260000      8.691452      8.691452     17.382904
      6.280000      7.410213      7.410213     14.820425
      6.300000      6.219123      6.219123     12.438245
      6.320000      5.158188      5.158188     10.316375
      6.340000      4.226370      4.226370      8.452740
      6.360000      3.404627      3.404627      6.809255
      6.380000      2.675813      2.675813      5.351627
      6.400000      2.034454      2.034454      4.068908
      6.420000      1.486457      1.486457      2.972914
      6.440000      1.043462      1.043462      2.086924
      6.460000      0.717589      0.717589      1.435179
      6.480000      0.520354      0.520354      1.040707
      6.500000      0.465906      0.465906      0.931812
      6.520000      0.575173      0.575173      1.150346
      6.540000      0.875420      0.875420      1.750839
      6.560000      1.390629      1.390629      2.781259
      6.580000      2.122507      2.122507      4.245015
      6.600000      3.028837      3.028837      6.057674
      6.620000      4.011879      4.011879      8.023758
      6.640000      4.929506      4.929506      9.859012
      6.660000      5.632850      5.632850     11.265701
      6.680000      6.019288      6.019288     12.038576
      6.700000      6.077477      6.077477     12.154954
      6.720000      5.901141      5.901141     11.802282
      6.740000      5.662253      5.662253     11.324506
      6.760000      5.554094      5.554094     11.108188
      6.780000      5.727815      5.727815     11.455630
      6.800000      6.245586      6.245586     12.491172
      6.820000      7.062394      7.062394     14.124789
      6.840000      8.036581      8.036581     16.073163
      6.860000      8.963062      8.963062     17.926123
      6.880000      9.622149      9.622149     19.244297
      6.900000      9.835726      9.835726     19.671452
      6.920000      9.518502      9.518502     19.037004
      6.940000      8.708602      8.708602     17.417204
      6.960000      7.564605      7.564605     15.129211
      6.980000      6.326956      6.326956     12.653912
      7.000000      5.255339      5.255339     10.510678
      7.020000      4.562305      4.562305      9.124609
      7.040000      4.363035      4.363035      8.726069
      7.060000      4.653823      4.653823      9.307647
      7.080000      5.322505      5.322505     10.645011
      7.100000      6.185836      6.185836     12.371673
      7.120000      7.042091      7.042091     14.084183
      7.140000      7.722527      7.722527     15.445053
      7.160000      8.125512      8.125512     16.251025
      7.180000      8.224361      8.224361     16.448722
      7.200000      8.051948      8.051948     16.103896
      7.220000      7.675144      7.675144     15.350289
      7.240000      7.173372      7.173372     14.346744
      7.260000      6.627928      6.627928     13.255856
      7.280000      6.118626      6.118626     12.237252
      7.300000      5.719437      5.719437     11.438875
      7.320000      5.487965      5.487965     10.975931
      7.340000      5.451128      5.451128     10.902256
      7.360000      5.594921      5.594921     11.189842
      7.380000      5.865622      5.865622     11.731244
      7.400000      6.183982      6.183982     12.367964
      7.420000      6.467200      6.467200     12.934400
      7.440000      6.650040      6.650040     13.300080
      7.460000      6.697914      6.697914     13.395827
      7.480000      6.609333      6.609333     13.218666
      7.500000      6.409691      6.409691     12.819382
      7.520000      6.140806      6.140806     12.281611
      7.540000      5.850757      5.850757     11.701515
      7.560000      5.587074      5.587074     11.174149
      7.580000      5.393875      5.393875     10.787750
      7.600000      5.310651      5.310651     10.621301
      7.620000      5.368278      5.368278     10.736557
      7.640000      5.578662      5.578662     11.157325
      7.660000      5.919285      5.919285     11.838570
      7.680000      6.320935      6.320935     12.641871
      7.700000      6.670634      6.670634     13.341269
      7.720000      6.837365      6.837365     13.674730
      7.740000      6.715862      6.715862     13.431724
      7.760000      6.270726      6.270726     12.541453
      7.780000      5.559191      5.559191     11.118381
      7.800000      4.720282      4.720282      9.440564
      7.820000      3.935443      3.935443      7.870885
      7.840000      3.379390      3.379390      6.758780
      7.860000      3.181439      3.181439      6.362878
      7.880000      3.407289      3.407289      6.814578
      7.900000      4.057867      4.057867      8.115733
      7.920000      5.074743      5.074743     10.149486
      7.940000      6.344656      6.344656     12.689311
      7.960000      7.704942      7.704942     15.409883
      7.980000      8.959153      8.959153     17.918306
      8.000000      9.910874      9.910874     19.821748
      8.020000     10.413115     10.413115     20.826231
      8.040000     10.417047     10.417047     20.834095
      8.060000      9.997194      9.997194     19.994387
      8.080000      9.336784      9.336784     18.673567
      8.100000      8.674217      8.674217     17.348434
      8.120000      8.229439      8.229439     16.458877
      8.140000      8.137181      8.137181     16.274362
      8.160000      8.409408      8.409408     16.818816
      8.180000      8.936930      8.936930     17.873861
      8.200000      9.527550      9.527550     19.055100
      8.220000      9.969182      9.969182     19.938364
      8.240000     10.100498     10.100498     20.200996
      8.260000      9.867852      9.867852     19.735704
      8.280000      9.347775      9.347775     18.695551
      8.300000      8.722995      8.722995     17.445991
      8.320000      8.216978      8.216978     16.433955
      8.340000      8.010952      8.010952     16.021904
      8.360000      8.177751      8.177751     16.355502
      8.380000      8.661064      8.661064     17.322128
      8.400000      9.308037      9.308037     18.616075
      8.420000      9.937809      9.937809     19.875618
      8.440000     10.412317     10.412317     20.824634
      8.460000     10.677658     10.677658     21.355316
      8.480000     10.762808     10.762808     21.525617
      8.500000     10.746130     10.746130     21.492259
      8.520000     10.714347     10.714347     21.428693
      8.540000     10.736027     10.736027     21.472053
      8.560000     10.855997     10.855997     21.711993
      8.580000     11.101004     11.101004     22.202008
      8.600000     11.481725     11.481725     22.963449
      8.620000     11.984445     11.984445     23.968890
      8.640000     12.559572     12.559572     25.119145
      8.660000     13.121825     13.121825     26.243650
      8.680000     13.571707     13.571707     27.143413
      8.700000     13.832988     13.832988     27.665976
      8.720000     13.887304     13.887304     27.774607
      8.740000     13.785174     13.785174     27.570347
      8.760000     13.624926     13.624926     27.249853
      8.780000     13.509237     13.509237     27.018475
      8.800000     13.501144     13.501144     27.002289
      8.820000     13.599986     13.599986     27.199973
      8.840000     13.745163     13.745163     27.490327
      8.860000     13.841363     13.841363     27.682726
      8.880000     13.791608     13.791608     27.583216
      8.900000     13.525987     13.525987     27.051973
      8.920000     13.019738     13.019738     26.039476
      8.940000     12.299042     12.299042     24.598083
      8.960000     11.434705     11.434705     22.869409
      8.980000     10.524968     10.524968     21.049937
      9.000000      9.671234      9.671234     19.342467
      9.020000      8.954199      8.954199     17.908397
      9.040000      8.419653      8.419653     16.839305
      9.060000      8.080064      8.080064     16.160127
      9.080000      7.930325      7.930325     15.860651
      9.100000      7.967616      7.967616     15.935232
      9.120000      8.201990      8.201990     16.403981
      9.140000      8.649361      8.649361     17.298721
      9.160000      9.309793      9.309793     18.619586
      9.180000     10.144790     10.144790     20.289580
      9.200000     11.069991     11.069991     22.139982
      9.220000     11.971940     11.971940     23.943880
      9.240000     12.743462     12.743462     25.486924
      9.260000     13.320470     13.320470     26.640941
      9.280000     13.701141     13.701141     27.402282
      9.300000     13.937567     13.937567     27.875134
      9.320000     14.104470     14.104470     28.208939
      9.340000     14.260563     14.260563     28.521127
      9.360000     14.420025     14.420025     28.840051
      9.380000     14.544784     14.544784     29.089568
      9.400000     14.558466     14.558466     29.116933
      9.420000     14.375119     14.375119     28.750238
      9.440000     13.932155     13.932155     27.864309
      9.460000     13.216541     13.216541     26.433081
      9.480000     12.275282     12.275282     24.550565
      9.500000     11.206249     11.206249     22.412498
      9.520000     10.132890     10.132890     20.265780
      9.540000      9.173265      9.173265     18.346530
      9.560000      8.415608      8.415608     16.831216
      9.580000      7.907708      7.907708     15.815417
      9.600000      7.659130      7.659130     15.318259
      9.620000      7.649738      7.649738     15.299476
      9.640000      7.838701      7.838701     15.677402
      9.660000      8.172988      8.172988     16.345975
      9.680000      8.597908      8.597908     17.195816
      9.700000      9.070424      9.070424     18.140847
      9.720000      9.570293      9.570293     19.140587
      9.740000     10.100439     10.100439     20.200879
      9.760000     10.671436     10.671436     21.342871
      9.780000     11.275413     11.275413     22.550827
      9.800000     11.865055     11.865055     23.730111
      9.820000     12.354830     12.354830     24.709659
      9.840000     12.650287     12.650287     25.300574
      9.860000     12.692709     12.692709     25.385418
      9.880000     12.493284     12.493284     24.986567
      9.900000     12.134066     12.134066     24.268131
      9.920000     11.732266     11.732266     23.464532
      9.940000     11.387577     11.387577     22.775155
      9.960000     11.143181     11.143181     22.286361
      9.980000     10.982006     10.982006     21.964013
     10.000000     10.857203     10.857203     21.714406
