# EIG2DOS: Utility for SIESTA to obtain the electronic density of states
#  E. Artacho, Apr 1999, A. Garcia, Apr 2012
# ------------------------------------------
# Eigenvalues read from GRP_doping.EIG
# Using smearing parameter:   0.100
# Using   1001 points in energy range
# Selected bands: 1 to: 936
# Emin, emax in file for selected band(s):    -37.4285200    235.6416200
# Nbands, Nspin, Nk   =    936     1   231
# E_F                 =    -5.1339 eV --> (shifted to ZERO)
# Broadening          =     0.1000 eV
#
#        E            N(up)  (=)   N(down)         Ntot
    -10.000000      2.660127      2.660127      5.320254
     -9.980000      1.837034      1.837034      3.674067
     -9.960000      1.211751      1.211751      2.423501
     -9.940000      0.819708      0.819708      1.639417
     -9.920000      0.662513      0.662513      1.325026
     -9.900000      0.728603      0.728603      1.457207
     -9.880000      1.005723      1.005723      2.011447
     -9.860000      1.481273      1.481273      2.962547
     -9.840000      2.133854      2.133854      4.267709
     -9.820000      2.923603      2.923603      5.847205
     -9.800000      3.789086      3.789086      7.578172
     -9.780000      4.654893      4.654893      9.309786
     -9.760000      5.448154      5.448154     10.896308
     -9.740000      6.116777      6.116777     12.233554
     -9.720000      6.640160      6.640160     13.280320
     -9.700000      7.026325      7.026325     14.052651
     -9.680000      7.296768      7.296768     14.593535
     -9.660000      7.467872      7.467872     14.935745
     -9.640000      7.540408      7.540408     15.080816
     -9.620000      7.503767      7.503767     15.007534
     -9.600000      7.351800      7.351800     14.703600
     -9.580000      7.098872      7.098872     14.197745
     -9.560000      6.784220      6.784220     13.568440
     -9.540000      6.460314      6.460314     12.920627
     -9.520000      6.171372      6.171372     12.342744
     -9.500000      5.934124      5.934124     11.868248
     -9.480000      5.731204      5.731204     11.462408
     -9.460000      5.520358      5.520358     11.040715
     -9.440000      5.255123      5.255123     10.510245
     -9.420000      4.908408      4.908408      9.816816
     -9.400000      4.490022      4.490022      8.980045
     -9.380000      4.051463      4.051463      8.102926
     -9.360000      3.675132      3.675132      7.350264
     -9.340000      3.450115      3.450115      6.900230
     -9.320000      3.441781      3.441781      6.883563
     -9.300000      3.665858      3.665858      7.331716
     -9.280000      4.077310      4.077310      8.154620
     -9.260000      4.579847      4.579847      9.159694
     -9.240000      5.054608      5.054608     10.109215
     -9.220000      5.399207      5.399207     10.798415
     -9.200000      5.563487      5.563487     11.126973
     -9.180000      5.567844      5.567844     11.135688
     -9.160000      5.494879      5.494879     10.989758
     -9.140000      5.454778      5.454778     10.909555
     -9.120000      5.536762      5.536762     11.073524
     -9.100000      5.767702      5.767702     11.535405
     -9.080000      6.098720      6.098720     12.197440
     -9.060000      6.428591      6.428591     12.857182
     -9.040000      6.653549      6.653549     13.307097
     -9.020000      6.717387      6.717387     13.434775
     -9.000000      6.634492      6.634492     13.268984
     -8.980000      6.473975      6.473975     12.947950
     -8.960000      6.316548      6.316548     12.633096
     -8.940000      6.211849      6.211849     12.423698
     -8.920000      6.162247      6.162247     12.324494
     -8.900000      6.141368      6.141368     12.282736
     -8.880000      6.133712      6.133712     12.267424
     -8.860000      6.169297      6.169297     12.338593
     -8.840000      6.330136      6.330136     12.660271
     -8.820000      6.720508      6.720508     13.441017
     -8.800000      7.411925      7.411925     14.823849
     -8.780000      8.388020      8.388020     16.776041
     -8.760000      9.518127      9.518127     19.036254
     -8.740000     10.578202     10.578202     21.156404
     -8.720000     11.316809     11.316809     22.633619
     -8.700000     11.541174     11.541174     23.082348
     -8.680000     11.186599     11.186599     22.373199
     -8.660000     10.339767     10.339767     20.679533
     -8.640000      9.208970      9.208970     18.417941
     -8.620000      8.058483      8.058483     16.116967
     -8.600000      7.135828      7.135828     14.271656
     -8.580000      6.615559      6.615559     13.231118
     -8.560000      6.568879      6.568879     13.137759
     -8.540000      6.957032      6.957032     13.914063
     -8.520000      7.644121      7.644121     15.288243
     -8.500000      8.428292      8.428292     16.856585
     -8.480000      9.090554      9.090554     18.181107
     -8.460000      9.453684      9.453684     18.907368
     -8.440000      9.433734      9.433734     18.867468
     -8.420000      9.062980      9.062980     18.125960
     -8.400000      8.471633      8.471633     16.943266
     -8.380000      7.833261      7.833261     15.666523
     -8.360000      7.296018      7.296018     14.592036
     -8.340000      6.928678      6.928678     13.857356
     -8.320000      6.703689      6.703689     13.407378
     -8.300000      6.522617      6.522617     13.045234
     -8.280000      6.270819      6.270819     12.541638
     -8.260000      5.876359      5.876359     11.752719
     -8.240000      5.347903      5.347903     10.695805
     -8.220000      4.776717      4.776717      9.553433
     -8.200000      4.303292      4.303292      8.606584
     -8.180000      4.062456      4.062456      8.124912
     -8.160000      4.127804      4.127804      8.255609
     -8.140000      4.476010      4.476010      8.952020
     -8.120000      4.985206      4.985206      9.970412
     -8.100000      5.470513      5.470513     10.941026
     -8.080000      5.745966      5.745966     11.491932
     -8.060000      5.690324      5.690324     11.380648
     -8.040000      5.290949      5.290949     10.581897
     -8.020000      4.648617      4.648617      9.297233
     -8.000000      3.943305      3.943305      7.886611
     -7.980000      3.377053      3.377053      6.754106
     -7.960000      3.116380      3.116380      6.232760
     -7.940000      3.252013      3.252013      6.504026
     -7.920000      3.783541      3.783541      7.567082
     -7.900000      4.627985      4.627985      9.255969
     -7.880000      5.646524      5.646524     11.293048
     -7.860000      6.680878      6.680878     13.361756
     -7.840000      7.588663      7.588663     15.177326
     -7.820000      8.267162      8.267162     16.534324
     -7.800000      8.660030      8.660030     17.320060
     -7.780000      8.750310      8.750310     17.500620
     -7.760000      8.549792      8.549792     17.099585
     -7.740000      8.093625      8.093625     16.187249
     -7.720000      7.440856      7.440856     14.881712
     -7.700000      6.673695      6.673695     13.347390
     -7.680000      5.887843      5.887843     11.775685
     -7.660000      5.173651      5.173651     10.347303
     -7.640000      4.596163      4.596163      9.192327
     -7.620000      4.183981      4.183981      8.367961
     -7.600000      3.931166      3.931166      7.862332
     -7.580000      3.808199      3.808199      7.616397
     -7.560000      3.773950      3.773950      7.547901
     -7.540000      3.782981      3.782981      7.565962
     -7.520000      3.788243      3.788243      7.576487
     -7.500000      3.743626      3.743626      7.487251
     -7.480000      3.610623      3.610623      7.221246
     -7.460000      3.369546      3.369546      6.739092
     -7.440000      3.031253      3.031253      6.062506
     -7.420000      2.643584      2.643584      5.287168
     -7.400000      2.288444      2.288444      4.576888
     -7.380000      2.069170      2.069170      4.138340
     -7.360000      2.090903      2.090903      4.181806
     -7.340000      2.437811      2.437811      4.875622
     -7.320000      3.150963      3.150963      6.301926
     -7.300000      4.210910      4.210910      8.421819
     -7.280000      5.529870      5.529870     11.059741
     -7.260000      6.958276      6.958276     13.916552
     -7.240000      8.307729      8.307729     16.615459
     -7.220000      9.387497      9.387497     18.774994
     -7.200000     10.046579     10.046579     20.093159
     -7.180000     10.210379     10.210379     20.420757
     -7.160000      9.900792      9.900792     19.801583
     -7.140000      9.231507      9.231507     18.463014
     -7.120000      8.376734      8.376734     16.753469
     -7.100000      7.521055      7.521055     15.042110
     -7.080000      6.807118      6.807118     13.614235
     -7.060000      6.300841      6.300841     12.601682
     -7.040000      5.987180      5.987180     11.974360
     -7.020000      5.795874      5.795874     11.591748
     -7.000000      5.643534      5.643534     11.287067
     -6.980000      5.473026      5.473026     10.946052
     -6.960000      5.274918      5.274918     10.549836
     -6.940000      5.085145      5.085145     10.170291
     -6.920000      4.962771      4.962771      9.925542
     -6.900000      4.958451      4.958451      9.916902
     -6.880000      5.086885      5.086885     10.173771
     -6.860000      5.314909      5.314909     10.629817
     -6.840000      5.571027      5.571027     11.142053
     -6.820000      5.773468      5.773468     11.546936
     -6.800000      5.865267      5.865267     11.730535
     -6.780000      5.840683      5.840683     11.681366
     -6.760000      5.750194      5.750194     11.500387
     -6.740000      5.680934      5.680934     11.361867
     -6.720000      5.721265      5.721265     11.442530
     -6.700000      5.925897      5.925897     11.851794
     -6.680000      6.296837      6.296837     12.593673
     -6.660000      6.786044      6.786044     13.572088
     -6.640000      7.313981      7.313981     14.627963
     -6.620000      7.791755      7.791755     15.583510
     -6.600000      8.136972      8.136972     16.273943
     -6.580000      8.281649      8.281649     16.563298
     -6.560000      8.177559      8.177559     16.355117
     -6.540000      7.804825      7.804825     15.609650
     -6.520000      7.183935      7.183935     14.367870
     -6.500000      6.384786      6.384786     12.769572
     -6.480000      5.524428      5.524428     11.048857
     -6.460000      4.749219      4.749219      9.498437
     -6.440000      4.204254      4.204254      8.408508
     -6.420000      3.999004      3.999004      7.998008
     -6.400000      4.180275      4.180275      8.360551
     -6.380000      4.721620      4.721620      9.443240
     -6.360000      5.532893      5.532893     11.065786
     -6.340000      6.486320      6.486320     12.972640
     -6.320000      7.448808      7.448808     14.897617
     -6.300000      8.307931      8.307931     16.615862
     -6.280000      8.983395      8.983395     17.966789
     -6.260000      9.424961      9.424961     18.849923
     -6.240000      9.605507      9.605507     19.211013
     -6.220000      9.518306      9.518306     19.036611
     -6.200000      9.180638      9.180638     18.361276
     -6.180000      8.637730      8.637730     17.275460
     -6.160000      7.959018      7.959018     15.918035
     -6.140000      7.224025      7.224025     14.448050
     -6.120000      6.502763      6.502763     13.005526
     -6.100000      5.839320      5.839320     11.678641
     -6.080000      5.245411      5.245411     10.490822
     -6.060000      4.705762      4.705762      9.411525
     -6.040000      4.192828      4.192828      8.385656
     -6.020000      3.685752      3.685752      7.371504
     -6.000000      3.187544      3.187544      6.375089
     -5.980000      2.734809      2.734809      5.469618
     -5.960000      2.396272      2.396272      4.792543
     -5.940000      2.259436      2.259436      4.518872
     -5.920000      2.407890      2.407890      4.815780
     -5.900000      2.894235      2.894235      5.788470
     -5.880000      3.715415      3.715415      7.430831
     -5.860000      4.798604      4.798604      9.597207
     -5.840000      6.005535      6.005535     12.011070
     -5.820000      7.159223      7.159223     14.318445
     -5.800000      8.088526      8.088526     16.177052
     -5.780000      8.676340      8.676340     17.352680
     -5.760000      8.892391      8.892391     17.784783
     -5.740000      8.796435      8.796435     17.592871
     -5.720000      8.510654      8.510654     17.021309
     -5.700000      8.173934      8.173934     16.347869
     -5.680000      7.897387      7.897387     15.794774
     -5.660000      7.737308      7.737308     15.474617
     -5.640000      7.692569      7.692569     15.385138
     -5.620000      7.724202      7.724202     15.448404
     -5.600000      7.788697      7.788697     15.577395
     -5.580000      7.872381      7.872381     15.744762
     -5.560000      8.011646      8.011646     16.023292
     -5.540000      8.285221      8.285221     16.570442
     -5.520000      8.774148      8.774148     17.548296
     -5.500000      9.502244      9.502244     19.004488
     -5.480000     10.386179     10.386179     20.772358
     -5.460000     11.227509     11.227509     22.455018
     -5.440000     11.762171     11.762171     23.524341
     -5.420000     11.752533     11.752533     23.505067
     -5.400000     11.081272     11.081272     22.162544
     -5.380000      9.802701      9.802701     19.605401
     -5.360000      8.129415      8.129415     16.258831
     -5.340000      6.365987      6.365987     12.731973
     -5.320000      4.825232      4.825232      9.650464
     -5.300000      3.762836      3.762836      7.525672
     -5.280000      3.346452      3.346452      6.692903
     -5.260000      3.652172      3.652172      7.304343
     -5.240000      4.670117      4.670117      9.340233
     -5.220000      6.306537      6.306537     12.613074
     -5.200000      8.384331      8.384331     16.768662
     -5.180000     10.654321     10.654321     21.308642
     -5.160000     12.827776     12.827776     25.655551
     -5.140000     14.628371     14.628371     29.256742
     -5.120000     15.848642     15.848642     31.697284
     -5.100000     16.391253     16.391253     32.782507
     -5.080000     16.281309     16.281309     32.562619
     -5.060000     15.647346     15.647346     31.294693
     -5.040000     14.678807     14.678807     29.357615
     -5.020000     13.573445     13.573445     27.146889
     -5.000000     12.489538     12.489538     24.979077
     -4.980000     11.515870     11.515870     23.031740
     -4.960000     10.666714     10.666714     21.333427
     -4.940000      9.900415      9.900415     19.800829
     -4.920000      9.151822      9.151822     18.303644
     -4.900000      8.365449      8.365449     16.730898
     -4.880000      7.519225      7.519225     15.038451
     -4.860000      6.634981      6.634981     13.269962
     -4.840000      5.776596      5.776596     11.553192
     -4.820000      5.037950      5.037950     10.075899
     -4.800000      4.522369      4.522369      9.044738
     -4.780000      4.316515      4.316515      8.633030
     -4.760000      4.465151      4.465151      8.930302
     -4.740000      4.956275      4.956275      9.912550
     -4.720000      5.724538      5.724538     11.449077
     -4.700000      6.673435      6.673435     13.346870
     -4.680000      7.706691      7.706691     15.413382
     -4.660000      8.753213      8.753213     17.506425
     -4.640000      9.773201      9.773201     19.546401
     -4.620000     10.744984     10.744984     21.489968
     -4.600000     11.645202     11.645202     23.290405
     -4.580000     12.439238     12.439238     24.878477
     -4.560000     13.090150     13.090150     26.180299
     -4.540000     13.578550     13.578550     27.157100
     -4.520000     13.915248     13.915248     27.830496
     -4.500000     14.131948     14.131948     28.263896
     -4.480000     14.251466     14.251466     28.502931
     -4.460000     14.256251     14.256251     28.512502
     -4.440000     14.079774     14.079774     28.159548
     -4.420000     13.634095     13.634095     27.268191
     -4.400000     12.864827     12.864827     25.729654
     -4.380000     11.805222     11.805222     23.610443
     -4.360000     10.597047     10.597047     21.194094
     -4.340000      9.460871      9.460871     18.921743
     -4.320000      8.624446      8.624446     17.248892
     -4.300000      8.240099      8.240099     16.480198
     -4.280000      8.327867      8.327867     16.655733
     -4.260000      8.767920      8.767920     17.535841
     -4.240000      9.342200      9.342200     18.684399
     -4.220000      9.804516      9.804516     19.609033
     -4.200000      9.950792      9.950792     19.901584
     -4.180000      9.667483      9.667483     19.334967
     -4.160000      8.949773      8.949773     17.899546
     -4.140000      7.892898      7.892898     15.785797
     -4.120000      6.665409      6.665409     13.330818
     -4.100000      5.473108      5.473108     10.946216
     -4.080000      4.520476      4.520476      9.040953
     -4.060000      3.974824      3.974824      7.949649
     -4.040000      3.937483      3.937483      7.874965
     -4.020000      4.425554      4.425554      8.851108
     -4.000000      5.366977      5.366977     10.733954
     -3.980000      6.610838      6.610838     13.221676
     -3.960000      7.953263      7.953263     15.906527
     -3.940000      9.176124      9.176124     18.352248
     -3.920000     10.091606     10.091606     20.183211
     -3.900000     10.582094     10.582094     21.164188
     -3.880000     10.623717     10.623717     21.247435
     -3.860000     10.284709     10.284709     20.569417
     -3.840000      9.696852      9.696852     19.393704
     -3.820000      9.008299      9.008299     18.016597
     -3.800000      8.335170      8.335170     16.670340
     -3.780000      7.732173      7.732173     15.464346
     -3.760000      7.195399      7.195399     14.390798
     -3.740000      6.695523      6.695523     13.391046
     -3.720000      6.224242      6.224242     12.448483
     -3.700000      5.829515      5.829515     11.659030
     -3.680000      5.620104      5.620104     11.240207
     -3.660000      5.734345      5.734345     11.468691
     -3.640000      6.284877      6.284877     12.569754
     -3.620000      7.302586      7.302586     14.605172
     -3.600000      8.704924      8.704924     17.409847
     -3.580000     10.304911     10.304911     20.609822
     -3.560000     11.860564     11.860564     23.721129
     -3.540000     13.146212     13.146212     26.292425
     -3.520000     14.015752     14.015752     28.031505
     -3.500000     14.430418     14.430418     28.860835
     -3.480000     14.440744     14.440744     28.881488
     -3.460000     14.135861     14.135861     28.271723
     -3.440000     13.589446     13.589446     27.178893
     -3.420000     12.830727     12.830727     25.661454
     -3.400000     11.851869     11.851869     23.703737
     -3.380000     10.641293     10.641293     21.282586
     -3.360000      9.219588      9.219588     18.439176
     -3.340000      7.657077      7.657077     15.314154
     -3.320000      6.065775      6.065775     12.131549
     -3.300000      4.573411      4.573411      9.146822
     -3.280000      3.294912      3.294912      6.589824
     -3.260000      2.314860      2.314860      4.629720
     -3.240000      1.686177      1.686177      3.372355
     -3.220000      1.440930      1.440930      2.881859
     -3.200000      1.602932      1.602932      3.205864
     -3.180000      2.190906      2.190906      4.381813
     -3.160000      3.205615      3.205615      6.411230
     -3.140000      4.603392      4.603392      9.206784
     -3.120000      6.268763      6.268763     12.537525
     -3.100000      8.005105      8.005105     16.010211
     -3.080000      9.559337      9.559337     19.118674
     -3.060000     10.682338     10.682338     21.364675
     -3.040000     11.206462     11.206462     22.412925
     -3.020000     11.106312     11.106312     22.212623
     -3.000000     10.510426     10.510426     21.020853
     -2.980000      9.652531      9.652531     19.305061
     -2.960000      8.781473      8.781473     17.562946
     -2.940000      8.071419      8.071419     16.142838
     -2.920000      7.573998      7.573998     15.147997
     -2.900000      7.231272      7.231272     14.462544
     -2.880000      6.935960      6.935960     13.871920
     -2.860000      6.602427      6.602427     13.204854
     -2.840000      6.210978      6.210978     12.421956
     -2.820000      5.807649      5.807649     11.615297
     -2.800000      5.468385      5.468385     10.936769
     -2.780000      5.253899      5.253899     10.507799
     -2.760000      5.181037      5.181037     10.362074
     -2.740000      5.221728      5.221728     10.443457
     -2.720000      5.323214      5.323214     10.646428
     -2.700000      5.433863      5.433863     10.867727
     -2.680000      5.520804      5.520804     11.041607
     -2.660000      5.574135      5.574135     11.148270
     -2.640000      5.600729      5.600729     11.201458
     -2.620000      5.614135      5.614135     11.228270
     -2.600000      5.626182      5.626182     11.252365
     -2.580000      5.643049      5.643049     11.286098
     -2.560000      5.666266      5.666266     11.332533
     -2.540000      5.697856      5.697856     11.395712
     -2.520000      5.747952      5.747952     11.495904
     -2.500000      5.842019      5.842019     11.684038
     -2.480000      6.023373      6.023373     12.046746
     -2.460000      6.346349      6.346349     12.692698
     -2.440000      6.857777      6.857777     13.715555
     -2.420000      7.569785      7.569785     15.139570
     -2.400000      8.433579      8.433579     16.867158
     -2.380000      9.328119      9.328119     18.656238
     -2.360000     10.075624     10.075624     20.151249
     -2.340000     10.486290     10.486290     20.972580
     -2.320000     10.420390     10.420390     20.840779
     -2.300000      9.844078      9.844078     19.688157
     -2.280000      8.853503      8.853503     17.707006
     -2.260000      7.653271      7.653271     15.306542
     -2.240000      6.495170      6.495170     12.990340
     -2.220000      5.600779      5.600779     11.201558
     -2.200000      5.097983      5.097983     10.195966
     -2.180000      4.994134      4.994134      9.988269
     -2.160000      5.192904      5.192904     10.385807
     -2.140000      5.545619      5.545619     11.091237
     -2.120000      5.916879      5.916879     11.833757
     -2.100000      6.240502      6.240502     12.481004
     -2.080000      6.545347      6.545347     13.090694
     -2.060000      6.940332      6.940332     13.880664
     -2.040000      7.562199      7.562199     15.124397
     -2.020000      8.504370      8.504370     17.008739
     -2.000000      9.754955      9.754955     19.509909
     -1.980000     11.171304     11.171304     22.342609
     -1.960000     12.505825     12.505825     25.011650
     -1.940000     13.476987     13.476987     26.953974
     -1.920000     13.859431     13.859431     27.718862
     -1.900000     13.557631     13.557631     27.115262
     -1.880000     12.634245     12.634245     25.268490
     -1.860000     11.284503     11.284503     22.569006
     -1.840000      9.771564      9.771564     19.543127
     -1.820000      8.352344      8.352344     16.704688
     -1.800000      7.221894      7.221894     14.443787
     -1.780000      6.489577      6.489577     12.979154
     -1.760000      6.182634      6.182634     12.365268
     -1.740000      6.262795      6.262795     12.525590
     -1.720000      6.643377      6.643377     13.286755
     -1.700000      7.203156      7.203156     14.406313
     -1.680000      7.800973      7.800973     15.601946
     -1.660000      8.296197      8.296197     16.592393
     -1.640000      8.575225      8.575225     17.150450
     -1.620000      8.577741      8.577741     17.155482
     -1.600000      8.313072      8.313072     16.626143
     -1.580000      7.858640      7.858640     15.717280
     -1.560000      7.338511      7.338511     14.677023
     -1.540000      6.887727      6.887727     13.775455
     -1.520000      6.614173      6.614173     13.228345
     -1.500000      6.571037      6.571037     13.142074
     -1.480000      6.748435      6.748435     13.496871
     -1.460000      7.084472      7.084472     14.168944
     -1.440000      7.488447      7.488447     14.976894
     -1.420000      7.866001      7.866001     15.732003
     -1.400000      8.138438      8.138438     16.276876
     -1.380000      8.253314      8.253314     16.506628
     -1.360000      8.186950      8.186950     16.373900
     -1.340000      7.940503      7.940503     15.881007
     -1.320000      7.531435      7.531435     15.062870
     -1.300000      6.983394      6.983394     13.966788
     -1.280000      6.319094      6.319094     12.638189
     -1.260000      5.560104      5.560104     11.120208
     -1.240000      4.733507      4.733507      9.467015
     -1.220000      3.880631      3.880631      7.761261
     -1.200000      3.061477      3.061477      6.122954
     -1.180000      2.351770      2.351770      4.703539
     -1.160000      1.834660      1.834660      3.669320
     -1.140000      1.591624      1.591624      3.183248
     -1.120000      1.694721      1.694721      3.389442
     -1.100000      2.197790      2.197790      4.395580
     -1.080000      3.122275      3.122275      6.244550
     -1.060000      4.437337      4.437337      8.874674
     -1.040000      6.042062      6.042062     12.084123
     -1.020000      7.763978      7.763978     15.527957
     -1.000000      9.386252      9.386252     18.772505
     -0.980000     10.703774     10.703774     21.407548
     -0.960000     11.590966     11.590966     23.181932
     -0.940000     12.051874     12.051874     24.103747
     -0.920000     12.225413     12.225413     24.450825
     -0.900000     12.336971     12.336971     24.673941
     -0.880000     12.613010     12.613010     25.226021
     -0.860000     13.193631     13.193631     26.387263
     -0.840000     14.078928     14.078928     28.157856
     -0.820000     15.128914     15.128914     30.257828
     -0.800000     16.113731     16.113731     32.227461
     -0.780000     16.792629     16.792629     33.585258
     -0.760000     16.992876     16.992876     33.985752
     -0.740000     16.662533     16.662533     33.325067
     -0.720000     15.880527     15.880527     31.761054
     -0.700000     14.821198     14.821198     29.642396
     -0.680000     13.686644     13.686644     27.373287
     -0.660000     12.633734     12.633734     25.267467
     -0.640000     11.726372     11.726372     23.452744
     -0.620000     10.932647     10.932647     21.865293
     -0.600000     10.164663     10.164663     20.329327
     -0.580000      9.337967      9.337967     18.675934
     -0.560000      8.419946      8.419946     16.839891
     -0.540000      7.446295      7.446295     14.892590
     -0.520000      6.504107      6.504107     13.008213
     -0.500000      5.696720      5.696720     11.393440
     -0.480000      5.110653      5.110653     10.221307
     -0.460000      4.798868      4.798868      9.597735
     -0.440000      4.783447      4.783447      9.566893
     -0.420000      5.070736      5.070736     10.141471
     -0.400000      5.666449      5.666449     11.332897
     -0.380000      6.578584      6.578584     13.157168
     -0.360000      7.802577      7.802577     15.605154
     -0.340000      9.294324      9.294324     18.588648
     -0.320000     10.947358     10.947358     21.894715
     -0.300000     12.593159     12.593159     25.186318
     -0.280000     14.034238     14.034238     28.068477
     -0.260000     15.101645     15.101645     30.203290
     -0.240000     15.712621     15.712621     31.425243
     -0.220000     15.900856     15.900856     31.801711
     -0.200000     15.804110     15.804110     31.608221
     -0.180000     15.614431     15.614431     31.228862
     -0.160000     15.512571     15.512571     31.025141
     -0.140000     15.612591     15.612591     31.225182
     -0.120000     15.935292     15.935292     31.870585
     -0.100000     16.416180     16.416180     32.832360
     -0.080000     16.940921     16.940921     33.881843
     -0.060000     17.391940     17.391940     34.783879
     -0.040000     17.686224     17.686224     35.372448
     -0.020000     17.789076     17.789076     35.578153
      0.000000     17.701085     17.701085     35.402171
      0.020000     17.430324     17.430324     34.860647
      0.040000     16.969410     16.969410     33.938819
      0.060000     16.292391     16.292391     32.584783
      0.080000     15.372689     15.372689     30.745377
      0.100000     14.210083     14.210083     28.420166
      0.120000     12.850109     12.850109     25.700217
      0.140000     11.384569     11.384569     22.769138
      0.160000      9.932527      9.932527     19.865053
      0.180000      8.610476      8.610476     17.220952
      0.200000      7.504357      7.504357     15.008714
      0.220000      6.653969      6.653969     13.307938
      0.240000      6.054241      6.054241     12.108483
      0.260000      5.670703      5.670703     11.341407
      0.280000      5.461143      5.461143     10.922286
      0.300000      5.393602      5.393602     10.787205
      0.320000      5.453105      5.453105     10.906210
      0.340000      5.635034      5.635034     11.270068
      0.360000      5.929724      5.929724     11.859448
      0.380000      6.307474      6.307474     12.614948
      0.400000      6.713319      6.713319     13.426638
      0.420000      7.076042      7.076042     14.152084
      0.440000      7.328454      7.328454     14.656909
      0.460000      7.429884      7.429884     14.859769
      0.480000      7.380326      7.380326     14.760652
      0.500000      7.219332      7.219332     14.438664
      0.520000      7.009391      7.009391     14.018782
      0.540000      6.810010      6.810010     13.620019
      0.560000      6.652555      6.652555     13.305110
      0.580000      6.526045      6.526045     13.052090
      0.600000      6.380460      6.380460     12.760920
      0.620000      6.147628      6.147628     12.295255
      0.640000      5.772339      5.772339     11.544677
      0.660000      5.241191      5.241191     10.482382
      0.680000      4.596728      4.596728      9.193456
      0.700000      3.930379      3.930379      7.860758
      0.720000      3.356844      3.356844      6.713689
      0.740000      2.980190      2.980190      5.960380
      0.760000      2.864238      2.864238      5.728476
      0.780000      3.016399      3.016399      6.032797
      0.800000      3.387668      3.387668      6.775336
      0.820000      3.885967      3.885967      7.771933
      0.840000      4.397757      4.397757      8.795514
      0.860000      4.813539      4.813539      9.627077
      0.880000      5.053983      5.053983     10.107966
      0.900000      5.092887      5.092887     10.185773
      0.920000      4.970710      4.970710      9.941419
      0.940000      4.790875      4.790875      9.581750
      0.960000      4.693619      4.693619      9.387237
      0.980000      4.810148      4.810148      9.620295
      1.000000      5.210416      5.210416     10.420833
      1.020000      5.865156      5.865156     11.730311
      1.040000      6.641304      6.641304     13.282609
      1.060000      7.338056      7.338056     14.676113
      1.080000      7.752713      7.752713     15.505426
      1.100000      7.750499      7.750499     15.500999
      1.120000      7.309476      7.309476     14.618951
      1.140000      6.523473      6.523473     13.046946
      1.160000      5.566349      5.566349     11.132698
      1.180000      4.637845      4.637845      9.275690
      1.200000      3.915427      3.915427      7.830854
      1.220000      3.526956      3.526956      7.053913
      1.240000      3.543875      3.543875      7.087749
      1.260000      3.984311      3.984311      7.968622
      1.280000      4.815769      4.815769      9.631539
      1.300000      5.955600      5.955600     11.911201
      1.320000      7.276383      7.276383     14.552767
      1.340000      8.624734      8.624734     17.249468
      1.360000      9.853838      9.853838     19.707677
      1.380000     10.857816     10.857816     21.715631
      1.400000     11.589819     11.589819     23.179638
      1.420000     12.052397     12.052397     24.104794
      1.440000     12.265344     12.265344     24.530688
      1.460000     12.231699     12.231699     24.463399
      1.480000     11.924741     11.924741     23.849482
      1.500000     11.305202     11.305202     22.610404
      1.520000     10.357590     10.357590     20.715181
      1.540000      9.121777      9.121777     18.243554
      1.560000      7.699467      7.699467     15.398933
      1.580000      6.231544      6.231544     12.463088
      1.600000      4.859818      4.859818      9.719635
      1.620000      3.694029      3.694029      7.388059
      1.640000      2.798907      2.798907      5.597815
      1.660000      2.202210      2.202210      4.404419
      1.680000      1.912523      1.912523      3.825046
      1.700000      1.931672      1.931672      3.863343
      1.720000      2.251964      2.251964      4.503928
      1.740000      2.839327      2.839327      5.678653
      1.760000      3.613892      3.613892      7.227784
      1.780000      4.444251      4.444251      8.888502
      1.800000      5.167116      5.167116     10.334232
      1.820000      5.631474      5.631474     11.262949
      1.840000      5.751554      5.751554     11.503107
      1.860000      5.544856      5.544856     11.089712
      1.880000      5.135976      5.135976     10.271951
      1.900000      4.722009      4.722009      9.444019
      1.920000      4.512234      4.512234      9.024468
      1.940000      4.664031      4.664031      9.328062
      1.960000      5.235584      5.235584     10.471169
      1.980000      6.167497      6.167497     12.334995
      2.000000      7.296179      7.296179     14.592357
      2.020000      8.394562      8.394562     16.789124
      2.040000      9.229795      9.229795     18.459589
      2.060000      9.622476      9.622476     19.244952
      2.080000      9.490163      9.490163     18.980325
      2.100000      8.862464      8.862464     17.724928
      2.120000      7.865964      7.865964     15.731928
      2.140000      6.689007      6.689007     13.378013
      2.160000      5.541990      5.541990     11.083980
      2.180000      4.625232      4.625232      9.250465
      2.200000      4.107307      4.107307      8.214615
      2.220000      4.109134      4.109134      8.218268
      2.240000      4.688196      4.688196      9.376392
      2.260000      5.822653      5.822653     11.645306
      2.280000      7.401843      7.401843     14.803685
      2.300000      9.232234      9.232234     18.464469
      2.320000     11.063965     11.063965     22.127931
      2.340000     12.634943     12.634943     25.269885
      2.360000     13.721918     13.721918     27.443836
      2.380000     14.184882     14.184882     28.369764
      2.400000     13.993403     13.993403     27.986807
      2.420000     13.229233     13.229233     26.458465
      2.440000     12.066066     12.066066     24.132133
      2.460000     10.732726     10.732726     21.465451
      2.480000      9.468876      9.468876     18.937752
      2.500000      8.482108      8.482108     16.964216
      2.520000      7.912549      7.912549     15.825097
      2.540000      7.808563      7.808563     15.617127
      2.560000      8.116804      8.116804     16.233609
      2.580000      8.691273      8.691273     17.382546
      2.600000      9.325367      9.325367     18.650735
      2.620000      9.804393      9.804393     19.608785
      2.640000      9.964989      9.964989     19.929979
      2.660000      9.739738      9.739738     19.479477
      2.680000      9.167882      9.167882     18.335763
      2.700000      8.367914      8.367914     16.735828
      2.720000      7.486416      7.486416     14.972833
      2.740000      6.647903      6.647903     13.295807
      2.760000      5.926345      5.926345     11.852690
      2.780000      5.344515      5.344515     10.689030
      2.800000      4.892804      4.892804      9.785609
      2.820000      4.553017      4.553017      9.106034
      2.840000      4.315897      4.315897      8.631794
      2.860000      4.188450      4.188450      8.376900
      2.880000      4.192428      4.192428      8.384855
      2.900000      4.356185      4.356185      8.712371
      2.920000      4.700674      4.700674      9.401347
      2.940000      5.220662      5.220662     10.441325
      2.960000      5.866347      5.866347     11.732693
      2.980000      6.535604      6.535604     13.071207
      3.000000      7.087579      7.087579     14.175157
      3.020000      7.380142      7.380142     14.760284
      3.040000      7.319985      7.319985     14.639970
      3.060000      6.903708      6.903708     13.807415
      3.080000      6.229603      6.229603     12.459205
      3.100000      5.473210      5.473210     10.946420
      3.120000      4.836419      4.836419      9.672838
      3.140000      4.489564      4.489564      8.979128
      3.160000      4.524882      4.524882      9.049764
      3.180000      4.932475      4.932475      9.864950
      3.200000      5.603054      5.603054     11.206108
      3.220000      6.357146      6.357146     12.714292
      3.240000      6.995193      6.995193     13.990385
      3.260000      7.355136      7.355136     14.710272
      3.280000      7.357638      7.357638     14.715276
      3.300000      7.020884      7.020884     14.041768
      3.320000      6.439596      6.439596     12.879192
      3.340000      5.740129      5.740129     11.480258
      3.360000      5.034410      5.034410     10.068820
      3.380000      4.393119      4.393119      8.786237
      3.400000      3.845503      3.845503      7.691005
      3.420000      3.398844      3.398844      6.797689
      3.440000      3.063090      3.063090      6.126180
      3.460000      2.867446      2.867446      5.734892
      3.480000      2.862224      2.862224      5.724447
      3.500000      3.105899      3.105899      6.211799
      3.520000      3.641799      3.641799      7.283597
      3.540000      4.471365      4.471365      8.942730
      3.560000      5.532948      5.532948     11.065896
      3.580000      6.696077      6.696077     13.392155
      3.600000      7.778928      7.778928     15.557855
      3.620000      8.589007      8.589007     17.178013
      3.640000      8.975693      8.975693     17.951387
      3.660000      8.874462      8.874462     17.748924
      3.680000      8.323544      8.323544     16.647088
      3.700000      7.445883      7.445883     14.891765
      3.720000      6.405852      6.405852     12.811704
      3.740000      5.360975      5.360975     10.721951
      3.760000      4.427615      4.427615      8.855231
      3.780000      3.668959      3.668959      7.337918
      3.800000      3.101742      3.101742      6.203484
      3.820000      2.712172      2.712172      5.424343
      3.840000      2.472659      2.472659      4.945317
      3.860000      2.355657      2.355657      4.711314
      3.880000      2.344570      2.344570      4.689139
      3.900000      2.442212      2.442212      4.884425
      3.920000      2.675446      2.675446      5.350892
      3.940000      3.092497      3.092497      6.184995
      3.960000      3.749300      3.749300      7.498601
      3.980000      4.684225      4.684225      9.368451
      4.000000      5.886695      5.886695     11.773390
      4.020000      7.272029      7.272029     14.544058
      4.040000      8.677786      8.677786     17.355572
      4.060000      9.891432      9.891432     19.782864
      4.080000     10.705288     10.705288     21.410576
      4.100000     10.979093     10.979093     21.958186
      4.120000     10.683386     10.683386     21.366771
      4.140000      9.904481      9.904481     19.808963
      4.160000      8.810415      8.810415     17.620830
      4.180000      7.595302      7.595302     15.190603
      4.200000      6.426500      6.426500     12.852999
      4.220000      5.412579      5.412579     10.825157
      4.240000      4.597029      4.597029      9.194058
      4.260000      3.971736      3.971736      7.943472
      4.280000      3.499960      3.499960      6.999920
      4.300000      3.139815      3.139815      6.279630
      4.320000      2.862456      2.862456      5.724912
      4.340000      2.662072      2.662072      5.324144
      4.360000      2.557006      2.557006      5.114012
      4.380000      2.583275      2.583275      5.166551
      4.400000      2.783231      2.783231      5.566462
      4.420000      3.192603      3.192603      6.385206
      4.440000      3.828574      3.828574      7.657147
      4.460000      4.680598      4.680598      9.361196
      4.480000      5.705133      5.705133     11.410265
      4.500000      6.825445      6.825445     13.650890
      4.520000      7.937676      7.937676     15.875353
      4.540000      8.923879      8.923879     17.847757
      4.560000      9.671571      9.671571     19.343142
      4.580000     10.097484     10.097484     20.194969
      4.600000     10.170623     10.170623     20.341245
      4.620000      9.927509      9.927509     19.855017
      4.640000      9.472079      9.472079     18.944158
      4.660000      8.955666      8.955666     17.911333
      4.680000      8.538658      8.538658     17.077315
      4.700000      8.342728      8.342728     16.685456
      4.720000      8.408303      8.408303     16.816606
      4.740000      8.673528      8.673528     17.347055
      4.760000      8.986502      8.986502     17.973004
      4.780000      9.151420      9.151420     18.302840
      4.800000      8.994562      8.994562     17.989123
      4.820000      8.425085      8.425085     16.850170
      4.840000      7.465847      7.465847     14.931695
      4.860000      6.242678      6.242678     12.485357
      4.880000      4.939745      4.939745      9.879490
      4.900000      3.742499      3.742499      7.484999
      4.920000      2.790971      2.790971      5.581942
      4.940000      2.156413      2.156413      4.312827
      4.960000      1.841499      1.841499      3.682998
      4.980000      1.796033      1.796033      3.592065
      5.000000      1.938818      1.938818      3.877636
      5.020000      2.179269      2.179269      4.358538
      5.040000      2.435579      2.435579      4.871159
      5.060000      2.647788      2.647788      5.295576
      5.080000      2.784420      2.784420      5.568841
      5.100000      2.842002      2.842002      5.684005
      5.120000      2.838283      2.838283      5.676566
      5.140000      2.801800      2.801800      5.603601
      5.160000      2.761415      2.761415      5.522831
      5.180000      2.739110      2.739110      5.478221
      5.200000      2.748080      2.748080      5.496160
      5.220000      2.796538      2.796538      5.593077
      5.240000      2.895976      2.895976      5.791952
      5.260000      3.070723      3.070723      6.141446
      5.280000      3.363814      3.363814      6.727627
      5.300000      3.833380      3.833380      7.666760
      5.320000      4.535687      4.535687      9.071375
      5.340000      5.496333      5.496333     10.992666
      5.360000      6.678720      6.678720     13.357441
      5.380000      7.964827      7.964827     15.929654
      5.400000      9.162844      9.162844     18.325688
      5.420000     10.047073     10.047073     20.094145
      5.440000     10.420345     10.420345     20.840690
      5.460000     10.175964     10.175964     20.351929
      5.480000      9.333297      9.333297     18.666594
      5.500000      8.031933      8.031933     16.063865
      5.520000      6.488347      6.488347     12.976694
      5.540000      4.935454      4.935454      9.870909
      5.560000      3.570149      3.570149      7.140299
      5.580000      2.525690      2.525690      5.051380
      5.600000      1.870960      1.870960      3.741921
      5.620000      1.626279      1.626279      3.252559
      5.640000      1.781384      1.781384      3.562769
      5.660000      2.305767      2.305767      4.611534
      5.680000      3.150629      3.150629      6.301258
      5.700000      4.249408      4.249408      8.498815
      5.720000      5.525265      5.525265     11.050529
      5.740000      6.907881      6.907881     13.815761
      5.760000      8.351987      8.351987     16.703975
      5.780000      9.843775      9.843775     19.687550
      5.800000     11.384898     11.384898     22.769796
      5.820000     12.957197     12.957197     25.914393
      5.840000     14.486298     14.486298     28.972595
      5.860000     15.827975     15.827975     31.655951
      5.880000     16.791826     16.791826     33.583652
      5.900000     17.197164     17.197164     34.394328
      5.920000     16.938091     16.938091     33.876183
      5.940000     16.029194     16.029194     32.058388
      5.960000     14.612780     14.612780     29.225560
      5.980000     12.926200     12.926200     25.852401
      6.000000     11.243385     11.243385     22.486770
      6.020000      9.811025      9.811025     19.622050
      6.040000      8.796562      8.796562     17.593125
      6.060000      8.257431      8.257431     16.514862
      6.080000      8.134737      8.134737     16.269473
      6.100000      8.271928      8.271928     16.543857
      6.120000      8.457268      8.457268     16.914536
      6.140000      8.484025      8.484025     16.968050
      6.160000      8.214010      8.214010     16.428021
      6.180000      7.623365      7.623365     15.246730
      6.200000      6.811230      6.811230     13.622459
      6.220000      5.964324      5.964324     11.928648
      6.240000      5.288420      5.288420     10.576841
      6.260000      4.932030      4.932030      9.864059
      6.280000      4.931224      4.931224      9.862447
      6.300000      5.196269      5.196269     10.392538
      6.320000      5.544637      5.544637     11.089273
      6.340000      5.767204      5.767204     11.534409
      6.360000      5.701584      5.701584     11.403168
      6.380000      5.284005      5.284005     10.568011
      6.400000      4.561191      4.561191      9.122382
      6.420000      3.662192      3.662192      7.324385
      6.440000      2.747763      2.747763      5.495526
      6.460000      1.962138      1.962138      3.924277
      6.480000      1.406028      1.406028      2.812056
      6.500000      1.135374      1.135374      2.270749
      6.520000      1.176953      1.176953      2.353907
      6.540000      1.545704      1.545704      3.091409
      6.560000      2.250839      2.250839      4.501677
      6.580000      3.285479      3.285479      6.570958
      6.600000      4.604157      4.604157      9.208314
      6.620000      6.100642      6.100642     12.201284
      6.640000      7.601967      7.601967     15.203935
      6.660000      8.890211      8.890211     17.780423
      6.680000      9.751360      9.751360     19.502719
      6.700000     10.035506     10.035506     20.071011
      6.720000      9.703589      9.703589     19.407179
      6.740000      8.839700      8.839700     17.679400
      6.760000      7.623627      7.623627     15.247255
      6.780000      6.276744      6.276744     12.553488
      6.800000      5.004664      5.004664     10.009328
      6.820000      3.957745      3.957745      7.915490
      6.840000      3.218888      3.218888      6.437777
      6.860000      2.815131      2.815131      5.630263
      6.880000      2.741240      2.741240      5.482480
      6.900000      2.981623      2.981623      5.963247
      6.920000      3.519956      3.519956      7.039913
      6.940000      4.332204      4.332204      8.664407
      6.960000      5.366906      5.366906     10.733812
      6.980000      6.524563      6.524563     13.049126
      7.000000      7.651919      7.651919     15.303838
      7.020000      8.562941      8.562941     17.125882
      7.040000      9.085781      9.085781     18.171561
      7.060000      9.119575      9.119575     18.239150
      7.080000      8.675997      8.675997     17.351994
      7.100000      7.884687      7.884687     15.769374
      7.120000      6.957452      6.957452     13.914904
      7.140000      6.124112      6.124112     12.248224
      7.160000      5.563413      5.563413     11.126826
      7.180000      5.352037      5.352037     10.704075
      7.200000      5.446794      5.446794     10.893587
      7.220000      5.704491      5.704491     11.408982
      7.240000      5.933350      5.933350     11.866699
      7.260000      5.959939      5.959939     11.919878
      7.280000      5.689184      5.689184     11.378368
      7.300000      5.136242      5.136242     10.272484
      7.320000      4.419720      4.419720      8.839440
      7.340000      3.721240      3.721240      7.442479
      7.360000      3.228350      3.228350      6.456701
      7.380000      3.080459      3.080459      6.160917
      7.400000      3.332124      3.332124      6.664248
      7.420000      3.940767      3.940767      7.881534
      7.440000      4.780560      4.780560      9.561119
      7.460000      5.679840      5.679840     11.359680
      7.480000      6.472610      6.472610     12.945221
      7.500000      7.046577      7.046577     14.093154
      7.520000      7.367435      7.367435     14.734870
      7.540000      7.467861      7.467861     14.935722
      7.560000      7.407989      7.407989     14.815978
      7.580000      7.230740      7.230740     14.461481
      7.600000      6.938136      6.938136     13.876272
      7.620000      6.500817      6.500817     13.001634
      7.640000      5.891918      5.891918     11.783836
      7.660000      5.122570      5.122570     10.245141
      7.680000      4.258029      4.258029      8.516059
      7.700000      3.407570      3.407570      6.815140
      7.720000      2.696961      2.696961      5.393921
      7.740000      2.239560      2.239560      4.479121
      7.760000      2.118211      2.118211      4.236423
      7.780000      2.380145      2.380145      4.760290
      7.800000      3.038733      3.038733      6.077466
      7.820000      4.074280      4.074280      8.148560
      7.840000      5.431078      5.431078     10.862156
      7.860000      7.015034      7.015034     14.030068
      7.880000      8.699576      8.699576     17.399152
      7.900000     10.343862     10.343862     20.687723
      7.920000     11.818632     11.818632     23.637265
      7.940000     13.027832     13.027832     26.055663
      7.960000     13.914831     13.914831     27.829662
      7.980000     14.451472     14.451472     28.902945
      8.000000     14.619707     14.619707     29.239414
      8.020000     14.400512     14.400512     28.801025
      8.040000     13.779099     13.779099     27.558198
      8.060000     12.763547     12.763547     25.527095
      8.080000     11.404736     11.404736     22.809471
      8.100000      9.804766      9.804766     19.609531
      8.120000      8.108186      8.108186     16.216372
      8.140000      6.479330      6.479330     12.958661
      8.160000      5.074338      5.074338     10.148676
      8.180000      4.016302      4.016302      8.032604
      8.200000      3.378578      3.378578      6.757157
      8.220000      3.177885      3.177885      6.355770
      8.240000      3.376985      3.376985      6.753971
      8.260000      3.895944      3.895944      7.791888
      8.280000      4.629793      4.629793      9.259587
      8.300000      5.468537      5.468537     10.937074
      8.320000      6.314081      6.314081     12.628161
      8.340000      7.089718      7.089718     14.179436
      8.360000      7.741563      7.741563     15.483125
      8.380000      8.235784      8.235784     16.471568
      8.400000      8.557447      8.557447     17.114894
      8.420000      8.714331      8.714331     17.428663
      8.440000      8.743498      8.743498     17.486996
      8.460000      8.713477      8.713477     17.426954
      8.480000      8.714637      8.714637     17.429273
      8.500000      8.835925      8.835925     17.671851
      8.520000      9.134963      9.134963     18.269925
      8.540000      9.614957      9.614957     19.229913
      8.560000     10.221189     10.221189     20.442379
      8.580000     10.861058     10.861058     21.722116
      8.600000     11.439415     11.439415     22.878830
      8.620000     11.892573     11.892573     23.785147
      8.640000     12.205215     12.205215     24.410430
      8.660000     12.404144     12.404144     24.808288
      8.680000     12.535212     12.535212     25.070423
      8.700000     12.637353     12.637353     25.274707
      8.720000     12.726630     12.726630     25.453259
      8.740000     12.795650     12.795650     25.591299
      8.760000     12.825275     12.825275     25.650550
      8.780000     12.800652     12.800652     25.601303
      8.800000     12.723174     12.723174     25.446349
      8.820000     12.612509     12.612509     25.225017
      8.840000     12.496998     12.496998     24.993996
      8.860000     12.396319     12.396319     24.792638
      8.880000     12.305668     12.305668     24.611336
      8.900000     12.192508     12.192508     24.385015
      8.920000     12.011734     12.011734     24.023468
      8.940000     11.734192     11.734192     23.468385
      8.960000     11.373348     11.373348     22.746697
      8.980000     10.993326     10.993326     21.986652
      9.000000     10.690758     10.690758     21.381516
      9.020000     10.557538     10.557538     21.115077
      9.040000     10.642096     10.642096     21.284193
      9.060000     10.927031     10.927031     21.854062
      9.080000     11.332199     11.332199     22.664399
      9.100000     11.741081     11.741081     23.482161
      9.120000     12.040247     12.040247     24.080494
      9.140000     12.158371     12.158371     24.316742
      9.160000     12.090965     12.090965     24.181930
      9.180000     11.899926     11.899926     23.799853
      9.200000     11.684804     11.684804     23.369607
      9.220000     11.535638     11.535638     23.071276
      9.240000     11.489513     11.489513     22.979025
      9.260000     11.515251     11.515251     23.030503
      9.280000     11.537741     11.537741     23.075481
      9.300000     11.490376     11.490376     22.980751
      9.320000     11.365499     11.365499     22.730997
      9.340000     11.231659     11.231659     22.463318
      9.360000     11.205142     11.205142     22.410283
      9.380000     11.389975     11.389975     22.779950
      9.400000     11.818644     11.818644     23.637289
      9.420000     12.424513     12.424513     24.849026
      9.440000     13.058915     13.058915     26.117830
      9.460000     13.543114     13.543114     27.086227
      9.480000     13.730561     13.730561     27.461123
      9.500000     13.553797     13.553797     27.107593
      9.520000     13.040214     13.040214     26.080428
      9.540000     12.295052     12.295052     24.590104
      9.560000     11.462064     11.462064     22.924129
      9.580000     10.679010     10.679010     21.358021
      9.600000     10.045043     10.045043     20.090086
      9.620000      9.610458      9.610458     19.220915
      9.640000      9.388362      9.388362     18.776725
      9.660000      9.377271      9.377271     18.754543
      9.680000      9.578998      9.578998     19.157996
      9.700000     10.000528     10.000528     20.001056
      9.720000     10.639580     10.639580     21.279159
      9.740000     11.464581     11.464581     22.929162
      9.760000     12.403817     12.403817     24.807634
      9.780000     13.352992     13.352992     26.705983
      9.800000     14.199286     14.199286     28.398573
      9.820000     14.850642     14.850642     29.701283
      9.840000     15.257249     15.257249     30.514497
      9.860000     15.418196     15.418196     30.836393
      9.880000     15.374486     15.374486     30.748972
      9.900000     15.194264     15.194264     30.388528
      9.920000     14.955386     14.955386     29.910771
      9.940000     14.727634     14.727634     29.455268
      9.960000     14.556381     14.556381     29.112761
      9.980000     14.451669     14.451669     28.903338
     10.000000     14.388204     14.388204     28.776407
