# EIG2DOS: Utility for SIESTA to obtain the electronic density of states
#  E. Artacho, Apr 1999, A. Garcia, Apr 2012
# ------------------------------------------
# Eigenvalues read from GRP_doping.EIG
# Using smearing parameter:   0.100
# Using   1001 points in energy range
# Selected bands: 1 to: 936
# Emin, emax in file for selected band(s):    -23.7258100    205.0163800
# Nbands, Nspin, Nk   =    936     1   231
# E_F                 =    -5.9636 eV --> (shifted to ZERO)
# Broadening          =     0.1000 eV
#
#        E            N(up)  (=)   N(down)         Ntot
    -10.000000      5.657377      5.657377     11.314753
     -9.980000      5.695406      5.695406     11.390813
     -9.960000      5.727010      5.727010     11.454021
     -9.940000      5.742958      5.742958     11.485917
     -9.920000      5.738568      5.738568     11.477136
     -9.900000      5.719756      5.719756     11.439513
     -9.880000      5.705720      5.705720     11.411439
     -9.860000      5.725768      5.725768     11.451536
     -9.840000      5.810066      5.810066     11.620132
     -9.820000      5.976874      5.976874     11.953747
     -9.800000      6.221249      6.221249     12.442499
     -9.780000      6.510851      6.510851     13.021702
     -9.760000      6.792604      6.792604     13.585208
     -9.740000      7.009627      7.009627     14.019253
     -9.720000      7.122480      7.122480     14.244961
     -9.700000      7.125401      7.125401     14.250802
     -9.680000      7.049222      7.049222     14.098445
     -9.660000      6.948544      6.948544     13.897088
     -9.640000      6.878551      6.878551     13.757102
     -9.620000      6.872267      6.872267     13.744534
     -9.600000      6.928681      6.928681     13.857361
     -9.580000      7.016354      7.016354     14.032708
     -9.560000      7.089335      7.089335     14.178671
     -9.540000      7.106848      7.106848     14.213697
     -9.520000      7.047784      7.047784     14.095569
     -9.500000      6.914826      6.914826     13.829651
     -9.480000      6.728378      6.728378     13.456757
     -9.460000      6.514626      6.514626     13.029252
     -9.440000      6.293640      6.293640     12.587281
     -9.420000      6.072726      6.072726     12.145452
     -9.400000      5.847673      5.847673     11.695347
     -9.380000      5.611125      5.611125     11.222249
     -9.360000      5.363736      5.363736     10.727471
     -9.340000      5.121858      5.121858     10.243717
     -9.320000      4.916542      4.916542      9.833084
     -9.300000      4.782902      4.782902      9.565804
     -9.280000      4.744395      4.744395      9.488790
     -9.260000      4.799933      4.799933      9.599865
     -9.240000      4.920883      4.920883      9.841765
     -9.220000      5.059990      5.059990     10.119981
     -9.200000      5.168153      5.168153     10.336306
     -9.180000      5.211224      5.211224     10.422449
     -9.160000      5.179633      5.179633     10.359265
     -9.140000      5.087846      5.087846     10.175693
     -9.120000      4.965838      4.965838      9.931675
     -9.100000      4.847801      4.847801      9.695601
     -9.080000      4.763107      4.763107      9.526213
     -9.060000      4.731713      4.731713      9.463427
     -9.040000      4.763217      4.763217      9.526435
     -9.020000      4.857337      4.857337      9.714674
     -9.000000      5.004254      5.004254     10.008507
     -8.980000      5.184900      5.184900     10.369799
     -8.960000      5.372454      5.372454     10.744908
     -8.940000      5.536220      5.536220     11.072440
     -8.920000      5.647832      5.647832     11.295665
     -8.900000      5.688211      5.688211     11.376423
     -8.880000      5.652793      5.652793     11.305586
     -8.860000      5.552859      5.552859     11.105718
     -8.840000      5.412262      5.412262     10.824524
     -8.820000      5.260714      5.260714     10.521427
     -8.800000      5.126160      5.126160     10.252320
     -8.780000      5.028810      5.028810     10.057621
     -8.760000      4.978291      4.978291      9.956583
     -8.740000      4.973827      4.973827      9.947654
     -8.720000      5.006280      5.006280     10.012560
     -8.700000      5.060768      5.060768     10.121537
     -8.680000      5.119159      5.119159     10.238319
     -8.660000      5.162532      5.162532     10.325065
     -8.640000      5.174011      5.174011     10.348022
     -8.620000      5.142118      5.142118     10.284236
     -8.600000      5.064092      5.064092     10.128184
     -8.580000      4.947921      4.947921      9.895842
     -8.560000      4.811687      4.811687      9.623374
     -8.540000      4.679513      4.679513      9.359026
     -8.520000      4.574841      4.574841      9.149681
     -8.500000      4.513288      4.513288      9.026577
     -8.480000      4.498018      4.498018      8.996036
     -8.460000      4.519816      4.519816      9.039632
     -8.440000      4.562154      4.562154      9.124307
     -8.420000      4.609230      4.609230      9.218460
     -8.400000      4.653648      4.653648      9.307296
     -8.380000      4.700577      4.700577      9.401153
     -8.360000      4.766923      4.766923      9.533846
     -8.340000      4.876123      4.876123      9.752246
     -8.320000      5.050568      5.050568     10.101136
     -8.300000      5.303906      5.303906     10.607812
     -8.280000      5.634957      5.634957     11.269915
     -8.260000      6.024568      6.024568     12.049136
     -8.240000      6.436623      6.436623     12.873246
     -8.220000      6.824069      6.824069     13.648139
     -8.200000      7.139464      7.139464     14.278928
     -8.180000      7.347509      7.347509     14.695018
     -8.160000      7.435396      7.435396     14.870792
     -8.140000      7.416868      7.416868     14.833735
     -8.120000      7.327978      7.327978     14.655956
     -8.100000      7.215672      7.215672     14.431345
     -8.080000      7.123094      7.123094     14.246188
     -8.060000      7.076893      7.076893     14.153787
     -8.040000      7.081246      7.081246     14.162492
     -8.020000      7.120836      7.120836     14.241671
     -8.000000      7.171413      7.171413     14.342826
     -7.980000      7.213055      7.213055     14.426110
     -7.960000      7.239770      7.239770     14.479540
     -7.940000      7.260759      7.260759     14.521518
     -7.920000      7.292888      7.292888     14.585776
     -7.900000      7.348515      7.348515     14.697030
     -7.880000      7.425122      7.425122     14.850243
     -7.860000      7.502043      7.502043     15.004086
     -7.840000      7.545839      7.545839     15.091679
     -7.820000      7.521730      7.521730     15.043459
     -7.800000      7.406133      7.406133     14.812266
     -7.780000      7.195509      7.195509     14.391017
     -7.760000      6.908778      6.908778     13.817556
     -7.740000      6.583244      6.583244     13.166488
     -7.720000      6.265911      6.265911     12.531823
     -7.700000      6.002898      6.002898     12.005795
     -7.680000      5.829465      5.829465     11.658931
     -7.660000      5.762645      5.762645     11.525289
     -7.640000      5.797924      5.797924     11.595848
     -7.620000      5.910978      5.910978     11.821957
     -7.600000      6.064509      6.064509     12.129017
     -7.580000      6.218714      6.218714     12.437429
     -7.560000      6.342302      6.342302     12.684605
     -7.540000      6.420279      6.420279     12.840557
     -7.520000      6.455964      6.455964     12.911928
     -7.500000      6.467193      6.467193     12.934385
     -7.480000      6.478986      6.478986     12.957972
     -7.460000      6.515746      6.515746     13.031492
     -7.440000      6.595097      6.595097     13.190194
     -7.420000      6.724112      6.724112     13.448224
     -7.400000      6.897931      6.897931     13.795862
     -7.380000      7.100830      7.100830     14.201661
     -7.360000      7.309794      7.309794     14.619589
     -7.340000      7.500003      7.500003     15.000005
     -7.320000      7.650648      7.650648     15.301296
     -7.300000      7.749094      7.749094     15.498188
     -7.280000      7.792132      7.792132     15.584264
     -7.260000      7.784537      7.784537     15.569075
     -7.240000      7.736278      7.736278     15.472555
     -7.220000      7.659887      7.659887     15.319775
     -7.200000      7.568853      7.568853     15.137706
     -7.180000      7.476995      7.476995     14.953990
     -7.160000      7.398231      7.398231     14.796462
     -7.140000      7.345876      7.345876     14.691751
     -7.120000      7.330792      7.330792     14.661584
     -7.100000      7.358363      7.358363     14.716726
     -7.080000      7.425306      7.425306     14.850612
     -7.060000      7.518211      7.518211     15.036422
     -7.040000      7.615551      7.615551     15.231102
     -7.020000      7.693446      7.693446     15.386893
     -7.000000      7.733382      7.733382     15.466764
     -6.980000      7.728599      7.728599     15.457198
     -6.960000      7.686070      7.686070     15.372140
     -6.940000      7.622918      7.622918     15.245835
     -6.920000      7.558830      7.558830     15.117659
     -6.900000      7.508096      7.508096     15.016193
     -6.880000      7.475133      7.475133     14.950266
     -6.860000      7.455598      7.455598     14.911196
     -6.840000      7.442285      7.442285     14.884570
     -6.820000      7.432370      7.432370     14.864740
     -6.800000      7.431744      7.431744     14.863488
     -6.780000      7.453628      7.453628     14.907256
     -6.760000      7.511821      7.511821     15.023642
     -6.740000      7.612136      7.612136     15.224272
     -6.720000      7.746862      7.746862     15.493725
     -6.700000      7.895587      7.895587     15.791174
     -6.680000      8.032138      8.032138     16.064277
     -6.660000      8.133996      8.133996     16.267992
     -6.640000      8.189378      8.189378     16.378756
     -6.620000      8.198936      8.198936     16.397871
     -6.600000      8.172214      8.172214     16.344428
     -6.580000      8.121686      8.121686     16.243371
     -6.560000      8.057762      8.057762     16.115524
     -6.540000      7.986841      7.986841     15.973682
     -6.520000      7.912307      7.912307     15.824614
     -6.500000      7.836775      7.836775     15.673549
     -6.480000      7.763558      7.763558     15.527116
     -6.460000      7.696321      7.696321     15.392641
     -6.440000      7.637336      7.637336     15.274673
     -6.420000      7.585761      7.585761     15.171522
     -6.400000      7.537139      7.537139     15.074277
     -6.380000      7.484340      7.484340     14.968680
     -6.360000      7.419275      7.419275     14.838551
     -6.340000      7.334820      7.334820     14.669639
     -6.320000      7.227090      7.227090     14.454180
     -6.300000      7.098442      7.098442     14.196885
     -6.280000      6.960576      6.960576     13.921153
     -6.260000      6.835631      6.835631     13.671263
     -6.240000      6.752761      6.752761     13.505521
     -6.220000      6.739511      6.739511     13.479023
     -6.200000      6.810793      6.810793     13.621586
     -6.180000      6.961040      6.961040     13.922080
     -6.160000      7.165092      7.165092     14.330183
     -6.140000      7.389631      7.389631     14.779261
     -6.120000      7.611368      7.611368     15.222735
     -6.100000      7.833610      7.833610     15.667219
     -6.080000      8.092192      8.092192     16.184384
     -6.060000      8.445793      8.445793     16.891586
     -6.040000      8.952639      8.952639     17.905279
     -6.020000      9.642112      9.642112     19.284223
     -6.000000     10.492557     10.492557     20.985114
     -5.980000     11.424591     11.424591     22.849181
     -5.960000     12.313565     12.313565     24.627129
     -5.940000     13.018339     13.018339     26.036677
     -5.920000     13.418174     13.418174     26.836348
     -5.900000     13.446716     13.446716     26.893431
     -5.880000     13.112230     13.112230     26.224460
     -5.860000     12.497014     12.497014     24.994028
     -5.840000     11.735811     11.735811     23.471622
     -5.820000     10.980906     10.980906     21.961813
     -5.800000     10.366544     10.366544     20.733087
     -5.780000      9.984306      9.984306     19.968612
     -5.760000      9.874665      9.874665     19.749329
     -5.740000     10.031953     10.031953     20.063906
     -5.720000     10.415580     10.415580     20.831161
     -5.700000     10.961400     10.961400     21.922800
     -5.680000     11.591709     11.591709     23.183419
     -5.660000     12.225988     12.225988     24.451976
     -5.640000     12.794018     12.794018     25.588035
     -5.620000     13.249240     13.249240     26.498480
     -5.600000     13.576739     13.576739     27.153478
     -5.580000     13.790831     13.790831     27.581661
     -5.560000     13.922228     13.922228     27.844456
     -5.540000     14.000840     14.000840     28.001679
     -5.520000     14.042915     14.042915     28.085829
     -5.500000     14.048541     14.048541     28.097082
     -5.480000     14.009277     14.009277     28.018554
     -5.460000     13.920255     13.920255     27.840510
     -5.440000     13.789652     13.789652     27.579304
     -5.420000     13.641192     13.641192     27.282384
     -5.400000     13.509818     13.509818     27.019636
     -5.380000     13.433790     13.433790     26.867581
     -5.360000     13.446835     13.446835     26.893670
     -5.340000     13.572210     13.572210     27.144419
     -5.320000     13.818604     13.818604     27.637208
     -5.300000     14.177168     14.177168     28.354336
     -5.280000     14.619818     14.619818     29.239637
     -5.260000     15.100176     15.100176     30.200352
     -5.240000     15.558735     15.558735     31.117470
     -5.220000     15.932611     15.932611     31.865222
     -5.200000     16.168076     16.168076     32.336153
     -5.180000     16.232288     16.232288     32.464576
     -5.160000     16.120244     16.120244     32.240488
     -5.140000     15.854551     15.854551     31.709101
     -5.120000     15.478444     15.478444     30.956888
     -5.100000     15.045283     15.045283     30.090567
     -5.080000     14.608850     14.608850     29.217701
     -5.060000     14.217467     14.217467     28.434934
     -5.040000     13.912028     13.912028     27.824057
     -5.020000     13.725422     13.725422     27.450844
     -5.000000     13.680247     13.680247     27.360494
     -4.980000     13.783669     13.783669     27.567339
     -4.960000     14.021288     14.021288     28.042577
     -4.940000     14.354008     14.354008     28.708017
     -4.920000     14.721464     14.721464     29.442928
     -4.900000     15.052628     15.052628     30.105257
     -4.880000     15.280661     15.280661     30.561323
     -4.860000     15.357171     15.357171     30.714342
     -4.840000     15.262010     15.262010     30.524019
     -4.820000     15.007421     15.007421     30.014843
     -4.800000     14.637350     14.637350     29.274700
     -4.780000     14.222605     14.222605     28.445210
     -4.760000     13.851212     13.851212     27.702425
     -4.740000     13.613047     13.613047     27.226095
     -4.720000     13.580121     13.580121     27.160242
     -4.700000     13.787429     13.787429     27.574858
     -4.680000     14.221265     14.221265     28.442530
     -4.660000     14.820333     14.820333     29.640667
     -4.640000     15.490405     15.490405     30.980810
     -4.620000     16.128063     16.128063     32.256127
     -4.600000     16.645872     16.645872     33.291744
     -4.580000     16.991160     16.991160     33.982321
     -4.560000     17.153270     17.153270     34.306540
     -4.540000     17.158358     17.158358     34.316717
     -4.520000     17.055323     17.055323     34.110645
     -4.500000     16.899306     16.899306     33.798611
     -4.480000     16.739284     16.739284     33.478568
     -4.460000     16.613191     16.613191     33.226381
     -4.440000     16.549543     16.549543     33.099086
     -4.420000     16.571229     16.571229     33.142458
     -4.400000     16.696752     16.696752     33.393504
     -4.380000     16.936757     16.936757     33.873514
     -4.360000     17.287360     17.287360     34.574719
     -4.340000     17.724491     17.724491     35.448983
     -4.320000     18.203707     18.203707     36.407414
     -4.300000     18.667416     18.667416     37.334833
     -4.280000     19.057531     19.057531     38.115063
     -4.260000     19.328333     19.328333     38.656666
     -4.240000     19.454101     19.454101     38.908201
     -4.220000     19.429069     19.429069     38.858138
     -4.200000     19.261643     19.261643     38.523285
     -4.180000     18.967593     18.967593     37.935185
     -4.160000     18.566429     18.566429     37.132858
     -4.140000     18.081980     18.081980     36.163960
     -4.120000     17.544825     17.544825     35.089650
     -4.100000     16.992770     16.992770     33.985541
     -4.080000     16.466625     16.466625     32.933251
     -4.060000     16.001274     16.001274     32.002547
     -4.040000     15.614926     15.614926     31.229852
     -4.020000     15.301223     15.301223     30.602446
     -4.000000     15.028722     15.028722     30.057445
     -3.980000     14.750014     14.750014     29.500027
     -3.960000     14.418823     14.418823     28.837646
     -3.940000     14.009407     14.009407     28.018814
     -3.920000     13.530380     13.530380     27.060760
     -3.900000     13.026473     13.026473     26.052947
     -3.880000     12.566493     12.566493     25.132987
     -3.860000     12.221849     12.221849     24.443699
     -3.840000     12.044239     12.044239     24.088477
     -3.820000     12.051022     12.051022     24.102044
     -3.800000     12.222669     12.222669     24.445338
     -3.780000     12.510917     12.510917     25.021834
     -3.760000     12.852297     12.852297     25.704593
     -3.740000     13.181295     13.181295     26.362590
     -3.720000     13.440012     13.440012     26.880024
     -3.700000     13.584331     13.584331     27.168662
     -3.680000     13.588090     13.588090     27.176180
     -3.660000     13.445985     13.445985     26.891971
     -3.640000     13.174210     13.174210     26.348421
     -3.620000     12.807082     12.807082     25.614164
     -3.600000     12.388978     12.388978     24.777956
     -3.580000     11.963247     11.963247     23.926493
     -3.560000     11.561642     11.561642     23.123285
     -3.540000     11.198034     11.198034     22.396067
     -3.520000     10.868434     10.868434     21.736867
     -3.500000     10.556899     10.556899     21.113797
     -3.480000     10.244806     10.244806     20.489612
     -3.460000      9.920291      9.920291     19.840582
     -3.440000      9.585031      9.585031     19.170062
     -3.420000      9.256549      9.256549     18.513098
     -3.400000      8.965208      8.965208     17.930416
     -3.380000      8.746180      8.746180     17.492359
     -3.360000      8.628171      8.628171     17.256341
     -3.340000      8.622491      8.622491     17.244982
     -3.320000      8.717219      8.717219     17.434438
     -3.300000      8.880306      8.880306     17.760612
     -3.280000      9.071975      9.071975     18.143949
     -3.260000      9.261807      9.261807     18.523613
     -3.240000      9.442173      9.442173     18.884347
     -3.220000      9.629831      9.629831     19.259662
     -3.200000      9.852438      9.852438     19.704876
     -3.180000     10.124710     10.124710     20.249420
     -3.160000     10.425924     10.425924     20.851848
     -3.140000     10.692230     10.692230     21.384461
     -3.120000     10.831561     10.831561     21.663122
     -3.100000     10.757822     10.757822     21.515644
     -3.080000     10.430083     10.430083     20.860165
     -3.060000      9.878146      9.878146     19.756292
     -3.040000      9.201331      9.201331     18.402662
     -3.020000      8.539926      8.539926     17.079851
     -3.000000      8.031619      8.031619     16.063239
     -2.980000      7.771347      7.771347     15.542693
     -2.960000      7.789671      7.789671     15.579342
     -2.940000      8.054947      8.054947     16.109894
     -2.920000      8.493868      8.493868     16.987736
     -2.900000      9.018879      9.018879     18.037759
     -2.880000      9.551166      9.551166     19.102332
     -2.860000     10.032936     10.032936     20.065872
     -2.840000     10.429012     10.429012     20.858024
     -2.820000     10.722147     10.722147     21.444294
     -2.800000     10.907473     10.907473     21.814945
     -2.780000     10.989543     10.989543     21.979085
     -2.760000     10.982231     10.982231     21.964463
     -2.740000     10.909177     10.909177     21.818354
     -2.720000     10.801770     10.801770     21.603539
     -2.700000     10.693053     10.693053     21.386106
     -2.680000     10.608525     10.608525     21.217050
     -2.660000     10.557281     10.557281     21.114562
     -2.640000     10.527835     10.527835     21.055670
     -2.620000     10.491567     10.491567     20.983134
     -2.600000     10.413532     10.413532     20.827064
     -2.580000     10.266813     10.266813     20.533626
     -2.560000     10.044545     10.044545     20.089089
     -2.540000      9.764460      9.764460     19.528919
     -2.520000      9.464162      9.464162     18.928324
     -2.500000      9.189671      9.189671     18.379341
     -2.480000      8.982864      8.982864     17.965728
     -2.460000      8.873554      8.873554     17.747108
     -2.440000      8.878989      8.878989     17.757977
     -2.420000      9.009141      9.009141     18.018281
     -2.400000      9.272671      9.272671     18.545343
     -2.380000      9.677981      9.677981     19.355962
     -2.360000     10.226794     10.226794     20.453588
     -2.340000     10.902848     10.902848     21.805695
     -2.320000     11.662520     11.662520     23.325039
     -2.300000     12.434741     12.434741     24.869483
     -2.280000     13.133410     13.133410     26.266820
     -2.260000     13.678728     13.678728     27.357457
     -2.240000     14.018571     14.018571     28.037142
     -2.220000     14.140619     14.140619     28.281238
     -2.200000     14.070894     14.070894     28.141788
     -2.180000     13.861212     13.861212     27.722424
     -2.160000     13.572587     13.572587     27.145173
     -2.140000     13.261407     13.261407     26.522813
     -2.120000     12.971610     12.971610     25.943220
     -2.100000     12.732229     12.732229     25.464459
     -2.080000     12.558040     12.558040     25.116080
     -2.060000     12.451520     12.451520     24.903039
     -2.040000     12.405364     12.405364     24.810729
     -2.020000     12.405190     12.405190     24.810380
     -2.000000     12.431950     12.431950     24.863900
     -1.980000     12.463815     12.463815     24.927630
     -1.960000     12.478044     12.478044     24.956088
     -1.940000     12.453859     12.453859     24.907718
     -1.920000     12.376811     12.376811     24.753622
     -1.900000     12.243616     12.243616     24.487232
     -1.880000     12.065219     12.065219     24.130438
     -1.860000     11.865877     11.865877     23.731755
     -1.840000     11.677596     11.677596     23.355192
     -1.820000     11.531306     11.531306     23.062611
     -1.800000     11.447718     11.447718     22.895437
     -1.780000     11.431124     11.431124     22.862248
     -1.760000     11.468571     11.468571     22.937141
     -1.740000     11.535099     11.535099     23.070198
     -1.720000     11.603430     11.603430     23.206860
     -1.700000     11.654373     11.654373     23.308746
     -1.680000     11.683336     11.683336     23.366672
     -1.660000     11.699637     11.699637     23.399273
     -1.640000     11.718767     11.718767     23.437533
     -1.620000     11.751658     11.751658     23.503316
     -1.600000     11.796862     11.796862     23.593725
     -1.580000     11.839847     11.839847     23.679694
     -1.560000     11.859311     11.859311     23.718622
     -1.540000     11.836451     11.836451     23.672903
     -1.520000     11.762134     11.762134     23.524267
     -1.500000     11.639302     11.639302     23.278604
     -1.480000     11.481459     11.481459     22.962917
     -1.460000     11.309923     11.309923     22.619845
     -1.440000     11.151734     11.151734     22.303468
     -1.420000     11.037827     11.037827     22.075655
     -1.400000     10.999663     10.999663     21.999327
     -1.380000     11.063240     11.063240     22.126480
     -1.360000     11.241662     11.241662     22.483324
     -1.340000     11.529391     11.529391     23.058782
     -1.320000     11.901334     11.901334     23.802668
     -1.300000     12.317862     12.317862     24.635724
     -1.280000     12.733977     12.733977     25.467954
     -1.260000     13.108903     13.108903     26.217805
     -1.240000     13.412460     13.412460     26.824919
     -1.220000     13.626458     13.626458     27.252917
     -1.200000     13.741858     13.741858     27.483716
     -1.180000     13.754211     13.754211     27.508422
     -1.160000     13.660253     13.660253     27.320506
     -1.140000     13.457431     13.457431     26.914862
     -1.120000     13.146449     13.146449     26.292898
     -1.100000     12.735321     12.735321     25.470641
     -1.080000     12.242689     12.242689     24.485378
     -1.060000     11.698408     11.698408     23.396816
     -1.040000     11.140469     11.140469     22.280938
     -1.020000     10.608795     10.608795     21.217591
     -1.000000     10.137696     10.137696     20.275393
     -0.980000      9.749301      9.749301     19.498603
     -0.960000      9.449746      9.449746     18.899492
     -0.940000      9.228596      9.228596     18.457192
     -0.920000      9.060811      9.060811     18.121622
     -0.900000      8.910389      8.910389     17.820777
     -0.880000      8.735769      8.735769     17.471539
     -0.860000      8.497919      8.497919     16.995838
     -0.840000      8.171339      8.171339     16.342679
     -0.820000      7.755765      7.755765     15.511529
     -0.800000      7.283528      7.283528     14.567056
     -0.780000      6.817039      6.817039     13.634077
     -0.760000      6.433914      6.433914     12.867827
     -0.740000      6.203097      6.203097     12.406193
     -0.720000      6.160607      6.160607     12.321214
     -0.700000      6.295175      6.295175     12.590350
     -0.680000      6.550522      6.550522     13.101045
     -0.660000      6.844035      6.844035     13.688071
     -0.640000      7.094443      7.094443     14.188887
     -0.620000      7.247481      7.247481     14.494962
     -0.600000      7.289902      7.289902     14.579805
     -0.580000      7.247677      7.247677     14.495355
     -0.560000      7.170843      7.170843     14.341685
     -0.540000      7.112262      7.112262     14.224524
     -0.520000      7.108763      7.108763     14.217526
     -0.500000      7.170815      7.170815     14.341630
     -0.480000      7.282678      7.282678     14.565355
     -0.460000      7.410781      7.410781     14.821561
     -0.440000      7.515731      7.515731     15.031462
     -0.420000      7.563448      7.563448     15.126897
     -0.400000      7.532863      7.532863     15.065726
     -0.380000      7.419862      7.419862     14.839724
     -0.360000      7.238403      7.238403     14.476806
     -0.340000      7.019506      7.019506     14.039013
     -0.320000      6.807996      6.807996     13.615991
     -0.300000      6.656452      6.656452     13.312903
     -0.280000      6.616336      6.616336     13.232671
     -0.260000      6.727388      6.727388     13.454776
     -0.240000      7.007511      7.007511     14.015021
     -0.220000      7.445943      7.445943     14.891886
     -0.200000      8.002258      8.002258     16.004515
     -0.180000      8.612371      8.612371     17.224743
     -0.160000      9.200484      9.200484     18.400967
     -0.140000      9.693516      9.693516     19.387033
     -0.120000     10.033562     10.033562     20.067123
     -0.100000     10.184951     10.184951     20.369903
     -0.080000     10.135330     10.135330     20.270660
     -0.060000      9.892744      9.892744     19.785488
     -0.040000      9.481638      9.481638     18.963277
     -0.020000      8.939451      8.939451     17.878902
      0.000000      8.313516      8.313516     16.627031
      0.020000      7.656872      7.656872     15.313743
      0.040000      7.022119      7.022119     14.044238
      0.060000      6.454083      6.454083     12.908167
      0.080000      5.983377      5.983377     11.966754
      0.100000      5.622970      5.622970     11.245941
      0.120000      5.368683      5.368683     10.737365
      0.140000      5.202996      5.202996     10.405991
      0.160000      5.100717      5.100717     10.201435
      0.180000      5.034947      5.034947     10.069894
      0.200000      4.982109      4.982109      9.964217
      0.220000      4.925107      4.925107      9.850215
      0.240000      4.854081      4.854081      9.708162
      0.260000      4.765010      4.765010      9.530020
      0.280000      4.657437      4.657437      9.314874
      0.300000      4.532943      4.532943      9.065885
      0.320000      4.395261      4.395261      8.790522
      0.340000      4.251290      4.251290      8.502580
      0.360000      4.111081      4.111081      8.222162
      0.380000      3.985352      3.985352      7.970705
      0.400000      3.881076      3.881076      7.762152
      0.420000      3.797778      3.797778      7.595557
      0.440000      3.727506      3.727506      7.455013
      0.460000      3.659334      3.659334      7.318667
      0.480000      3.586080      3.586080      7.172161
      0.500000      3.509004      3.509004      7.018007
      0.520000      3.437221      3.437221      6.874441
      0.540000      3.382069      3.382069      6.764138
      0.560000      3.350013      3.350013      6.700026
      0.580000      3.338553      3.338553      6.677106
      0.600000      3.337326      3.337326      6.674651
      0.620000      3.333074      3.333074      6.666149
      0.640000      3.315052      3.315052      6.630104
      0.660000      3.277985      3.277985      6.555969
      0.680000      3.221949      3.221949      6.443899
      0.700000      3.150438      3.150438      6.300876
      0.720000      3.068246      3.068246      6.136491
      0.740000      2.979998      2.979998      5.959997
      0.760000      2.889288      2.889288      5.778577
      0.780000      2.798193      2.798193      5.596386
      0.800000      2.707236      2.707236      5.414472
      0.820000      2.615954      2.615954      5.231908
      0.840000      2.523904      2.523904      5.047808
      0.860000      2.431548      2.431548      4.863097
      0.880000      2.340460      2.340460      4.680920
      0.900000      2.252759      2.252759      4.505518
      0.920000      2.170240      2.170240      4.340479
      0.940000      2.093799      2.093799      4.187597
      0.960000      2.023432      2.023432      4.046864
      0.980000      1.958591      1.958591      3.917183
      1.000000      1.898516      1.898516      3.797032
      1.020000      1.842341      1.842341      3.684681
      1.040000      1.789097      1.789097      3.578195
      1.060000      1.737808      1.737808      3.475617
      1.080000      1.687710      1.687710      3.375420
      1.100000      1.638424      1.638424      3.276848
      1.120000      1.589906      1.589906      3.179812
      1.140000      1.542210      1.542210      3.084421
      1.160000      1.495278      1.495278      2.990555
      1.180000      1.448916      1.448916      2.897832
      1.200000      1.402947      1.402947      2.805894
      1.220000      1.357329      1.357329      2.714658
      1.240000      1.312136      1.312136      2.624272
      1.260000      1.267432      1.267432      2.534864
      1.280000      1.223179      1.223179      2.446358
      1.300000      1.179263      1.179263      2.358527
      1.320000      1.135593      1.135593      2.271185
      1.340000      1.092138      1.092138      2.184276
      1.360000      1.048882      1.048882      2.097764
      1.380000      1.005710      1.005710      2.011421
      1.400000      0.962320      0.962320      1.924640
      1.420000      0.918160      0.918160      1.836321
      1.440000      0.872369      0.872369      1.744738
      1.460000      0.823713      0.823713      1.647427
      1.480000      0.770612      0.770612      1.541224
      1.500000      0.711363      0.711363      1.422726
      1.520000      0.644622      0.644622      1.289243
      1.540000      0.570038      0.570038      1.140075
      1.560000      0.488814      0.488814      0.977628
      1.580000      0.403908      0.403908      0.807815
      1.600000      0.319679      0.319679      0.639358
      1.620000      0.241028      0.241028      0.482057
      1.640000      0.172288      0.172288      0.344576
      1.660000      0.116274      0.116274      0.232547
      1.680000      0.073830      0.073830      0.147659
      1.700000      0.043978      0.043978      0.087957
      1.720000      0.024517      0.024517      0.049034
      1.740000      0.012765      0.012765      0.025531
      1.760000      0.006198      0.006198      0.012396
      1.780000      0.002803      0.002803      0.005605
      1.800000      0.001180      0.001180      0.002361
      1.820000      0.000468      0.000468      0.000935
      1.840000      0.000191      0.000191      0.000381
      1.860000      0.000128      0.000128      0.000255
      1.880000      0.000219      0.000219      0.000439
      1.900000      0.000535      0.000535      0.001070
      1.920000      0.001297      0.001297      0.002594
      1.940000      0.002955      0.002955      0.005909
      1.960000      0.006288      0.006288      0.012577
      1.980000      0.012519      0.012519      0.025037
      2.000000      0.023354      0.023354      0.046707
      2.020000      0.040914      0.040914      0.081829
      2.040000      0.067483      0.067483      0.134966
      2.060000      0.105073      0.105073      0.210147
      2.080000      0.154912      0.154912      0.309825
      2.100000      0.216979      0.216979      0.433958
      2.120000      0.289779      0.289779      0.579558
      2.140000      0.370468      0.370468      0.740936
      2.160000      0.455329      0.455329      0.910659
      2.180000      0.540480      0.540480      1.080961
      2.200000      0.622595      0.622595      1.245190
      2.220000      0.699437      0.699437      1.398874
      2.240000      0.770064      0.770064      1.540127
      2.260000      0.834694      0.834694      1.669389
      2.280000      0.894348      0.894348      1.788697
      2.300000      0.950411      0.950411      1.900821
      2.320000      1.004271      1.004271      2.008543
      2.340000      1.057110      1.057110      2.114221
      2.360000      1.109821      1.109821      2.219642
      2.380000      1.163024      1.163024      2.326047
      2.400000      1.217122      1.217122      2.434245
      2.420000      1.272380      1.272380      2.544760
      2.440000      1.329005      1.329005      2.658009
      2.460000      1.387222      1.387222      2.774443
      2.480000      1.447311      1.447311      2.894621
      2.500000      1.509598      1.509598      3.019196
      2.520000      1.574461      1.574461      3.148922
      2.540000      1.642409      1.642409      3.284817
      2.560000      1.714254      1.714254      3.428507
      2.580000      1.791322      1.791322      3.582644
      2.600000      1.875638      1.875638      3.751276
      2.620000      1.970048      1.970048      3.940096
      2.640000      2.078270      2.078270      4.156540
      2.660000      2.204692      2.204692      4.409385
      2.680000      2.353607      2.353607      4.707214
      2.700000      2.527547      2.527547      5.055094
      2.720000      2.724785      2.724785      5.449569
      2.740000      2.936688      2.936688      5.873376
      2.760000      3.146202      3.146202      6.292404
      2.780000      3.328844      3.328844      6.657689
      2.800000      3.456997      3.456997      6.913995
      2.820000      3.507071      3.507071      7.014142
      2.840000      3.467679      3.467679      6.935358
      2.860000      3.345927      3.345927      6.691855
      2.880000      3.168869      3.168869      6.337737
      2.900000      2.978463      2.978463      5.956926
      2.920000      2.820760      2.820760      5.641521
      2.940000      2.732634      2.732634      5.465268
      2.960000      2.731034      2.731034      5.462067
      2.980000      2.809359      2.809359      5.618717
      3.000000      2.942914      2.942914      5.885827
      3.020000      3.101436      3.101436      6.202872
      3.040000      3.263313      3.263313      6.526625
      3.060000      3.425216      3.425216      6.850433
      3.080000      3.603237      3.603237      7.206473
      3.100000      3.825884      3.825884      7.651767
      3.120000      4.123082      4.123082      8.246164
      3.140000      4.516290      4.516290      9.032581
      3.160000      5.013004      5.013004     10.026007
      3.180000      5.605894      5.605894     11.211788
      3.200000      6.274932      6.274932     12.549864
      3.220000      6.990884      6.990884     13.981767
      3.240000      7.719669      7.719669     15.439337
      3.260000      8.427494      8.427494     16.854988
      3.280000      9.085869      9.085869     18.171737
      3.300000      9.674502      9.674502     19.349004
      3.320000     10.180332     10.180332     20.360665
      3.340000     10.593021     10.593021     21.186042
      3.360000     10.899868     10.899868     21.799737
      3.380000     11.084076     11.084076     22.168153
      3.400000     11.128505     11.128505     22.257010
      3.420000     11.023593     11.023593     22.047185
      3.440000     10.775246     10.775246     21.550493
      3.460000     10.408226     10.408226     20.816452
      3.480000      9.962941      9.962941     19.925881
      3.500000      9.486982      9.486982     18.973964
      3.520000      9.025041      9.025041     18.050083
      3.540000      8.610959      8.610959     17.221918
      3.560000      8.263970      8.263970     16.527940
      3.580000      7.989114      7.989114     15.978228
      3.600000      7.780459      7.780459     15.560918
      3.620000      7.625535      7.625535     15.251069
      3.640000      7.509670      7.509670     15.019341
      3.660000      7.419307      7.419307     14.838615
      3.680000      7.343704      7.343704     14.687409
      3.700000      7.274912      7.274912     14.549825
      3.720000      7.206531      7.206531     14.413061
      3.740000      7.132271      7.132271     14.264541
      3.760000      7.045400      7.045400     14.090800
      3.780000      6.939531      6.939531     13.879063
      3.800000      6.810318      6.810318     13.620636
      3.820000      6.656992      6.656992     13.313985
      3.840000      6.482795      6.482795     12.965591
      3.860000      6.294055      6.294055     12.588110
      3.880000      6.098471      6.098471     12.196942
      3.900000      5.903485      5.903485     11.806970
      3.920000      5.715413      5.715413     11.430827
      3.940000      5.539536      5.539536     11.079072
      3.960000      5.380914      5.380914     10.761828
      3.980000      5.245354      5.245354     10.490707
      4.000000      5.139733      5.139733     10.279466
      4.020000      5.070865      5.070865     10.141729
      4.040000      5.042591      5.042591     10.085182
      4.060000      5.051898      5.051898     10.103796
      4.080000      5.086084      5.086084     10.172168
      4.100000      5.123517      5.123517     10.247034
      4.120000      5.139385      5.139385     10.278769
      4.140000      5.115181      5.115181     10.230363
      4.160000      5.047868      5.047868     10.095736
      4.180000      4.953577      4.953577      9.907154
      4.200000      4.862640      4.862640      9.725280
      4.220000      4.806869      4.806869      9.613737
      4.240000      4.804178      4.804178      9.608355
      4.260000      4.847465      4.847465      9.694930
      4.280000      4.903100      4.903100      9.806199
      4.300000      4.920338      4.920338      9.840676
      4.320000      4.848427      4.848427      9.696853
      4.340000      4.655103      4.655103      9.310205
      4.360000      4.339790      4.339790      8.679580
      4.380000      3.936937      3.936937      7.873875
      4.400000      3.508566      3.508566      7.017132
      4.420000      3.128667      3.128667      6.257334
      4.440000      2.864420      2.864420      5.728840
      4.460000      2.759757      2.759757      5.519514
      4.480000      2.825698      2.825698      5.651396
      4.500000      3.039679      3.039679      6.079358
      4.520000      3.353351      3.353351      6.706702
      4.540000      3.705974      3.705974      7.411948
      4.560000      4.039178      4.039178      8.078356
      4.580000      4.308970      4.308970      8.617940
      4.600000      4.492202      4.492202      8.984403
      4.620000      4.586692      4.586692      9.173384
      4.640000      4.606132      4.606132      9.212265
      4.660000      4.572247      4.572247      9.144494
      4.680000      4.507134      4.507134      9.014268
      4.700000      4.428130      4.428130      8.856261
      4.720000      4.346199      4.346199      8.692399
      4.740000      4.267311      4.267311      8.534622
      4.760000      4.195183      4.195183      8.390367
      4.780000      4.133571      4.133571      8.267143
      4.800000      4.086901      4.086901      8.173801
      4.820000      4.059120      4.059120      8.118240
      4.840000      4.051605      4.051605      8.103210
      4.860000      4.061437      4.061437      8.122875
      4.880000      4.081212      4.081212      8.162423
      4.900000      4.100819      4.100819      8.201638
      4.920000      4.110673      4.110673      8.221347
      4.940000      4.105058      4.105058      8.210116
      4.960000      4.084123      4.084123      8.168246
      4.980000      4.053667      4.053667      8.107333
      5.000000      4.022961      4.022961      8.045923
      5.020000      4.001844      4.001844      8.003688
      5.040000      3.998481      3.998481      7.996962
      5.060000      4.018558      4.018558      8.037116
      5.080000      4.065611      4.065611      8.131222
      5.100000      4.141577      4.141577      8.283154
      5.120000      4.246780      4.246780      8.493560
      5.140000      4.379214      4.379214      8.758428
      5.160000      4.533580      4.533580      9.067160
      5.180000      4.700673      4.700673      9.401346
      5.200000      4.867500      4.867500      9.735000
      5.220000      5.018265      5.018265     10.036530
      5.240000      5.136240      5.136240     10.272480
      5.260000      5.206452      5.206452     10.412905
      5.280000      5.218919      5.218919     10.437837
      5.300000      5.171772      5.171772     10.343544
      5.320000      5.073300      5.073300     10.146601
      5.340000      4.941802      4.941802      9.883605
      5.360000      4.802507      4.802507      9.605013
      5.380000      4.681670      4.681670      9.363340
      5.400000      4.599186      4.599186      9.198373
      5.420000      4.562164      4.562164      9.124328
      5.440000      4.562243      4.562243      9.124487
      5.460000      4.578428      4.578428      9.156855
      5.480000      4.584945      4.584945      9.169890
      5.500000      4.561145      4.561145      9.122290
      5.520000      4.499042      4.499042      8.998083
      5.540000      4.404940      4.404940      8.809880
      5.560000      4.294494      4.294494      8.588989
      5.580000      4.183979      4.183979      8.367958
      5.600000      4.082578      4.082578      8.165156
      5.620000      3.989739      3.989739      7.979478
      5.640000      3.898612      3.898612      7.797224
      5.660000      3.803070      3.803070      7.606140
      5.680000      3.703935      3.703935      7.407871
      5.700000      3.610818      3.610818      7.221635
      5.720000      3.538761      3.538761      7.077521
      5.740000      3.501885      3.501885      7.003769
      5.760000      3.507645      3.507645      7.015290
      5.780000      3.554518      3.554518      7.109035
      5.800000      3.633604      3.633604      7.267207
      5.820000      3.732405      3.732405      7.464811
      5.840000      3.838223      3.838223      7.676446
      5.860000      3.939610      3.939610      7.879220
      5.880000      4.026219      4.026219      8.052437
      5.900000      4.088694      4.088694      8.177388
      5.920000      4.120016      4.120016      8.240032
      5.940000      4.118111      4.118111      8.236223
      5.960000      4.088001      4.088001      8.176002
      5.980000      4.041546      4.041546      8.083092
      6.000000      3.994263      3.994263      7.988526
      6.020000      3.960615      3.960615      7.921230
      6.040000      3.950109      3.950109      7.900218
      6.060000      3.965776      3.965776      7.931552
      6.080000      4.004868      4.004868      8.009735
      6.100000      4.060384      4.060384      8.120769
      6.120000      4.122184      4.122184      8.244367
      6.140000      4.177634      4.177634      8.355268
      6.160000      4.212761      4.212761      8.425523
      6.180000      4.214696      4.214696      8.429392
      6.200000      4.175064      4.175064      8.350128
      6.220000      4.092855      4.092855      8.185710
      6.240000      3.975159      3.975159      7.950318
      6.260000      3.835197      3.835197      7.670394
      6.280000      3.688514      3.688514      7.377028
      6.300000      3.549031      3.549031      7.098062
      6.320000      3.426436      3.426436      6.852871
      6.340000      3.325406      3.325406      6.650811
      6.360000      3.246268      3.246268      6.492537
      6.380000      3.186428      3.186428      6.372856
      6.400000      3.142162      3.142162      6.284324
      6.420000      3.110548      3.110548      6.221097
      6.440000      3.091050      3.091050      6.182101
      6.460000      3.085931      3.085931      6.171863
      6.480000      3.098875      3.098875      6.197751
      6.500000      3.132137      3.132137      6.264273
      6.520000      3.183657      3.183657      6.367314
      6.540000      3.245967      3.245967      6.491933
      6.560000      3.307865      3.307865      6.615731
      6.580000      3.358392      3.358392      6.716785
      6.600000      3.391275      3.391275      6.782550
      6.620000      3.407696      3.407696      6.815391
      6.640000      3.415889      3.415889      6.831778
      6.660000      3.427501      3.427501      6.855002
      6.680000      3.452221      3.452221      6.904442
      6.700000      3.493225      3.493225      6.986450
      6.720000      3.545809      3.545809      7.091618
      6.740000      3.600034      3.600034      7.200068
      6.760000      3.646015      3.646015      7.292029
      6.780000      3.678884      3.678884      7.357768
      6.800000      3.700652      3.700652      7.401303
      6.820000      3.718047      3.718047      7.436095
      6.840000      3.737807      3.737807      7.475613
      6.860000      3.762148      3.762148      7.524297
      6.880000      3.786702      3.786702      7.573404
      6.900000      3.801448      3.801448      7.602896
      6.920000      3.793707      3.793707      7.587415
      6.940000      3.751725      3.751725      7.503451
      6.960000      3.667900      3.667900      7.335800
      6.980000      3.541259      3.541259      7.082517
      7.000000      3.378882      3.378882      6.757763
      7.020000      3.195652      3.195652      6.391303
      7.040000      3.011758      3.011758      6.023515
      7.060000      2.848118      2.848118      5.696237
      7.080000      2.721043      2.721043      5.442086
      7.100000      2.638193      2.638193      5.276387
      7.120000      2.597560      2.597560      5.195120
      7.140000      2.589835      2.589835      5.179670
      7.160000      2.602947      2.602947      5.205894
      7.180000      2.626571      2.626571      5.253141
      7.200000      2.654652      2.654652      5.309304
      7.220000      2.685197      2.685197      5.370393
      7.240000      2.718077      2.718077      5.436154
      7.260000      2.752519      2.752519      5.505037
      7.280000      2.785854      2.785854      5.571709
      7.300000      2.814186      2.814186      5.628373
      7.320000      2.834431      2.834431      5.668861
      7.340000      2.846460      2.846460      5.692919
      7.360000      2.854077      2.854077      5.708155
      7.380000      2.864191      2.864191      5.728382
      7.400000      2.884436      2.884436      5.768872
      7.420000      2.920217      2.920217      5.840435
      7.440000      2.972395      2.972395      5.944790
      7.460000      3.036575      3.036575      6.073151
      7.480000      3.104286      3.104286      6.208572
      7.500000      3.165517      3.165517      6.331035
      7.520000      3.211540      3.211540      6.423081
      7.540000      3.236920      3.236920      6.473841
      7.560000      3.240170      3.240170      6.480339
      7.580000      3.223206      3.223206      6.446413
      7.600000      3.190263      3.190263      6.380526
      7.620000      3.146850      3.146850      6.293701
      7.640000      3.099039      3.099039      6.198077
      7.660000      3.052985      3.052985      6.105970
      7.680000      3.014540      3.014540      6.029080
      7.700000      2.988854      2.988854      5.977709
      7.720000      2.979968      2.979968      5.959937
      7.740000      2.990319      2.990319      5.980638
      7.760000      3.020091      3.020091      6.040183
      7.780000      3.066542      3.066542      6.133084
      7.800000      3.123704      3.123704      6.247408
      7.820000      3.182981      3.182981      6.365962
      7.840000      3.234751      3.234751      6.469502
      7.860000      3.270473      3.270473      6.540946
      7.880000      3.284423      3.284423      6.568845
      7.900000      3.274428      3.274428      6.548856
      7.920000      3.241684      3.241684      6.483369
      7.940000      3.190273      3.190273      6.380545
      7.960000      3.126966      3.126966      6.253931
      7.980000      3.061321      3.061321      6.122641
      8.000000      3.005389      3.005389      6.010778
      8.020000      2.972185      2.972185      5.944369
      8.040000      2.972588      2.972588      5.945175
      8.060000      3.011376      3.011376      6.022752
      8.080000      3.084011      3.084011      6.168021
      8.100000      3.175979      3.175979      6.351957
      8.120000      3.265656      3.265656      6.531312
      8.140000      3.330083      3.330083      6.660166
      8.160000      3.351575      3.351575      6.703149
      8.180000      3.322581      3.322581      6.645163
      8.200000      3.246953      3.246953      6.493906
      8.220000      3.137380      3.137380      6.274760
      8.240000      3.010416      3.010416      6.020832
      8.260000      2.881321      2.881321      5.762641
      8.280000      2.760699      2.760699      5.521398
      8.300000      2.653806      2.653806      5.307611
      8.320000      2.562106      2.562106      5.124213
      8.340000      2.485844      2.485844      4.971688
      8.360000      2.426250      2.426250      4.852500
      8.380000      2.386619      2.386619      4.773239
      8.400000      2.372193      2.372193      4.744386
      8.420000      2.389265      2.389265      4.778531
      8.440000      2.443853      2.443853      4.887706
      8.460000      2.539986      2.539986      5.079972
      8.480000      2.677612      2.677612      5.355224
      8.500000      2.850528      2.850528      5.701056
      8.520000      3.045271      3.045271      6.090541
      8.540000      3.241939      3.241939      6.483879
      8.560000      3.417220      3.417220      6.834441
      8.580000      3.548811      3.548811      7.097622
      8.600000      3.619762      3.619762      7.239524
      8.620000      3.621392      3.621392      7.242784
      8.640000      3.554185      3.554185      7.108371
      8.660000      3.426845      3.426845      6.853690
      8.680000      3.254029      3.254029      6.508057
      8.700000      3.053306      3.053306      6.106613
      8.720000      2.841835      2.841835      5.683671
      8.740000      2.633426      2.633426      5.266852
      8.760000      2.436801      2.436801      4.873601
      8.780000      2.255657      2.255657      4.511315
      8.800000      2.090493      2.090493      4.180986
      8.820000      1.941384      1.941384      3.882768
      8.840000      1.810610      1.810610      3.621220
      8.860000      1.704424      1.704424      3.408847
      8.880000      1.634087      1.634087      3.268174
      8.900000      1.616897      1.616897      3.233795
      8.920000      1.677601      1.677601      3.355203
      8.940000      1.849418      1.849418      3.698836
      8.960000      2.172438      2.172438      4.344877
      8.980000      2.686634      2.686634      5.373267
      9.000000      3.418190      3.418190      6.836381
      9.020000      4.361717      4.361717      8.723433
      9.040000      5.465603      5.465603     10.931206
      9.060000      6.630336      6.630336     13.260671
      9.080000      7.726599      7.726599     15.453198
      9.100000      8.631143      8.631143     17.262286
      9.120000      9.267761      9.267761     18.535523
      9.140000      9.635165      9.635165     19.270331
      9.160000      9.807856      9.807856     19.615711
      9.180000      9.908629      9.908629     19.817259
      9.200000     10.064854     10.064854     20.129707
      9.220000     10.367195     10.367195     20.734391
      9.240000     10.846249     10.846249     21.692498
      9.260000     11.472761     11.472761     22.945523
      9.280000     12.177042     12.177042     24.354084
      9.300000     12.877220     12.877220     25.754440
      9.320000     13.505403     13.505403     27.010805
      9.340000     14.024027     14.024027     28.048054
      9.360000     14.429612     14.429612     28.859223
      9.380000     14.745602     14.745602     29.491203
      9.400000     15.008857     15.008857     30.017713
      9.420000     15.255089     15.255089     30.510178
      9.440000     15.507793     15.507793     31.015586
      9.460000     15.773623     15.773623     31.547246
      9.480000     16.045118     16.045118     32.090235
      9.500000     16.309096     16.309096     32.618192
      9.520000     16.556536     16.556536     33.113071
      9.540000     16.788609     16.788609     33.577218
      9.560000     17.015138     17.015138     34.030275
      9.580000     17.245781     17.245781     34.491562
      9.600000     17.478668     17.478668     34.957336
      9.620000     17.693149     17.693149     35.386299
      9.640000     17.851580     17.851580     35.703159
      9.660000     17.910414     17.910414     35.820827
      9.680000     17.836037     17.836037     35.672074
      9.700000     17.618181     17.618181     35.236363
      9.720000     17.274826     17.274826     34.549653
      9.740000     16.846614     16.846614     33.693229
      9.760000     16.383833     16.383833     32.767665
      9.780000     15.932293     15.932293     31.864586
      9.800000     15.524187     15.524187     31.048374
      9.820000     15.176595     15.176595     30.353189
      9.840000     14.896017     14.896017     29.792033
      9.860000     14.684604     14.684604     29.369208
      9.880000     14.543908     14.543908     29.087816
      9.900000     14.474338     14.474338     28.948676
      9.920000     14.471537     14.471537     28.943074
      9.940000     14.522912     14.522912     29.045824
      9.960000     14.607703     14.607703     29.215407
      9.980000     14.702045     14.702045     29.404089
     10.000000     14.787482     14.787482     29.574965
