# EIG2DOS: Utility for SIESTA to obtain the electronic density of states
#  E. Artacho, Apr 1999, A. Garcia, Apr 2012
# ------------------------------------------
# Eigenvalues read from GRP_doping.EIG
# Using smearing parameter:   0.100
# Using   1001 points in energy range
# Selected bands: 1 to: 936
# Emin, emax in file for selected band(s):    -38.3222700    254.2560700
# Nbands, Nspin, Nk   =    936     1   231
# E_F                 =    -5.2293 eV --> (shifted to ZERO)
# Broadening          =     0.1000 eV
#
#        E            N(up)  (=)   N(down)         Ntot
    -10.000000      5.271752      5.271752     10.543504
     -9.980000      4.932057      4.932057      9.864114
     -9.960000      4.410849      4.410849      8.821697
     -9.940000      3.754723      3.754723      7.509445
     -9.920000      3.051375      3.051375      6.102749
     -9.900000      2.406399      2.406399      4.812798
     -9.880000      1.919059      1.919059      3.838119
     -9.860000      1.663461      1.663461      3.326921
     -9.840000      1.677548      1.677548      3.355096
     -9.820000      1.958882      1.958882      3.917764
     -9.800000      2.465056      2.465056      4.930113
     -9.780000      3.117891      3.117891      6.235781
     -9.760000      3.812318      3.812318      7.624635
     -9.740000      4.431240      4.431240      8.862480
     -9.720000      4.865944      4.865944      9.731887
     -9.700000      5.038909      5.038909     10.077818
     -9.680000      4.923618      4.923618      9.847235
     -9.660000      4.555436      4.555436      9.110872
     -9.640000      4.029266      4.029266      8.058532
     -9.620000      3.482959      3.482959      6.965917
     -9.600000      3.069324      3.069324      6.138649
     -9.580000      2.922696      2.922696      5.845391
     -9.560000      3.127670      3.127670      6.255339
     -9.540000      3.698123      3.698123      7.396246
     -9.520000      4.573710      4.573710      9.147420
     -9.500000      5.637730      5.637730     11.275460
     -9.480000      6.753258      6.753258     13.506517
     -9.460000      7.805292      7.805292     15.610585
     -9.440000      8.730692      8.730692     17.461384
     -9.420000      9.520831      9.520831     19.041663
     -9.400000     10.195122     10.195122     20.390245
     -9.380000     10.760254     10.760254     21.520507
     -9.360000     11.179549     11.179549     22.359099
     -9.340000     11.372455     11.372455     22.744909
     -9.320000     11.247643     11.247643     22.495287
     -9.300000     10.754161     10.754161     21.508323
     -9.280000      9.924406      9.924406     19.848812
     -9.260000      8.886721      8.886721     17.773441
     -9.240000      7.841273      7.841273     15.682546
     -9.220000      7.010774      7.010774     14.021548
     -9.200000      6.586566      6.586566     13.173132
     -9.180000      6.686521      6.686521     13.373043
     -9.160000      7.329983      7.329983     14.659965
     -9.140000      8.427464      8.427464     16.854929
     -9.120000      9.784900      9.784900     19.569801
     -9.100000     11.128930     11.128930     22.257859
     -9.080000     12.159887     12.159887     24.319774
     -9.060000     12.626827     12.626827     25.253654
     -9.040000     12.400927     12.400927     24.801854
     -9.020000     11.515172     11.515172     23.030344
     -9.000000     10.149585     10.149585     20.299169
     -8.980000      8.567547      8.567547     17.135094
     -8.960000      7.032987      7.032987     14.065974
     -8.940000      5.744642      5.744642     11.489283
     -8.920000      4.809633      4.809633      9.619266
     -8.900000      4.255009      4.255009      8.510018
     -8.880000      4.057765      4.057765      8.115529
     -8.860000      4.170172      4.170172      8.340344
     -8.840000      4.527424      4.527424      9.054848
     -8.820000      5.040835      5.040835     10.081669
     -8.800000      5.592178      5.592178     11.184356
     -8.780000      6.045616      6.045616     12.091232
     -8.760000      6.282103      6.282103     12.564207
     -8.740000      6.243871      6.243871     12.487741
     -8.720000      5.965123      5.965123     11.930245
     -8.700000      5.568115      5.568115     11.136229
     -8.680000      5.220556      5.220556     10.441112
     -8.660000      5.070867      5.070867     10.141735
     -8.640000      5.189760      5.189760     10.379519
     -8.620000      5.543586      5.543586     11.087172
     -8.600000      6.009599      6.009599     12.019199
     -8.580000      6.424429      6.424429     12.848858
     -8.560000      6.643875      6.643875     13.287750
     -8.540000      6.589748      6.589748     13.179495
     -8.520000      6.267793      6.267793     12.535586
     -8.500000      5.754825      5.754825     11.509651
     -8.480000      5.165940      5.165940     10.331881
     -8.460000      4.618299      4.618299      9.236599
     -8.440000      4.205090      4.205090      8.410180
     -8.420000      3.985050      3.985050      7.970100
     -8.400000      3.984620      3.984620      7.969241
     -8.380000      4.205241      4.205241      8.410481
     -8.360000      4.628424      4.628424      9.256849
     -8.340000      5.214740      5.214740     10.429480
     -8.320000      5.897901      5.897901     11.795801
     -8.300000      6.580001      6.580001     13.160002
     -8.280000      7.136371      7.136371     14.272743
     -8.260000      7.436146      7.436146     14.872291
     -8.240000      7.376821      7.376821     14.753643
     -8.220000      6.921229      6.921229     13.842458
     -8.200000      6.120025      6.120025     12.240050
     -8.180000      5.107178      5.107178     10.214357
     -8.160000      4.068398      4.068398      8.136796
     -8.140000      3.195090      3.195090      6.390180
     -8.120000      2.640838      2.640838      5.281677
     -8.100000      2.492063      2.492063      4.984126
     -8.080000      2.755437      2.755437      5.510875
     -8.060000      3.359650      3.359650      6.719300
     -8.040000      4.170288      4.170288      8.340576
     -8.020000      5.019153      5.019153     10.038306
     -8.000000      5.746624      5.746624     11.493249
     -7.980000      6.246880      6.246880     12.493760
     -7.960000      6.497632      6.497632     12.995264
     -7.940000      6.557541      6.557541     13.115082
     -7.920000      6.528618      6.528618     13.057237
     -7.900000      6.500554      6.500554     13.001108
     -7.880000      6.506070      6.506070     13.012141
     -7.860000      6.511855      6.511855     13.023710
     -7.840000      6.449840      6.449840     12.899680
     -7.820000      6.270236      6.270236     12.540472
     -7.800000      5.984857      5.984857     11.969713
     -7.780000      5.674457      5.674457     11.348915
     -7.760000      5.453975      5.453975     10.907949
     -7.740000      5.413182      5.413182     10.826365
     -7.720000      5.564533      5.564533     11.129066
     -7.700000      5.827177      5.827177     11.654355
     -7.680000      6.057775      6.057775     12.115551
     -7.660000      6.114241      6.114241     12.228482
     -7.640000      5.921084      5.921084     11.842168
     -7.620000      5.504105      5.504105     11.008210
     -7.600000      4.978417      4.978417      9.956834
     -7.580000      4.497712      4.497712      8.995424
     -7.560000      4.190824      4.190824      8.381648
     -7.540000      4.114720      4.114720      8.229441
     -7.520000      4.241333      4.241333      8.482665
     -7.500000      4.477681      4.477681      8.955362
     -7.480000      4.704776      4.704776      9.409553
     -7.460000      4.816808      4.816808      9.633617
     -7.440000      4.747522      4.747522      9.495043
     -7.420000      4.480081      4.480081      8.960161
     -7.400000      4.044212      4.044212      8.088423
     -7.380000      3.506823      3.506823      7.013647
     -7.360000      2.960385      2.960385      5.920771
     -7.340000      2.509993      2.509993      5.019985
     -7.320000      2.257982      2.257982      4.515964
     -7.300000      2.285262      2.285262      4.570524
     -7.280000      2.630957      2.630957      5.261914
     -7.260000      3.275596      3.275596      6.551192
     -7.240000      4.135976      4.135976      8.271952
     -7.220000      5.079074      5.079074     10.158148
     -7.200000      5.955722      5.955722     11.911445
     -7.180000      6.643882      6.643882     13.287764
     -7.160000      7.082765      7.082765     14.165531
     -7.140000      7.280408      7.280408     14.560816
     -7.120000      7.290429      7.290429     14.580858
     -7.100000      7.171394      7.171394     14.342788
     -7.080000      6.952464      6.952464     13.904928
     -7.060000      6.624390      6.624390     13.248780
     -7.040000      6.158735      6.158735     12.317469
     -7.020000      5.541609      5.541609     11.083219
     -7.000000      4.801646      4.801646      9.603292
     -6.980000      4.017701      4.017701      8.035403
     -6.960000      3.304028      3.304028      6.608056
     -6.940000      2.780938      2.780938      5.561876
     -6.920000      2.542594      2.542594      5.085188
     -6.900000      2.631298      2.631298      5.262596
     -6.880000      3.023650      3.023650      6.047300
     -6.860000      3.631283      3.631283      7.262566
     -6.840000      4.317508      4.317508      8.635015
     -6.820000      4.928895      4.928895      9.857790
     -6.800000      5.336166      5.336166     10.672332
     -6.780000      5.473179      5.473179     10.946359
     -6.760000      5.359925      5.359925     10.719850
     -6.740000      5.098261      5.098261     10.196521
     -6.720000      4.837863      4.837863      9.675725
     -6.700000      4.721517      4.721517      9.443034
     -6.680000      4.828829      4.828829      9.657658
     -6.660000      5.141063      5.141063     10.282126
     -6.640000      5.544193      5.544193     11.088386
     -6.620000      5.872741      5.872741     11.745482
     -6.600000      5.978694      5.978694     11.957388
     -6.580000      5.796559      5.796559     11.593118
     -6.560000      5.375391      5.375391     10.750783
     -6.540000      4.862826      4.862826      9.725653
     -6.520000      4.447761      4.447761      8.895521
     -6.500000      4.286174      4.286174      8.572349
     -6.480000      4.440742      4.440742      8.881484
     -6.460000      4.858307      4.858307      9.716614
     -6.440000      5.394258      5.394258     10.788516
     -6.420000      5.874968      5.874968     11.749936
     -6.400000      6.174122      6.174122     12.348244
     -6.380000      6.271430      6.271430     12.542860
     -6.360000      6.267338      6.267338     12.534677
     -6.340000      6.344789      6.344789     12.689578
     -6.320000      6.692127      6.692127     13.384253
     -6.300000      7.419037      7.419037     14.838074
     -6.280000      8.501243      8.501243     17.002485
     -6.260000      9.777631      9.777631     19.555261
     -6.240000     11.001081     11.001081     22.002161
     -6.220000     11.921310     11.921310     23.842621
     -6.200000     12.364914     12.364914     24.729828
     -6.180000     12.280745     12.280745     24.561490
     -6.160000     11.736565     11.736565     23.473130
     -6.140000     10.876015     10.876015     21.752031
     -6.120000      9.860884      9.860884     19.721768
     -6.100000      8.824623      8.824623     17.649245
     -6.080000      7.851162      7.851162     15.702324
     -6.060000      6.977643      6.977643     13.955285
     -6.040000      6.210040      6.210040     12.420081
     -6.020000      5.539975      5.539975     11.079949
     -6.000000      4.956216      4.956216      9.912433
     -5.980000      4.450202      4.450202      8.900404
     -5.960000      4.017960      4.017960      8.035920
     -5.940000      3.661004      3.661004      7.322008
     -5.920000      3.387485      3.387485      6.774970
     -5.900000      3.213496      3.213496      6.426992
     -5.880000      3.163470      3.163470      6.326941
     -5.860000      3.268125      3.268125      6.536250
     -5.840000      3.558766      3.558766      7.117532
     -5.820000      4.058397      4.058397      8.116794
     -5.800000      4.772713      4.772713      9.545427
     -5.780000      5.686103      5.686103     11.372207
     -5.760000      6.766901      6.766901     13.533802
     -5.740000      7.981247      7.981247     15.962494
     -5.720000      9.308079      9.308079     18.616159
     -5.700000     10.743873     10.743873     21.487746
     -5.680000     12.289256     12.289256     24.578511
     -5.660000     13.920399     13.920399     27.840798
     -5.640000     15.560135     15.560135     31.120270
     -5.620000     17.068421     17.068421     34.136843
     -5.600000     18.264307     18.264307     36.528613
     -5.580000     18.974958     18.974958     37.949916
     -5.560000     19.091421     19.091421     38.182842
     -5.540000     18.605557     18.605557     37.211114
     -5.520000     17.611522     17.611522     35.223044
     -5.500000     16.272770     16.272770     32.545541
     -5.480000     14.771357     14.771357     29.542713
     -5.460000     13.261571     13.261571     26.523141
     -5.440000     11.843463     11.843463     23.686925
     -5.420000     10.559410     10.559410     21.118820
     -5.400000      9.406768      9.406768     18.813536
     -5.380000      8.356530      8.356530     16.713060
     -5.360000      7.370861      7.370861     14.741723
     -5.340000      6.417049      6.417049     12.834099
     -5.320000      5.478079      5.478079     10.956159
     -5.300000      4.559933      4.559933      9.119866
     -5.280000      3.694537      3.694537      7.389074
     -5.260000      2.937011      2.937011      5.874021
     -5.240000      2.356880      2.356880      4.713760
     -5.220000      2.024340      2.024340      4.048680
     -5.200000      1.993360      1.993360      3.986720
     -5.180000      2.283915      2.283915      4.567830
     -5.160000      2.867030      2.867030      5.734060
     -5.140000      3.658822      3.658822      7.317645
     -5.120000      4.530883      4.530883      9.061765
     -5.100000      5.340599      5.340599     10.681198
     -5.080000      5.975436      5.975436     11.950873
     -5.060000      6.394131      6.394131     12.788262
     -5.040000      6.643427      6.643427     13.286854
     -5.020000      6.837237      6.837237     13.674475
     -5.000000      7.103732      7.103732     14.207464
     -4.980000      7.524262      7.524262     15.048524
     -4.960000      8.094103      8.094103     16.188207
     -4.940000      8.723894      8.723894     17.447788
     -4.920000      9.279047      9.279047     18.558094
     -4.900000      9.635898      9.635898     19.271796
     -4.880000      9.728565      9.728565     19.457131
     -4.860000      9.570042      9.570042     19.140084
     -4.840000      9.245949      9.245949     18.491897
     -4.820000      8.889576      8.889576     17.779151
     -4.800000      8.648368      8.648368     17.296736
     -4.780000      8.648740      8.648740     17.297480
     -4.760000      8.964199      8.964199     17.928399
     -4.740000      9.593411      9.593411     19.186823
     -4.720000     10.456629     10.456629     20.913259
     -4.700000     11.415733     11.415733     22.831466
     -4.680000     12.313678     12.313678     24.627356
     -4.660000     13.018508     13.018508     26.037015
     -4.640000     13.453187     13.453187     26.906374
     -4.620000     13.599735     13.599735     27.199470
     -4.600000     13.480395     13.480395     26.960790
     -4.580000     13.130196     13.130196     26.260392
     -4.560000     12.576599     12.576599     25.153198
     -4.540000     11.833900     11.833900     23.667800
     -4.520000     10.910315     10.910315     21.820630
     -4.500000      9.821037      9.821037     19.642075
     -4.480000      8.601384      8.601384     17.202769
     -4.460000      7.316290      7.316290     14.632579
     -4.440000      6.063021      6.063021     12.126042
     -4.420000      4.964350      4.964350      9.928700
     -4.400000      4.151980      4.151980      8.303959
     -4.380000      3.744455      3.744455      7.488910
     -4.360000      3.826606      3.826606      7.653213
     -4.340000      4.435940      4.435940      8.871881
     -4.320000      5.556084      5.556084     11.112168
     -4.300000      7.112816      7.112816     14.225633
     -4.280000      8.968826      8.968826     17.937651
     -4.260000     10.919905     10.919905     21.839810
     -4.240000     12.703256     12.703256     25.406511
     -4.220000     14.030276     14.030276     28.060552
     -4.200000     14.646665     14.646665     29.293331
     -4.180000     14.405140     14.405140     28.810280
     -4.160000     13.321866     13.321866     26.643732
     -4.140000     11.588727     11.588727     23.177455
     -4.120000      9.531832      9.531832     19.063664
     -4.100000      7.531516      7.531516     15.063032
     -4.080000      5.934546      5.934546     11.869093
     -4.060000      4.986532      4.986532      9.973064
     -4.040000      4.796660      4.796660      9.593319
     -4.020000      5.331111      5.331111     10.662222
     -4.000000      6.426281      6.426281     12.852562
     -3.980000      7.817795      7.817795     15.635591
     -3.960000      9.187337      9.187337     18.374674
     -3.940000     10.227507     10.227507     20.455013
     -3.920000     10.714492     10.714492     21.428984
     -3.900000     10.566907     10.566907     21.133814
     -3.880000      9.866858      9.866858     19.733716
     -3.860000      8.830451      8.830451     17.660902
     -3.840000      7.735045      7.735045     15.470090
     -3.820000      6.829162      6.829162     13.658325
     -3.800000      6.258574      6.258574     12.517148
     -3.780000      6.035304      6.035304     12.070609
     -3.760000      6.058585      6.058585     12.117170
     -3.740000      6.175830      6.175830     12.351660
     -3.720000      6.255890      6.255890     12.511780
     -3.700000      6.242485      6.242485     12.484971
     -3.680000      6.165210      6.165210     12.330420
     -3.660000      6.105610      6.105610     12.211219
     -3.640000      6.138159      6.138159     12.276317
     -3.620000      6.279477      6.279477     12.558955
     -3.600000      6.475753      6.475753     12.951507
     -3.580000      6.638209      6.638209     13.276418
     -3.560000      6.709349      6.709349     13.418698
     -3.540000      6.723501      6.723501     13.447002
     -3.520000      6.825122      6.825122     13.650243
     -3.500000      7.228132      7.228132     14.456263
     -3.480000      8.128784      8.128784     16.257568
     -3.460000      9.608450      9.608450     19.216899
     -3.440000     11.570016     11.570016     23.140032
     -3.420000     13.739265     13.739265     27.478530
     -3.400000     15.735681     15.735681     31.471363
     -3.380000     17.186592     17.186592     34.373184
     -3.360000     17.838138     17.838138     35.676276
     -3.340000     17.617553     17.617553     35.235105
     -3.320000     16.625080     16.625080     33.250159
     -3.300000     15.068711     15.068711     30.137422
     -3.280000     13.180771     13.180771     26.361542
     -3.260000     11.157075     11.157075     22.314151
     -3.240000      9.138061      9.138061     18.276123
     -3.220000      7.223354      7.223354     14.446707
     -3.200000      5.495646      5.495646     10.991292
     -3.180000      4.033757      4.033757      8.067514
     -3.160000      2.910274      2.910274      5.820549
     -3.140000      2.182073      2.182073      4.364147
     -3.120000      1.883782      1.883782      3.767565
     -3.100000      2.027192      2.027192      4.054384
     -3.080000      2.601913      2.601913      5.203825
     -3.060000      3.570798      3.570798      7.141596
     -3.040000      4.858543      4.858543      9.717086
     -3.020000      6.339492      6.339492     12.678984
     -3.000000      7.835947      7.835947     15.671894
     -2.980000      9.137299      9.137299     18.274598
     -2.960000     10.042219     10.042219     20.084438
     -2.940000     10.413589     10.413589     20.827177
     -2.920000     10.225146     10.225146     20.450293
     -2.900000      9.577083      9.577083     19.154167
     -2.880000      8.668380      8.668380     17.336760
     -2.860000      7.732722      7.732722     15.465444
     -2.840000      6.962429      6.962429     13.924859
     -2.820000      6.451131      6.451131     12.902262
     -2.800000      6.177377      6.177377     12.354755
     -2.780000      6.032907      6.032907     12.065814
     -2.760000      5.880579      5.880579     11.761158
     -2.740000      5.616622      5.616622     11.233245
     -2.720000      5.213046      5.213046     10.426092
     -2.700000      4.726325      4.726325      9.452650
     -2.680000      4.272301      4.272301      8.544602
     -2.660000      3.978992      3.978992      7.957984
     -2.640000      3.935380      3.935380      7.870760
     -2.620000      4.154238      4.154238      8.308477
     -2.600000      4.561645      4.561645      9.123289
     -2.580000      5.016751      5.016751     10.033503
     -2.560000      5.355098      5.355098     10.710197
     -2.540000      5.440320      5.440320     10.880641
     -2.520000      5.205975      5.205975     10.411950
     -2.500000      4.673403      4.673403      9.346805
     -2.480000      3.941869      3.941869      7.883737
     -2.460000      3.158814      3.158814      6.317627
     -2.440000      2.484792      2.484792      4.969585
     -2.420000      2.065979      2.065979      4.131958
     -2.400000      2.018610      2.018610      4.037220
     -2.380000      2.420317      2.420317      4.840633
     -2.360000      3.299659      3.299659      6.599318
     -2.340000      4.620170      4.620170      9.240340
     -2.320000      6.265655      6.265655     12.531310
     -2.300000      8.041536      8.041536     16.083071
     -2.280000      9.704998      9.704998     19.409995
     -2.260000     11.023011     11.023011     22.046021
     -2.240000     11.839079     11.839079     23.678157
     -2.220000     12.119336     12.119336     24.238673
     -2.200000     11.955457     11.955457     23.910914
     -2.180000     11.523752     11.523752     23.047504
     -2.160000     11.023084     11.023084     22.046167
     -2.140000     10.622675     10.622675     21.245351
     -2.120000     10.438543     10.438543     20.877086
     -2.100000     10.534233     10.534233     21.068467
     -2.080000     10.926541     10.926541     21.853082
     -2.060000     11.581840     11.581840     23.163680
     -2.040000     12.407713     12.407713     24.815426
     -2.020000     13.258829     13.258829     26.517659
     -2.000000     13.970496     13.970496     27.940992
     -1.980000     14.411225     14.411225     28.822450
     -1.960000     14.526273     14.526273     29.052545
     -1.940000     14.345349     14.345349     28.690698
     -1.920000     13.949945     13.949945     27.899890
     -1.900000     13.421654     13.421654     26.843308
     -1.880000     12.803036     12.803036     25.606071
     -1.860000     12.091419     12.091419     24.182838
     -1.840000     11.264229     11.264229     22.528459
     -1.820000     10.317406     10.317406     20.634812
     -1.800000      9.294408      9.294408     18.588816
     -1.780000      8.290280      8.290280     16.580560
     -1.760000      7.427172      7.427172     14.854344
     -1.740000      6.809928      6.809928     13.619855
     -1.720000      6.480046      6.480046     12.960092
     -1.700000      6.390061      6.390061     12.780123
     -1.680000      6.414445      6.414445     12.828890
     -1.660000      6.397473      6.397473     12.794946
     -1.640000      6.219596      6.219596     12.439193
     -1.620000      5.852475      5.852475     11.704949
     -1.600000      5.376742      5.376742     10.753484
     -1.580000      4.954298      4.954298      9.908596
     -1.560000      4.768360      4.768360      9.536721
     -1.540000      4.957835      4.957835      9.915670
     -1.520000      5.571979      5.571979     11.143957
     -1.500000      6.559541      6.559541     13.119083
     -1.480000      7.791302      7.791302     15.582603
     -1.460000      9.103385      9.103385     18.206770
     -1.440000     10.344361     10.344361     20.688721
     -1.420000     11.411264     11.411264     22.822527
     -1.400000     12.265516     12.265516     24.531032
     -1.380000     12.926327     12.926327     25.852654
     -1.360000     13.445128     13.445128     26.890256
     -1.340000     13.869874     13.869874     27.739747
     -1.320000     14.212201     14.212201     28.424401
     -1.300000     14.431286     14.431286     28.862571
     -1.280000     14.443138     14.443138     28.886276
     -1.260000     14.153203     14.153203     28.306406
     -1.240000     13.498388     13.498388     26.996776
     -1.220000     12.479132     12.479132     24.958264
     -1.200000     11.166959     11.166959     22.333917
     -1.180000      9.685619      9.685619     19.371239
     -1.160000      8.176832      8.176832     16.353663
     -1.140000      6.767545      6.767545     13.535090
     -1.120000      5.552180      5.552180     11.104361
     -1.100000      4.593686      4.593686      9.187371
     -1.080000      3.937341      3.937341      7.874682
     -1.060000      3.625704      3.625704      7.251409
     -1.040000      3.703585      3.703585      7.407170
     -1.020000      4.207525      4.207525      8.415050
     -1.000000      5.142680      5.142680     10.285359
     -0.980000      6.458023      6.458023     12.916045
     -0.960000      8.034753      8.034753     16.069507
     -0.940000      9.699386      9.699386     19.398773
     -0.920000     11.261979     11.261979     22.523957
     -0.900000     12.565967     12.565967     25.131935
     -0.880000     13.527463     13.527463     27.054927
     -0.860000     14.145418     14.145418     28.290836
     -0.840000     14.479365     14.479365     28.958729
     -0.820000     14.609359     14.609359     29.218718
     -0.800000     14.601356     14.601356     29.202712
     -0.780000     14.494753     14.494753     28.989507
     -0.760000     14.312235     14.312235     28.624471
     -0.740000     14.077462     14.077462     28.154924
     -0.720000     13.823167     13.823167     27.646334
     -0.700000     13.581378     13.581378     27.162757
     -0.680000     13.361247     13.361247     26.722493
     -0.660000     13.129577     13.129577     26.259155
     -0.640000     12.809658     12.809658     25.619316
     -0.620000     12.305506     12.305506     24.611013
     -0.600000     11.545059     11.545059     23.090118
     -0.580000     10.523588     10.523588     21.047176
     -0.560000      9.325071      9.325071     18.650143
     -0.540000      8.108266      8.108266     16.216532
     -0.520000      7.061930      7.061930     14.123860
     -0.500000      6.349309      6.349309     12.698618
     -0.480000      6.065457      6.065457     12.130915
     -0.460000      6.220798      6.220798     12.441597
     -0.440000      6.749109      6.749109     13.498217
     -0.420000      7.529073      7.529073     15.058146
     -0.400000      8.410153      8.410153     16.820305
     -0.380000      9.240612      9.240612     18.481225
     -0.360000      9.898988      9.898988     19.797975
     -0.340000     10.325629     10.325629     20.651258
     -0.320000     10.542822     10.542822     21.085643
     -0.300000     10.649565     10.649565     21.299130
     -0.280000     10.785784     10.785784     21.571567
     -0.260000     11.076663     11.076663     22.153327
     -0.240000     11.580314     11.580314     23.160628
     -0.220000     12.262145     12.262145     24.524290
     -0.200000     13.006899     13.006899     26.013798
     -0.180000     13.662183     13.662183     27.324366
     -0.160000     14.095231     14.095231     28.190461
     -0.140000     14.241904     14.241904     28.483807
     -0.120000     14.131835     14.131835     28.263671
     -0.100000     13.881830     13.881830     27.763660
     -0.080000     13.658676     13.658676     27.317351
     -0.060000     13.621714     13.621714     27.243428
     -0.040000     13.863361     13.863361     27.726723
     -0.020000     14.368759     14.368759     28.737518
      0.000000     15.010774     15.010774     30.021548
      0.020000     15.584367     15.584367     31.168733
      0.040000     15.869998     15.869998     31.739997
      0.060000     15.705436     15.705436     31.410871
      0.080000     15.042393     15.042393     30.084786
      0.100000     13.968889     13.968889     27.937778
      0.120000     12.688088     12.688088     25.376176
      0.140000     11.457757     11.457757     22.915513
      0.160000     10.508403     10.508403     21.016805
      0.180000      9.967977      9.967977     19.935954
      0.200000      9.821468      9.821468     19.642936
      0.220000      9.922355      9.922355     19.844711
      0.240000     10.052909     10.052909     20.105818
      0.260000     10.009882     10.009882     20.019764
      0.280000      9.680892      9.680892     19.361783
      0.300000      9.080634      9.080634     18.161267
      0.320000      8.334065      8.334065     16.668131
      0.340000      7.617458      7.617458     15.234916
      0.360000      7.086249      7.086249     14.172498
      0.380000      6.822145      6.822145     13.644289
      0.400000      6.819864      6.819864     13.639728
      0.420000      7.013227      7.013227     14.026454
      0.440000      7.321705      7.321705     14.643409
      0.460000      7.691017      7.691017     15.382034
      0.480000      8.107600      8.107600     16.215199
      0.500000      8.582861      8.582861     17.165722
      0.520000      9.120386      9.120386     18.240772
      0.540000      9.688469      9.688469     19.376937
      0.560000     10.216576     10.216576     20.433153
      0.580000     10.619476     10.619476     21.238953
      0.600000     10.835401     10.835401     21.670803
      0.620000     10.855243     10.855243     21.710486
      0.640000     10.724425     10.724425     21.448850
      0.660000     10.515281     10.515281     21.030562
      0.680000     10.285534     10.285534     20.571068
      0.700000     10.046882     10.046882     20.093764
      0.720000      9.761664      9.761664     19.523328
      0.740000      9.369037      9.369037     18.738074
      0.760000      8.825283      8.825283     17.650566
      0.780000      8.135726      8.135726     16.271452
      0.800000      7.361966      7.361966     14.723933
      0.820000      6.603089      6.603089     13.206178
      0.840000      5.963701      5.963701     11.927403
      0.860000      5.526739      5.526739     11.053478
      0.880000      5.343054      5.343054     10.686109
      0.900000      5.437635      5.437635     10.875270
      0.920000      5.821873      5.821873     11.643747
      0.940000      6.498482      6.498482     12.996965
      0.960000      7.451699      7.451699     14.903398
      0.980000      8.626703      8.626703     17.253406
      1.000000      9.912331      9.912331     19.824663
      1.020000     11.143705     11.143705     22.287410
      1.040000     12.133198     12.133198     24.266396
      1.060000     12.722334     12.722334     25.444667
      1.080000     12.832758     12.832758     25.665516
      1.100000     12.491291     12.491291     24.982581
      1.120000     11.815607     11.815607     23.631214
      1.140000     10.967085     10.967085     21.934169
      1.160000     10.093579     10.093579     20.187159
      1.180000      9.288128      9.288128     18.576256
      1.200000      8.579007      8.579007     17.158014
      1.220000      7.949537      7.949537     15.899075
      1.240000      7.372167      7.372167     14.744335
      1.260000      6.837131      6.837131     13.674262
      1.280000      6.361924      6.361924     12.723847
      1.300000      5.979540      5.979540     11.959079
      1.320000      5.714401      5.714401     11.428801
      1.340000      5.560224      5.560224     11.120447
      1.360000      5.472243      5.472243     10.944486
      1.380000      5.379097      5.379097     10.758193
      1.400000      5.210693      5.210693     10.421386
      1.420000      4.930865      4.930865      9.861729
      1.440000      4.560380      4.560380      9.120761
      1.460000      4.178568      4.178568      8.357137
      1.480000      3.900049      3.900049      7.800099
      1.500000      3.833844      3.833844      7.667688
      1.520000      4.040598      4.040598      8.081197
      1.540000      4.505728      4.505728      9.011455
      1.560000      5.140426      5.140426     10.280853
      1.580000      5.810863      5.810863     11.621726
      1.600000      6.383357      6.383357     12.766714
      1.620000      6.765993      6.765993     13.531985
      1.640000      6.929218      6.929218     13.858437
      1.660000      6.898930      6.898930     13.797859
      1.680000      6.729441      6.729441     13.458883
      1.700000      6.472416      6.472416     12.944832
      1.720000      6.156671      6.156671     12.313342
      1.740000      5.785033      5.785033     11.570066
      1.760000      5.344720      5.344720     10.689440
      1.780000      4.822866      4.822866      9.645733
      1.800000      4.219596      4.219596      8.439192
      1.820000      3.554559      3.554559      7.109118
      1.840000      2.866158      2.866158      5.732316
      1.860000      2.204904      2.204904      4.409809
      1.880000      1.623946      1.623946      3.247893
      1.900000      1.170700      1.170700      2.341400
      1.920000      0.882765      0.882765      1.765531
      1.940000      0.788629      0.788629      1.577258
      1.960000      0.910357      0.910357      1.820714
      1.980000      1.263882      1.263882      2.527763
      2.000000      1.854104      1.854104      3.708207
      2.020000      2.666164      2.666164      5.332329
      2.040000      3.658141      3.658141      7.316282
      2.060000      4.760941      4.760941      9.521883
      2.080000      5.887277      5.887277     11.774553
      2.100000      6.945683      6.945683     13.891367
      2.120000      7.852332      7.852332     15.704664
      2.140000      8.536011      8.536011     17.072022
      2.160000      8.938529      8.938529     17.877059
      2.180000      9.017803      9.017803     18.035606
      2.200000      8.758771      8.758771     17.517541
      2.220000      8.188986      8.188986     16.377973
      2.240000      7.388378      7.388378     14.776757
      2.260000      6.483361      6.483361     12.966721
      2.280000      5.624259      5.624259     11.248518
      2.300000      4.954618      4.954618      9.909235
      2.320000      4.583599      4.583599      9.167198
      2.340000      4.567506      4.567506      9.135012
      2.360000      4.899773      4.899773      9.799546
      2.380000      5.507476      5.507476     11.014952
      2.400000      6.256856      6.256856     12.513712
      2.420000      6.974178      6.974178     13.948357
      2.440000      7.484588      7.484588     14.969177
      2.460000      7.660648      7.660648     15.321296
      2.480000      7.461874      7.461874     14.923749
      2.500000      6.946335      6.946335     13.892669
      2.520000      6.247764      6.247764     12.495528
      2.540000      5.529426      5.529426     11.058852
      2.560000      4.937281      4.937281      9.874563
      2.580000      4.572573      4.572573      9.145145
      2.600000      4.489977      4.489977      8.979955
      2.620000      4.711568      4.711568      9.423135
      2.640000      5.238987      5.238987     10.477974
      2.660000      6.050691      6.050691     12.101382
      2.680000      7.084527      7.084527     14.169053
      2.700000      8.219691      8.219691     16.439381
      2.720000      9.277312      9.277312     18.554624
      2.740000     10.051262     10.051262     20.102524
      2.760000     10.364020     10.364020     20.728039
      2.780000     10.126363     10.126363     20.252726
      2.800000      9.374409      9.374409     18.748818
      2.820000      8.266472      8.266472     16.532944
      2.840000      7.039787      7.039787     14.079573
      2.860000      5.943290      5.943290     11.886579
      2.880000      5.169835      5.169835     10.339669
      2.900000      4.808579      4.808579      9.617157
      2.920000      4.829907      4.829907      9.659814
      2.940000      5.105543      5.105543     10.211086
      2.960000      5.457317      5.457317     10.914635
      2.980000      5.719953      5.719953     11.439907
      3.000000      5.797554      5.797554     11.595108
      3.020000      5.693430      5.693430     11.386859
      3.040000      5.500885      5.500885     11.001771
      3.060000      5.357433      5.357433     10.714865
      3.080000      5.380959      5.380959     10.761918
      3.100000      5.615945      5.615945     11.231890
      3.120000      6.014864      6.014864     12.029729
      3.140000      6.464071      6.464071     12.928142
      3.160000      6.841325      6.841325     13.682651
      3.180000      7.075316      7.075316     14.150633
      3.200000      7.176411      7.176411     14.352821
      3.220000      7.224234      7.224234     14.448469
      3.240000      7.321918      7.321918     14.643835
      3.260000      7.543589      7.543589     15.087178
      3.280000      7.900983      7.900983     15.801967
      3.300000      8.339667      8.339667     16.679334
      3.320000      8.758150      8.758150     17.516299
      3.340000      9.035861      9.035861     18.071723
      3.360000      9.060184      9.060184     18.120368
      3.380000      8.750317      8.750317     17.500633
      3.400000      8.077901      8.077901     16.155802
      3.420000      7.080157      7.080157     14.160314
      3.440000      5.857612      5.857612     11.715225
      3.460000      4.552051      4.552051      9.104102
      3.480000      3.310278      3.310278      6.620556
      3.500000      2.247978      2.247978      4.495955
      3.520000      1.428278      1.428278      2.856555
      3.540000      0.861309      0.861309      1.722617
      3.560000      0.520320      0.520320      1.040641
      3.580000      0.363540      0.363540      0.727081
      3.600000      0.351451      0.351451      0.702902
      3.620000      0.454228      0.454228      0.908457
      3.640000      0.649881      0.649881      1.299762
      3.660000      0.917440      0.917440      1.834880
      3.680000      1.230652      1.230652      2.461305
      3.700000      1.556361      1.556361      3.112723
      3.720000      1.858925      1.858925      3.717849
      3.740000      2.108786      2.108786      4.217571
      3.760000      2.291104      2.291104      4.582207
      3.780000      2.410256      2.410256      4.820512
      3.800000      2.488049      2.488049      4.976098
      3.820000      2.556339      2.556339      5.112678
      3.840000      2.646904      2.646904      5.293808
      3.860000      2.781982      2.781982      5.563964
      3.880000      2.968180      2.968180      5.936359
      3.900000      3.195241      3.195241      6.390481
      3.920000      3.439868      3.439868      6.879737
      3.940000      3.673434      3.673434      7.346867
      3.960000      3.871081      3.871081      7.742162
      3.980000      4.019140      4.019140      8.038280
      4.000000      4.118523      4.118523      8.237046
      4.020000      4.183765      4.183765      8.367531
      4.040000      4.239239      4.239239      8.478477
      4.060000      4.314490      4.314490      8.628980
      4.080000      4.439604      4.439604      8.879207
      4.100000      4.640400      4.640400      9.280800
      4.120000      4.933639      4.933639      9.867278
      4.140000      5.323958      5.323958     10.647916
      4.160000      5.804961      5.804961     11.609922
      4.180000      6.364761      6.364761     12.729523
      4.200000      6.991925      6.991925     13.983851
      4.220000      7.674875      7.674875     15.349749
      4.240000      8.390379      8.390379     16.780758
      4.260000      9.085313      9.085313     18.170627
      4.280000      9.664862      9.664862     19.329724
      4.300000     10.001809     10.001809     20.003619
      4.320000      9.971360      9.971360     19.942721
      4.340000      9.499308      9.499308     18.998616
      4.360000      8.600015      8.600015     17.200030
      4.380000      7.383812      7.383812     14.767625
      4.400000      6.029631      6.029631     12.059261
      4.420000      4.736763      4.736763      9.473525
      4.440000      3.677738      3.677738      7.355476
      4.460000      2.969048      2.969048      5.938095
      4.480000      2.663977      2.663977      5.327954
      4.500000      2.761302      2.761302      5.522604
      4.520000      3.219861      3.219861      6.439723
      4.540000      3.971084      3.971084      7.942168
      4.560000      4.925802      4.925802      9.851605
      4.580000      5.976044      5.976044     11.952088
      4.600000      6.996520      6.996520     13.993041
      4.620000      7.853180      7.853180     15.706360
      4.640000      8.424782      8.424782     16.849565
      4.660000      8.636044      8.636044     17.272088
      4.680000      8.490078      8.490078     16.980157
      4.700000      8.081161      8.081161     16.162322
      4.720000      7.573388      7.573388     15.146776
      4.740000      7.146848      7.146848     14.293697
      4.760000      6.931782      6.931782     13.863564
      4.780000      6.960959      6.960959     13.921917
      4.800000      7.164170      7.164170     14.328340
      4.820000      7.409138      7.409138     14.818275
      4.840000      7.570560      7.570560     15.141120
      4.860000      7.595181      7.595181     15.190363
      4.880000      7.532234      7.532234     15.064468
      4.900000      7.514307      7.514307     15.028614
      4.920000      7.695870      7.695870     15.391741
      4.940000      8.175318      8.175318     16.350635
      4.960000      8.933929      8.933929     17.867858
      4.980000      9.819096      9.819096     19.638192
      5.000000     10.582009     10.582009     21.164017
      5.020000     10.957926     10.957926     21.915851
      5.040000     10.758603     10.758603     21.517207
      5.060000      9.940000      9.940000     19.880000
      5.080000      8.618494      8.618494     17.236989
      5.100000      7.031756      7.031756     14.063511
      5.120000      5.464337      5.464337     10.928674
      5.140000      4.169973      4.169973      8.339945
      5.160000      3.317186      3.317186      6.634371
      5.180000      2.968106      2.968106      5.936211
      5.200000      3.084536      3.084536      6.169072
      5.220000      3.549246      3.549246      7.098492
      5.240000      4.194153      4.194153      8.388307
      5.260000      4.833299      4.833299      9.666599
      5.280000      5.300001      5.300001     10.600003
      5.300000      5.482969      5.482969     10.965938
      5.320000      5.350563      5.350563     10.701125
      5.340000      4.952387      4.952387      9.904774
      5.360000      4.395423      4.395423      8.790847
      5.380000      3.803668      3.803668      7.607336
      5.400000      3.278185      3.278185      6.556369
      5.420000      2.873370      2.873370      5.746740
      5.440000      2.595984      2.595984      5.191969
      5.460000      2.422106      2.422106      4.844212
      5.480000      2.320217      2.320217      4.640434
      5.500000      2.268914      2.268914      4.537828
      5.520000      2.263323      2.263323      4.526645
      5.540000      2.310779      2.310779      4.621558
      5.560000      2.420303      2.420303      4.840606
      5.580000      2.591131      2.591131      5.182263
      5.600000      2.804513      2.804513      5.609026
      5.620000      3.021663      3.021663      6.043326
      5.640000      3.189501      3.189501      6.379001
      5.660000      3.253862      3.253862      6.507724
      5.680000      3.177019      3.177019      6.354037
      5.700000      2.953707      2.953707      5.907414
      5.720000      2.619524      2.619524      5.239049
      5.740000      2.248439      2.248439      4.496878
      5.760000      1.940942      1.940942      3.881884
      5.780000      1.807865      1.807865      3.615730
      5.800000      1.954716      1.954716      3.909433
      5.820000      2.467817      2.467817      4.935634
      5.840000      3.399755      3.399755      6.799509
      5.860000      4.751361      4.751361      9.502722
      5.880000      6.451943      6.451943     12.903885
      5.900000      8.346337      8.346337     16.692675
      5.920000     10.201405     10.201405     20.402810
      5.940000     11.740996     11.740996     23.481991
      5.960000     12.706781     12.706781     25.413562
      5.980000     12.927700     12.927700     25.855400
      6.000000     12.371835     12.371835     24.743671
      6.020000     11.158092     11.158092     22.316185
      6.040000      9.520927      9.520927     19.041855
      6.060000      7.741667      7.741667     15.483334
      6.080000      6.073702      6.073702     12.147404
      6.100000      4.688919      4.688919      9.377838
      6.120000      3.660318      3.660318      7.320635
      6.140000      2.978733      2.978733      5.957465
      6.160000      2.588938      2.588938      5.177876
      6.180000      2.426854      2.426854      4.853708
      6.200000      2.444093      2.444093      4.888185
      6.220000      2.614391      2.614391      5.228781
      6.240000      2.924493      2.924493      5.848986
      6.260000      3.357444      3.357444      6.714887
      6.280000      3.878261      3.878261      7.756523
      6.300000      4.430342      4.430342      8.860684
      6.320000      4.945959      4.945959      9.891918
      6.340000      5.367353      5.367353     10.734706
      6.360000      5.668883      5.668883     11.337766
      6.380000      5.868590      5.868590     11.737180
      6.400000      6.020889      6.020889     12.041778
      6.420000      6.190136      6.190136     12.380272
      6.440000      6.414469      6.414469     12.828937
      6.460000      6.676251      6.676251     13.352503
      6.480000      6.895468      6.895468     13.790936
      6.500000      6.953597      6.953597     13.907193
      6.520000      6.740599      6.740599     13.481198
      6.540000      6.204380      6.204380     12.408761
      6.560000      5.379141      5.379141     10.758283
      6.580000      4.379663      4.379663      8.759327
      6.600000      3.366713      3.366713      6.733426
      6.620000      2.502792      2.502792      5.005585
      6.640000      1.918663      1.918663      3.837326
      6.660000      1.700130      1.700130      3.400260
      6.680000      1.890170      1.890170      3.780339
      6.700000      2.493602      2.493602      4.987203
      6.720000      3.474284      3.474284      6.948568
      6.740000      4.745177      4.745177      9.490355
      6.760000      6.161897      6.161897     12.323795
      6.780000      7.533344      7.533344     15.066688
      6.800000      8.655914      8.655914     17.311827
      6.820000      9.364301      9.364301     18.728602
      6.840000      9.580206      9.580206     19.160412
      6.860000      9.338010      9.338010     18.676019
      6.880000      8.775480      8.775480     17.550960
      6.900000      8.092347      8.092347     16.184694
      6.920000      7.491700      7.491700     14.983400
      6.940000      7.123445      7.123445     14.246890
      6.960000      7.046168      7.046168     14.092336
      6.980000      7.217315      7.217315     14.434629
      7.000000      7.513971      7.513971     15.027942
      7.020000      7.777875      7.777875     15.555751
      7.040000      7.869652      7.869652     15.739304
      7.060000      7.712537      7.712537     15.425073
      7.080000      7.309588      7.309588     14.619176
      7.100000      6.730512      6.730512     13.461025
      7.120000      6.078469      6.078469     12.156938
      7.140000      5.454904      5.454904     10.909808
      7.160000      4.937395      4.937395      9.874789
      7.180000      4.574918      4.574918      9.149837
      7.200000      4.394497      4.394497      8.788994
      7.220000      4.408735      4.408735      8.817470
      7.240000      4.616426      4.616426      9.232851
      7.260000      4.994998      4.994998      9.989997
      7.280000      5.490252      5.490252     10.980505
      7.300000      6.012510      6.012510     12.025020
      7.320000      6.447412      6.447412     12.894825
      7.340000      6.683641      6.683641     13.367282
      7.360000      6.650665      6.650665     13.301329
      7.380000      6.351469      6.351469     12.702938
      7.400000      5.873324      5.873324     11.746648
      7.420000      5.366579      5.366579     10.733157
      7.440000      4.995002      4.995002      9.990003
      7.460000      4.875048      4.875048      9.750096
      7.480000      5.028781      5.028781     10.057563
      7.500000      5.371991      5.371991     10.743983
      7.520000      5.745742      5.745742     11.491484
      7.540000      5.981082      5.981082     11.962164
      7.560000      5.971035      5.971035     11.942069
      7.580000      5.719272      5.719272     11.438544
      7.600000      5.344457      5.344457     10.688913
      7.620000      5.038626      5.038626     10.077252
      7.640000      4.997271      4.997271      9.994542
      7.660000      5.348630      5.348630     10.697261
      7.680000      6.107397      6.107397     12.214794
      7.700000      7.167098      7.167098     14.334196
      7.720000      8.331552      8.331552     16.663105
      7.740000      9.373268      9.373268     18.746536
      7.760000     10.098196     10.098196     20.196391
      7.780000     10.394764     10.394764     20.789527
      7.800000     10.252330     10.252330     20.504660
      7.820000      9.747848      9.747848     19.495695
      7.840000      9.012659      9.012659     18.025317
      7.860000      8.196489      8.196489     16.392978
      7.880000      7.440767      7.440767     14.881533
      7.900000      6.863278      6.863278     13.726555
      7.920000      6.548531      6.548531     13.097061
      7.940000      6.537449      6.537449     13.074897
      7.960000      6.815137      6.815137     13.630274
      7.980000      7.302015      7.302015     14.604030
      8.000000      7.857243      7.857243     15.714486
      8.020000      8.301581      8.301581     16.603161
      8.040000      8.459335      8.459335     16.918670
      8.060000      8.208569      8.208569     16.417139
      8.080000      7.520945      7.520945     15.041891
      8.100000      6.473478      6.473478     12.946956
      8.120000      5.225817      5.225817     10.451633
      8.140000      3.972741      3.972741      7.945482
      8.160000      2.892580      2.892580      5.785159
      8.180000      2.111349      2.111349      4.222697
      8.200000      1.691145      1.691145      3.382290
      8.220000      1.637918      1.637918      3.275836
      8.240000      1.916671      1.916671      3.833341
      8.260000      2.464095      2.464095      4.928190
      8.280000      3.196141      3.196141      6.392282
      8.300000      4.014888      4.014888      8.029777
      8.320000      4.820911      4.820911      9.641821
      8.340000      5.533363      5.533363     11.066725
      8.360000      6.112922      6.112922     12.225843
      8.380000      6.576952      6.576952     13.153905
      8.400000      6.996016      6.996016     13.992033
      8.420000      7.467746      7.467746     14.935493
      8.440000      8.075599      8.075599     16.151198
      8.460000      8.849817      8.849817     17.699633
      8.480000      9.749582      9.749582     19.499164
      8.500000     10.676459     10.676459     21.352918
      8.520000     11.513822     11.513822     23.027643
      8.540000     12.173577     12.173577     24.347154
      8.560000     12.627737     12.627737     25.255474
      8.580000     12.910422     12.910422     25.820843
      8.600000     13.091118     13.091118     26.182236
      8.620000     13.234057     13.234057     26.468114
      8.640000     13.364118     13.364118     26.728236
      8.660000     13.454624     13.454624     26.909248
      8.680000     13.440280     13.440280     26.880559
      8.700000     13.246368     13.246368     26.492735
      8.720000     12.819256     12.819256     25.638512
      8.740000     12.145649     12.145649     24.291299
      8.760000     11.256225     11.256225     22.512450
      8.780000     10.217818     10.217818     20.435636
      8.800000      9.122004      9.122004     18.244009
      8.820000      8.075249      8.075249     16.150498
      8.840000      7.189905      7.189905     14.379809
      8.860000      6.571751      6.571751     13.143501
      8.880000      6.301919      6.301919     12.603838
      8.900000      6.417502      6.417502     12.835003
      8.920000      6.900193      6.900193     13.800386
      8.940000      7.680872      7.680872     15.361745
      8.960000      8.659897      8.659897     17.319794
      8.980000      9.733586      9.733586     19.467171
      9.000000     10.814022     10.814022     21.628043
      9.020000     11.834925     11.834925     23.669851
      9.040000     12.746820     12.746820     25.493639
      9.060000     13.511874     13.511874     27.023748
      9.080000     14.106718     14.106718     28.213436
      9.100000     14.531930     14.531930     29.063860
      9.120000     14.818110     14.818110     29.636220
      9.140000     15.018484     15.018484     30.036968
      9.160000     15.187352     15.187352     30.374705
      9.180000     15.354743     15.354743     30.709486
      9.200000     15.511355     15.511355     31.022710
      9.220000     15.611677     15.611677     31.223354
      9.240000     15.592743     15.592743     31.185485
      9.260000     15.399016     15.399016     30.798031
      9.280000     15.003585     15.003585     30.007170
      9.300000     14.419628     14.419628     28.839256
      9.320000     13.700156     13.700156     27.400311
      9.340000     12.927117     12.927117     25.854233
      9.360000     12.193463     12.193463     24.386927
      9.380000     11.583446     11.583446     23.166891
      9.400000     11.155884     11.155884     22.311768
      9.420000     10.932783     10.932783     21.865566
      9.440000     10.893745     10.893745     21.787489
      9.460000     10.977145     10.977145     21.954290
      9.480000     11.090442     11.090442     22.180884
      9.500000     11.130922     11.130922     22.261844
      9.520000     11.013399     11.013399     22.026798
      9.540000     10.695890     10.695890     21.391780
      9.560000     10.192680     10.192680     20.385360
      9.580000      9.568375      9.568375     19.136749
      9.600000      8.914454      8.914454     17.828908
      9.620000      8.317293      8.317293     16.634586
      9.640000      7.830298      7.830298     15.660595
      9.660000      7.461273      7.461273     14.922546
      9.680000      7.179858      7.179858     14.359716
      9.700000      6.941056      6.941056     13.882111
      9.720000      6.713406      6.713406     13.426813
      9.740000      6.498062      6.498062     12.996124
      9.760000      6.329709      6.329709     12.659417
      9.780000      6.259848      6.259848     12.519697
      9.800000      6.332352      6.332352     12.664703
      9.820000      6.565131      6.565131     13.130263
      9.840000      6.947827      6.947827     13.895653
      9.860000      7.455594      7.455594     14.911187
      9.880000      8.069005      8.069005     16.138011
      9.900000      8.785739      8.785739     17.571479
      9.920000      9.614309      9.614309     19.228619
      9.940000     10.551535     10.551535     21.103070
      9.960000     11.557177     11.557177     23.114355
      9.980000     12.543481     12.543481     25.086962
     10.000000     13.390518     13.390518     26.781035
