# EIG2DOS: Utility for SIESTA to obtain the electronic density of states
#  E. Artacho, Apr 1999, A. Garcia, Apr 2012
# ------------------------------------------
# Eigenvalues read from GRP_doping.EIG
# Using smearing parameter:   0.100
# Using   1001 points in energy range
# Selected bands: 1 to: 936
# Emin, emax in file for selected band(s):    -38.2596100    258.8256700
# Nbands, Nspin, Nk   =    936     1   231
# E_F                 =    -5.1202 eV --> (shifted to ZERO)
# Broadening          =     0.1000 eV
#
#        E            N(up)  (=)   N(down)         Ntot
    -10.000000      0.129595      0.129595      0.259191
     -9.980000      0.266532      0.266532      0.533064
     -9.960000      0.511000      0.511000      1.021999
     -9.940000      0.914896      0.914896      1.829792
     -9.920000      1.532931      1.532931      3.065862
     -9.900000      2.409656      2.409656      4.819312
     -9.880000      3.563792      3.563792      7.127584
     -9.860000      4.974840      4.974840      9.949679
     -9.840000      6.577131      6.577131     13.154262
     -9.820000      8.263974      8.263974     16.527949
     -9.800000      9.900801      9.900801     19.801602
     -9.780000     11.343646     11.343646     22.687292
     -9.760000     12.459539     12.459539     24.919078
     -9.740000     13.147594     13.147594     26.295188
     -9.720000     13.360883     13.360883     26.721765
     -9.700000     13.127004     13.127004     26.254008
     -9.680000     12.559824     12.559824     25.119649
     -9.660000     11.850292     11.850292     23.700584
     -9.640000     11.226507     11.226507     22.453015
     -9.620000     10.885515     10.885515     21.771030
     -9.600000     10.917673     10.917673     21.835345
     -9.580000     11.257825     11.257825     22.515649
     -9.560000     11.694030     11.694030     23.388060
     -9.540000     11.941112     11.941112     23.882224
     -9.520000     11.753527     11.753527     23.507054
     -9.500000     11.029319     11.029319     22.058639
     -9.480000      9.859197      9.859197     19.718394
     -9.460000      8.501399      8.501399     17.002798
     -9.440000      7.297719      7.297719     14.595437
     -9.420000      6.568682      6.568682     13.137364
     -9.400000      6.526453      6.526453     13.052906
     -9.380000      7.227751      7.227751     14.455502
     -9.360000      8.569581      8.569581     17.139163
     -9.340000     10.318626     10.318626     20.637252
     -9.320000     12.162469     12.162469     24.324939
     -9.300000     13.772317     13.772317     27.544634
     -9.280000     14.867324     14.867324     29.734649
     -9.260000     15.269026     15.269026     30.538051
     -9.240000     14.933614     14.933614     29.867229
     -9.220000     13.953176     13.953176     27.906352
     -9.200000     12.525016     12.525016     25.050031
     -9.180000     10.897978     10.897978     21.795956
     -9.160000      9.311694      9.311694     18.623389
     -9.140000      7.945930      7.945930     15.891859
     -9.120000      6.892593      6.892593     13.785186
     -9.100000      6.155017      6.155017     12.310034
     -9.080000      5.670793      5.670793     11.341587
     -9.060000      5.347927      5.347927     10.695855
     -9.040000      5.100802      5.100802     10.201603
     -9.020000      4.873713      4.873713      9.747425
     -9.000000      4.645976      4.645976      9.291951
     -8.980000      4.421689      4.421689      8.843378
     -8.960000      4.214435      4.214435      8.428871
     -8.940000      4.037834      4.037834      8.075667
     -8.920000      3.906374      3.906374      7.812748
     -8.900000      3.842019      3.842019      7.684038
     -8.880000      3.877171      3.877171      7.754342
     -8.860000      4.047160      4.047160      8.094319
     -8.840000      4.373219      4.373219      8.746439
     -8.820000      4.844214      4.844214      9.688428
     -8.800000      5.407347      5.407347     10.814693
     -8.780000      5.973944      5.973944     11.947888
     -8.760000      6.439055      6.439055     12.878111
     -8.740000      6.707464      6.707464     13.414929
     -8.720000      6.716624      6.716624     13.433249
     -8.700000      6.449256      6.449256     12.898513
     -8.680000      5.933084      5.933084     11.866168
     -8.660000      5.229911      5.229911     10.459823
     -8.640000      4.419245      4.419245      8.838489
     -8.620000      3.582255      3.582255      7.164511
     -8.600000      2.790413      2.790413      5.580826
     -8.580000      2.100584      2.100584      4.201167
     -8.560000      1.555905      1.555905      3.111810
     -8.540000      1.190056      1.190056      2.380111
     -8.520000      1.031674      1.031674      2.063347
     -8.500000      1.105444      1.105444      2.210888
     -8.480000      1.426936      1.426936      2.853873
     -8.460000      1.990456      1.990456      3.980912
     -8.440000      2.753302      2.753302      5.506605
     -8.420000      3.624521      3.624521      7.249043
     -8.400000      4.468173      4.468173      8.936347
     -8.380000      5.127129      5.127129     10.254258
     -8.360000      5.463608      5.463608     10.927215
     -8.340000      5.401956      5.401956     10.803912
     -8.320000      4.954834      4.954834      9.909668
     -8.300000      4.220252      4.220252      8.440504
     -8.280000      3.351018      3.351018      6.702036
     -8.260000      2.511495      2.511495      5.022990
     -8.240000      1.840821      1.840821      3.681643
     -8.220000      1.434931      1.434931      2.869862
     -8.200000      1.347199      1.347199      2.694397
     -8.180000      1.597566      1.597566      3.195131
     -8.160000      2.178093      2.178093      4.356186
     -8.140000      3.048936      3.048936      6.097872
     -8.120000      4.128234      4.128234      8.256469
     -8.100000      5.286559      5.286559     10.573119
     -8.080000      6.357095      6.357095     12.714189
     -8.060000      7.165766      7.165766     14.331532
     -8.040000      7.574348      7.574348     15.148696
     -8.020000      7.520288      7.520288     15.040575
     -8.000000      7.035645      7.035645     14.071291
     -7.980000      6.235850      6.235850     12.471700
     -7.960000      5.282780      5.282780     10.565560
     -7.940000      4.337993      4.337993      8.675986
     -7.920000      3.524482      3.524482      7.048963
     -7.900000      2.908572      2.908572      5.817143
     -7.880000      2.502582      2.502582      5.005164
     -7.860000      2.280402      2.280402      4.560804
     -7.840000      2.195964      2.195964      4.391928
     -7.820000      2.198047      2.198047      4.396094
     -7.800000      2.240344      2.240344      4.480687
     -7.780000      2.289412      2.289412      4.578825
     -7.760000      2.333319      2.333319      4.666639
     -7.740000      2.390731      2.390731      4.781462
     -7.720000      2.516224      2.516224      5.032447
     -7.700000      2.795262      2.795262      5.590525
     -7.680000      3.323811      3.323811      6.647621
     -7.660000      4.173319      4.173319      8.346637
     -7.640000      5.350123      5.350123     10.700246
     -7.620000      6.765207      6.765207     13.530413
     -7.600000      8.231249      8.231249     16.462498
     -7.580000      9.496143      9.496143     18.992286
     -7.560000     10.307237     10.307237     20.614474
     -7.540000     10.485080     10.485080     20.970160
     -7.520000      9.978173      9.978173     19.956346
     -7.500000      8.876567      8.876567     17.753135
     -7.480000      7.379813      7.379813     14.759626
     -7.460000      5.734458      5.734458     11.468917
     -7.440000      4.167536      4.167536      8.335072
     -7.420000      2.840252      2.840252      5.680504
     -7.400000      1.833528      1.833528      3.667056
     -7.380000      1.162137      1.162137      2.324274
     -7.360000      0.804170      0.804170      1.608340
     -7.340000      0.730203      0.730203      1.460406
     -7.320000      0.920211      0.920211      1.840421
     -7.300000      1.362953      1.362953      2.725907
     -7.280000      2.040051      2.040051      4.080102
     -7.260000      2.903821      2.903821      5.807641
     -7.240000      3.862246      3.862246      7.724493
     -7.220000      4.783288      4.783288      9.566575
     -7.200000      5.522450      5.522450     11.044899
     -7.180000      5.964783      5.964783     11.929566
     -7.160000      6.062360      6.062360     12.124721
     -7.140000      5.848253      5.848253     11.696506
     -7.120000      5.419613      5.419613     10.839225
     -7.100000      4.898869      4.898869      9.797737
     -7.080000      4.392727      4.392727      8.785453
     -7.060000      3.967105      3.967105      7.934210
     -7.040000      3.644717      3.644717      7.289434
     -7.020000      3.419267      3.419267      6.838535
     -7.000000      3.274003      3.274003      6.548007
     -6.980000      3.194611      3.194611      6.389221
     -6.960000      3.173431      3.173431      6.346862
     -6.940000      3.208290      3.208290      6.416580
     -6.920000      3.301474      3.301474      6.602949
     -6.900000      3.462184      3.462184      6.924368
     -6.880000      3.710962      3.710962      7.421923
     -6.860000      4.080133      4.080133      8.160266
     -6.840000      4.603604      4.603604      9.207208
     -6.820000      5.294622      5.294622     10.589243
     -6.800000      6.119869      6.119869     12.239738
     -6.780000      6.986431      6.986431     13.972862
     -6.760000      7.757031      7.757031     15.514063
     -6.740000      8.295611      8.295611     16.591222
     -6.720000      8.526105      8.526105     17.052209
     -6.700000      8.475087      8.475087     16.950173
     -6.680000      8.273532      8.273532     16.547064
     -6.660000      8.112768      8.112768     16.225537
     -6.640000      8.172495      8.172495     16.344991
     -6.620000      8.551089      8.551089     17.102179
     -6.600000      9.225244      9.225244     18.450489
     -6.580000     10.052213     10.052213     20.104425
     -6.560000     10.812117     10.812117     21.624233
     -6.540000     11.275540     11.275540     22.551081
     -6.520000     11.274418     11.274418     22.548837
     -6.500000     10.752803     10.752803     21.505606
     -6.480000      9.780119      9.780119     19.560237
     -6.460000      8.523152      8.523152     17.046305
     -6.440000      7.189770      7.189770     14.379540
     -6.420000      5.968726      5.968726     11.937453
     -6.400000      4.989322      4.989322      9.978645
     -6.380000      4.312265      4.312265      8.624530
     -6.360000      3.946206      3.946206      7.892411
     -6.340000      3.872572      3.872572      7.745145
     -6.320000      4.060525      4.060525      8.121051
     -6.300000      4.463974      4.463974      8.927949
     -6.280000      5.007404      5.007404     10.014809
     -6.260000      5.577651      5.577651     11.155302
     -6.240000      6.037331      6.037331     12.074662
     -6.220000      6.261934      6.261934     12.523868
     -6.200000      6.184895      6.184895     12.369790
     -6.180000      5.825823      5.825823     11.651647
     -6.160000      5.284181      5.284181     10.568362
     -6.140000      4.700232      4.700232      9.400463
     -6.120000      4.203967      4.203967      8.407934
     -6.100000      3.878266      3.878266      7.756531
     -6.080000      3.751905      3.751905      7.503810
     -6.060000      3.819299      3.819299      7.638599
     -6.040000      4.069105      4.069105      8.138211
     -6.020000      4.501023      4.501023      9.002046
     -6.000000      5.119135      5.119135     10.238270
     -5.980000      5.905135      5.905135     11.810270
     -5.960000      6.787999      6.787999     13.575997
     -5.940000      7.631518      7.631518     15.263035
     -5.920000      8.254425      8.254425     16.508849
     -5.900000      8.481347      8.481347     16.962694
     -5.880000      8.204591      8.204591     16.409183
     -5.860000      7.427633      7.427633     14.855266
     -5.840000      6.268264      6.268264     12.536527
     -5.820000      4.919568      4.919568      9.839135
     -5.800000      3.588067      3.588067      7.176133
     -5.780000      2.437558      2.437558      4.875116
     -5.760000      1.560041      1.560041      3.120081
     -5.740000      0.978282      0.978282      1.956563
     -5.720000      0.669390      0.669390      1.338780
     -5.700000      0.593006      0.593006      1.186012
     -5.680000      0.711625      0.711625      1.423251
     -5.660000      0.999023      0.999023      1.998045
     -5.640000      1.439873      1.439873      2.879746
     -5.620000      2.026315      2.026315      4.052631
     -5.600000      2.755242      2.755242      5.510484
     -5.580000      3.626136      3.626136      7.252273
     -5.560000      4.636676      4.636676      9.273352
     -5.540000      5.774700      5.774700     11.549400
     -5.520000      7.009743      7.009743     14.019487
     -5.500000      8.291116      8.291116     16.582232
     -5.480000      9.557651      9.557651     19.115303
     -5.460000     10.756073     10.756073     21.512146
     -5.440000     11.856112     11.856112     23.712223
     -5.420000     12.849366     12.849366     25.698733
     -5.400000     13.729164     13.729164     27.458328
     -5.380000     14.464185     14.464185     28.928370
     -5.360000     14.986977     14.986977     29.973954
     -5.340000     15.210847     15.210847     30.421694
     -5.320000     15.068721     15.068721     30.137443
     -5.300000     14.550234     14.550234     29.100469
     -5.280000     13.713143     13.713143     27.426285
     -5.260000     12.663466     12.663466     25.326932
     -5.240000     11.521170     11.521170     23.042341
     -5.220000     10.396282     10.396282     20.792564
     -5.200000      9.387457      9.387457     18.774913
     -5.180000      8.592840      8.592840     17.185681
     -5.160000      8.111100      8.111100     16.222201
     -5.140000      8.019170      8.019170     16.038341
     -5.120000      8.334945      8.334945     16.669891
     -5.100000      8.989592      8.989592     17.979184
     -5.080000      9.832163      9.832163     19.664326
     -5.060000     10.670653     10.670653     21.341306
     -5.040000     11.332128     11.332128     22.664255
     -5.020000     11.714072     11.714072     23.428144
     -5.000000     11.804693     11.804693     23.609386
     -4.980000     11.666643     11.666643     23.333285
     -4.960000     11.396396     11.396396     22.792793
     -4.940000     11.081127     11.081127     22.162253
     -4.920000     10.772350     10.772350     21.544699
     -4.900000     10.483761     10.483761     20.967522
     -4.880000     10.207827     10.207827     20.415654
     -4.860000      9.939849      9.939849     19.879698
     -4.840000      9.700626      9.700626     19.401252
     -4.820000      9.553132      9.553132     19.106264
     -4.800000      9.607896      9.607896     19.215792
     -4.780000     10.007310     10.007310     20.014621
     -4.760000     10.880387     10.880387     21.760774
     -4.740000     12.274265     12.274265     24.548530
     -4.720000     14.091573     14.091573     28.183146
     -4.700000     16.075248     16.075248     32.150495
     -4.680000     17.867645     17.867645     35.735291
     -4.660000     19.130181     19.130181     38.260362
     -4.640000     19.667725     19.667725     39.335450
     -4.620000     19.490106     19.490106     38.980213
     -4.600000     18.775260     18.775260     37.550520
     -4.580000     17.756761     17.756761     35.513522
     -4.560000     16.603721     16.603721     33.207442
     -4.540000     15.361993     15.361993     30.723985
     -4.520000     13.982698     13.982698     27.965395
     -4.500000     12.408355     12.408355     24.816710
     -4.480000     10.655788     10.655788     21.311575
     -4.460000      8.845411      8.845411     17.690821
     -4.440000      7.165614      7.165614     14.331227
     -4.420000      5.799713      5.799713     11.599426
     -4.400000      4.858415      4.858415      9.716831
     -4.380000      4.349299      4.349299      8.698598
     -4.360000      4.189680      4.189680      8.379361
     -4.340000      4.247697      4.247697      8.495393
     -4.320000      4.388667      4.388667      8.777335
     -4.300000      4.509420      4.509420      9.018839
     -4.280000      4.554909      4.554909      9.109818
     -4.260000      4.520858      4.520858      9.041717
     -4.240000      4.448594      4.448594      8.897189
     -4.220000      4.414710      4.414710      8.829419
     -4.200000      4.513702      4.513702      9.027404
     -4.180000      4.831858      4.831858      9.663716
     -4.160000      5.416814      5.416814     10.833629
     -4.140000      6.255021      6.255021     12.510041
     -4.120000      7.271019      7.271019     14.542039
     -4.100000      8.353599      8.353599     16.707199
     -4.080000      9.398122      9.398122     18.796243
     -4.060000     10.342530     10.342530     20.685060
     -4.040000     11.176619     11.176619     22.353237
     -4.020000     11.920213     11.920213     23.840425
     -4.000000     12.585183     12.585183     25.170366
     -3.980000     13.144955     13.144955     26.289911
     -3.960000     13.528191     13.528191     27.056383
     -3.940000     13.637651     13.637651     27.275302
     -3.920000     13.382977     13.382977     26.765954
     -3.900000     12.713831     12.713831     25.427661
     -3.880000     11.644316     11.644316     23.288632
     -3.860000     10.263982     10.263982     20.527964
     -3.840000      8.731821      8.731821     17.463643
     -3.820000      7.250628      7.250628     14.501256
     -3.800000      6.023576      6.023576     12.047153
     -3.780000      5.202627      5.202627     10.405253
     -3.760000      4.844706      4.844706      9.689413
     -3.740000      4.892067      4.892067      9.784134
     -3.720000      5.186575      5.186575     10.373151
     -3.700000      5.516154      5.516154     11.032307
     -3.680000      5.679354      5.679354     11.358708
     -3.660000      5.546174      5.546174     11.092348
     -3.640000      5.093881      5.093881     10.187762
     -3.620000      4.406792      4.406792      8.813584
     -3.600000      3.644191      3.644191      7.288381
     -3.580000      2.992821      2.992821      5.985642
     -3.560000      2.623126      2.623126      5.246253
     -3.540000      2.661210      2.661210      5.322420
     -3.520000      3.177251      3.177251      6.354503
     -3.500000      4.183230      4.183230      8.366461
     -3.480000      5.632237      5.632237     11.264473
     -3.460000      7.417110      7.417110     14.834220
     -3.440000      9.372941      9.372941     18.745883
     -3.420000     11.291246     11.291246     22.582491
     -3.400000     12.950711     12.950711     25.901422
     -3.380000     14.161025     14.161025     28.322051
     -3.360000     14.806717     14.806717     29.613433
     -3.340000     14.873335     14.873335     29.746670
     -3.320000     14.443119     14.443119     28.886238
     -3.300000     13.660425     13.660425     27.320849
     -3.280000     12.681854     12.681854     25.363707
     -3.260000     11.633445     11.633445     23.266889
     -3.240000     10.592619     10.592619     21.185238
     -3.220000      9.598466      9.598466     19.196932
     -3.200000      8.678764      8.678764     17.357529
     -3.180000      7.874850      7.874850     15.749700
     -3.160000      7.249533      7.249533     14.499066
     -3.140000      6.874737      6.874737     13.749473
     -3.120000      6.806204      6.806204     13.612408
     -3.100000      7.056656      7.056656     14.113312
     -3.080000      7.576702      7.576702     15.153405
     -3.060000      8.249328      8.249328     16.498656
     -3.040000      8.902038      8.902038     17.804075
     -3.020000      9.338902      9.338902     18.677804
     -3.000000      9.388921      9.388921     18.777842
     -2.980000      8.957614      8.957614     17.915228
     -2.960000      8.061928      8.061928     16.123857
     -2.940000      6.831909      6.831909     13.663818
     -2.920000      5.476755      5.476755     10.953509
     -2.900000      4.229732      4.229732      8.459464
     -2.880000      3.294896      3.294896      6.589792
     -2.860000      2.813781      2.813781      5.627563
     -2.840000      2.856905      2.856905      5.713810
     -2.820000      3.432557      3.432557      6.865114
     -2.800000      4.500612      4.500612      9.001224
     -2.780000      5.982010      5.982010     11.964021
     -2.760000      7.760971      7.760971     15.521941
     -2.740000      9.683286      9.683286     19.366572
     -2.720000     11.558613     11.558613     23.117227
     -2.700000     13.176138     13.176138     26.352277
     -2.680000     14.338982     14.338982     28.677964
     -2.660000     14.912128     14.912128     29.824256
     -2.640000     14.865955     14.865955     29.731911
     -2.620000     14.292025     14.292025     28.584049
     -2.600000     13.376865     13.376865     26.753730
     -2.580000     12.340370     12.340370     24.680740
     -2.560000     11.365122     11.365122     22.730245
     -2.540000     10.548076     10.548076     21.096152
     -2.520000      9.893174      9.893174     19.786347
     -2.500000      9.341895      9.341895     18.683790
     -2.480000      8.822026      8.822026     17.644053
     -2.460000      8.291096      8.291096     16.582191
     -2.440000      7.758411      7.758411     15.516822
     -2.420000      7.281349      7.281349     14.562699
     -2.400000      6.941261      6.941261     13.882523
     -2.380000      6.809830      6.809830     13.619660
     -2.360000      6.918352      6.918352     13.836704
     -2.340000      7.240917      7.240917     14.481835
     -2.320000      7.697782      7.697782     15.395565
     -2.300000      8.177912      8.177912     16.355823
     -2.280000      8.571883      8.571883     17.143767
     -2.260000      8.801746      8.801746     17.603491
     -2.240000      8.835781      8.835781     17.671561
     -2.220000      8.683456      8.683456     17.366912
     -2.200000      8.375663      8.375663     16.751326
     -2.180000      7.942515      7.942515     15.885030
     -2.160000      7.401583      7.401583     14.803167
     -2.140000      6.763056      6.763056     13.526112
     -2.120000      6.048386      6.048386     12.096773
     -2.100000      5.310957      5.310957     10.621915
     -2.080000      4.645342      4.645342      9.290683
     -2.060000      4.176593      4.176593      8.353185
     -2.040000      4.029897      4.029897      8.059794
     -2.020000      4.289634      4.289634      8.579268
     -2.000000      4.962202      4.962202      9.924403
     -1.980000      5.957402      5.957402     11.914804
     -1.960000      7.098458      7.098458     14.196916
     -1.940000      8.161493      8.161493     16.322985
     -1.920000      8.934076      8.934076     17.868152
     -1.900000      9.273791      9.273791     18.547582
     -1.880000      9.146670      9.146670     18.293340
     -1.860000      8.633278      8.633278     17.266556
     -1.840000      7.903318      7.903318     15.806636
     -1.820000      7.170558      7.170558     14.341115
     -1.800000      6.643217      6.643217     13.286434
     -1.780000      6.480899      6.480899     12.961797
     -1.760000      6.763025      6.763025     13.526050
     -1.740000      7.471007      7.471007     14.942015
     -1.720000      8.487878      8.487878     16.975757
     -1.700000      9.620621      9.620621     19.241241
     -1.680000     10.646465     10.646465     21.292929
     -1.660000     11.374266     11.374266     22.748532
     -1.640000     11.701149     11.701149     23.402298
     -1.620000     11.641356     11.641356     23.282712
     -1.600000     11.313298     11.313298     22.626597
     -1.580000     10.889047     10.889047     21.778094
     -1.560000     10.528118     10.528118     21.056236
     -1.540000     10.324342     10.324342     20.648683
     -1.520000     10.286751     10.286751     20.573502
     -1.500000     10.357531     10.357531     20.715062
     -1.480000     10.452513     10.452513     20.905025
     -1.460000     10.501889     10.501889     21.003779
     -1.440000     10.473476     10.473476     20.946953
     -1.420000     10.373123     10.373123     20.746246
     -1.400000     10.228640     10.228640     20.457281
     -1.380000     10.069118     10.069118     20.138236
     -1.360000      9.910134      9.910134     19.820269
     -1.340000      9.750195      9.750195     19.500390
     -1.320000      9.578064      9.578064     19.156128
     -1.300000      9.386311      9.386311     18.772621
     -1.280000      9.184016      9.184016     18.368032
     -1.260000      9.001748      9.001748     18.003497
     -1.240000      8.885072      8.885072     17.770143
     -1.220000      8.878093      8.878093     17.756186
     -1.200000      9.003626      9.003626     18.007251
     -1.180000      9.248716      9.248716     18.497431
     -1.160000      9.562297      9.562297     19.124594
     -1.140000      9.866490      9.866490     19.732979
     -1.120000     10.077133     10.077133     20.154267
     -1.100000     10.125450     10.125450     20.250901
     -1.080000      9.973056      9.973056     19.946112
     -1.060000      9.616563      9.616563     19.233126
     -1.040000      9.083445      9.083445     18.166889
     -1.020000      8.424476      8.424476     16.848951
     -1.000000      7.707786      7.707786     15.415572
     -0.980000      7.015774      7.015774     14.031549
     -0.960000      6.441610      6.441610     12.883219
     -0.940000      6.080343      6.080343     12.160685
     -0.920000      6.012466      6.012466     12.024931
     -0.900000      6.283429      6.283429     12.566857
     -0.880000      6.887192      6.887192     13.774385
     -0.860000      7.761945      7.761945     15.523891
     -0.840000      8.801356      8.801356     17.602712
     -0.820000      9.878040      9.878040     19.756080
     -0.800000     10.871024     10.871024     21.742048
     -0.780000     11.687945     11.687945     23.375890
     -0.760000     12.275577     12.275577     24.551154
     -0.740000     12.617546     12.617546     25.235092
     -0.720000     12.723857     12.723857     25.447714
     -0.700000     12.620428     12.620428     25.240856
     -0.680000     12.345738     12.345738     24.691476
     -0.660000     11.955585     11.955585     23.911170
     -0.640000     11.528962     11.528962     23.057924
     -0.620000     11.163939     11.163939     22.327878
     -0.600000     10.956295     10.956295     21.912589
     -0.580000     10.964544     10.964544     21.929088
     -0.560000     11.176567     11.176567     22.353134
     -0.540000     11.497421     11.497421     22.994842
     -0.520000     11.770683     11.770683     23.541366
     -0.500000     11.829578     11.829578     23.659156
     -0.480000     11.557858     11.557858     23.115716
     -0.460000     10.933838     10.933838     21.867676
     -0.440000     10.038604     10.038604     20.077208
     -0.420000      9.026951      9.026951     18.053902
     -0.400000      8.076569      8.076569     16.153139
     -0.380000      7.337929      7.337929     14.675858
     -0.360000      6.902153      6.902153     13.804305
     -0.340000      6.792615      6.792615     13.585231
     -0.320000      6.976008      6.976008     13.952015
     -0.300000      7.384469      7.384469     14.768939
     -0.280000      7.940870      7.940870     15.881741
     -0.260000      8.580977      8.580977     17.161955
     -0.240000      9.267289      9.267289     18.534577
     -0.220000      9.990768      9.990768     19.981536
     -0.200000     10.760116     10.760116     21.520231
     -0.180000     11.583227     11.583227     23.166455
     -0.160000     12.449417     12.449417     24.898834
     -0.140000     13.320824     13.320824     26.641648
     -0.120000     14.136586     14.136586     28.273172
     -0.100000     14.826464     14.826464     29.652928
     -0.080000     15.326177     15.326177     30.652354
     -0.060000     15.587798     15.587798     31.175595
     -0.040000     15.584103     15.584103     31.168207
     -0.020000     15.311137     15.311137     30.622274
      0.000000     14.793545     14.793545     29.587089
      0.020000     14.091874     14.091874     28.183747
      0.040000     13.304175     13.304175     26.608350
      0.060000     12.552326     12.552326     25.104653
      0.080000     11.949810     11.949810     23.899620
      0.100000     11.559715     11.559715     23.119431
      0.120000     11.362024     11.362024     22.724048
      0.140000     11.250034     11.250034     22.500067
      0.160000     11.064270     11.064270     22.128541
      0.180000     10.653442     10.653442     21.306883
      0.200000      9.936581      9.936581     19.873162
      0.220000      8.938303      8.938303     17.876607
      0.240000      7.782086      7.782086     15.564172
      0.260000      6.647044      6.647044     13.294087
      0.280000      5.709621      5.709621     11.419243
      0.300000      5.094661      5.094661     10.189321
      0.320000      4.851161      4.851161      9.702323
      0.340000      4.954622      4.954622      9.909244
      0.360000      5.328283      5.328283     10.656566
      0.380000      5.873013      5.873013     11.746025
      0.400000      6.497370      6.497370     12.994740
      0.420000      7.141381      7.141381     14.282761
      0.440000      7.788291      7.788291     15.576581
      0.460000      8.459887      8.459887     16.919773
      0.480000      9.195392      9.195392     18.390783
      0.500000     10.020938     10.020938     20.041876
      0.520000     10.922275     10.922275     21.844549
      0.540000     11.833392     11.833392     23.666785
      0.560000     12.647304     12.647304     25.294609
      0.580000     13.245704     13.245704     26.491408
      0.600000     13.536559     13.536559     27.073118
      0.620000     13.485771     13.485771     26.971543
      0.640000     13.131051     13.131051     26.262101
      0.660000     12.572044     12.572044     25.144089
      0.680000     11.939465     11.939465     23.878930
      0.700000     11.355099     11.355099     22.710198
      0.720000     10.899655     10.899655     21.799311
      0.740000     10.601962     10.601962     21.203924
      0.760000     10.451275     10.451275     20.902550
      0.780000     10.421317     10.421317     20.842634
      0.800000     10.489300     10.489300     20.978600
      0.820000     10.639520     10.639520     21.279040
      0.840000     10.854035     10.854035     21.708070
      0.860000     11.102414     11.102414     22.204827
      0.880000     11.341721     11.341721     22.683442
      0.900000     11.528511     11.528511     23.057023
      0.920000     11.634706     11.634706     23.269413
      0.940000     11.656339     11.656339     23.312678
      0.960000     11.609635     11.609635     23.219270
      0.980000     11.517724     11.517724     23.035449
      1.000000     11.396763     11.396763     22.793526
      1.020000     11.249316     11.249316     22.498632
      1.040000     11.067433     11.067433     22.134866
      1.060000     10.842228     10.842228     21.684456
      1.080000     10.573968     10.573968     21.147936
      1.100000     10.277036     10.277036     20.554071
      1.120000      9.976750      9.976750     19.953500
      1.140000      9.698990      9.698990     19.397981
      1.160000      9.457754      9.457754     18.915509
      1.180000      9.248055      9.248055     18.496110
      1.200000      9.049630      9.049630     18.099260
      1.220000      8.840852      8.840852     17.681704
      1.240000      8.615492      8.615492     17.230984
      1.260000      8.392518      8.392518     16.785036
      1.280000      8.213115      8.213115     16.426230
      1.300000      8.127061      8.127061     16.254122
      1.320000      8.176869      8.176869     16.353738
      1.340000      8.388335      8.388335     16.776669
      1.360000      8.770541      8.770541     17.541082
      1.380000      9.321131      9.321131     18.642263
      1.400000     10.029055     10.029055     20.058109
      1.420000     10.869401     10.869401     21.738802
      1.440000     11.791717     11.791717     23.583434
      1.460000     12.709845     12.709845     25.419691
      1.480000     13.503470     13.503470     27.006940
      1.500000     14.037410     14.037410     28.074821
      1.520000     14.196043     14.196043     28.392085
      1.540000     13.921440     13.921440     27.842881
      1.560000     13.239812     13.239812     26.479623
      1.580000     12.264163     12.264163     24.528327
      1.600000     11.170460     11.170460     22.340920
      1.620000     10.154921     10.154921     20.309843
      1.640000      9.386244      9.386244     18.772488
      1.660000      8.966143      8.966143     17.932286
      1.680000      8.906794      8.906794     17.813587
      1.700000      9.128522      9.128522     18.257044
      1.720000      9.477946      9.477946     18.955891
      1.740000      9.764619      9.764619     19.529239
      1.760000      9.810371      9.810371     19.620742
      1.780000      9.499397      9.499397     18.998795
      1.800000      8.812453      8.812453     17.624905
      1.820000      7.830607      7.830607     15.661213
      1.840000      6.705119      6.705119     13.410237
      1.860000      5.605235      5.605235     11.210469
      1.880000      4.666080      4.666080      9.332160
      1.900000      3.957502      3.957502      7.915004
      1.920000      3.482633      3.482633      6.965267
      1.940000      3.199970      3.199970      6.399941
      1.960000      3.053610      3.053610      6.107221
      1.980000      2.996786      2.996786      5.993572
      2.000000      3.001321      3.001321      6.002641
      2.020000      3.054361      3.054361      6.108722
      2.040000      3.148984      3.148984      6.297968
      2.060000      3.275672      3.275672      6.551344
      2.080000      3.418600      3.418600      6.837199
      2.100000      3.556762      3.556762      7.113525
      2.120000      3.667492      3.667492      7.334984
      2.140000      3.729706      3.729706      7.459412
      2.160000      3.725884      3.725884      7.451769
      2.180000      3.643543      3.643543      7.287086
      2.200000      3.477441      3.477441      6.954881
      2.220000      3.232519      3.232519      6.465038
      2.240000      2.925863      2.925863      5.851726
      2.260000      2.585479      2.585479      5.170959
      2.280000      2.245072      2.245072      4.490144
      2.300000      1.936402      1.936402      3.872803
      2.320000      1.682380      1.682380      3.364759
      2.340000      1.493694      1.493694      2.987388
      2.360000      1.369826      1.369826      2.739653
      2.380000      1.303247      1.303247      2.606493
      2.400000      1.284519      1.284519      2.569038
      2.420000      1.306263      1.306263      2.612526
      2.440000      1.364773      1.364773      2.729546
      2.460000      1.458973      1.458973      2.917946
      2.480000      1.587125      1.587125      3.174250
      2.500000      1.742457      1.742457      3.484914
      2.520000      1.909738      1.909738      3.819477
      2.540000      2.065396      2.065396      4.130793
      2.560000      2.183258      2.183258      4.366515
      2.580000      2.245880      2.245880      4.491759
      2.600000      2.258241      2.258241      4.516482
      2.620000      2.257889      2.257889      4.515778
      2.640000      2.315299      2.315299      4.630597
      2.660000      2.520908      2.520908      5.041816
      2.680000      2.960047      2.960047      5.920094
      2.700000      3.681975      3.681975      7.363949
      2.720000      4.672838      4.672838      9.345676
      2.740000      5.843435      5.843435     11.686871
      2.760000      7.040163      7.040163     14.080327
      2.780000      8.080615      8.080615     16.161230
      2.800000      8.805123      8.805123     17.610245
      2.820000      9.126418      9.126418     18.252837
      2.840000      9.057423      9.057423     18.114845
      2.860000      8.704931      8.704931     17.409862
      2.880000      8.231210      8.231210     16.462420
      2.900000      7.798378      7.798378     15.596757
      2.920000      7.515601      7.515601     15.031202
      2.940000      7.406133      7.406133     14.812266
      2.960000      7.403961      7.403961     14.807922
      2.980000      7.381383      7.381383     14.762766
      3.000000      7.200001      7.200001     14.400002
      3.020000      6.768961      6.768961     13.537923
      3.040000      6.089676      6.089676     12.179353
      3.060000      5.270226      5.270226     10.540452
      3.080000      4.504929      4.504929      9.009859
      3.100000      4.028220      4.028220      8.056440
      3.120000      4.058536      4.058536      8.117073
      3.140000      4.745284      4.745284      9.490568
      3.160000      6.125879      6.125879     12.251759
      3.180000      8.098213      8.098213     16.196425
      3.200000     10.417635     10.417635     20.835271
      3.220000     12.729916     12.729916     25.459832
      3.240000     14.644075     14.644075     29.288150
      3.260000     15.831193     15.831193     31.662386
      3.280000     16.117142     16.117142     32.234283
      3.300000     15.532366     15.532366     31.064732
      3.320000     14.296601     14.296601     28.593201
      3.340000     12.743973     12.743973     25.487946
      3.360000     11.218940     11.218940     22.437880
      3.380000      9.982638      9.982638     19.965276
      3.400000      9.159779      9.159779     18.319558
      3.420000      8.735799      8.735799     17.471597
      3.440000      8.594187      8.594187     17.188374
      3.460000      8.572947      8.572947     17.145893
      3.480000      8.518808      8.518808     17.037617
      3.500000      8.324989      8.324989     16.649979
      3.520000      7.947789      7.947789     15.895579
      3.540000      7.404899      7.404899     14.809797
      3.560000      6.761845      6.761845     13.523690
      3.580000      6.112896      6.112896     12.225791
      3.600000      5.560692      5.560692     11.121385
      3.620000      5.196814      5.196814     10.393628
      3.640000      5.084369      5.084369     10.168737
      3.660000      5.244029      5.244029     10.488059
      3.680000      5.646322      5.646322     11.292644
      3.700000      6.214288      6.214288     12.428575
      3.720000      6.839812      6.839812     13.679625
      3.740000      7.412258      7.412258     14.824516
      3.760000      7.850660      7.850660     15.701320
      3.780000      8.125246      8.125246     16.250492
      3.800000      8.255985      8.255985     16.511969
      3.820000      8.286829      8.286829     16.573657
      3.840000      8.248836      8.248836     16.497671
      3.860000      8.133597      8.133597     16.267193
      3.880000      7.893453      7.893453     15.786905
      3.900000      7.468934      7.468934     14.937868
      3.920000      6.827159      6.827159     13.654317
      3.940000      5.988730      5.988730     11.977461
      3.960000      5.028618      5.028618     10.057236
      3.980000      4.052338      4.052338      8.104676
      4.000000      3.161670      3.161670      6.323339
      4.020000      2.426865      2.426865      4.853731
      4.040000      1.875442      1.875442      3.750884
      4.060000      1.497447      1.497447      2.994895
      4.080000      1.260113      1.260113      2.520226
      4.100000      1.123522      1.123522      2.247045
      4.120000      1.051789      1.051789      2.103578
      4.140000      1.018189      1.018189      2.036378
      4.160000      1.005509      1.005509      2.011019
      4.180000      1.003938      1.003938      2.007876
      4.200000      1.008497      1.008497      2.016993
      4.220000      1.017054      1.017054      2.034108
      4.240000      1.029081      1.029081      2.058162
      4.260000      1.044916      1.044916      2.089833
      4.280000      1.065359      1.065359      2.130719
      4.300000      1.091607      1.091607      2.183214
      4.320000      1.125607      1.125607      2.251213
      4.340000      1.170897      1.170897      2.341794
      4.360000      1.233910      1.233910      2.467821
      4.380000      1.325477      1.325477      2.650955
      4.400000      1.461815      1.461815      2.923631
      4.420000      1.663920      1.663920      3.327839
      4.440000      1.954632      1.954632      3.909264
      4.460000      2.353920      2.353920      4.707840
      4.480000      2.874367      2.874367      5.748734
      4.500000      3.519061      3.519061      7.038122
      4.520000      4.282059      4.282059      8.564117
      4.540000      5.148397      5.148397     10.296793
      4.560000      6.089246      6.089246     12.178491
      4.580000      7.050940      7.050940     14.101879
      4.600000      7.943682      7.943682     15.887364
      4.620000      8.641601      8.641601     17.283202
      4.640000      9.004165      9.004165     18.008330
      4.660000      8.917885      8.917885     17.835769
      4.680000      8.342657      8.342657     16.685314
      4.700000      7.339738      7.339738     14.679477
      4.720000      6.065030      6.065030     12.130060
      4.740000      4.728956      4.728956      9.457913
      4.760000      3.541048      3.541048      7.082096
      4.780000      2.662405      2.662405      5.324811
      4.800000      2.180777      2.180777      4.361553
      4.820000      2.108868      2.108868      4.217736
      4.840000      2.397149      2.397149      4.794298
      4.860000      2.952304      2.952304      5.904607
      4.880000      3.658059      3.658059      7.316117
      4.900000      4.398951      4.398951      8.797902
      4.920000      5.085432      5.085432     10.170864
      4.940000      5.672730      5.672730     11.345460
      4.960000      6.162908      6.162908     12.325815
      4.980000      6.584884      6.584884     13.169768
      5.000000      6.959530      6.959530     13.919060
      5.020000      7.268326      7.268326     14.536652
      5.040000      7.445425      7.445425     14.890850
      5.060000      7.401287      7.401287     14.802574
      5.080000      7.067856      7.067856     14.135712
      5.100000      6.442095      6.442095     12.884189
      5.120000      5.605193      5.605193     11.210386
      5.140000      4.708080      4.708080      9.416161
      5.160000      3.930841      3.930841      7.861682
      5.180000      3.433816      3.433816      6.867633
      5.200000      3.317356      3.317356      6.634713
      5.220000      3.599208      3.599208      7.198417
      5.240000      4.210842      4.210842      8.421684
      5.260000      5.010963      5.010963     10.021927
      5.280000      5.814580      5.814580     11.629160
      5.300000      6.434649      6.434649     12.869297
      5.320000      6.728373      6.728373     13.456745
      5.340000      6.634638      6.634638     13.269276
      5.360000      6.188575      6.188575     12.377151
      5.380000      5.506704      5.506704     11.013408
      5.400000      4.748269      4.748269      9.496538
      5.420000      4.067988      4.067988      8.135976
      5.440000      3.576896      3.576896      7.153792
      5.460000      3.321655      3.321655      6.643311
      5.480000      3.283760      3.283760      6.567519
      5.500000      3.394059      3.394059      6.788117
      5.520000      3.556523      3.556523      7.113047
      5.540000      3.675915      3.675915      7.351831
      5.560000      3.684054      3.684054      7.368107
      5.580000      3.558339      3.558339      7.116677
      5.600000      3.326444      3.326444      6.652887
      5.620000      3.054956      3.054956      6.109911
      5.640000      2.826567      2.826567      5.653135
      5.660000      2.716252      2.716252      5.432504
      5.680000      2.777343      2.777343      5.554686
      5.700000      3.042210      3.042210      6.084420
      5.720000      3.532484      3.532484      7.064967
      5.740000      4.266605      4.266605      8.533209
      5.760000      5.253200      5.253200     10.506399
      5.780000      6.468382      6.468382     12.936764
      5.800000      7.828499      7.828499     15.656998
      5.820000      9.178261      9.178261     18.356522
      5.840000     10.310304     10.310304     20.620609
      5.860000     11.016251     11.016251     22.032502
      5.880000     11.150350     11.150350     22.300700
      5.900000     10.677345     10.677345     21.354690
      5.920000      9.683140      9.683140     19.366280
      5.940000      8.345781      8.345781     16.691563
      5.960000      6.883064      6.883064     13.766128
      5.980000      5.500749      5.500749     11.001499
      6.000000      4.359665      4.359665      8.719330
      6.020000      3.566679      3.566679      7.133358
      6.040000      3.182396      3.182396      6.364792
      6.060000      3.233053      3.233053      6.466106
      6.080000      3.716576      3.716576      7.433152
      6.100000      4.600431      4.600431      9.200861
      6.120000      5.816988      5.816988     11.633977
      6.140000      7.265404      7.265404     14.530808
      6.160000      8.824605      8.824605     17.649211
      6.180000     10.372409     10.372409     20.744818
      6.200000     11.798650     11.798650     23.597301
      6.220000     13.003202     13.003202     26.006404
      6.240000     13.882811     13.882811     27.765622
      6.260000     14.323912     14.323912     28.647825
      6.280000     14.219066     14.219066     28.438131
      6.300000     13.508546     13.508546     27.017093
      6.320000     12.226625     12.226625     24.453251
      6.340000     10.521886     10.521886     21.043771
      6.360000      8.632337      8.632337     17.264675
      6.380000      6.821992      6.821992     13.643984
      6.400000      5.307707      5.307707     10.615414
      6.420000      4.208919      4.208919      8.417837
      6.440000      3.537931      3.537931      7.075862
      6.460000      3.226795      3.226795      6.453590
      6.480000      3.172157      3.172157      6.344313
      6.500000      3.277714      3.277714      6.555429
      6.520000      3.481650      3.481650      6.963300
      6.540000      3.765858      3.765858      7.531716
      6.560000      4.149664      4.149664      8.299328
      6.580000      4.672374      4.672374      9.344747
      6.600000      5.369377      5.369377     10.738753
      6.620000      6.247965      6.247965     12.495931
      6.640000      7.271001      7.271001     14.542002
      6.660000      8.356153      8.356153     16.712307
      6.680000      9.393614      9.393614     18.787227
      6.700000     10.277370     10.277370     20.554739
      6.720000     10.938719     10.938719     21.877439
      6.740000     11.369418     11.369418     22.738835
      6.760000     11.625794     11.625794     23.251588
      6.780000     11.811468     11.811468     23.622937
      6.800000     12.042449     12.042449     24.084897
      6.820000     12.404274     12.404274     24.808549
      6.840000     12.916237     12.916237     25.832474
      6.860000     13.519258     13.519258     27.038515
      6.880000     14.096825     14.096825     28.193650
      6.900000     14.522322     14.522322     29.044645
      6.920000     14.709784     14.709784     29.419567
      6.940000     14.641114     14.641114     29.282228
      6.960000     14.356316     14.356316     28.712631
      6.980000     13.915885     13.915885     27.831771
      7.000000     13.360389     13.360389     26.720778
      7.020000     12.690791     12.690791     25.381582
      7.040000     11.877562     11.877562     23.755124
      7.060000     10.889181     10.889181     21.778363
      7.080000      9.722263      9.722263     19.444525
      7.100000      8.418235      8.418235     16.836470
      7.120000      7.060421      7.060421     14.120843
      7.140000      5.754282      5.754282     11.508563
      7.160000      4.599428      4.599428      9.198856
      7.180000      3.664045      3.664045      7.328089
      7.200000      2.970712      2.970712      5.941424
      7.220000      2.497778      2.497778      4.995556
      7.240000      2.194028      2.194028      4.388055
      7.260000      1.999333      1.999333      3.998665
      7.280000      1.862767      1.862767      3.725534
      7.300000      1.752606      1.752606      3.505212
      7.320000      1.657584      1.657584      3.315168
      7.340000      1.582732      1.582732      3.165465
      7.360000      1.544216      1.544216      3.088431
      7.380000      1.566049      1.566049      3.132099
      7.400000      1.678895      1.678895      3.357789
      7.420000      1.918992      1.918992      3.837984
      7.440000      2.324579      2.324579      4.649158
      7.460000      2.927914      2.927914      5.855828
      7.480000      3.742929      3.742929      7.485858
      7.500000      4.751029      4.751029      9.502058
      7.520000      5.890029      5.890029     11.780057
      7.540000      7.052568      7.052568     14.105137
      7.560000      8.099239      8.099239     16.198479
      7.580000      8.887006      8.887006     17.774012
      7.600000      9.306245      9.306245     18.612490
      7.620000      9.313194      9.313194     18.626388
      7.640000      8.943473      8.943473     17.886946
      7.660000      8.299030      8.299030     16.598060
      7.680000      7.512825      7.512825     15.025650
      7.700000      6.706217      6.706217     13.412434
      7.720000      5.956942      5.956942     11.913885
      7.740000      5.289218      5.289218     10.578436
      7.760000      4.686012      4.686012      9.372023
      7.780000      4.113711      4.113711      8.227421
      7.800000      3.546074      3.546074      7.092147
      7.820000      2.977874      2.977874      5.955748
      7.840000      2.425682      2.425682      4.851363
      7.860000      1.919420      1.919420      3.838840
      7.880000      1.491009      1.491009      2.982018
      7.900000      1.165505      1.165505      2.331009
      7.920000      0.957313      0.957313      1.914627
      7.940000      0.871280      0.871280      1.742560
      7.960000      0.906630      0.906630      1.813261
      7.980000      1.061107      1.061107      2.122213
      8.000000      1.332872      1.332872      2.665744
      8.020000      1.718840      1.718840      3.437679
      8.040000      2.209928      2.209928      4.419856
      8.060000      2.785794      2.785794      5.571589
      8.080000      3.412751      3.412751      6.825501
      8.100000      4.047716      4.047716      8.095432
      8.120000      4.648124      4.648124      9.296248
      8.140000      5.184104      5.184104     10.368208
      8.160000      5.647247      5.647247     11.294494
      8.180000      6.051362      6.051362     12.102724
      8.200000      6.424374      6.424374     12.848748
      8.220000      6.794718      6.794718     13.589437
      8.240000      7.177959      7.177959     14.355918
      8.260000      7.568855      7.568855     15.137710
      8.280000      7.941524      7.941524     15.883047
      8.300000      8.257205      8.257205     16.514410
      8.320000      8.476722      8.476722     16.953444
      8.340000      8.573624      8.573624     17.147249
      8.360000      8.544249      8.544249     17.088497
      8.380000      8.412283      8.412283     16.824566
      8.400000      8.227371      8.227371     16.454742
      8.420000      8.058919      8.058919     16.117838
      8.440000      7.986742      7.986742     15.973484
      8.460000      8.089460      8.089460     16.178921
      8.480000      8.430606      8.430606     16.861213
      8.500000      9.042850      9.042850     18.085700
      8.520000      9.913270      9.913270     19.826540
      8.540000     10.975843     10.975843     21.951686
      8.560000     12.118132     12.118132     24.236264
      8.580000     13.204866     13.204866     26.409733
      8.600000     14.112400     14.112400     28.224800
      8.620000     14.759967     14.759967     29.519933
      8.640000     15.122696     15.122696     30.245393
      8.660000     15.219995     15.219995     30.439990
      8.680000     15.086726     15.086726     30.173451
      8.700000     14.744731     14.744731     29.489463
      8.720000     14.191789     14.191789     28.383579
      8.740000     13.414303     13.414303     26.828605
      8.760000     12.415874     12.415874     24.831748
      8.780000     11.244868     11.244868     22.489736
      8.800000     10.004785     10.004785     20.009571
      8.820000      8.840413      8.840413     17.680826
      8.840000      7.904516      7.904516     15.809032
      8.860000      7.318091      7.318091     14.636182
      8.880000      7.138543      7.138543     14.277085
      8.900000      7.345411      7.345411     14.690823
      8.920000      7.846174      7.846174     15.692347
      8.940000      8.498762      8.498762     16.997524
      8.960000      9.144388      9.144388     18.288776
      8.980000      9.643267      9.643267     19.286534
      9.000000      9.905580      9.905580     19.811159
      9.020000      9.910214      9.910214     19.820428
      9.040000      9.705598      9.705598     19.411195
      9.060000      9.391332      9.391332     18.782663
      9.080000      9.085742      9.085742     18.171483
      9.100000      8.890103      8.890103     17.780205
      9.120000      8.862131      8.862131     17.724263
      9.140000      9.007831      9.007831     18.015661
      9.160000      9.293149      9.293149     18.586298
      9.180000      9.668341      9.668341     19.336683
      9.200000     10.092260     10.092260     20.184521
      9.220000     10.544181     10.544181     21.088362
      9.240000     11.017868     11.017868     22.035735
      9.260000     11.503479     11.503479     23.006958
      9.280000     11.971278     11.971278     23.942556
      9.300000     12.370870     12.370870     24.741740
      9.320000     12.649550     12.649550     25.299100
      9.340000     12.779449     12.779449     25.558899
      9.360000     12.775358     12.775358     25.550715
      9.380000     12.689760     12.689760     25.379519
      9.400000     12.586012     12.586012     25.172023
      9.420000     12.504675     12.504675     25.009350
      9.440000     12.442139     12.442139     24.884278
      9.460000     12.352640     12.352640     24.705279
      9.480000     12.170843     12.170843     24.341687
      9.500000     11.841547     11.841547     23.683094
      9.520000     11.341511     11.341511     22.683021
      9.540000     10.685366     10.685366     21.370733
      9.560000      9.917528      9.917528     19.835055
      9.580000      9.098826      9.098826     18.197651
      9.600000      8.296812      8.296812     16.593624
      9.620000      7.583162      7.583162     15.166324
      9.640000      7.034639      7.034639     14.069277
      9.660000      6.730476      6.730476     13.460953
      9.680000      6.741211      6.741211     13.482421
      9.700000      7.110402      7.110402     14.220803
      9.720000      7.836890      7.836890     15.673780
      9.740000      8.866624      8.866624     17.733248
      9.760000     10.098427     10.098427     20.196853
      9.780000     11.400512     11.400512     22.801024
      9.800000     12.629874     12.629874     25.259749
      9.820000     13.648385     13.648385     27.296770
      9.840000     14.335602     14.335602     28.671204
      9.860000     14.602436     14.602436     29.204873
      9.880000     14.407196     14.407196     28.814392
      9.900000     13.768253     13.768253     27.536505
      9.920000     12.763696     12.763696     25.527392
      9.940000     11.513615     11.513615     23.027230
      9.960000     10.152245     10.152245     20.304489
      9.980000      8.805126      8.805126     17.610251
     10.000000      7.582761      7.582761     15.165522
