# EIG2DOS: Utility for SIESTA to obtain the electronic density of states
#  E. Artacho, Apr 1999, A. Garcia, Apr 2012
# ------------------------------------------
# Eigenvalues read from GRP_doping.EIG
# Using smearing parameter:   0.100
# Using   1001 points in energy range
# Selected bands: 1 to: 936
# Emin, emax in file for selected band(s):    -36.9101400    238.3639600
# Nbands, Nspin, Nk   =    936     1   231
# E_F                 =    -4.8309 eV --> (shifted to ZERO)
# Broadening          =     0.1000 eV
#
#        E            N(up)  (=)   N(down)         Ntot
    -10.000000      1.271568      1.271568      2.543137
     -9.980000      1.239708      1.239708      2.479416
     -9.960000      1.605642      1.605642      3.211285
     -9.940000      2.430604      2.430604      4.861209
     -9.920000      3.749574      3.749574      7.499149
     -9.900000      5.534947      5.534947     11.069895
     -9.880000      7.661860      7.661860     15.323720
     -9.860000      9.899353      9.899353     19.798707
     -9.840000     11.943586     11.943586     23.887171
     -9.820000     13.488398     13.488398     26.976796
     -9.800000     14.306376     14.306376     28.612752
     -9.780000     14.305527     14.305527     28.611054
     -9.760000     13.539629     13.539629     27.079259
     -9.740000     12.175480     12.175480     24.350960
     -9.720000     10.440069     10.440069     20.880138
     -9.700000      8.572864      8.572864     17.145727
     -9.680000      6.795559      6.795559     13.591119
     -9.660000      5.296479      5.296479     10.592958
     -9.640000      4.220149      4.220149      8.440297
     -9.620000      3.655694      3.655694      7.311388
     -9.600000      3.624819      3.624819      7.249638
     -9.580000      4.075323      4.075323      8.150647
     -9.560000      4.886902      4.886902      9.773804
     -9.540000      5.892403      5.892403     11.784806
     -9.520000      6.911092      6.911092     13.822184
     -9.500000      7.783654      7.783654     15.567308
     -9.480000      8.396267      8.396267     16.792535
     -9.460000      8.686291      8.686291     17.372582
     -9.440000      8.632702      8.632702     17.265404
     -9.420000      8.242867      8.242867     16.485735
     -9.400000      7.546671      7.546671     15.093342
     -9.380000      6.599837      6.599837     13.199674
     -9.360000      5.488344      5.488344     10.976689
     -9.340000      4.323615      4.323615      8.647231
     -9.320000      3.225104      3.225104      6.450209
     -9.300000      2.296669      2.296669      4.593338
     -9.280000      1.607565      1.607565      3.215131
     -9.260000      1.185383      1.185383      2.370766
     -9.240000      1.020644      1.020644      2.041289
     -9.220000      1.077377      1.077377      2.154754
     -9.200000      1.303898      1.303898      2.607796
     -9.180000      1.641651      1.641651      3.283303
     -9.160000      2.033157      2.033157      4.066314
     -9.140000      2.430135      2.430135      4.860270
     -9.120000      2.800303      2.800303      5.600606
     -9.100000      3.129138      3.129138      6.258277
     -9.080000      3.413895      3.413895      6.827791
     -9.060000      3.651513      3.651513      7.303026
     -9.040000      3.826901      3.826901      7.653801
     -9.020000      3.909604      3.909604      7.819208
     -9.000000      3.863079      3.863079      7.726157
     -8.980000      3.663493      3.663493      7.326986
     -8.960000      3.318731      3.318731      6.637463
     -8.940000      2.877234      2.877234      5.754468
     -8.920000      2.421259      2.421259      4.842518
     -8.900000      2.046776      2.046776      4.093552
     -8.880000      1.837833      1.837833      3.675667
     -8.860000      1.844268      1.844268      3.688536
     -8.840000      2.068986      2.068986      4.137971
     -8.820000      2.467458      2.467458      4.934915
     -8.800000      2.959428      2.959428      5.918856
     -8.780000      3.450873      3.450873      6.901745
     -8.760000      3.861986      3.861986      7.723972
     -8.740000      4.154317      4.154317      8.308634
     -8.720000      4.348567      4.348567      8.697134
     -8.700000      4.525574      4.525574      9.051149
     -8.680000      4.807019      4.807019      9.614037
     -8.660000      5.318423      5.318423     10.636846
     -8.640000      6.143448      6.143448     12.286896
     -8.620000      7.283534      7.283534     14.567068
     -8.600000      8.638595      8.638595     17.277189
     -8.580000     10.020549     10.020549     20.041099
     -8.560000     11.201067     11.201067     22.402134
     -8.540000     11.980417     11.980417     23.960835
     -8.520000     12.252178     12.252178     24.504356
     -8.500000     12.036234     12.036234     24.072469
     -8.480000     11.463949     11.463949     22.927898
     -8.460000     10.721029     10.721029     21.442058
     -8.440000      9.974835      9.974835     19.949669
     -8.420000      9.321418      9.321418     18.642836
     -8.400000      8.777136      8.777136     17.554273
     -8.380000      8.314979      8.314979     16.629958
     -8.360000      7.920790      7.920790     15.841579
     -8.340000      7.634053      7.634053     15.268105
     -8.320000      7.547712      7.547712     15.095424
     -8.300000      7.765322      7.765322     15.530644
     -8.280000      8.337896      8.337896     16.675792
     -8.260000      9.214673      9.214673     18.429347
     -8.240000     10.236380     10.236380     20.472761
     -8.220000     11.179305     11.179305     22.358610
     -8.200000     11.833090     11.833090     23.666180
     -8.180000     12.077180     12.077180     24.154360
     -8.160000     11.920727     11.920727     23.841455
     -8.140000     11.489602     11.489602     22.979204
     -8.120000     10.971020     10.971020     21.942041
     -8.100000     10.544645     10.544645     21.089291
     -8.080000     10.328658     10.328658     20.657317
     -8.060000     10.354413     10.354413     20.708826
     -8.040000     10.567431     10.567431     21.134863
     -8.020000     10.846261     10.846261     21.692523
     -8.000000     11.033330     11.033330     22.066660
     -7.980000     10.974782     10.974782     21.949565
     -7.960000     10.563274     10.563274     21.126548
     -7.940000      9.771511      9.771511     19.543022
     -7.920000      8.662844      8.662844     17.325689
     -7.900000      7.372864      7.372864     14.745727
     -7.880000      6.068927      6.068927     12.137854
     -7.860000      4.904418      4.904418      9.808837
     -7.840000      3.985107      3.985107      7.970215
     -7.820000      3.356978      3.356978      6.713955
     -7.800000      3.014035      3.014035      6.028070
     -7.780000      2.917080      2.917080      5.834160
     -7.760000      3.012957      3.012957      6.025914
     -7.740000      3.247304      3.247304      6.494607
     -7.720000      3.569230      3.569230      7.138460
     -7.700000      3.930626      3.930626      7.861251
     -7.680000      4.284301      4.284301      8.568602
     -7.660000      4.583983      4.583983      9.167966
     -7.640000      4.786895      4.786895      9.573791
     -7.620000      4.858153      4.858153      9.716306
     -7.600000      4.776275      4.776275      9.552550
     -7.580000      4.539878      4.539878      9.079756
     -7.560000      4.175362      4.175362      8.350725
     -7.540000      3.743565      3.743565      7.487131
     -7.520000      3.341190      3.341190      6.682381
     -7.500000      3.092284      3.092284      6.184569
     -7.480000      3.127129      3.127129      6.254259
     -7.460000      3.550130      3.550130      7.100260
     -7.440000      4.403286      4.403286      8.806573
     -7.420000      5.636247      5.636247     11.272494
     -7.400000      7.095846      7.095846     14.191692
     -7.380000      8.545173      8.545173     17.090347
     -7.360000      9.713312      9.713312     19.426623
     -7.340000     10.364110     10.364110     20.728219
     -7.320000     10.361771     10.361771     20.723542
     -7.300000      9.709305      9.709305     19.418610
     -7.280000      8.545469      8.545469     17.090938
     -7.260000      7.102516      7.102516     14.205032
     -7.240000      5.642208      5.642208     11.284417
     -7.220000      4.393755      4.393755      8.787509
     -7.200000      3.512520      3.512520      7.025039
     -7.180000      3.066746      3.066746      6.133492
     -7.160000      3.047847      3.047847      6.095694
     -7.140000      3.393447      3.393447      6.786894
     -7.120000      4.012550      4.012550      8.025101
     -7.100000      4.806471      4.806471      9.612942
     -7.080000      5.683488      5.683488     11.366976
     -7.060000      6.566957      6.566957     13.133915
     -7.040000      7.396356      7.396356     14.792711
     -7.020000      8.121247      8.121247     16.242494
     -7.000000      8.691442      8.691442     17.382884
     -6.980000      9.050825      9.050825     18.101651
     -6.960000      9.142763      9.142763     18.285526
     -6.940000      8.928785      8.928785     17.857571
     -6.920000      8.412337      8.412337     16.824673
     -6.900000      7.653346      7.653346     15.306691
     -6.880000      6.762700      6.762700     13.525400
     -6.860000      5.876531      5.876531     11.753062
     -6.840000      5.120977      5.120977     10.241953
     -6.820000      4.581908      4.581908      9.163817
     -6.800000      4.290063      4.290063      8.580126
     -6.780000      4.224231      4.224231      8.448463
     -6.760000      4.328287      4.328287      8.656574
     -6.740000      4.534039      4.534039      9.068077
     -6.720000      4.781295      4.781295      9.562589
     -6.700000      5.028819      5.028819     10.057638
     -6.680000      5.254690      5.254690     10.509381
     -6.660000      5.450065      5.450065     10.900130
     -6.640000      5.613293      5.613293     11.226586
     -6.620000      5.749356      5.749356     11.498712
     -6.600000      5.873683      5.873683     11.747365
     -6.580000      6.013843      6.013843     12.027687
     -6.560000      6.201954      6.201954     12.403908
     -6.540000      6.456170      6.456170     12.912341
     -6.520000      6.758427      6.758427     13.516854
     -6.500000      7.041904      7.041904     14.083808
     -6.480000      7.200526      7.200526     14.401052
     -6.460000      7.122967      7.122967     14.245933
     -6.440000      6.739687      6.739687     13.479373
     -6.420000      6.061996      6.061996     12.123992
     -6.400000      5.193953      5.193953     10.387905
     -6.380000      4.310768      4.310768      8.621537
     -6.360000      3.613209      3.613209      7.226418
     -6.340000      3.276465      3.276465      6.552929
     -6.320000      3.410337      3.410337      6.820674
     -6.300000      4.039404      4.039404      8.078809
     -6.280000      5.103871      5.103871     10.207742
     -6.260000      6.477293      6.477293     12.954586
     -6.240000      7.994910      7.994910     15.989820
     -6.220000      9.484216      9.484216     18.968432
     -6.200000     10.789028     10.789028     21.578057
     -6.180000     11.782147     11.782147     23.564294
     -6.160000     12.368797     12.368797     24.737594
     -6.140000     12.488162     12.488162     24.976324
     -6.120000     12.118804     12.118804     24.237607
     -6.100000     11.286831     11.286831     22.573662
     -6.080000     10.069678     10.069678     20.139355
     -6.060000      8.588648      8.588648     17.177296
     -6.040000      6.989415      6.989415     13.978830
     -6.020000      5.416269      5.416269     10.832538
     -6.000000      3.988520      3.988520      7.977041
     -5.980000      2.785526      2.785526      5.571051
     -5.960000      1.842852      1.842852      3.685704
     -5.940000      1.158580      1.158580      2.317160
     -5.920000      0.706636      0.706636      1.413272
     -5.900000      0.453110      0.453110      0.906220
     -5.880000      0.371336      0.371336      0.742671
     -5.860000      0.451818      0.451818      0.903635
     -5.840000      0.703895      0.703895      1.407790
     -5.820000      1.147525      1.147525      2.295049
     -5.800000      1.796397      1.796397      3.592793
     -5.780000      2.637742      2.637742      5.275484
     -5.760000      3.618167      3.618167      7.236335
     -5.740000      4.645318      4.645318      9.290637
     -5.720000      5.609347      5.609347     11.218694
     -5.700000      6.417103      6.417103     12.834206
     -5.680000      7.022048      7.022048     14.044096
     -5.660000      7.432401      7.432401     14.864802
     -5.640000      7.692243      7.692243     15.384487
     -5.620000      7.848454      7.848454     15.696908
     -5.600000      7.927022      7.927022     15.854045
     -5.580000      7.935661      7.935661     15.871323
     -5.560000      7.889063      7.889063     15.778125
     -5.540000      7.834118      7.834118     15.668235
     -5.520000      7.850568      7.850568     15.701135
     -5.500000      8.020101      8.020101     16.040202
     -5.480000      8.380430      8.380430     16.760861
     -5.460000      8.892356      8.892356     17.784712
     -5.440000      9.439643      9.439643     18.879286
     -5.420000      9.861737      9.861737     19.723475
     -5.400000     10.003190     10.003190     20.006381
     -5.380000      9.760259      9.760259     19.520518
     -5.360000      9.111930      9.111930     18.223859
     -5.340000      8.130796      8.130796     16.261593
     -5.320000      6.973520      6.973520     13.947040
     -5.300000      5.852270      5.852270     11.704540
     -5.280000      4.991235      4.991235      9.982470
     -5.260000      4.576594      4.576594      9.153188
     -5.240000      4.711626      4.711626      9.423253
     -5.220000      5.388489      5.388489     10.776978
     -5.200000      6.484739      6.484739     12.969477
     -5.180000      7.787322      7.787322     15.574644
     -5.160000      9.040547      9.040547     18.081093
     -5.140000     10.008086     10.008086     20.016173
     -5.120000     10.533684     10.533684     21.067368
     -5.100000     10.582951     10.582951     21.165903
     -5.080000     10.251329     10.251329     20.502658
     -5.060000      9.731643      9.731643     19.463287
     -5.040000      9.247902      9.247902     18.495803
     -5.020000      8.976389      8.976389     17.952778
     -5.000000      8.984172      8.984172     17.968344
     -4.980000      9.211670      9.211670     18.423341
     -4.960000      9.508168      9.508168     19.016336
     -4.940000      9.704478      9.704478     19.408955
     -4.920000      9.689168      9.689168     19.378335
     -4.900000      9.454777      9.454777     18.909553
     -4.880000      9.097671      9.097671     18.195341
     -4.860000      8.777829      8.777829     17.555658
     -4.840000      8.659217      8.659217     17.318434
     -4.820000      8.852277      8.852277     17.704554
     -4.800000      9.372960      9.372960     18.745920
     -4.780000     10.126345     10.126345     20.252690
     -4.760000     10.920231     10.920231     21.840461
     -4.740000     11.510579     11.510579     23.021158
     -4.720000     11.671501     11.671501     23.343002
     -4.700000     11.269739     11.269739     22.539477
     -4.680000     10.316432     10.316432     20.632863
     -4.660000      8.975050      8.975050     17.950101
     -4.640000      7.521959      7.521959     15.043918
     -4.620000      6.274692      6.274692     12.549384
     -4.600000      5.511969      5.511969     11.023937
     -4.580000      5.406413      5.406413     10.812826
     -4.560000      5.982518      5.982518     11.965035
     -4.540000      7.106480      7.106480     14.212960
     -4.520000      8.512585      8.512585     17.025169
     -4.500000      9.867160      9.867160     19.734320
     -4.480000     10.860333     10.860333     21.720666
     -4.460000     11.300387     11.300387     22.600774
     -4.440000     11.175986     11.175986     22.351971
     -4.420000     10.657974     10.657974     21.315948
     -4.400000     10.035337     10.035337     20.070673
     -4.380000      9.608234      9.608234     19.216468
     -4.360000      9.579959      9.579959     19.159918
     -4.340000      9.989809      9.989809     19.979619
     -4.320000     10.710982     10.710982     21.421964
     -4.300000     11.510261     11.510261     23.020522
     -4.280000     12.141089     12.141089     24.282178
     -4.260000     12.429098     12.429098     24.858197
     -4.240000     12.315364     12.315364     24.630728
     -4.220000     11.845592     11.845592     23.691183
     -4.200000     11.121915     11.121915     22.243829
     -4.180000     10.251631     10.251631     20.503263
     -4.160000      9.322941      9.322941     18.645882
     -4.140000      8.414503      8.414503     16.829006
     -4.120000      7.619928      7.619928     15.239856
     -4.100000      7.058299      7.058299     14.116597
     -4.080000      6.853853      6.853853     13.707706
     -4.060000      7.092008      7.092008     14.184017
     -4.040000      7.777049      7.777049     15.554097
     -4.020000      8.816857      8.816857     17.633715
     -4.000000     10.043566     10.043566     20.087131
     -3.980000     11.258647     11.258647     22.517294
     -3.960000     12.280505     12.280505     24.561011
     -3.940000     12.977255     12.977255     25.954510
     -3.920000     13.280920     13.280920     26.561840
     -3.900000     13.189934     13.189934     26.379868
     -3.880000     12.766790     12.766790     25.533580
     -3.860000     12.129562     12.129562     24.259123
     -3.840000     11.429867     11.429867     22.859735
     -3.820000     10.813957     10.813957     21.627914
     -3.800000     10.376442     10.376442     20.752884
     -3.780000     10.127320     10.127320     20.254639
     -3.760000      9.991716      9.991716     19.983431
     -3.740000      9.846633      9.846633     19.693265
     -3.720000      9.579016      9.579016     19.158032
     -3.700000      9.137550      9.137550     18.275099
     -3.680000      8.554115      8.554115     17.108231
     -3.660000      7.926987      7.926987     15.853974
     -3.640000      7.376569      7.376569     14.753139
     -3.620000      6.995810      6.995810     13.991621
     -3.600000      6.816928      6.816928     13.633855
     -3.580000      6.806190      6.806190     13.612379
     -3.560000      6.885423      6.885423     13.770846
     -3.540000      6.968798      6.968798     13.937597
     -3.520000      6.999559      6.999559     13.999117
     -3.500000      6.973444      6.973444     13.946887
     -3.480000      6.941176      6.941176     13.882352
     -3.460000      6.988949      6.988949     13.977898
     -3.440000      7.202417      7.202417     14.404834
     -3.420000      7.626044      7.626044     15.252088
     -3.400000      8.234184      8.234184     16.468368
     -3.380000      8.929238      8.929238     17.858475
     -3.360000      9.572560      9.572560     19.145119
     -3.340000     10.037928     10.037928     20.075856
     -3.320000     10.263849     10.263849     20.527699
     -3.300000     10.279147     10.279147     20.558293
     -3.280000     10.188542     10.188542     20.377084
     -3.260000     10.124450     10.124450     20.248900
     -3.240000     10.186857     10.186857     20.373715
     -3.220000     10.397655     10.397655     20.795309
     -3.200000     10.688502     10.688502     21.377003
     -3.180000     10.926704     10.926704     21.853407
     -3.160000     10.967530     10.967530     21.935061
     -3.140000     10.710375     10.710375     21.420750
     -3.120000     10.135465     10.135465     20.270931
     -3.100000      9.308658      9.308658     18.617316
     -3.080000      8.358121      8.358121     16.716242
     -3.060000      7.438175      7.438175     14.876351
     -3.040000      6.695348      6.695348     13.390697
     -3.020000      6.242599      6.242599     12.485198
     -3.000000      6.139523      6.139523     12.279046
     -2.980000      6.376692      6.376692     12.753385
     -2.960000      6.869260      6.869260     13.738521
     -2.940000      7.469449      7.469449     14.938897
     -2.920000      8.002128      8.002128     16.004255
     -2.900000      8.314513      8.314513     16.629026
     -2.880000      8.320050      8.320050     16.640100
     -2.860000      8.017180      8.017180     16.034359
     -2.840000      7.476391      7.476391     14.952783
     -2.820000      6.805301      6.805301     13.610602
     -2.800000      6.110971      6.110971     12.221943
     -2.780000      5.476474      5.476474     10.952947
     -2.760000      4.957704      4.957704      9.915408
     -2.740000      4.593944      4.593944      9.187887
     -2.720000      4.418456      4.418456      8.836912
     -2.700000      4.456992      4.456992      8.913984
     -2.680000      4.711617      4.711617      9.423234
     -2.660000      5.139775      5.139775     10.279550
     -2.640000      5.646191      5.646191     11.292383
     -2.620000      6.101502      6.101502     12.203003
     -2.600000      6.386344      6.386344     12.772689
     -2.580000      6.441528      6.441528     12.883056
     -2.560000      6.296425      6.296425     12.592850
     -2.540000      6.056642      6.056642     12.113284
     -2.520000      5.854270      5.854270     11.708541
     -2.500000      5.785968      5.785968     11.571937
     -2.480000      5.871841      5.871841     11.743682
     -2.460000      6.056784      6.056784     12.113568
     -2.440000      6.252536      6.252536     12.505073
     -2.420000      6.396475      6.396475     12.792950
     -2.400000      6.493976      6.493976     12.987951
     -2.380000      6.619637      6.619637     13.239275
     -2.360000      6.874603      6.874603     13.749206
     -2.340000      7.321759      7.321759     14.643519
     -2.320000      7.934701      7.934701     15.869402
     -2.300000      8.591409      8.591409     17.182817
     -2.280000      9.120663      9.120663     18.241326
     -2.260000      9.380119      9.380119     18.760239
     -2.240000      9.326246      9.326246     18.652492
     -2.220000      9.039267      9.039267     18.078534
     -2.200000      8.689387      8.689387     17.378775
     -2.180000      8.460646      8.460646     16.921293
     -2.160000      8.469278      8.469278     16.938557
     -2.140000      8.714678      8.714678     17.429357
     -2.120000      9.083934      9.083934     18.167868
     -2.100000      9.404890      9.404890     18.809780
     -2.080000      9.520452      9.520452     19.040903
     -2.060000      9.348733      9.348733     18.697466
     -2.040000      8.903415      8.903415     17.806829
     -2.020000      8.270645      8.270645     16.541290
     -2.000000      7.560443      7.560443     15.120886
     -1.980000      6.859789      6.859789     13.719577
     -1.960000      6.208052      6.208052     12.416103
     -1.940000      5.599947      5.599947     11.199894
     -1.920000      5.007636      5.007636     10.015272
     -1.900000      4.408536      4.408536      8.817072
     -1.880000      3.808138      3.808138      7.616277
     -1.860000      3.252652      3.252652      6.505304
     -1.840000      2.830201      2.830201      5.660401
     -1.820000      2.660254      2.660254      5.320507
     -1.800000      2.870298      2.870298      5.740596
     -1.780000      3.559368      3.559368      7.118737
     -1.760000      4.752708      4.752708      9.505417
     -1.740000      6.360860      6.360860     12.721720
     -1.720000      8.164949      8.164949     16.329899
     -1.700000      9.849007      9.849007     19.698014
     -1.680000     11.083501     11.083501     22.167001
     -1.660000     11.636264     11.636264     23.272529
     -1.640000     11.464077     11.464077     22.928154
     -1.620000     10.738236     10.738236     21.476472
     -1.600000      9.785493      9.785493     19.570986
     -1.580000      8.967154      8.967154     17.934307
     -1.560000      8.549540      8.549540     17.099080
     -1.540000      8.621054      8.621054     17.242108
     -1.520000      9.085755      9.085755     18.171511
     -1.500000      9.726836      9.726836     19.453673
     -1.480000     10.305082     10.305082     20.610164
     -1.460000     10.649107     10.649107     21.298213
     -1.440000     10.705682     10.705682     21.411363
     -1.420000     10.540554     10.540554     21.081108
     -1.400000     10.300593     10.300593     20.601186
     -1.380000     10.158322     10.158322     20.316643
     -1.360000     10.258541     10.258541     20.517082
     -1.340000     10.678726     10.678726     21.357452
     -1.320000     11.406792     11.406792     22.813583
     -1.300000     12.336171     12.336171     24.672343
     -1.280000     13.278836     13.278836     26.557671
     -1.260000     13.998270     13.998270     27.996539
     -1.240000     14.261852     14.261852     28.523703
     -1.220000     13.903863     13.903863     27.807725
     -1.200000     12.880596     12.880596     25.761193
     -1.180000     11.295769     11.295769     22.591537
     -1.160000      9.383199      9.383199     18.766397
     -1.140000      7.451651      7.451651     14.903303
     -1.120000      5.812968      5.812968     11.625936
     -1.100000      4.718797      4.718797      9.437595
     -1.080000      4.321715      4.321715      8.643429
     -1.060000      4.661696      4.661696      9.323391
     -1.040000      5.669861      5.669861     11.339721
     -1.020000      7.182773      7.182773     14.365547
     -1.000000      8.967420      8.967420     17.934839
     -0.980000     10.760024     10.760024     21.520049
     -0.960000     12.316139     12.316139     24.632279
     -0.940000     13.459201     13.459201     26.918402
     -0.920000     14.109932     14.109932     28.219864
     -0.900000     14.285968     14.285968     28.571935
     -0.880000     14.076132     14.076132     28.152263
     -0.860000     13.605425     13.605425     27.210851
     -0.840000     13.006127     13.006127     26.012254
     -0.820000     12.399549     12.399549     24.799099
     -0.800000     11.883038     11.883038     23.766076
     -0.780000     11.516682     11.516682     23.033365
     -0.760000     11.312315     11.312315     22.624630
     -0.740000     11.233428     11.233428     22.466855
     -0.720000     11.210902     11.210902     22.421804
     -0.700000     11.168491     11.168491     22.336983
     -0.680000     11.044166     11.044166     22.088333
     -0.660000     10.796630     10.796630     21.593260
     -0.640000     10.398248     10.398248     20.796496
     -0.620000      9.826281      9.826281     19.652563
     -0.600000      9.064793      9.064793     18.129586
     -0.580000      8.119881      8.119881     16.239762
     -0.560000      7.039008      7.039008     14.078016
     -0.540000      5.920103      5.920103     11.840206
     -0.520000      4.900730      4.900730      9.801460
     -0.500000      4.127867      4.127867      8.255735
     -0.480000      3.717989      3.717989      7.435978
     -0.460000      3.721179      3.721179      7.442358
     -0.440000      4.101960      4.101960      8.203920
     -0.420000      4.744999      4.744999      9.489998
     -0.400000      5.486637      5.486637     10.973275
     -0.380000      6.163658      6.163658     12.327316
     -0.360000      6.661627      6.661627     13.323255
     -0.340000      6.942220      6.942220     13.884440
     -0.320000      7.036834      7.036834     14.073667
     -0.300000      7.010686      7.010686     14.021373
     -0.280000      6.918055      6.918055     13.836111
     -0.260000      6.774299      6.774299     13.548599
     -0.240000      6.559760      6.559760     13.119521
     -0.220000      6.251128      6.251128     12.502255
     -0.200000      5.859890      5.859890     11.719779
     -0.180000      5.454483      5.454483     10.908966
     -0.160000      5.153031      5.153031     10.306062
     -0.140000      5.089600      5.089600     10.179200
     -0.120000      5.369316      5.369316     10.738631
     -0.100000      6.031057      6.031057     12.062114
     -0.080000      7.031204      7.031204     14.062409
     -0.060000      8.252391      8.252391     16.504783
     -0.040000      9.532255      9.532255     19.064511
     -0.020000     10.701746     10.701746     21.403492
      0.000000     11.621246     11.621246     23.242493
      0.020000     12.205038     12.205038     24.410075
      0.040000     12.429582     12.429582     24.859164
      0.060000     12.327196     12.327196     24.654391
      0.080000     11.971259     11.971259     23.942518
      0.100000     11.459431     11.459431     22.918862
      0.120000     10.897516     10.897516     21.795033
      0.140000     10.382802     10.382802     20.765604
      0.160000      9.986412      9.986412     19.972824
      0.180000      9.739493      9.739493     19.478986
      0.200000      9.631785      9.631785     19.263570
      0.220000      9.627286      9.627286     19.254572
      0.240000      9.691006      9.691006     19.382011
      0.260000      9.811500      9.811500     19.623000
      0.280000     10.004293     10.004293     20.008586
      0.300000     10.292197     10.292197     20.584395
      0.320000     10.672717     10.672717     21.345435
      0.340000     11.091154     11.091154     22.182309
      0.360000     11.436499     11.436499     22.872998
      0.380000     11.567147     11.567147     23.134293
      0.400000     11.359695     11.359695     22.719390
      0.420000     10.762167     10.762167     21.524334
      0.440000      9.828217      9.828217     19.656434
      0.460000      8.714586      8.714586     17.429171
      0.480000      7.638807      7.638807     15.277615
      0.500000      6.811411      6.811411     13.622822
      0.520000      6.368004      6.368004     12.736008
      0.540000      6.326838      6.326838     12.653676
      0.560000      6.587546      6.587546     13.175092
      0.580000      6.971564      6.971564     13.943128
      0.600000      7.289705      7.289705     14.579410
      0.620000      7.411931      7.411931     14.823863
      0.640000      7.312398      7.312398     14.624796
      0.660000      7.071292      7.071292     14.142585
      0.680000      6.832048      6.832048     13.664096
      0.700000      6.731484      6.731484     13.462968
      0.720000      6.832686      6.832686     13.665372
      0.740000      7.089897      7.089897     14.179793
      0.760000      7.361053      7.361053     14.722107
      0.780000      7.462666      7.462666     14.925332
      0.800000      7.242766      7.242766     14.485532
      0.820000      6.639803      6.639803     13.279606
      0.840000      5.702935      5.702935     11.405870
      0.860000      4.568548      4.568548      9.137096
      0.880000      3.408592      3.408592      6.817185
      0.900000      2.377140      2.377140      4.754280
      0.920000      1.577718      1.577718      3.155435
      0.940000      1.059668      1.059668      2.119335
      0.960000      0.836518      0.836518      1.673035
      0.980000      0.910866      0.910866      1.821732
      1.000000      1.290755      1.290755      2.581510
      1.020000      1.989287      1.989287      3.978574
      1.040000      3.008204      3.008204      6.016407
      1.060000      4.313959      4.313959      8.627917
      1.080000      5.819036      5.819036     11.638071
      1.100000      7.380313      7.380313     14.760627
      1.120000      8.819882      8.819882     17.639764
      1.140000      9.964050      9.964050     19.928099
      1.160000     10.687511     10.687511     21.375022
      1.180000     10.946032     10.946032     21.892065
      1.200000     10.784489     10.784489     21.568978
      1.220000     10.316564     10.316564     20.633129
      1.240000      9.684074      9.684074     19.368148
      1.260000      9.012778      9.012778     18.025555
      1.280000      8.383190      8.383190     16.766380
      1.300000      7.827643      7.827643     15.655287
      1.320000      7.351507      7.351507     14.703014
      1.340000      6.963997      6.963997     13.927994
      1.360000      6.699637      6.699637     13.399274
      1.380000      6.617825      6.617825     13.235650
      1.400000      6.781054      6.781054     13.562108
      1.420000      7.224105      7.224105     14.448211
      1.440000      7.930556      7.930556     15.861112
      1.460000      8.828281      8.828281     17.656561
      1.480000      9.805997      9.805997     19.611994
      1.500000     10.743243     10.743243     21.486487
      1.520000     11.540177     11.540177     23.080355
      1.540000     12.133654     12.133654     24.267308
      1.560000     12.493306     12.493306     24.986612
      1.580000     12.603461     12.603461     25.206922
      1.600000     12.446662     12.446662     24.893324
      1.620000     12.003996     12.003996     24.007991
      1.640000     11.274569     11.274569     22.549139
      1.660000     10.299859     10.299859     20.599717
      1.680000      9.171750      9.171750     18.343500
      1.700000      8.012684      8.012684     16.025368
      1.720000      6.935768      6.935768     13.871537
      1.740000      6.007341      6.007341     12.014683
      1.760000      5.233481      5.233481     10.466963
      1.780000      4.576818      4.576818      9.153637
      1.800000      3.991923      3.991923      7.983846
      1.820000      3.458281      3.458281      6.916561
      1.840000      2.993650      2.993650      5.987300
      1.860000      2.643169      2.643169      5.286338
      1.880000      2.452669      2.452669      4.905338
      1.900000      2.441567      2.441567      4.883135
      1.920000      2.589337      2.589337      5.178674
      1.940000      2.841872      2.841872      5.683744
      1.960000      3.134264      3.134264      6.268528
      1.980000      3.418963      3.418963      6.837925
      2.000000      3.686100      3.686100      7.372201
      2.020000      3.966645      3.966645      7.933290
      2.040000      4.316835      4.316835      8.633671
      2.060000      4.790245      4.790245      9.580490
      2.080000      5.408469      5.408469     10.816939
      2.100000      6.141849      6.141849     12.283699
      2.120000      6.908608      6.908608     13.817215
      2.140000      7.595254      7.595254     15.190507
      2.160000      8.093500      8.093500     16.187001
      2.180000      8.340704      8.340704     16.681407
      2.200000      8.346041      8.346041     16.692081
      2.220000      8.188253      8.188253     16.376506
      2.240000      7.983758      7.983758     15.967516
      2.260000      7.840000      7.840000     15.680000
      2.280000      7.817396      7.817396     15.634791
      2.300000      7.917319      7.917319     15.834638
      2.320000      8.096903      8.096903     16.193806
      2.340000      8.296184      8.296184     16.592368
      2.360000      8.460264      8.460264     16.920527
      2.380000      8.549318      8.549318     17.098636
      2.400000      8.541983      8.541983     17.083966
      2.420000      8.440972      8.440972     16.881944
      2.440000      8.281201      8.281201     16.562401
      2.460000      8.129685      8.129685     16.259370
      2.480000      8.065689      8.065689     16.131377
      2.500000      8.142571      8.142571     16.285142
      2.520000      8.349824      8.349824     16.699648
      2.540000      8.599911      8.599911     17.199823
      2.560000      8.752811      8.752811     17.505623
      2.580000      8.669030      8.669030     17.338059
      2.600000      8.264917      8.264917     16.529834
      2.620000      7.543798      7.543798     15.087597
      2.640000      6.591433      6.591433     13.182866
      2.660000      5.543536      5.543536     11.087071
      2.680000      4.544599      4.544599      9.089199
      2.700000      3.716521      3.716521      7.433042
      2.720000      3.145859      3.145859      6.291718
      2.740000      2.887025      2.887025      5.774050
      2.760000      2.971009      2.971009      5.942017
      2.780000      3.408083      3.408083      6.816165
      2.800000      4.178247      4.178247      8.356494
      2.820000      5.212808      5.212808     10.425616
      2.840000      6.379985      6.379985     12.759971
      2.860000      7.490925      7.490925     14.981849
      2.880000      8.335600      8.335600     16.671200
      2.900000      8.742341      8.742341     17.484682
      2.920000      8.638529      8.638529     17.277058
      2.940000      8.084472      8.084472     16.168944
      2.960000      7.262715      7.262715     14.525431
      2.980000      6.425666      6.425666     12.851331
      3.000000      5.822866      5.822866     11.645731
      3.020000      5.635526      5.635526     11.271053
      3.040000      5.939162      5.939162     11.878325
      3.060000      6.701979      6.701979     13.403959
      3.080000      7.813998      7.813998     15.627995
      3.100000      9.132539      9.132539     18.265078
      3.120000     10.524357     10.524357     21.048713
      3.140000     11.885717     11.885717     23.771434
      3.160000     13.132397     13.132397     26.264793
      3.180000     14.170044     14.170044     28.340088
      3.200000     14.871346     14.871346     29.742692
      3.220000     15.086735     15.086735     30.173469
      3.240000     14.695645     14.695645     29.391290
      3.260000     13.676675     13.676675     27.353350
      3.280000     12.157392     12.157392     24.314784
      3.300000     10.411070     10.411070     20.822140
      3.320000      8.794057      8.794057     17.588114
      3.340000      7.646150      7.646150     15.292301
      3.360000      7.190822      7.190822     14.381644
      3.380000      7.468560      7.468560     14.937120
      3.400000      8.322377      8.322377     16.644753
      3.420000      9.438763      9.438763     18.877527
      3.440000     10.433425     10.433425     20.866850
      3.460000     10.958537     10.958537     21.917075
      3.480000     10.798978     10.798978     21.597956
      3.500000      9.925127      9.925127     19.850255
      3.520000      8.484096      8.484096     16.968192
      3.540000      6.735844      6.735844     13.471688
      3.560000      4.963145      4.963145      9.926291
      3.580000      3.392123      3.392123      6.784247
      3.600000      2.149577      2.149577      4.299153
      3.620000      1.262521      1.262521      2.525041
      3.640000      0.687039      0.687039      1.374077
      3.660000      0.346316      0.346316      0.692633
      3.680000      0.161752      0.161752      0.323504
      3.700000      0.070309      0.070309      0.140617
      3.720000      0.029414      0.029414      0.058829
      3.740000      0.014525      0.014525      0.029049
      3.760000      0.014396      0.014396      0.028792
      3.780000      0.027193      0.027193      0.054387
      3.800000      0.058485      0.058485      0.116971
      3.820000      0.120739      0.120739      0.241477
      3.840000      0.233059      0.233059      0.466118
      3.860000      0.419587      0.419587      0.839173
      3.880000      0.705184      0.705184      1.410367
      3.900000      1.108087      1.108087      2.216175
      3.920000      1.630882      1.630882      3.261765
      3.940000      2.252829      2.252829      4.505659
      3.960000      2.927206      2.927206      5.854412
      3.980000      3.586202      3.586202      7.172403
      4.000000      4.153394      4.153394      8.306788
      4.020000      4.561160      4.561160      9.122319
      4.040000      4.768760      4.768760      9.537521
      4.060000      4.776633      4.776633      9.553265
      4.080000      4.632858      4.632858      9.265716
      4.100000      4.428380      4.428380      8.856760
      4.120000      4.278768      4.278768      8.557535
      4.140000      4.293666      4.293666      8.587331
      4.160000      4.540951      4.540951      9.081901
      4.180000      5.018798      5.018798     10.037596
      4.200000      5.650353      5.650353     11.300705
      4.220000      6.308426      6.308426     12.616853
      4.240000      6.862845      6.862845     13.725690
      4.260000      7.228905      7.228905     14.457811
      4.280000      7.392411      7.392411     14.784821
      4.300000      7.399232      7.399232     14.798464
      4.320000      7.318375      7.318375     14.636751
      4.340000      7.202770      7.202770     14.405540
      4.360000      7.070773      7.070773     14.141545
      4.380000      6.915146      6.915146     13.830293
      4.400000      6.727387      6.727387     13.454773
      4.420000      6.516953      6.516953     13.033907
      4.440000      6.311534      6.311534     12.623068
      4.460000      6.139403      6.139403     12.278806
      4.480000      6.007123      6.007123     12.014245
      4.500000      5.887842      5.887842     11.775684
      4.520000      5.727745      5.727745     11.455491
      4.540000      5.467206      5.467206     10.934413
      4.560000      5.065915      5.065915     10.131829
      4.580000      4.520919      4.520919      9.041838
      4.600000      3.871639      3.871639      7.743278
      4.620000      3.192387      3.192387      6.384775
      4.640000      2.577190      2.577190      5.154380
      4.660000      2.122314      2.122314      4.244628
      4.680000      1.909786      1.909786      3.819572
      4.700000      1.992583      1.992583      3.985166
      4.720000      2.381451      2.381451      4.762901
      4.740000      3.035395      3.035395      6.070790
      4.760000      3.861331      3.861331      7.722661
      4.780000      4.729323      4.729323      9.458646
      4.800000      5.505087      5.505087     11.010175
      4.820000      6.091319      6.091319     12.182638
      4.840000      6.459939      6.459939     12.919878
      4.860000      6.656572      6.656572     13.313145
      4.880000      6.770455      6.770455     13.540909
      4.900000      6.882567      6.882567     13.765134
      4.920000      7.019689      7.019689     14.039379
      4.940000      7.140849      7.140849     14.281698
      4.960000      7.164164      7.164164     14.328328
      4.980000      7.017668      7.017668     14.035336
      5.000000      6.683790      6.683790     13.367581
      5.020000      6.212979      6.212979     12.425958
      5.040000      5.702596      5.702596     11.405193
      5.060000      5.257809      5.257809     10.515619
      5.080000      4.958344      4.958344      9.916687
      5.100000      4.846181      4.846181      9.692362
      5.120000      4.932902      4.932902      9.865803
      5.140000      5.213125      5.213125     10.426249
      5.160000      5.669365      5.669365     11.338730
      5.180000      6.262966      6.262966     12.525933
      5.200000      6.918970      6.918970     13.837940
      5.220000      7.521334      7.521334     15.042668
      5.240000      7.932508      7.932508     15.865015
      5.260000      8.037660      8.037660     16.075320
      5.280000      7.796143      7.796143     15.592287
      5.300000      7.272527      7.272527     14.545053
      5.320000      6.625234      6.625234     13.250469
      5.340000      6.051054      6.051054     12.102109
      5.360000      5.707496      5.707496     11.414991
      5.380000      5.648405      5.648405     11.296810
      5.400000      5.803687      5.803687     11.607374
      5.420000      6.013667      6.013667     12.027333
      5.440000      6.102875      6.102875     12.205750
      5.460000      5.959537      5.959537     11.919074
      5.480000      5.584775      5.584775     11.169549
      5.500000      5.090435      5.090435     10.180870
      5.520000      4.648572      4.648572      9.297145
      5.540000      4.416683      4.416683      8.833367
      5.560000      4.471226      4.471226      8.942452
      5.580000      4.775797      4.775797      9.551594
      5.600000      5.194534      5.194534     10.389069
      5.620000      5.543310      5.543310     11.086621
      5.640000      5.657501      5.657501     11.315001
      5.660000      5.449952      5.449952     10.899905
      5.680000      4.938113      4.938113      9.876227
      5.700000      4.233230      4.233230      8.466460
      5.720000      3.500799      3.500799      7.001598
      5.740000      2.911837      2.911837      5.823675
      5.760000      2.604022      2.604022      5.208044
      5.780000      2.661890      2.661890      5.323780
      5.800000      3.113323      3.113323      6.226646
      5.820000      3.933080      3.933080      7.866161
      5.840000      5.046512      5.046512     10.093023
      5.860000      6.334569      6.334569     12.669138
      5.880000      7.647583      7.647583     15.295166
      5.900000      8.833314      8.833314     17.666627
      5.920000      9.774128      9.774128     19.548257
      5.940000     10.416324     10.416324     20.832649
      5.960000     10.772598     10.772598     21.545196
      5.980000     10.891955     10.891955     21.783909
      6.000000     10.813048     10.813048     21.626095
      6.020000     10.531044     10.531044     21.062089
      6.040000     10.001957     10.001957     20.003914
      6.060000      9.184219      9.184219     18.368438
      6.080000      8.091980      8.091980     16.183960
      6.100000      6.826398      6.826398     13.652797
      6.120000      5.565015      5.565015     11.130031
      6.140000      4.513774      4.513774      9.027548
      6.160000      3.844298      3.844298      7.688597
      6.180000      3.641812      3.641812      7.283625
      6.200000      3.880242      3.880242      7.760483
      6.220000      4.429931      4.429931      8.859862
      6.240000      5.095255      5.095255     10.190510
      6.260000      5.672917      5.672917     11.345835
      6.280000      6.014566      6.014566     12.029132
      6.300000      6.071970      6.071970     12.143939
      6.320000      5.905662      5.905662     11.811324
      6.340000      5.651667      5.651667     11.303334
      6.360000      5.460257      5.460257     10.920514
      6.380000      5.434372      5.434372     10.868744
      6.400000      5.594565      5.594565     11.189131
      6.420000      5.882697      5.882697     11.765393
      6.440000      6.197335      6.197335     12.394669
      6.460000      6.440995      6.440995     12.881990
      6.480000      6.558510      6.558510     13.117019
      6.500000      6.554540      6.554540     13.109080
      6.520000      6.489208      6.489208     12.978415
      6.540000      6.457586      6.457586     12.915172
      6.560000      6.559909      6.559909     13.119818
      6.580000      6.868230      6.868230     13.736460
      6.600000      7.396193      7.396193     14.792387
      6.620000      8.082157      8.082157     16.164313
      6.640000      8.797601      8.797601     17.595203
      6.660000      9.386710      9.386710     18.773419
      6.680000      9.728022      9.728022     19.456043
      6.700000      9.792544      9.792544     19.585087
      6.720000      9.666625      9.666625     19.333251
      6.740000      9.520433      9.520433     19.040867
      6.760000      9.530145      9.530145     19.060290
      6.780000      9.788943      9.788943     19.577886
      6.800000     10.251429     10.251429     20.502858
      6.820000     10.740878     10.740878     21.481755
      6.840000     11.016772     11.016772     22.033544
      6.860000     10.869790     10.869790     21.739580
      6.880000     10.199904     10.199904     20.399808
      6.900000      9.045588      9.045588     18.091176
      6.920000      7.558872      7.558872     15.117744
      6.940000      5.945801      5.945801     11.891603
      6.960000      4.402190      4.402190      8.804379
      6.980000      3.068681      3.068681      6.137361
      7.000000      2.014482      2.014482      4.028964
      7.020000      1.245425      1.245425      2.490850
      7.040000      0.725138      0.725138      1.450276
      7.060000      0.398291      0.398291      0.796582
      7.080000      0.209055      0.209055      0.418111
      7.100000      0.112665      0.112665      0.225330
      7.120000      0.081296      0.081296      0.162591
      7.140000      0.106813      0.106813      0.213627
      7.160000      0.202428      0.202428      0.404857
      7.180000      0.403486      0.403486      0.806972
      7.200000      0.765313      0.765313      1.530627
      7.220000      1.354519      1.354519      2.709037
      7.240000      2.231013      2.231013      4.462026
      7.260000      3.422269      3.422269      6.844539
      7.280000      4.897771      4.897771      9.795542
      7.300000      6.556408      6.556408     13.112817
      7.320000      8.237940      8.237940     16.475879
      7.340000      9.759677      9.759677     19.519355
      7.360000     10.965457     10.965457     21.930913
      7.380000     11.764784     11.764784     23.529568
      7.400000     12.143547     12.143547     24.287095
      7.420000     12.143426     12.143426     24.286852
      7.440000     11.825314     11.825314     23.650629
      7.460000     11.240162     11.240162     22.480323
      7.480000     10.422881     10.422881     20.845762
      7.500000      9.407491      9.407491     18.814982
      7.520000      8.247327      8.247327     16.494655
      7.540000      7.022814      7.022814     14.045628
      7.560000      5.830227      5.830227     11.660454
      7.580000      4.758653      4.758653      9.517307
      7.600000      3.869072      3.869072      7.738144
      7.620000      3.186087      3.186087      6.372173
      7.640000      2.704003      2.704003      5.408006
      7.660000      2.401455      2.401455      4.802911
      7.680000      2.256530      2.256530      4.513061
      7.700000      2.256411      2.256411      4.512822
      7.720000      2.399131      2.399131      4.798262
      7.740000      2.687967      2.687967      5.375934
      7.760000      3.121032      3.121032      6.242064
      7.780000      3.680136      3.680136      7.360272
      7.800000      4.323689      4.323689      8.647378
      7.820000      4.987478      4.987478      9.974956
      7.840000      5.594120      5.594120     11.188240
      7.860000      6.068071      6.068071     12.136143
      7.880000      6.350642      6.350642     12.701285
      7.900000      6.410251      6.410251     12.820502
      7.920000      6.246634      6.246634     12.493267
      7.940000      5.891108      5.891108     11.782216
      7.960000      5.405460      5.405460     10.810920
      7.980000      4.879144      4.879144      9.758288
      8.000000      4.420830      4.420830      8.841661
      8.020000      4.139709      4.139709      8.279418
      8.040000      4.116526      4.116526      8.233052
      8.060000      4.372560      4.372560      8.745120
      8.080000      4.851614      4.851614      9.703229
      8.100000      5.429745      5.429745     10.859490
      8.120000      5.957086      5.957086     11.914171
      8.140000      6.319341      6.319341     12.638681
      8.160000      6.492554      6.492554     12.985108
      8.180000      6.563375      6.563375     13.126751
      8.200000      6.701266      6.701266     13.402531
      8.220000      7.091984      7.091984     14.183967
      8.240000      7.860386      7.860386     15.720771
      8.260000      9.014789      9.014789     18.029579
      8.280000     10.433844     10.433844     20.867688
      8.300000     11.897672     11.897672     23.795344
      8.320000     13.148602     13.148602     26.297203
      8.340000     13.959746     13.959746     27.919492
      8.360000     14.192194     14.192194     28.384388
      8.380000     13.828892     13.828892     27.657784
      8.400000     12.980334     12.980334     25.960669
      8.420000     11.861992     11.861992     23.723984
      8.440000     10.747524     10.747524     21.495049
      8.460000      9.907160      9.907160     19.814321
      8.480000      9.546395      9.546395     19.092791
      8.500000      9.762496      9.762496     19.524992
      8.520000     10.531601     10.531601     21.063202
      8.540000     11.728096     11.728096     23.456191
      8.560000     13.165754     13.165754     26.331509
      8.580000     14.643641     14.643641     29.287281
      8.600000     15.981979     15.981979     31.963958
      8.620000     17.041471     17.041471     34.082942
      8.640000     17.727768     17.727768     35.455535
      8.660000     17.986791     17.986791     35.973583
      8.680000     17.796512     17.796512     35.593025
      8.700000     17.159633     17.159633     34.319267
      8.720000     16.101017     16.101017     32.202035
      8.740000     14.672229     14.672229     29.344458
      8.760000     12.961359     12.961359     25.922718
      8.780000     11.100601     11.100601     22.201202
      8.800000      9.261274      9.261274     18.522549
      8.820000      7.629883      7.629883     15.259767
      8.840000      6.368556      6.368556     12.737111
      8.860000      5.573225      5.573225     11.146450
      8.880000      5.247132      5.247132     10.494264
      8.900000      5.302844      5.302844     10.605689
      8.920000      5.595072      5.595072     11.190144
      8.940000      5.973816      5.973816     11.947633
      8.960000      6.338186      6.338186     12.676372
      8.980000      6.669461      6.669461     13.338921
      9.000000      7.029308      7.029308     14.058617
      9.020000      7.523368      7.523368     15.046735
      9.040000      8.245631      8.245631     16.491263
      9.060000      9.227710      9.227710     18.455419
      9.080000     10.414297     10.414297     20.828593
      9.100000     11.673619     11.673619     23.347237
      9.120000     12.836304     12.836304     25.672608
      9.140000     13.745765     13.745765     27.491530
      9.160000     14.301400     14.301400     28.602800
      9.180000     14.481279     14.481279     28.962557
      9.200000     14.339572     14.339572     28.679144
      9.220000     13.982759     13.982759     27.965518
      9.240000     13.535506     13.535506     27.071012
      9.260000     13.110072     13.110072     26.220143
      9.280000     12.790351     12.790351     25.580702
      9.300000     12.633605     12.633605     25.267211
      9.320000     12.683342     12.683342     25.366684
      9.340000     12.981120     12.981120     25.962239
      9.360000     13.566488     13.566488     27.132977
      9.380000     14.461789     14.461789     28.923578
      9.400000     15.647942     15.647942     31.295884
      9.420000     17.043847     17.043847     34.087694
      9.440000     18.502546     18.502546     37.005092
      9.460000     19.831038     19.831038     39.662077
      9.480000     20.829992     20.829992     41.659984
      9.500000     21.339606     21.339606     42.679212
      9.520000     21.274437     21.274437     42.548874
      9.540000     20.635553     20.635553     41.271106
      9.560000     19.499717     19.499717     38.999434
      9.580000     17.995351     17.995351     35.990703
      9.600000     16.277936     16.277936     32.555873
      9.620000     14.512543     14.512543     29.025086
      9.640000     12.862670     12.862670     25.725339
      9.660000     11.478537     11.478537     22.957074
      9.680000     10.478641     10.478641     20.957282
      9.700000      9.925614      9.925614     19.851228
      9.720000      9.806665      9.806665     19.613330
      9.740000     10.032840     10.032840     20.065681
      9.760000     10.465069     10.465069     20.930139
      9.780000     10.960214     10.960214     21.920428
      9.800000     11.416489     11.416489     22.832978
      9.820000     11.795451     11.795451     23.590902
      9.840000     12.110723     12.110723     24.221445
      9.860000     12.393728     12.393728     24.787456
      9.880000     12.659645     12.659645     25.319291
      9.900000     12.893499     12.893499     25.786997
      9.920000     13.060083     13.060083     26.120165
      9.940000     13.125221     13.125221     26.250441
      9.960000     13.071422     13.071422     26.142844
      9.980000     12.899761     12.899761     25.799523
     10.000000     12.622737     12.622737     25.245474
