# EIG2DOS: Utility for SIESTA to obtain the electronic density of states
#  E. Artacho, Apr 1999, A. Garcia, Apr 2012
# ------------------------------------------
# Eigenvalues read from GRP_doping.EIG
# Using smearing parameter:   0.100
# Using   1001 points in energy range
# Selected bands: 1 to: 936
# Emin, emax in file for selected band(s):    -38.2278900    257.3557900
# Nbands, Nspin, Nk   =    936     1   231
# E_F                 =    -5.0216 eV --> (shifted to ZERO)
# Broadening          =     0.1000 eV
#
#        E            N(up)  (=)   N(down)         Ntot
    -10.000000      3.299351      3.299351      6.598703
     -9.980000      3.321921      3.321921      6.643842
     -9.960000      3.593047      3.593047      7.186094
     -9.940000      4.040069      4.040069      8.080137
     -9.920000      4.540862      4.540862      9.081724
     -9.900000      4.958881      4.958881      9.917761
     -9.880000      5.182823      5.182823     10.365647
     -9.860000      5.159773      5.159773     10.319546
     -9.840000      4.912693      4.912693      9.825385
     -9.820000      4.537382      4.537382      9.074764
     -9.800000      4.179079      4.179079      8.358158
     -9.780000      3.994087      3.994087      7.988175
     -9.760000      4.106711      4.106711      8.213421
     -9.740000      4.575128      4.575128      9.150255
     -9.720000      5.379174      5.379174     10.758348
     -9.700000      6.435772      6.435772     12.871543
     -9.680000      7.634754      7.634754     15.269509
     -9.660000      8.875564      8.875564     17.751129
     -9.640000     10.083233     10.083233     20.166466
     -9.620000     11.195388     11.195388     22.390776
     -9.600000     12.134173     12.134173     24.268345
     -9.580000     12.791724     12.791724     25.583447
     -9.560000     13.051237     13.051237     26.102475
     -9.540000     12.839430     12.839430     25.678860
     -9.520000     12.178887     12.178887     24.357774
     -9.500000     11.202193     11.202193     22.404385
     -9.480000     10.110801     10.110801     20.221602
     -9.460000      9.096488      9.096488     18.192977
     -9.440000      8.267655      8.267655     16.535311
     -9.420000      7.620402      7.620402     15.240803
     -9.400000      7.067704      7.067704     14.135408
     -9.380000      6.507153      6.507153     13.014306
     -9.360000      5.888552      5.888552     11.777103
     -9.340000      5.246625      5.246625     10.493250
     -9.320000      4.685778      4.685778      9.371556
     -9.300000      4.329094      4.329094      8.658188
     -9.280000      4.259146      4.259146      8.518292
     -9.260000      4.478230      4.478230      8.956460
     -9.240000      4.903536      4.903536      9.807073
     -9.220000      5.396124      5.396124     10.792249
     -9.200000      5.808942      5.808942     11.617884
     -9.180000      6.033220      6.033220     12.066440
     -9.160000      6.025747      6.025747     12.051495
     -9.140000      5.809632      5.809632     11.619264
     -9.120000      5.453145      5.453145     10.906291
     -9.100000      5.039401      5.039401     10.078802
     -9.080000      4.640445      4.640445      9.280890
     -9.060000      4.303753      4.303753      8.607505
     -9.040000      4.051384      4.051384      8.102769
     -9.020000      3.886807      3.886807      7.773614
     -9.000000      3.803683      3.803683      7.607366
     -8.980000      3.793472      3.793472      7.586944
     -8.960000      3.851429      3.851429      7.702859
     -8.940000      3.981003      3.981003      7.962005
     -8.920000      4.194708      4.194708      8.389415
     -8.900000      4.507828      4.507828      9.015656
     -8.880000      4.923013      4.923013      9.846027
     -8.860000      5.410060      5.410060     10.820119
     -8.840000      5.892354      5.892354     11.784709
     -8.820000      6.253131      6.253131     12.506262
     -8.800000      6.366526      6.366526     12.733051
     -8.780000      6.143512      6.143512     12.287024
     -8.760000      5.571044      5.571044     11.142089
     -8.740000      4.723694      4.723694      9.447387
     -8.720000      3.741429      3.741429      7.482859
     -8.700000      2.785495      2.785495      5.570989
     -8.680000      1.994121      1.994121      3.988242
     -8.660000      1.455762      1.455762      2.911525
     -8.640000      1.204423      1.204423      2.408845
     -8.620000      1.229720      1.229720      2.459439
     -8.600000      1.490660      1.490660      2.981320
     -8.580000      1.926488      1.926488      3.852976
     -8.560000      2.464822      2.464822      4.929643
     -8.540000      3.030808      3.030808      6.061616
     -8.520000      3.559329      3.559329      7.118657
     -8.500000      4.007820      4.007820      8.015639
     -8.480000      4.364245      4.364245      8.728490
     -8.460000      4.645780      4.645780      9.291560
     -8.440000      4.888126      4.888126      9.776253
     -8.420000      5.130006      5.130006     10.260011
     -8.400000      5.399351      5.399351     10.798702
     -8.380000      5.706284      5.706284     11.412568
     -8.360000      6.044538      6.044538     12.089075
     -8.340000      6.399630      6.399630     12.799260
     -8.320000      6.759886      6.759886     13.519772
     -8.300000      7.125466      7.125466     14.250933
     -8.280000      7.510828      7.510828     15.021656
     -8.260000      7.938022      7.938022     15.876044
     -8.240000      8.422101      8.422101     16.844202
     -8.220000      8.954426      8.954426     17.908851
     -8.200000      9.491950      9.491950     18.983901
     -8.180000      9.958409      9.958409     19.916817
     -8.160000     10.257773     10.257773     20.515545
     -8.140000     10.295286     10.295286     20.590571
     -8.120000      9.999941      9.999941     19.999882
     -8.100000      9.343875      9.343875     18.687750
     -8.080000      8.355439      8.355439     16.710878
     -8.060000      7.122232      7.122232     14.244463
     -8.040000      5.780355      5.780355     11.560710
     -8.020000      4.489656      4.489656      8.979313
     -8.000000      3.401009      3.401009      6.802017
     -7.980000      2.626196      2.626196      5.252392
     -7.960000      2.219831      2.219831      4.439663
     -7.940000      2.176641      2.176641      4.353281
     -7.920000      2.441015      2.441015      4.882030
     -7.900000      2.922831      2.922831      5.845662
     -7.880000      3.514627      3.514627      7.029254
     -7.860000      4.107934      4.107934      8.215867
     -7.840000      4.608470      4.608470      9.216941
     -7.820000      4.950093      4.950093      9.900186
     -7.800000      5.106026      5.106026     10.212052
     -7.780000      5.094024      5.094024     10.188048
     -7.760000      4.971313      4.971313      9.942626
     -7.740000      4.817206      4.817206      9.634413
     -7.720000      4.706615      4.706615      9.413230
     -7.700000      4.683758      4.683758      9.367516
     -7.680000      4.747756      4.747756      9.495511
     -7.660000      4.857517      4.857517      9.715034
     -7.640000      4.953996      4.953996      9.907993
     -7.620000      4.989262      4.989262      9.978524
     -7.600000      4.949322      4.949322      9.898644
     -7.580000      4.862315      4.862315      9.724629
     -7.560000      4.791394      4.791394      9.582789
     -7.540000      4.817151      4.817151      9.634302
     -7.520000      5.015357      5.015357     10.030714
     -7.500000      5.434231      5.434231     10.868462
     -7.480000      6.074683      6.074683     12.149366
     -7.460000      6.878442      6.878442     13.756883
     -7.440000      7.730387      7.730387     15.460775
     -7.420000      8.479262      8.479262     16.958524
     -7.400000      8.973956      8.973956     17.947911
     -7.380000      9.104031      9.104031     18.208062
     -7.360000      8.828794      8.828794     17.657588
     -7.340000      8.183242      8.183242     16.366485
     -7.320000      7.260078      7.260078     14.520156
     -7.300000      6.178152      6.178152     12.356305
     -7.280000      5.052196      5.052196     10.104393
     -7.260000      3.974545      3.974545      7.949091
     -7.240000      3.010878      3.010878      6.021757
     -7.220000      2.205134      2.205134      4.410268
     -7.200000      1.587264      1.587264      3.174528
     -7.180000      1.179999      1.179999      2.359997
     -7.160000      1.003616      1.003616      2.007232
     -7.140000      1.078387      1.078387      2.156773
     -7.120000      1.423514      1.423514      2.847029
     -7.100000      2.051132      2.051132      4.102264
     -7.080000      2.955631      2.955631      5.911263
     -7.060000      4.101533      4.101533      8.203066
     -7.040000      5.415143      5.415143     10.830287
     -7.020000      6.784840      6.784840     13.569681
     -7.000000      8.072174      8.072174     16.144348
     -6.980000      9.132620      9.132620     18.265240
     -6.960000      9.842292      9.842292     19.684584
     -6.940000     10.125339     10.125339     20.250677
     -6.920000      9.975618      9.975618     19.951235
     -6.900000      9.465805      9.465805     18.931610
     -6.880000      8.738618      8.738618     17.477237
     -6.860000      7.979227      7.979227     15.958454
     -6.840000      7.373954      7.373954     14.747907
     -6.820000      7.065304      7.065304     14.130608
     -6.800000      7.115335      7.115335     14.230669
     -6.780000      7.488370      7.488370     14.976740
     -6.760000      8.060600      8.060600     16.121200
     -6.740000      8.657573      8.657573     17.315147
     -6.720000      9.110647      9.110647     18.221294
     -6.700000      9.313078      9.313078     18.626155
     -6.680000      9.252268      9.252268     18.504536
     -6.660000      9.002261      9.002261     18.004522
     -6.640000      8.678521      8.678521     17.357043
     -6.620000      8.376166      8.376166     16.752333
     -6.600000      8.121849      8.121849     16.243698
     -6.580000      7.862753      7.862753     15.725506
     -6.560000      7.497003      7.497003     14.994006
     -6.540000      6.928637      6.928637     13.857274
     -6.520000      6.118570      6.118570     12.237140
     -6.500000      5.106813      5.106813     10.213627
     -6.480000      3.997888      3.997888      7.995777
     -6.460000      2.920646      2.920646      5.841291
     -6.440000      1.984488      1.984488      3.968977
     -6.420000      1.251433      1.251433      2.502866
     -6.400000      0.731498      0.731498      1.462996
     -6.380000      0.396399      0.396399      0.792798
     -6.360000      0.200367      0.200367      0.400735
     -6.340000      0.098273      0.098273      0.196547
     -6.320000      0.056631      0.056631      0.113262
     -6.300000      0.058089      0.058089      0.116178
     -6.280000      0.102249      0.102249      0.204497
     -6.260000      0.205075      0.205075      0.410149
     -6.240000      0.397115      0.397115      0.794231
     -6.220000      0.718871      0.718871      1.437741
     -6.200000      1.211309      1.211309      2.422618
     -6.180000      1.901515      1.901515      3.803030
     -6.160000      2.787275      2.787275      5.574550
     -6.140000      3.827896      3.827896      7.655792
     -6.120000      4.948582      4.948582      9.897163
     -6.100000      6.060483      6.060483     12.120966
     -6.080000      7.089912      7.089912     14.179824
     -6.060000      8.003563      8.003563     16.007127
     -6.040000      8.817117      8.817117     17.634233
     -6.020000      9.582703      9.582703     19.165405
     -6.000000     10.361058     10.361058     20.722116
     -5.980000     11.189820     11.189820     22.379640
     -5.960000     12.058266     12.058266     24.116532
     -5.940000     12.894838     12.894838     25.789677
     -5.920000     13.571895     13.571895     27.143791
     -5.900000     13.931776     13.931776     27.863553
     -5.880000     13.833948     13.833948     27.667896
     -5.860000     13.211728     13.211728     26.423456
     -5.840000     12.114915     12.114915     24.229830
     -5.820000     10.713130     10.713130     21.426259
     -5.800000      9.250083      9.250083     18.500166
     -5.780000      7.964207      7.964207     15.928413
     -5.760000      7.010095      7.010095     14.020189
     -5.740000      6.415285      6.415285     12.830569
     -5.720000      6.088435      6.088435     12.176869
     -5.700000      5.870047      5.870047     11.740094
     -5.680000      5.599767      5.599767     11.199535
     -5.660000      5.172149      5.172149     10.344297
     -5.640000      4.563371      4.563371      9.126742
     -5.620000      3.826837      3.826837      7.653674
     -5.600000      3.067851      3.067851      6.135701
     -5.580000      2.412287      2.412287      4.824573
     -5.560000      1.981081      1.981081      3.962162
     -5.540000      1.874697      1.874697      3.749393
     -5.520000      2.164179      2.164179      4.328358
     -5.500000      2.882299      2.882299      5.764598
     -5.480000      4.011231      4.011231      8.022461
     -5.460000      5.470146      5.470146     10.940293
     -5.440000      7.112052      7.112052     14.224104
     -5.420000      8.739391      8.739391     17.478782
     -5.400000     10.141123     10.141123     20.282246
     -5.380000     11.143430     11.143430     22.286861
     -5.360000     11.657646     11.657646     23.315291
     -5.340000     11.707000     11.707000     23.414000
     -5.320000     11.419703     11.419703     22.839405
     -5.300000     10.987665     10.987665     21.975331
     -5.280000     10.603777     10.603777     21.207554
     -5.260000     10.400703     10.400703     20.801405
     -5.240000     10.415475     10.415475     20.830950
     -5.220000     10.593955     10.593955     21.187911
     -5.200000     10.830564     10.830564     21.661128
     -5.180000     11.020899     11.020899     22.041798
     -5.160000     11.099219     11.099219     22.198438
     -5.140000     11.044273     11.044273     22.088547
     -5.120000     10.858890     10.858890     21.717781
     -5.100000     10.545696     10.545696     21.091392
     -5.080000     10.100798     10.100798     20.201597
     -5.060000      9.529918      9.529918     19.059836
     -5.040000      8.871487      8.871487     17.742973
     -5.020000      8.204668      8.204668     16.409336
     -5.000000      7.631725      7.631725     15.263450
     -4.980000      7.243480      7.243480     14.486961
     -4.960000      7.088149      7.088149     14.176299
     -4.940000      7.159658      7.159658     14.319316
     -4.920000      7.406966      7.406966     14.813931
     -4.900000      7.753573      7.753573     15.507146
     -4.880000      8.115240      8.115240     16.230480
     -4.860000      8.412596      8.412596     16.825192
     -4.840000      8.584117      8.584117     17.168234
     -4.820000      8.604798      8.604798     17.209595
     -4.800000      8.506045      8.506045     17.012090
     -4.780000      8.381763      8.381763     16.763525
     -4.760000      8.365475      8.365475     16.730950
     -4.740000      8.577616      8.577616     17.155232
     -4.720000      9.062590      9.062590     18.125181
     -4.700000      9.747481      9.747481     19.494963
     -4.680000     10.448262     10.448262     20.896523
     -4.660000     10.927391     10.927391     21.854781
     -4.640000     10.981523     10.981523     21.963046
     -4.620000     10.523740     10.523740     21.047480
     -4.600000      9.627753      9.627753     19.255507
     -4.580000      8.518224      8.518224     17.036448
     -4.560000      7.511929      7.511929     15.023857
     -4.540000      6.929900      6.929900     13.859800
     -4.520000      7.006963      7.006963     14.013925
     -4.500000      7.823624      7.823624     15.647248
     -4.480000      9.279164      9.279164     18.558327
     -4.460000     11.115268     11.115268     22.230536
     -4.440000     12.986318     12.986318     25.972637
     -4.420000     14.556960     14.556960     29.113921
     -4.400000     15.595578     15.595578     31.191156
     -4.380000     16.031182     16.031182     32.062363
     -4.360000     15.953836     15.953836     31.907671
     -4.340000     15.560295     15.560295     31.120590
     -4.320000     15.067459     15.067459     30.134918
     -4.300000     14.628169     14.628169     29.256338
     -4.280000     14.282781     14.282781     28.565562
     -4.260000     13.965840     13.965840     27.931679
     -4.240000     13.564050     13.564050     27.128101
     -4.220000     12.997916     12.997916     25.995832
     -4.200000     12.286528     12.286528     24.573055
     -4.180000     11.561647     11.561647     23.123294
     -4.160000     11.022165     11.022165     22.044331
     -4.140000     10.850733     10.850733     21.701465
     -4.120000     11.133813     11.133813     22.267627
     -4.100000     11.823598     11.823598     23.647197
     -4.080000     12.757105     12.757105     25.514210
     -4.060000     13.718423     13.718423     27.436847
     -4.040000     14.511560     14.511560     29.023121
     -4.020000     15.012946     15.012946     30.025892
     -4.000000     15.189806     15.189806     30.379611
     -3.980000     15.089228     15.089228     30.178456
     -3.960000     14.810902     14.810902     29.621804
     -3.940000     14.473569     14.473569     28.947138
     -3.920000     14.180090     14.180090     28.360180
     -3.900000     13.986593     13.986593     27.973187
     -3.880000     13.885729     13.885729     27.771458
     -3.860000     13.813981     13.813981     27.627962
     -3.840000     13.683117     13.683117     27.366234
     -3.820000     13.421858     13.421858     26.843717
     -3.800000     13.007436     13.007436     26.014873
     -3.780000     12.473908     12.473908     24.947815
     -3.760000     11.898890     11.898890     23.797780
     -3.740000     11.380371     11.380371     22.760741
     -3.720000     11.013929     11.013929     22.027859
     -3.700000     10.873057     10.873057     21.746114
     -3.680000     10.991120     10.991120     21.982241
     -3.660000     11.346842     11.346842     22.693684
     -3.640000     11.860419     11.860419     23.720838
     -3.620000     12.406648     12.406648     24.813297
     -3.600000     12.843271     12.843271     25.686542
     -3.580000     13.043846     13.043846     26.087693
     -3.560000     12.922618     12.922618     25.845236
     -3.540000     12.445355     12.445355     24.890709
     -3.520000     11.629197     11.629197     23.258393
     -3.500000     10.538476     10.538476     21.076953
     -3.480000      9.279880      9.279880     18.559760
     -3.460000      7.993495      7.993495     15.986990
     -3.440000      6.833402      6.833402     13.666804
     -3.420000      5.936239      5.936239     11.872479
     -3.400000      5.385686      5.385686     10.771373
     -3.380000      5.187850      5.187850     10.375700
     -3.360000      5.271182      5.271182     10.542365
     -3.340000      5.514497      5.514497     11.028993
     -3.320000      5.793117      5.793117     11.586233
     -3.300000      6.023535      6.023535     12.047071
     -3.280000      6.186432      6.186432     12.372864
     -3.260000      6.317444      6.317444     12.634888
     -3.240000      6.470836      6.470836     12.941671
     -3.220000      6.675755      6.675755     13.351510
     -3.200000      6.909931      6.909931     13.819862
     -3.180000      7.106895      7.106895     14.213790
     -3.160000      7.193259      7.193259     14.386519
     -3.140000      7.133409      7.133409     14.266819
     -3.120000      6.952946      6.952946     13.905892
     -3.100000      6.724752      6.724752     13.449503
     -3.080000      6.525175      6.525175     13.050350
     -3.060000      6.386868      6.386868     12.773735
     -3.040000      6.276666      6.276666     12.553332
     -3.020000      6.111097      6.111097     12.222194
     -3.000000      5.799950      5.799950     11.599901
     -2.980000      5.294034      5.294034     10.588068
     -2.960000      4.614024      4.614024      9.228047
     -2.940000      3.850175      3.850175      7.700349
     -2.920000      3.138005      3.138005      6.276010
     -2.900000      2.623931      2.623931      5.247861
     -2.880000      2.434127      2.434127      4.868253
     -2.860000      2.652915      2.652915      5.305830
     -2.840000      3.310142      3.310142      6.620285
     -2.820000      4.374779      4.374779      8.749558
     -2.800000      5.754374      5.754374     11.508748
     -2.780000      7.303212      7.303212     14.606425
     -2.760000      8.841987      8.841987     17.683975
     -2.740000     10.187656     10.187656     20.375313
     -2.720000     11.186755     11.186755     22.373510
     -2.700000     11.742795     11.742795     23.485591
     -2.680000     11.830402     11.830402     23.660805
     -2.660000     11.493984     11.493984     22.987968
     -2.640000     10.833741     10.833741     21.667482
     -2.620000      9.984382      9.984382     19.968764
     -2.600000      9.091770      9.091770     18.183540
     -2.580000      8.291078      8.291078     16.582157
     -2.560000      7.688110      7.688110     15.376219
     -2.540000      7.344546      7.344546     14.689092
     -2.520000      7.268753      7.268753     14.537505
     -2.500000      7.415819      7.415819     14.831638
     -2.480000      7.700958      7.700958     15.401916
     -2.460000      8.026257      8.026257     16.052514
     -2.440000      8.312620      8.312620     16.625240
     -2.420000      8.522307      8.522307     17.044613
     -2.400000      8.659588      8.659588     17.319176
     -2.380000      8.748788      8.748788     17.497577
     -2.360000      8.803094      8.803094     17.606188
     -2.340000      8.803597      8.803597     17.607194
     -2.320000      8.701368      8.701368     17.402735
     -2.300000      8.440769      8.440769     16.881537
     -2.280000      7.989846      7.989846     15.979691
     -2.260000      7.360795      7.360795     14.721590
     -2.240000      6.610406      6.610406     13.220812
     -2.220000      5.821408      5.821408     11.642817
     -2.200000      5.074486      5.074486     10.148971
     -2.180000      4.423651      4.423651      8.847302
     -2.160000      3.884783      3.884783      7.769566
     -2.140000      3.440671      3.440671      6.881343
     -2.120000      3.059087      3.059087      6.118173
     -2.100000      2.715756      2.715756      5.431511
     -2.080000      2.413058      2.413058      4.826115
     -2.060000      2.187613      2.187613      4.375226
     -2.040000      2.104285      2.104285      4.208570
     -2.020000      2.238495      2.238495      4.476990
     -2.000000      2.651834      2.651834      5.303669
     -1.980000      3.367462      3.367462      6.734924
     -1.960000      4.352383      4.352383      8.704766
     -1.940000      5.513497      5.513497     11.026994
     -1.920000      6.712313      6.712313     13.424626
     -1.900000      7.798040      7.798040     15.596081
     -1.880000      8.650726      8.650726     17.301453
     -1.860000      9.218709      9.218709     18.437418
     -1.840000      9.533216      9.533216     19.066432
     -1.820000      9.690799      9.690799     19.381597
     -1.800000      9.809255      9.809255     19.618510
     -1.780000      9.976900      9.976900     19.953800
     -1.760000     10.219666     10.219666     20.439331
     -1.740000     10.501827     10.501827     21.003653
     -1.720000     10.758566     10.758566     21.517132
     -1.700000     10.942041     10.942041     21.884082
     -1.680000     11.056175     11.056175     22.112351
     -1.660000     11.161831     11.161831     22.323662
     -1.640000     11.349107     11.349107     22.698214
     -1.620000     11.689330     11.689330     23.378661
     -1.600000     12.188739     12.188739     24.377478
     -1.580000     12.765374     12.765374     25.530747
     -1.560000     13.260926     13.260926     26.521852
     -1.540000     13.484577     13.484577     26.969153
     -1.520000     13.272575     13.272575     26.545149
     -1.500000     12.541276     12.541276     25.082552
     -1.480000     11.314926     11.314926     22.629852
     -1.460000      9.720308      9.720308     19.440616
     -1.440000      7.952927      7.952927     15.905854
     -1.420000      6.228199      6.228199     12.456397
     -1.400000      4.733491      4.733491      9.466981
     -1.380000      3.593480      3.593480      7.186960
     -1.360000      2.855003      2.855003      5.710005
     -1.340000      2.491415      2.491415      4.982829
     -1.320000      2.422246      2.422246      4.844492
     -1.300000      2.541817      2.541817      5.083633
     -1.280000      2.749683      2.749683      5.499365
     -1.260000      2.975827      2.975827      5.951653
     -1.240000      3.194522      3.194522      6.389045
     -1.220000      3.423401      3.423401      6.846802
     -1.200000      3.708223      3.708223      7.416446
     -1.180000      4.098167      4.098167      8.196335
     -1.160000      4.619520      4.619520      9.239041
     -1.140000      5.256447      5.256447     10.512895
     -1.120000      5.945803      5.945803     11.891606
     -1.100000      6.589109      6.589109     13.178218
     -1.080000      7.079754      7.079754     14.159507
     -1.060000      7.338377      7.338377     14.676755
     -1.040000      7.345859      7.345859     14.691717
     -1.020000      7.162696      7.162696     14.325392
     -1.000000      6.926483      6.926483     13.852966
     -0.980000      6.824884      6.824884     13.649769
     -0.960000      7.048533      7.048533     14.097067
     -0.940000      7.734695      7.734695     15.469391
     -0.920000      8.916932      8.916932     17.833865
     -0.900000     10.496978     10.496978     20.993956
     -0.880000     12.251470     12.251470     24.502939
     -0.860000     13.877485     13.877485     27.754971
     -0.840000     15.068266     15.068266     30.136531
     -0.820000     15.597895     15.597895     31.195790
     -0.800000     15.386926     15.386926     30.773852
     -0.780000     14.524846     14.524846     29.049692
     -0.760000     13.240422     13.240422     26.480844
     -0.740000     11.831526     11.831526     23.663052
     -0.720000     10.581976     10.581976     21.163953
     -0.700000      9.695657      9.695657     19.391315
     -0.680000      9.266284      9.266284     18.532569
     -0.660000      9.282307      9.282307     18.564614
     -0.640000      9.652257      9.652257     19.304514
     -0.620000     10.234148     10.234148     20.468297
     -0.600000     10.861534     10.861534     21.723069
     -0.580000     11.369065     11.369065     22.738130
     -0.560000     11.622553     11.622553     23.245106
     -0.540000     11.551249     11.551249     23.102498
     -0.520000     11.170549     11.170549     22.341097
     -0.500000     10.581294     10.581294     21.162588
     -0.480000      9.940555      9.940555     19.881109
     -0.460000      9.412772      9.412772     18.825545
     -0.440000      9.119779      9.119779     18.239558
     -0.420000      9.107536      9.107536     18.215072
     -0.400000      9.338241      9.338241     18.676481
     -0.380000      9.705523      9.705523     19.411046
     -0.360000     10.064008     10.064008     20.128017
     -0.340000     10.264018     10.264018     20.528035
     -0.320000     10.184958     10.184958     20.369915
     -0.300000      9.763336      9.763336     19.526671
     -0.280000      9.011773      9.011773     18.023547
     -0.260000      8.025114      8.025114     16.050228
     -0.240000      6.970814      6.970814     13.941628
     -0.220000      6.064034      6.064034     12.128067
     -0.200000      5.531607      5.531607     11.063215
     -0.180000      5.571187      5.571187     11.142373
     -0.160000      6.311622      6.311622     12.623244
     -0.140000      7.779755      7.779755     15.559509
     -0.120000      9.879223      9.879223     19.758446
     -0.100000     12.388579     12.388579     24.777159
     -0.080000     14.986047     14.986047     29.972094
     -0.060000     17.303466     17.303466     34.606932
     -0.040000     19.002078     19.002078     38.004155
     -0.020000     19.851774     19.851774     39.703549
      0.000000     19.789404     19.789404     39.578809
      0.020000     18.934934     18.934934     37.869867
      0.040000     17.556787     17.556787     35.113574
      0.060000     15.995063     15.995063     31.990125
      0.080000     14.566808     14.566808     29.133615
      0.100000     13.484659     13.484659     26.969317
      0.120000     12.815332     12.815332     25.630665
      0.140000     12.489005     12.489005     24.978009
      0.160000     12.350830     12.350830     24.701660
      0.180000     12.230379     12.230379     24.460757
      0.200000     12.000444     12.000444     24.000889
      0.220000     11.605110     11.605110     23.210221
      0.240000     11.053635     11.053635     22.107271
      0.260000     10.393026     10.393026     20.786052
      0.280000      9.679483      9.679483     19.358966
      0.300000      8.963688      8.963688     17.927377
      0.320000      8.291385      8.291385     16.582769
      0.340000      7.708727      7.708727     15.417453
      0.360000      7.260097      7.260097     14.520194
      0.380000      6.975180      6.975180     13.950361
      0.400000      6.854061      6.854061     13.708122
      0.420000      6.863758      6.863758     13.727516
      0.440000      6.952599      6.952599     13.905199
      0.460000      7.075361      7.075361     14.150721
      0.480000      7.212583      7.212583     14.425166
      0.500000      7.369821      7.369821     14.739643
      0.520000      7.555897      7.555897     15.111795
      0.540000      7.754529      7.754529     15.509058
      0.560000      7.909952      7.909952     15.819904
      0.580000      7.939425      7.939425     15.878849
      0.600000      7.768693      7.768693     15.537387
      0.620000      7.371870      7.371870     14.743740
      0.640000      6.794171      6.794171     13.588343
      0.660000      6.145587      6.145587     12.291173
      0.680000      5.568543      5.568543     11.137087
      0.700000      5.193834      5.193834     10.387667
      0.720000      5.101694      5.101694     10.203388
      0.740000      5.300464      5.300464     10.600929
      0.760000      5.727996      5.727996     11.455992
      0.780000      6.274101      6.274101     12.548201
      0.800000      6.816658      6.816658     13.633316
      0.820000      7.259752      7.259752     14.519504
      0.840000      7.560703      7.560703     15.121406
      0.860000      7.735934      7.735934     15.471868
      0.880000      7.843532      7.843532     15.687063
      0.900000      7.950275      7.950275     15.900550
      0.920000      8.097943      8.097943     16.195886
      0.940000      8.283809      8.283809     16.567617
      0.960000      8.463006      8.463006     16.926013
      0.980000      8.569782      8.569782     17.139564
      1.000000      8.546327      8.546327     17.092654
      1.020000      8.366256      8.366256     16.732511
      1.040000      8.044882      8.044882     16.089763
      1.060000      7.636297      7.636297     15.272595
      1.080000      7.222782      7.222782     14.445564
      1.100000      6.902280      6.902280     13.804559
      1.120000      6.775725      6.775725     13.551449
      1.140000      6.931801      6.931801     13.863602
      1.160000      7.426194      7.426194     14.852388
      1.180000      8.256707      8.256707     16.513414
      1.200000      9.342311      9.342311     18.684622
      1.220000     10.518746     10.518746     21.037492
      1.240000     11.561466     11.561466     23.122931
      1.260000     12.237312     12.237312     24.474625
      1.280000     12.372457     12.372457     24.744915
      1.300000     11.912555     11.912555     23.825110
      1.320000     10.949025     10.949025     21.898050
      1.340000      9.696086      9.696086     19.392173
      1.360000      8.423139      8.423139     16.846278
      1.380000      7.366926      7.366926     14.733852
      1.400000      6.657615      6.657615     13.315230
      1.420000      6.287279      6.287279     12.574558
      1.440000      6.131051      6.131051     12.262102
      1.460000      6.009244      6.009244     12.018489
      1.480000      5.763274      5.763274     11.526548
      1.500000      5.315718      5.315718     10.631436
      1.520000      4.695159      4.695159      9.390318
      1.540000      4.023006      4.023006      8.046012
      1.560000      3.473431      3.473431      6.946863
      1.580000      3.222765      3.222765      6.445530
      1.600000      3.401547      3.401547      6.803094
      1.620000      4.056707      4.056707      8.113414
      1.640000      5.129020      5.129020     10.258041
      1.660000      6.452668      6.452668     12.905335
      1.680000      7.784030      7.784030     15.568061
      1.700000      8.859677      8.859677     17.719353
      1.720000      9.469196      9.469196     18.938392
      1.740000      9.516047      9.516047     19.032094
      1.760000      9.039888      9.039888     18.079777
      1.780000      8.190229      8.190229     16.380457
      1.800000      7.164870      7.164870     14.329740
      1.820000      6.142608      6.142608     12.285216
      1.840000      5.238408      5.238408     10.476815
      1.860000      4.493478      4.493478      8.986956
      1.880000      3.893936      3.893936      7.787872
      1.900000      3.401132      3.401132      6.802264
      1.920000      2.977565      2.977565      5.955131
      1.940000      2.600372      2.600372      5.200744
      1.960000      2.262818      2.262818      4.525636
      1.980000      1.968994      1.968994      3.937989
      2.000000      1.727457      1.727457      3.454913
      2.020000      1.547717      1.547717      3.095434
      2.040000      1.440982      1.440982      2.881964
      2.060000      1.424330      1.424330      2.848659
      2.080000      1.525684      1.525684      3.051368
      2.100000      1.785602      1.785602      3.571205
      2.120000      2.251567      2.251567      4.503133
      2.140000      2.962342      2.962342      5.924685
      2.160000      3.924800      3.924800      7.849600
      2.180000      5.092224      5.092224     10.184447
      2.200000      6.357535      6.357535     12.715070
      2.220000      7.572155      7.572155     15.144310
      2.240000      8.589695      8.589695     17.179390
      2.260000      9.318055      9.318055     18.636111
      2.280000      9.753926      9.753926     19.507853
      2.300000      9.978632      9.978632     19.957263
      2.320000     10.113768     10.113768     20.227537
      2.340000     10.258319     10.258319     20.516638
      2.360000     10.440952     10.440952     20.881905
      2.380000     10.613282     10.613282     21.226565
      2.400000     10.686247     10.686247     21.372494
      2.420000     10.587306     10.587306     21.174612
      2.440000     10.305891     10.305891     20.611783
      2.460000      9.903664      9.903664     19.807328
      2.480000      9.487263      9.487263     18.974526
      2.500000      9.160939      9.160939     18.321879
      2.520000      8.984446      8.984446     17.968891
      2.540000      8.955710      8.955710     17.911420
      2.560000      9.023094      9.023094     18.046188
      2.580000      9.116390      9.116390     18.232780
      2.600000      9.176955      9.176955     18.353910
      2.620000      9.170306      9.170306     18.340612
      2.640000      9.077912      9.077912     18.155825
      2.660000      8.880336      8.880336     17.760672
      2.680000      8.550099      8.550099     17.100198
      2.700000      8.064394      8.064394     16.128787
      2.720000      7.431151      7.431151     14.862302
      2.740000      6.710239      6.710239     13.420478
      2.760000      6.013669      6.013669     12.027338
      2.780000      5.481821      5.481821     10.963642
      2.800000      5.245805      5.245805     10.491610
      2.820000      5.390105      5.390105     10.780211
      2.840000      5.925193      5.925193     11.850385
      2.860000      6.774096      6.774096     13.548192
      2.880000      7.775682      7.775682     15.551364
      2.900000      8.708860      8.708860     17.417720
      2.920000      9.339681      9.339681     18.679361
      2.940000      9.483769      9.483769     18.967538
      2.960000      9.064419      9.064419     18.128838
      2.980000      8.141888      8.141888     16.283777
      3.000000      6.898566      6.898566     13.797133
      3.020000      5.584162      5.584162     11.168324
      3.040000      4.443088      4.443088      8.886175
      3.060000      3.651924      3.651924      7.303847
      3.080000      3.286468      3.286468      6.572936
      3.100000      3.322712      3.322712      6.645424
      3.120000      3.663699      3.663699      7.327399
      3.140000      4.179200      4.179200      8.358401
      3.160000      4.745932      4.745932      9.491864
      3.180000      5.278909      5.278909     10.557817
      3.200000      5.747340      5.747340     11.494681
      3.220000      6.171712      6.171712     12.343424
      3.240000      6.603085      6.603085     13.206170
      3.260000      7.090868      7.090868     14.181736
      3.280000      7.649706      7.649706     15.299412
      3.300000      8.237994      8.237994     16.475989
      3.320000      8.758318      8.758318     17.516635
      3.340000      9.083138      9.083138     18.166276
      3.360000      9.098463      9.098463     18.196927
      3.380000      8.748325      8.748325     17.496651
      3.400000      8.059845      8.059845     16.119689
      3.420000      7.136295      7.136295     14.272590
      3.440000      6.121069      6.121069     12.242139
      3.460000      5.149972      5.149972     10.299945
      3.480000      4.313956      4.313956      8.627913
      3.500000      3.647031      3.647031      7.294063
      3.520000      3.140153      3.140153      6.280306
      3.540000      2.770039      2.770039      5.540079
      3.560000      2.527404      2.527404      5.054807
      3.580000      2.431931      2.431931      4.863861
      3.600000      2.528027      2.528027      5.056054
      3.620000      2.863017      2.863017      5.726035
      3.640000      3.456516      3.456516      6.913032
      3.660000      4.274882      4.274882      8.549764
      3.680000      5.225257      5.225257     10.450515
      3.700000      6.177003      6.177003     12.354006
      3.720000      7.005156      7.005156     14.010311
      3.740000      7.637122      7.637122     15.274243
      3.760000      8.078966      8.078966     16.157933
      3.780000      8.406011      8.406011     16.812021
      3.800000      8.720073      8.720073     17.440146
      3.820000      9.092507      9.092507     18.185014
      3.840000      9.519134      9.519134     19.038268
      3.860000      9.907844      9.907844     19.815688
      3.880000     10.105625     10.105625     20.211250
      3.900000      9.955213      9.955213     19.910426
      3.920000      9.358495      9.358495     18.716990
      3.940000      8.319754      8.319754     16.639509
      3.960000      6.949973      6.949973     13.899946
      3.980000      5.431209      5.431209     10.862419
      4.000000      3.958512      3.958512      7.917024
      4.020000      2.685510      2.685510      5.371021
      4.040000      1.694335      1.694335      3.388671
      4.060000      0.995731      0.995731      1.991462
      4.080000      0.550965      0.550965      1.101931
      4.100000      0.300847      0.300847      0.601694
      4.120000      0.189530      0.189530      0.379060
      4.140000      0.177451      0.177451      0.354902
      4.160000      0.243746      0.243746      0.487491
      4.180000      0.381518      0.381518      0.763036
      4.200000      0.589870      0.589870      1.179740
      4.220000      0.866143      0.866143      1.732286
      4.240000      1.201163      1.201163      2.402326
      4.260000      1.579224      1.579224      3.158448
      4.280000      1.982674      1.982674      3.965347
      4.300000      2.398636      2.398636      4.797272
      4.320000      2.824108      2.824108      5.648216
      4.340000      3.266653      3.266653      6.533305
      4.360000      3.741138      3.741138      7.482277
      4.380000      4.266134      4.266134      8.532269
      4.400000      4.863626      4.863626      9.727252
      4.420000      5.561523      5.561523     11.123046
      4.440000      6.392719      6.392719     12.785438
      4.460000      7.382839      7.382839     14.765677
      4.480000      8.525170      8.525170     17.050339
      4.500000      9.753280      9.753280     19.506560
      4.520000     10.930473     10.930473     21.860945
      4.540000     11.871549     11.871549     23.743098
      4.560000     12.395513     12.395513     24.791026
      4.580000     12.388010     12.388010     24.776020
      4.600000     11.843588     11.843588     23.687176
      4.620000     10.867215     10.867215     21.734430
      4.640000      9.635813      9.635813     19.271626
      4.660000      8.339912      8.339912     16.679825
      4.680000      7.131712      7.131712     14.263424
      4.700000      6.097718      6.097718     12.195436
      4.720000      5.259214      5.259214     10.518429
      4.740000      4.591535      4.591535      9.183070
      4.760000      4.048705      4.048705      8.097409
      4.780000      3.583146      3.583146      7.166292
      4.800000      3.156671      3.156671      6.313342
      4.820000      2.744441      2.744441      5.488882
      4.840000      2.335516      2.335516      4.671033
      4.860000      1.932410      1.932410      3.864820
      4.880000      1.549885      1.549885      3.099770
      4.900000      1.212200      1.212200      2.424400
      4.920000      0.948532      0.948532      1.897063
      4.940000      0.787428      0.787428      1.574856
      4.960000      0.751604      0.751604      1.503208
      4.980000      0.853947      0.853947      1.707894
      5.000000      1.094961      1.094961      2.189921
      5.020000      1.461678      1.461678      2.923356
      5.040000      1.928292      1.928292      3.856583
      5.060000      2.458683      2.458683      4.917365
      5.080000      3.010448      3.010448      6.020897
      5.100000      3.539534      3.539534      7.079068
      5.120000      4.004963      4.004963      8.009926
      5.140000      4.374409      4.374409      8.748818
      5.160000      4.631946      4.631946      9.263891
      5.180000      4.787609      4.787609      9.575219
      5.200000      4.884634      4.884634      9.769268
      5.220000      4.997320      4.997320      9.994640
      5.240000      5.214410      5.214410     10.428820
      5.260000      5.610721      5.610721     11.221443
      5.280000      6.219425      6.219425     12.438850
      5.300000      7.020875      7.020875     14.041749
      5.320000      7.955986      7.955986     15.911972
      5.340000      8.955977      8.955977     17.911953
      5.360000      9.967473      9.967473     19.934946
      5.380000     10.954210     10.954210     21.908420
      5.400000     11.874676     11.874676     23.749352
      5.420000     12.656060     12.656060     25.312120
      5.440000     13.191038     13.191038     26.382076
      5.460000     13.368396     13.368396     26.736793
      5.480000     13.122196     13.122196     26.244392
      5.500000     12.467976     12.467976     24.935953
      5.520000     11.501456     11.501456     23.002911
      5.540000     10.359908     10.359908     20.719815
      5.560000      9.169969      9.169969     18.339938
      5.580000      8.011524      8.011524     16.023048
      5.600000      6.913635      6.913635     13.827270
      5.620000      5.877367      5.877367     11.754734
      5.640000      4.906566      4.906566      9.813131
      5.660000      4.028039      4.028039      8.056077
      5.680000      3.293254      3.293254      6.586509
      5.700000      2.765470      2.765470      5.530940
      5.720000      2.502095      2.502095      5.004190
      5.740000      2.540587      2.540587      5.081173
      5.760000      2.890482      2.890482      5.780965
      5.780000      3.529041      3.529041      7.058081
      5.800000      4.396877      4.396877      8.793754
      5.820000      5.393666      5.393666     10.787333
      5.840000      6.379656      6.379656     12.759311
      5.860000      7.191282      7.191282     14.382564
      5.880000      7.674536      7.674536     15.349072
      5.900000      7.728818      7.728818     15.457636
      5.920000      7.343966      7.343966     14.687932
      5.940000      6.612224      6.612224     13.224448
      5.960000      5.707574      5.707574     11.415148
      5.980000      4.840437      4.840437      9.680873
      6.000000      4.205660      4.205660      8.411320
      6.020000      3.940189      3.940189      7.880378
      6.040000      4.097638      4.097638      8.195275
      6.060000      4.639163      4.639163      9.278327
      6.080000      5.439222      5.439222     10.878443
      6.100000      6.308143      6.308143     12.616287
      6.120000      7.033499      7.033499     14.066998
      6.140000      7.434577      7.434577     14.869155
      6.160000      7.413407      7.413407     14.826815
      6.180000      6.981262      6.981262     13.962523
      6.200000      6.247807      6.247807     12.495615
      6.220000      5.377495      5.377495     10.754991
      6.240000      4.533336      4.533336      9.066671
      6.260000      3.832104      3.832104      7.664208
      6.280000      3.326075      3.326075      6.652149
      6.300000      3.011814      3.011814      6.023628
      6.320000      2.855523      2.855523      5.711047
      6.340000      2.821333      2.821333      5.642666
      6.360000      2.892242      2.892242      5.784485
      6.380000      3.078565      3.078565      6.157130
      6.400000      3.412616      3.412616      6.825232
      6.420000      3.931006      3.931006      7.862013
      6.440000      4.649150      4.649150      9.298301
      6.460000      5.537189      5.537189     11.074379
      6.480000      6.510041      6.510041     13.020082
      6.500000      7.442017      7.442017     14.884034
      6.520000      8.205794      8.205794     16.411588
      6.540000      8.720255      8.720255     17.440509
      6.560000      8.981709      8.981709     17.963418
      6.580000      9.057863      9.057863     18.115726
      6.600000      9.044047      9.044047     18.088095
      6.620000      9.005052      9.005052     18.010104
      6.640000      8.936801      8.936801     17.873602
      6.660000      8.771020      8.771020     17.542041
      6.680000      8.419504      8.419504     16.839008
      6.700000      7.830539      7.830539     15.661079
      6.720000      7.024496      7.024496     14.048991
      6.740000      6.090943      6.090943     12.181886
      6.760000      5.153781      5.153781     10.307561
      6.780000      4.327177      4.327177      8.654353
      6.800000      3.684968      3.684968      7.369935
      6.820000      3.253243      3.253243      6.506486
      6.840000      3.021189      3.021189      6.042378
      6.860000      2.958048      2.958048      5.916097
      6.880000      3.026173      3.026173      6.052346
      6.900000      3.187165      3.187165      6.374329
      6.920000      3.404027      3.404027      6.808055
      6.940000      3.643602      3.643602      7.287204
      6.960000      3.880808      3.880808      7.761616
      6.980000      4.102474      4.102474      8.204948
      7.000000      4.307233      4.307233      8.614466
      7.020000      4.500335      4.500335      9.000669
      7.040000      4.686447      4.686447      9.372894
      7.060000      4.865941      4.865941      9.731883
      7.080000      5.038132      5.038132     10.076264
      7.100000      5.209417      5.209417     10.418834
      7.120000      5.399198      5.399198     10.798396
      7.140000      5.636055      5.636055     11.272111
      7.160000      5.942006      5.942006     11.884012
      7.180000      6.310847      6.310847     12.621695
      7.200000      6.692491      6.692491     13.384982
      7.220000      6.994699      6.994699     13.989398
      7.240000      7.106134      7.106134     14.212267
      7.260000      6.933744      6.933744     13.867487
      7.280000      6.439141      6.439141     12.878282
      7.300000      5.658004      5.658004     11.316009
      7.320000      4.694413      4.694413      9.388825
      7.340000      3.694007      3.694007      7.388013
      7.360000      2.808827      2.808827      5.617654
      7.380000      2.167550      2.167550      4.335100
      7.400000      1.858027      1.858027      3.716054
      7.420000      1.920130      1.920130      3.840260
      7.440000      2.342490      2.342490      4.684979
      7.460000      3.059763      3.059763      6.119527
      7.480000      3.954459      3.954459      7.908919
      7.500000      4.872015      4.872015      9.744030
      7.520000      5.654080      5.654080     11.308161
      7.540000      6.183520      6.183520     12.367040
      7.560000      6.423353      6.423353     12.846705
      7.580000      6.430176      6.430176     12.860353
      7.600000      6.333709      6.333709     12.667417
      7.620000      6.291237      6.291237     12.582473
      7.640000      6.437240      6.437240     12.874480
      7.660000      6.846974      6.846974     13.693948
      7.680000      7.521457      7.521457     15.042914
      7.700000      8.390245      8.390245     16.780490
      7.720000      9.325427      9.325427     18.650853
      7.740000     10.164358     10.164358     20.328716
      7.760000     10.741999     10.741999     21.483998
      7.780000     10.930247     10.930247     21.860494
      7.800000     10.673500     10.673500     21.346999
      7.820000     10.005234     10.005234     20.010468
      7.840000      9.036178      9.036178     18.072357
      7.860000      7.918411      7.918411     15.836821
      7.880000      6.801960      6.801960     13.603920
      7.900000      5.802479      5.802479     11.604959
      7.920000      4.989551      4.989551      9.979101
      7.940000      4.392493      4.392493      8.784987
      7.960000      4.012984      4.012984      8.025969
      7.980000      3.834974      3.834974      7.669947
      8.000000      3.829225      3.829225      7.658450
      8.020000      3.956044      3.956044      7.912087
      8.040000      4.171011      4.171011      8.342022
      8.060000      4.434836      4.434836      8.869672
      8.080000      4.723383      4.723383      9.446767
      8.100000      5.031733      5.031733     10.063466
      8.120000      5.368593      5.368593     10.737187
      8.140000      5.742983      5.742983     11.485967
      8.160000      6.149948      6.149948     12.299895
      8.180000      6.562993      6.562993     13.125986
      8.200000      6.937380      6.937380     13.874760
      8.220000      7.222779      7.222779     14.445559
      8.240000      7.379462      7.379462     14.758923
      8.260000      7.391215      7.391215     14.782430
      8.280000      7.270339      7.270339     14.540678
      8.300000      7.053712      7.053712     14.107423
      8.320000      6.792360      6.792360     13.584721
      8.340000      6.539200      6.539200     13.078399
      8.360000      6.340036      6.340036     12.680072
      8.380000      6.231268      6.231268     12.462536
      8.400000      6.244213      6.244213     12.488426
      8.420000      6.412157      6.412157     12.824313
      8.440000      6.774167      6.774167     13.548335
      8.460000      7.371013      7.371013     14.742026
      8.480000      8.232632      8.232632     16.465264
      8.500000      9.361389      9.361389     18.722778
      8.520000     10.718245     10.718245     21.436491
      8.540000     12.218806     12.218806     24.437612
      8.560000     13.743290     13.743290     27.486581
      8.580000     15.159914     15.159914     30.319828
      8.600000     16.355891     16.355891     32.711782
      8.620000     17.265649     17.265649     34.531298
      8.640000     17.884121     17.884121     35.768241
      8.660000     18.256954     18.256954     36.513907
      8.680000     18.449423     18.449423     36.898847
      8.700000     18.507669     18.507669     37.015338
      8.720000     18.432164     18.432164     36.864327
      8.740000     18.178608     18.178608     36.357217
      8.760000     17.687014     17.687014     35.374029
      8.780000     16.923848     16.923848     33.847697
      8.800000     15.914487     15.914487     31.828974
      8.820000     14.748580     14.748580     29.497161
      8.840000     13.555905     13.555905     27.111809
      8.860000     12.465781     12.465781     24.931563
      8.880000     11.570317     11.570317     23.140635
      8.900000     10.907056     10.907056     21.814111
      8.920000     10.464077     10.464077     20.928155
      8.940000     10.198552     10.198552     20.397103
      8.960000     10.055595     10.055595     20.111191
      8.980000      9.979478      9.979478     19.958956
      9.000000      9.918423      9.918423     19.836845
      9.020000      9.829879      9.829879     19.659757
      9.040000      9.691052      9.691052     19.382104
      9.060000      9.512113      9.512113     19.024226
      9.080000      9.343364      9.343364     18.686728
      9.100000      9.268046      9.268046     18.536093
      9.120000      9.379302      9.379302     18.758605
      9.140000      9.748450      9.748450     19.496900
      9.160000     10.396577     10.396577     20.793154
      9.180000     11.280129     11.280129     22.560258
      9.200000     12.295403     12.295403     24.590805
      9.220000     13.300339     13.300339     26.600679
      9.240000     14.147531     14.147531     28.295062
      9.260000     14.720163     14.720163     29.440326
      9.280000     14.961730     14.961730     29.923459
      9.300000     14.890571     14.890571     29.781142
      9.320000     14.592872     14.592872     29.185745
      9.340000     14.193823     14.193823     28.387646
      9.360000     13.814789     13.814789     27.629577
      9.380000     13.530766     13.530766     27.061532
      9.400000     13.343338     13.343338     26.686675
      9.420000     13.179041     13.179041     26.358082
      9.440000     12.914117     12.914117     25.828234
      9.460000     12.417731     12.417731     24.835462
      9.480000     11.599898     11.599898     23.199796
      9.500000     10.448927     10.448927     20.897854
      9.520000      9.046635      9.046635     18.093270
      9.540000      7.557078      7.557078     15.114155
      9.560000      6.193288      6.193288     12.386575
      9.580000      5.172492      5.172492     10.344984
      9.600000      4.670838      4.670838      9.341676
      9.620000      4.785031      4.785031      9.570062
      9.640000      5.504845      5.504845     11.009691
      9.660000      6.700729      6.700729     13.401458
      9.680000      8.133659      8.133659     16.267318
      9.700000      9.494515      9.494515     18.989029
      9.720000     10.472557     10.472557     20.945113
      9.740000     10.838207     10.838207     21.676414
      9.760000     10.512634     10.512634     21.025267
      9.780000      9.595729      9.595729     19.191458
      9.800000      8.338640      8.338640     16.677281
      9.820000      7.070178      7.070178     14.140356
      9.840000      6.105101      6.105101     12.210202
      9.860000      5.666580      5.666580     11.333161
      9.880000      5.844899      5.844899     11.689797
      9.900000      6.597742      6.597742     13.195483
      9.920000      7.783470      7.783470     15.566940
      9.940000      9.211715      9.211715     18.423429
      9.960000     10.694766     10.694766     21.389532
      9.980000     12.086160     12.086160     24.172320
     10.000000     13.298442     13.298442     26.596884
