# EIG2DOS: Utility for SIESTA to obtain the electronic density of states
#  E. Artacho, Apr 1999, A. Garcia, Apr 2012
# ------------------------------------------
# Eigenvalues read from GRP_doping.EIG
# Using smearing parameter:   0.100
# Using   1001 points in energy range
# Selected bands: 1 to: 936
# Emin, emax in file for selected band(s):    -37.0027100    233.6022300
# Nbands, Nspin, Nk   =    936     1   231
# E_F                 =    -5.2365 eV --> (shifted to ZERO)
# Broadening          =     0.1000 eV
#
#        E            N(up)  (=)   N(down)         Ntot
    -10.000000      3.500097      3.500097      7.000194
     -9.980000      3.475983      3.475983      6.951966
     -9.960000      3.509817      3.509817      7.019635
     -9.940000      3.605946      3.605946      7.211892
     -9.920000      3.756749      3.756749      7.513499
     -9.900000      3.941578      3.941578      7.883156
     -9.880000      4.128958      4.128958      8.257917
     -9.860000      4.280868      4.280868      8.561736
     -9.840000      4.357648      4.357648      8.715297
     -9.820000      4.323270      4.323270      8.646540
     -9.800000      4.151615      4.151615      8.303229
     -9.780000      3.833711      3.833711      7.667421
     -9.760000      3.383823      3.383823      6.767647
     -9.740000      2.841018      2.841018      5.682035
     -9.720000      2.264024      2.264024      4.528048
     -9.700000      1.720664      1.720664      3.441327
     -9.680000      1.276277      1.276277      2.552555
     -9.660000      0.986019      0.986019      1.972037
     -9.640000      0.892910      0.892910      1.785819
     -9.620000      1.029281      1.029281      2.058563
     -9.600000      1.416692      1.416692      2.833385
     -9.580000      2.060683      2.060683      4.121365
     -9.560000      2.941188      2.941188      5.882376
     -9.540000      4.004211      4.004211      8.008423
     -9.520000      5.161797      5.161797     10.323595
     -9.500000      6.303805      6.303805     12.607611
     -9.480000      7.318240      7.318240     14.636481
     -9.460000      8.111768      8.111768     16.223537
     -9.440000      8.622631      8.622631     17.245262
     -9.420000      8.824212      8.824212     17.648423
     -9.400000      8.723814      8.723814     17.447628
     -9.380000      8.361987      8.361987     16.723974
     -9.360000      7.812305      7.812305     15.624609
     -9.340000      7.175429      7.175429     14.350859
     -9.320000      6.561449      6.561449     13.122898
     -9.300000      6.062140      6.062140     12.124279
     -9.280000      5.723999      5.723999     11.447997
     -9.260000      5.535631      5.535631     11.071263
     -9.240000      5.436696      5.436696     10.873393
     -9.220000      5.344764      5.344764     10.689527
     -9.200000      5.188610      5.188610     10.377219
     -9.180000      4.935522      4.935522      9.871043
     -9.160000      4.604414      4.604414      9.208829
     -9.140000      4.261745      4.261745      8.523489
     -9.120000      4.001176      4.001176      8.002351
     -9.100000      3.911464      3.911464      7.822928
     -9.080000      4.041319      4.041319      8.082639
     -9.060000      4.373765      4.373765      8.747530
     -9.040000      4.822324      4.822324      9.644648
     -9.020000      5.254612      5.254612     10.509223
     -9.000000      5.537215      5.537215     11.074430
     -8.980000      5.584928      5.584928     11.169856
     -8.960000      5.393992      5.393992     10.787984
     -8.940000      5.045573      5.045573     10.091146
     -8.920000      4.678782      4.678782      9.357564
     -8.900000      4.445157      4.445157      8.890315
     -8.880000      4.462587      4.462587      8.925175
     -8.860000      4.784676      4.784676      9.569353
     -8.840000      5.393866      5.393866     10.787733
     -8.820000      6.217143      6.217143     12.434285
     -8.800000      7.155079      7.155079     14.310157
     -8.780000      8.110919      8.110919     16.221839
     -8.760000      9.008101      9.008101     18.016201
     -8.740000      9.791902      9.791902     19.583805
     -8.720000     10.420268     10.420268     20.840535
     -8.700000     10.854553     10.854553     21.709105
     -8.680000     11.059393     11.059393     22.118787
     -8.660000     11.013367     11.013367     22.026735
     -8.640000     10.724140     10.724140     21.448281
     -8.620000     10.238192     10.238192     20.476384
     -8.600000      9.637107      9.637107     19.274214
     -8.580000      9.018036      9.018036     18.036072
     -8.560000      8.463023      8.463023     16.926046
     -8.540000      8.008493      8.008493     16.016986
     -8.520000      7.629297      7.629297     15.258593
     -8.500000      7.247876      7.247876     14.495752
     -8.480000      6.767960      6.767960     13.535921
     -8.460000      6.118943      6.118943     12.237886
     -8.440000      5.290320      5.290320     10.580639
     -8.420000      4.340596      4.340596      8.681192
     -8.400000      3.379153      3.379153      6.758306
     -8.380000      2.533453      2.533453      5.066907
     -8.360000      1.918964      1.918964      3.837928
     -8.340000      1.623304      1.623304      3.246607
     -8.320000      1.704650      1.704650      3.409300
     -8.300000      2.195396      2.195396      4.390792
     -8.280000      3.100505      3.100505      6.201011
     -8.260000      4.386008      4.386008      8.772017
     -8.240000      5.962543      5.962543     11.925085
     -8.220000      7.676399      7.676399     15.352798
     -8.200000      9.321424      9.321424     18.642848
     -8.180000     10.677326     10.677326     21.354653
     -8.160000     11.565720     11.565720     23.131439
     -8.140000     11.901999     11.901999     23.803999
     -8.120000     11.718144     11.718144     23.436288
     -8.100000     11.143486     11.143486     22.286972
     -8.080000     10.352075     10.352075     20.704149
     -8.060000      9.502983      9.502983     19.005965
     -8.040000      8.701642      8.701642     17.403283
     -8.020000      7.995009      7.995009     15.990018
     -8.000000      7.392343      7.392343     14.784686
     -7.980000      6.891050      6.891050     13.782100
     -7.960000      6.490104      6.490104     12.980207
     -7.940000      6.186869      6.186869     12.373738
     -7.920000      5.965841      5.965841     11.931683
     -7.900000      5.791864      5.791864     11.583728
     -7.880000      5.615526      5.615526     11.231052
     -7.860000      5.389839      5.389839     10.779677
     -7.840000      5.090581      5.090581     10.181162
     -7.820000      4.730595      4.730595      9.461190
     -7.800000      4.360591      4.360591      8.721181
     -7.780000      4.054313      4.054313      8.108626
     -7.760000      3.882418      3.882418      7.764836
     -7.740000      3.884750      3.884750      7.769500
     -7.720000      4.052291      4.052291      8.104582
     -7.700000      4.326373      4.326373      8.652747
     -7.680000      4.615239      4.615239      9.230478
     -7.660000      4.820638      4.820638      9.641275
     -7.640000      4.863973      4.863973      9.727946
     -7.620000      4.703715      4.703715      9.407431
     -7.600000      4.341192      4.341192      8.682383
     -7.580000      3.816685      3.816685      7.633370
     -7.560000      3.199862      3.199862      6.399723
     -7.540000      2.578238      2.578238      5.156475
     -7.520000      2.046164      2.046164      4.092328
     -7.500000      1.695469      1.695469      3.390938
     -7.480000      1.607207      1.607207      3.214415
     -7.460000      1.842228      1.842228      3.684457
     -7.440000      2.427982      2.427982      4.855964
     -7.420000      3.342030      3.342030      6.684059
     -7.400000      4.498583      4.498583      8.997167
     -7.380000      5.749215      5.749215     11.498429
     -7.360000      6.907403      6.907403     13.814807
     -7.340000      7.796672      7.796672     15.593345
     -7.320000      8.307848      8.307848     16.615696
     -7.300000      8.441273      8.441273     16.882545
     -7.280000      8.312117      8.312117     16.624233
     -7.260000      8.111756      8.111756     16.223512
     -7.240000      8.038184      8.038184     16.076367
     -7.220000      8.223220      8.223220     16.446440
     -7.200000      8.686498      8.686498     17.372997
     -7.180000      9.334677      9.334677     18.669353
     -7.160000     10.003975     10.003975     20.007950
     -7.140000     10.524241     10.524241     21.048481
     -7.120000     10.773640     10.773640     21.547280
     -7.100000     10.700911     10.700911     21.401823
     -7.080000     10.313125     10.313125     20.626251
     -7.060000      9.647507      9.647507     19.295015
     -7.040000      8.751708      8.751708     17.503416
     -7.020000      7.684375      7.684375     15.368750
     -7.000000      6.528016      6.528016     13.056033
     -6.980000      5.395165      5.395165     10.790331
     -6.960000      4.414482      4.414482      8.828963
     -6.940000      3.699346      3.699346      7.398693
     -6.920000      3.314411      3.314411      6.628822
     -6.900000      3.256773      3.256773      6.513546
     -6.880000      3.459391      3.459391      6.918783
     -6.860000      3.812805      3.812805      7.625611
     -6.840000      4.194401      4.194401      8.388803
     -6.820000      4.494531      4.494531      8.989062
     -6.800000      4.633592      4.633592      9.267184
     -6.780000      4.569711      4.569711      9.139423
     -6.760000      4.299834      4.299834      8.599668
     -6.740000      3.856891      3.856891      7.713782
     -6.720000      3.303782      3.303782      6.607564
     -6.700000      2.723486      2.723486      5.446972
     -6.680000      2.205152      2.205152      4.410304
     -6.660000      1.827986      1.827986      3.655972
     -6.640000      1.646432      1.646432      3.292865
     -6.620000      1.680330      1.680330      3.360660
     -6.600000      1.912510      1.912510      3.825020
     -6.580000      2.294463      2.294463      4.588926
     -6.560000      2.758744      2.758744      5.517489
     -6.540000      3.234854      3.234854      6.469707
     -6.520000      3.664002      3.664002      7.328004
     -6.500000      4.008455      4.008455      8.016911
     -6.480000      4.253588      4.253588      8.507175
     -6.460000      4.404261      4.404261      8.808522
     -6.440000      4.479294      4.479294      8.958589
     -6.420000      4.506913      4.506913      9.013827
     -6.400000      4.521087      4.521087      9.042175
     -6.380000      4.556532      4.556532      9.113063
     -6.360000      4.641210      4.641210      9.282420
     -6.340000      4.788734      4.788734      9.577468
     -6.320000      4.995570      4.995570      9.991141
     -6.300000      5.246391      5.246391     10.492782
     -6.280000      5.525499      5.525499     11.050998
     -6.260000      5.827047      5.827047     11.654093
     -6.240000      6.156077      6.156077     12.312153
     -6.220000      6.517654      6.517654     13.035309
     -6.200000      6.899649      6.899649     13.799298
     -6.180000      7.260740      7.260740     14.521479
     -6.160000      7.534488      7.534488     15.068977
     -6.140000      7.651983      7.651983     15.303966
     -6.120000      7.573747      7.573747     15.147494
     -6.100000      7.313594      7.313594     14.627189
     -6.080000      6.939090      6.939090     13.878180
     -6.060000      6.545412      6.545412     13.090823
     -6.040000      6.214625      6.214625     12.429249
     -6.020000      5.980923      5.980923     11.961846
     -6.000000      5.818783      5.818783     11.637565
     -5.980000      5.658230      5.658230     11.316459
     -5.960000      5.418031      5.418031     10.836063
     -5.940000      5.041141      5.041141     10.082282
     -5.920000      4.518917      4.518917      9.037834
     -5.900000      3.897917      3.897917      7.795834
     -5.880000      3.270463      3.270463      6.540925
     -5.860000      2.754504      2.754504      5.509007
     -5.840000      2.469222      2.469222      4.938443
     -5.820000      2.511642      2.511642      5.023285
     -5.800000      2.938133      2.938133      5.876267
     -5.780000      3.754093      3.754093      7.508186
     -5.760000      4.914699      4.914699      9.829398
     -5.740000      6.337341      6.337341     12.674681
     -5.720000      7.921545      7.921545     15.843089
     -5.700000      9.567533      9.567533     19.135066
     -5.680000     11.185081     11.185081     22.370162
     -5.660000     12.692278     12.692278     25.384556
     -5.640000     14.013785     14.013785     28.027569
     -5.620000     15.090214     15.090214     30.180429
     -5.600000     15.899143     15.899143     31.798286
     -5.580000     16.471772     16.471772     32.943544
     -5.560000     16.883819     16.883819     33.767639
     -5.540000     17.214635     17.214635     34.429269
     -5.520000     17.495713     17.495713     34.991427
     -5.500000     17.685587     17.685587     35.371175
     -5.480000     17.695138     17.695138     35.390276
     -5.460000     17.451952     17.451952     34.903905
     -5.440000     16.961253     16.961253     33.922506
     -5.420000     16.319807     16.319807     32.639613
     -5.400000     15.670314     15.670314     31.340628
     -5.380000     15.123920     15.123920     30.247840
     -5.360000     14.698361     14.698361     29.396722
     -5.340000     14.306722     14.306722     28.613445
     -5.320000     13.799125     13.799125     27.598251
     -5.300000     13.031037     13.031037     26.062074
     -5.280000     11.923747     11.923747     23.847495
     -5.260000     10.494093     10.494093     20.988185
     -5.240000      8.849276      8.849276     17.698552
     -5.220000      7.156593      7.156593     14.313186
     -5.200000      5.602709      5.602709     11.205417
     -5.180000      4.355157      4.355157      8.710314
     -5.160000      3.533930      3.533930      7.067861
     -5.140000      3.195916      3.195916      6.391833
     -5.120000      3.330977      3.330977      6.661954
     -5.100000      3.866611      3.866611      7.733222
     -5.080000      4.678831      4.678831      9.357662
     -5.060000      5.609005      5.609005     11.218010
     -5.040000      6.487507      6.487507     12.975014
     -5.020000      7.163248      7.163248     14.326497
     -5.000000      7.533818      7.533818     15.067636
     -4.980000      7.567104      7.567104     15.134208
     -4.960000      7.305564      7.305564     14.611128
     -4.940000      6.850210      6.850210     13.700420
     -4.920000      6.330183      6.330183     12.660366
     -4.900000      5.870215      5.870215     11.740431
     -4.880000      5.567812      5.567812     11.135625
     -4.860000      5.484845      5.484845     10.969691
     -4.840000      5.649294      5.649294     11.298587
     -4.820000      6.058516      6.058516     12.117031
     -4.800000      6.678573      6.678573     13.357146
     -4.780000      7.441816      7.441816     14.883632
     -4.760000      8.250357      8.250357     16.500714
     -4.740000      8.991248      8.991248     17.982495
     -4.720000      9.561376      9.561376     19.122752
     -4.700000      9.892816      9.892816     19.785631
     -4.680000      9.968289      9.968289     19.936579
     -4.660000      9.821410      9.821410     19.642819
     -4.640000      9.522512      9.522512     19.045025
     -4.620000      9.154456      9.154456     18.308913
     -4.600000      8.784572      8.784572     17.569144
     -4.580000      8.441513      8.441513     16.883026
     -4.560000      8.107919      8.107919     16.215837
     -4.540000      7.736538      7.736538     15.473076
     -4.520000      7.286253      7.286253     14.572505
     -4.500000      6.760459      6.760459     13.520918
     -4.480000      6.224208      6.224208     12.448416
     -4.460000      5.785308      5.785308     11.570617
     -4.440000      5.544804      5.544804     11.089608
     -4.420000      5.541636      5.541636     11.083271
     -4.400000      5.722369      5.722369     11.444737
     -4.380000      5.955396      5.955396     11.910792
     -4.360000      6.086088      6.086088     12.172177
     -4.340000      6.007647      6.007647     12.015295
     -4.320000      5.713673      5.713673     11.427345
     -4.300000      5.307200      5.307200     10.614399
     -4.280000      4.962059      4.962059      9.924118
     -4.260000      4.854474      4.854474      9.708947
     -4.240000      5.094981      5.094981     10.189961
     -4.220000      5.688398      5.688398     11.376796
     -4.200000      6.535445      6.535445     13.070890
     -4.180000      7.471143      7.471143     14.942286
     -4.160000      8.320639      8.320639     16.641278
     -4.140000      8.948785      8.948785     17.897571
     -4.120000      9.287053      9.287053     18.574107
     -4.100000      9.335413      9.335413     18.670826
     -4.080000      9.148760      9.148760     18.297520
     -4.060000      8.820168      8.820168     17.640337
     -4.040000      8.466625      8.466625     16.933250
     -4.020000      8.214032      8.214032     16.428063
     -4.000000      8.175195      8.175195     16.350390
     -3.980000      8.420079      8.420079     16.840158
     -3.960000      8.947356      8.947356     17.894713
     -3.940000      9.672481      9.672481     19.344962
     -3.920000     10.444259     10.444259     20.888518
     -3.900000     11.089305     11.089305     22.178610
     -3.880000     11.468370     11.468370     22.936740
     -3.860000     11.520149     11.520149     23.040299
     -3.840000     11.273569     11.273569     22.547137
     -3.820000     10.826623     10.826623     21.653246
     -3.800000     10.307550     10.307550     20.615099
     -3.780000      9.840137      9.840137     19.680274
     -3.760000      9.525616      9.525616     19.051232
     -3.740000      9.437196      9.437196     18.874392
     -3.720000      9.613747      9.613747     19.227493
     -3.700000     10.044218     10.044218     20.088437
     -3.680000     10.649631     10.649631     21.299262
     -3.660000     11.281400     11.281400     22.562801
     -3.640000     11.751923     11.751923     23.503847
     -3.620000     11.895086     11.895086     23.790172
     -3.600000     11.632218     11.632218     23.264436
     -3.580000     11.008900     11.008900     22.017800
     -3.560000     10.179085     10.179085     20.358170
     -3.540000      9.340715      9.340715     18.681431
     -3.520000      8.655006      8.655006     17.310012
     -3.500000      8.191871      8.191871     16.383742
     -3.480000      7.928954      7.928954     15.857907
     -3.460000      7.799833      7.799833     15.599665
     -3.440000      7.758018      7.758018     15.516037
     -3.420000      7.815421      7.815421     15.630841
     -3.400000      8.031611      8.031611     16.063222
     -3.380000      8.461373      8.461373     16.922746
     -3.360000      9.093037      9.093037     18.186075
     -3.340000      9.814772      9.814772     19.629544
     -3.320000     10.429785     10.429785     20.859570
     -3.300000     10.715536     10.715536     21.431071
     -3.280000     10.500705     10.500705     21.001411
     -3.260000      9.726441      9.726441     19.452882
     -3.240000      8.466883      8.466883     16.933767
     -3.220000      6.903062      6.903062     13.806123
     -3.200000      5.264506      5.264506     10.529013
     -3.180000      3.764969      3.764969      7.529938
     -3.160000      2.557248      2.557248      5.114496
     -3.140000      1.719368      1.719368      3.438735
     -3.120000      1.268147      1.268147      2.536295
     -3.100000      1.185257      1.185257      2.370513
     -3.080000      1.439529      1.439529      2.879058
     -3.060000      1.996005      1.996005      3.992010
     -3.040000      2.811697      2.811697      5.623394
     -3.020000      3.825339      3.825339      7.650678
     -3.000000      4.950723      4.950723      9.901447
     -2.980000      6.080856      6.080856     12.161713
     -2.960000      7.104836      7.104836     14.209673
     -2.940000      7.933415      7.933415     15.866830
     -2.920000      8.524577      8.524577     17.049153
     -2.900000      8.898766      8.898766     17.797532
     -2.880000      9.135668      9.135668     18.271337
     -2.860000      9.350624      9.350624     18.701249
     -2.840000      9.656773      9.656773     19.313546
     -2.820000     10.125284     10.125284     20.250569
     -2.800000     10.757430     10.757430     21.514860
     -2.780000     11.478281     11.478281     22.956563
     -2.760000     12.154763     12.154763     24.309527
     -2.740000     12.633426     12.633426     25.266852
     -2.720000     12.787203     12.787203     25.574406
     -2.700000     12.556543     12.556543     25.113086
     -2.680000     11.970353     11.970353     23.940707
     -2.660000     11.138215     11.138215     22.276429
     -2.640000     10.216527     10.216527     20.433053
     -2.620000      9.362351      9.362351     18.724702
     -2.600000      8.693000      8.693000     17.386001
     -2.580000      8.264272      8.264272     16.528543
     -2.560000      8.069645      8.069645     16.139290
     -2.540000      8.054098      8.054098     16.108196
     -2.520000      8.133721      8.133721     16.267442
     -2.500000      8.215114      8.215114     16.430228
     -2.480000      8.212432      8.212432     16.424864
     -2.460000      8.061947      8.061947     16.123895
     -2.440000      7.733835      7.733835     15.467670
     -2.420000      7.239885      7.239885     14.479770
     -2.400000      6.635135      6.635135     13.270271
     -2.380000      6.011504      6.011504     12.023008
     -2.360000      5.482466      5.482466     10.964933
     -2.340000      5.159765      5.159765     10.319530
     -2.320000      5.125874      5.125874     10.251749
     -2.300000      5.408895      5.408895     10.817789
     -2.280000      5.968592      5.968592     11.937184
     -2.260000      6.701607      6.701607     13.403214
     -2.240000      7.468838      7.468838     14.937677
     -2.220000      8.138877      8.138877     16.277754
     -2.200000      8.631856      8.631856     17.263712
     -2.180000      8.944313      8.944313     17.888626
     -2.160000      9.142066      9.142066     18.284132
     -2.140000      9.323058      9.323058     18.646116
     -2.120000      9.567502      9.567502     19.135003
     -2.100000      9.899004      9.899004     19.798008
     -2.080000     10.273703     10.273703     20.547406
     -2.060000     10.599374     10.599374     21.198748
     -2.040000     10.772443     10.772443     21.544886
     -2.020000     10.715430     10.715430     21.430861
     -2.000000     10.401272     10.401272     20.802544
     -1.980000      9.859366      9.859366     19.718732
     -1.960000      9.165167      9.165167     18.330334
     -1.940000      8.418441      8.418441     16.836882
     -1.920000      7.716315      7.716315     15.432630
     -1.900000      7.128061      7.128061     14.256122
     -1.880000      6.679172      6.679172     13.358344
     -1.860000      6.350693      6.350693     12.701386
     -1.840000      6.094911      6.094911     12.189823
     -1.820000      5.861959      5.861959     11.723918
     -1.800000      5.627075      5.627075     11.254150
     -1.780000      5.407732      5.407732     10.815463
     -1.760000      5.263680      5.263680     10.527361
     -1.740000      5.279302      5.279302     10.558603
     -1.720000      5.534098      5.534098     11.068196
     -1.700000      6.071736      6.071736     12.143472
     -1.680000      6.879250      6.879250     13.758500
     -1.660000      7.885263      7.885263     15.770525
     -1.640000      8.979697      8.979697     17.959395
     -1.620000     10.049073     10.049073     20.098147
     -1.600000     11.013584     11.013584     22.027169
     -1.580000     11.848313     11.848313     23.696626
     -1.560000     12.574878     12.574878     25.149756
     -1.540000     13.223035     13.223035     26.446071
     -1.520000     13.780008     13.780008     27.560016
     -1.500000     14.158051     14.158051     28.316102
     -1.480000     14.206934     14.206934     28.413868
     -1.460000     13.775367     13.775367     27.550734
     -1.440000     12.795691     12.795691     25.591383
     -1.420000     11.348676     11.348676     22.697352
     -1.400000      9.672579      9.672579     19.345158
     -1.380000      8.108092      8.108092     16.216184
     -1.360000      7.000381      7.000381     14.000762
     -1.340000      6.594543      6.594543     13.189086
     -1.320000      6.958154      6.958154     13.916309
     -1.300000      7.952631      7.952631     15.905262
     -1.280000      9.262437      9.262437     18.524874
     -1.260000     10.478580     10.478580     20.957160
     -1.240000     11.217101     11.217101     22.434202
     -1.220000     11.236821     11.236821     22.473642
     -1.200000     10.514090     10.514090     21.028181
     -1.180000      9.245314      9.245314     18.490628
     -1.160000      7.777498      7.777498     15.554996
     -1.140000      6.496723      6.496723     12.993445
     -1.120000      5.717094      5.717094     11.434188
     -1.100000      5.604089      5.604089     11.208178
     -1.080000      6.146455      6.146455     12.292911
     -1.060000      7.173948      7.173948     14.347897
     -1.040000      8.410166      8.410166     16.820332
     -1.020000      9.546951      9.546951     19.093902
     -1.000000     10.323606     10.323606     20.647212
     -0.980000     10.590629     10.590629     21.181258
     -0.960000     10.339121     10.339121     20.678242
     -0.940000      9.687365      9.687365     19.374730
     -0.920000      8.832209      8.832209     17.664418
     -0.900000      7.986060      7.986060     15.972121
     -0.880000      7.322993      7.322993     14.645986
     -0.860000      6.949002      6.949002     13.898004
     -0.840000      6.898002      6.898002     13.796005
     -0.820000      7.144947      7.144947     14.289895
     -0.800000      7.625039      7.625039     15.250078
     -0.780000      8.252195      8.252195     16.504391
     -0.760000      8.935738      8.935738     17.871477
     -0.740000      9.596659      9.596659     19.193318
     -0.720000     10.182453     10.182453     20.364905
     -0.700000     10.675304     10.675304     21.350608
     -0.680000     11.087360     11.087360     22.174720
     -0.660000     11.441896     11.441896     22.883792
     -0.640000     11.748271     11.748271     23.496541
     -0.620000     11.985063     11.985063     23.970126
     -0.600000     12.103495     12.103495     24.206991
     -0.580000     12.051756     12.051756     24.103512
     -0.560000     11.807237     11.807237     23.614475
     -0.540000     11.397731     11.397731     22.795461
     -0.520000     10.898938     10.898938     21.797876
     -0.500000     10.409944     10.409944     20.819887
     -0.480000     10.020361     10.020361     20.040722
     -0.460000      9.785124      9.785124     19.570248
     -0.440000      9.715677      9.715677     19.431355
     -0.420000      9.786863      9.786863     19.573725
     -0.400000      9.953871      9.953871     19.907742
     -0.380000     10.174072     10.174072     20.348144
     -0.360000     10.429537     10.429537     20.859075
     -0.340000     10.743581     10.743581     21.487162
     -0.320000     11.180783     11.180783     22.361565
     -0.300000     11.821702     11.821702     23.643404
     -0.280000     12.715279     12.715279     25.430559
     -0.260000     13.828802     13.828802     27.657604
     -0.240000     15.024604     15.024604     30.049208
     -0.220000     16.084224     16.084224     32.168448
     -0.200000     16.776483     16.776483     33.552967
     -0.180000     16.940514     16.940514     33.881029
     -0.160000     16.544818     16.544818     33.089636
     -0.140000     15.695827     15.695827     31.391653
     -0.120000     14.596059     14.596059     29.192119
     -0.100000     13.476148     13.476148     26.952296
     -0.080000     12.532779     12.532779     25.065558
     -0.060000     11.893501     11.893501     23.787001
     -0.040000     11.609348     11.609348     23.218696
     -0.020000     11.662113     11.662113     23.324227
      0.000000     11.973468     11.973468     23.946936
      0.020000     12.414433     12.414433     24.828865
      0.040000     12.823467     12.823467     25.646934
      0.060000     13.039628     13.039628     26.079256
      0.080000     12.944879     12.944879     25.889759
      0.100000     12.497794     12.497794     24.995589
      0.120000     11.740721     11.740721     23.481441
      0.140000     10.775422     10.775422     21.550844
      0.160000      9.719448      9.719448     19.438895
      0.180000      8.665215      8.665215     17.330429
      0.200000      7.660352      7.660352     15.320704
      0.220000      6.714677      6.714677     13.429353
      0.240000      5.825002      5.825002     11.650004
      0.260000      5.001575      5.001575     10.003151
      0.280000      4.281830      4.281830      8.563659
      0.300000      3.725439      3.725439      7.450878
      0.320000      3.394150      3.394150      6.788300
      0.340000      3.325951      3.325951      6.651902
      0.360000      3.514182      3.514182      7.028363
      0.380000      3.899237      3.899237      7.798474
      0.400000      4.375958      4.375958      8.751916
      0.420000      4.815397      4.815397      9.630794
      0.440000      5.096027      5.096027     10.192054
      0.460000      5.136482      5.136482     10.272965
      0.480000      4.920184      4.920184      9.840369
      0.500000      4.503119      4.503119      9.006238
      0.520000      4.000505      4.000505      8.001010
      0.540000      3.555212      3.555212      7.110424
      0.560000      3.297492      3.297492      6.594985
      0.580000      3.308753      3.308753      6.617507
      0.600000      3.600540      3.600540      7.201081
      0.620000      4.114750      4.114750      8.229501
      0.640000      4.744530      4.744530      9.489061
      0.660000      5.369047      5.369047     10.738095
      0.680000      5.890511      5.890511     11.781022
      0.700000      6.260014      6.260014     12.520028
      0.720000      6.481846      6.481846     12.963692
      0.740000      6.594487      6.594487     13.188973
      0.760000      6.637720      6.637720     13.275439
      0.780000      6.623091      6.623091     13.246183
      0.800000      6.523718      6.523718     13.047437
      0.820000      6.288749      6.288749     12.577499
      0.840000      5.873825      5.873825     11.747651
      0.860000      5.270596      5.270596     10.541193
      0.880000      4.520744      4.520744      9.041487
      0.900000      3.710439      3.710439      7.420879
      0.920000      2.951945      2.951945      5.903891
      0.940000      2.363194      2.363194      4.726389
      0.960000      2.052317      2.052317      4.104635
      0.980000      2.106465      2.106465      4.212930
      1.000000      2.579208      2.579208      5.158415
      1.020000      3.472542      3.472542      6.945084
      1.040000      4.717452      4.717452      9.434905
      1.060000      6.165623      6.165623     12.331247
      1.080000      7.606621      7.606621     15.213242
      1.100000      8.815382      8.815382     17.630765
      1.120000      9.617712      9.617712     19.235423
      1.140000      9.947423      9.947423     19.894845
      1.160000      9.868356      9.868356     19.736712
      1.180000      9.549558      9.549558     19.099116
      1.200000      9.203371      9.203371     18.406743
      1.220000      9.011353      9.011353     18.022707
      1.240000      9.064990      9.064990     18.129981
      1.260000      9.339596      9.339596     18.679193
      1.280000      9.707359      9.707359     19.414718
      1.300000      9.983813      9.983813     19.967627
      1.320000      9.992431      9.992431     19.984862
      1.340000      9.625759      9.625759     19.251517
      1.360000      8.881942      8.881942     17.763884
      1.380000      7.864738      7.864738     15.729477
      1.400000      6.750227      6.750227     13.500453
      1.420000      5.736407      5.736407     11.472815
      1.440000      4.995333      4.995333      9.990665
      1.460000      4.640489      4.640489      9.280978
      1.480000      4.711197      4.711197      9.422394
      1.500000      5.169048      5.169048     10.338097
      1.520000      5.902619      5.902619     11.805238
      1.540000      6.742471      6.742471     13.484942
      1.560000      7.491327      7.491327     14.982655
      1.580000      7.969429      7.969429     15.938859
      1.600000      8.064531      8.064531     16.129062
      1.620000      7.767771      7.767771     15.535542
      1.640000      7.178355      7.178355     14.356710
      1.660000      6.472262      6.472262     12.944524
      1.680000      5.845983      5.845983     11.691967
      1.700000      5.456285      5.456285     10.912570
      1.720000      5.376502      5.376502     10.753005
      1.740000      5.581262      5.581262     11.162524
      1.760000      5.960723      5.960723     11.921447
      1.780000      6.357117      6.357117     12.714235
      1.800000      6.611704      6.611704     13.223408
      1.820000      6.608776      6.608776     13.217552
      1.840000      6.304724      6.304724     12.609447
      1.860000      5.734814      5.734814     11.469627
      1.880000      4.997716      4.997716      9.995432
      1.900000      4.225377      4.225377      8.450754
      1.920000      3.550157      3.550157      7.100315
      1.940000      3.079977      3.079977      6.159954
      1.960000      2.886370      2.886370      5.772740
      1.980000      3.003335      3.003335      6.006670
      2.000000      3.430686      3.430686      6.861373
      2.020000      4.136367      4.136367      8.272734
      2.040000      5.056873      5.056873     10.113746
      2.060000      6.100158      6.100158     12.200317
      2.080000      7.157211      7.157211     14.314422
      2.100000      8.124817      8.124817     16.249635
      2.120000      8.934186      8.934186     17.868373
      2.140000      9.572823      9.572823     19.145645
      2.160000     10.086010     10.086010     20.172020
      2.180000     10.552170     10.552170     21.104340
      2.200000     11.040113     11.040113     22.080226
      2.220000     11.567854     11.567854     23.135709
      2.240000     12.084545     12.084545     24.169090
      2.260000     12.487015     12.487015     24.974029
      2.280000     12.665436     12.665436     25.330872
      2.300000     12.557501     12.557501     25.115002
      2.320000     12.184738     12.184738     24.369476
      2.340000     11.651146     11.651146     23.302291
      2.360000     11.101097     11.101097     22.202194
      2.380000     10.653877     10.653877     21.307754
      2.400000     10.346601     10.346601     20.693202
      2.420000     10.116535     10.116535     20.233070
      2.440000      9.835498      9.835498     19.670995
      2.460000      9.381263      9.381263     18.762527
      2.480000      8.709460      8.709460     17.418920
      2.500000      7.887964      7.887964     15.775929
      2.520000      7.075863      7.075863     14.151726
      2.540000      6.458799      6.458799     12.917597
      2.560000      6.174526      6.174526     12.349052
      2.580000      6.264926      6.264926     12.529853
      2.600000      6.673792      6.673792     13.347585
      2.620000      7.284072      7.284072     14.568144
      2.640000      7.968711      7.968711     15.937422
      2.660000      8.626329      8.626329     17.252658
      2.680000      9.187604      9.187604     18.375208
      2.700000      9.600433      9.600433     19.200866
      2.720000      9.816314      9.816314     19.632628
      2.740000      9.796831      9.796831     19.593662
      2.760000      9.540421      9.540421     19.080842
      2.780000      9.110245      9.110245     18.220490
      2.800000      8.638600      8.638600     17.277200
      2.820000      8.295537      8.295537     16.591074
      2.840000      8.230103      8.230103     16.460205
      2.860000      8.508398      8.508398     17.016797
      2.880000      9.075671      9.075671     18.151341
      2.900000      9.760449      9.760449     19.520898
      2.920000     10.322565     10.322565     20.645131
      2.940000     10.529542     10.529542     21.059084
      2.960000     10.233256     10.233256     20.466511
      2.980000      9.416841      9.416841     18.833682
      3.000000      8.193603      8.193603     16.387205
      3.020000      6.761037      6.761037     13.522073
      3.040000      5.332851      5.332851     10.665701
      3.060000      4.079040      4.079040      8.158081
      3.080000      3.095567      3.095567      6.191134
      3.100000      2.407901      2.407901      4.815803
      3.120000      1.997505      1.997505      3.995009
      3.140000      1.834075      1.834075      3.668150
      3.160000      1.898845      1.898845      3.797690
      3.180000      2.190873      2.190873      4.381745
      3.200000      2.715304      2.715304      5.430609
      3.220000      3.458969      3.458969      6.917937
      3.240000      4.364410      4.364410      8.728820
      3.260000      5.316912      5.316912     10.633825
      3.280000      6.156579      6.156579     12.313158
      3.300000      6.717098      6.717098     13.434196
      3.320000      6.877969      6.877969     13.755937
      3.340000      6.606585      6.606585     13.213169
      3.360000      5.968902      5.968902     11.937804
      3.380000      5.102861      5.102861     10.205723
      3.400000      4.167984      4.167984      8.335968
      3.420000      3.295473      3.295473      6.590947
      3.440000      2.559574      2.559574      5.119149
      3.460000      1.976941      1.976941      3.953882
      3.480000      1.526307      1.526307      3.052615
      3.500000      1.173938      1.173938      2.347877
      3.520000      0.892693      0.892693      1.785387
      3.540000      0.669875      0.669875      1.339751
      3.560000      0.505838      0.505838      1.011676
      3.580000      0.408357      0.408357      0.816715
      3.600000      0.387110      0.387110      0.774220
      3.620000      0.450291      0.450291      0.900582
      3.640000      0.603620      0.603620      1.207239
      3.660000      0.851554      0.851554      1.703108
      3.680000      1.200864      1.200864      2.401727
      3.700000      1.666498      1.666498      3.332997
      3.720000      2.278100      2.278100      4.556201
      3.740000      3.083076      3.083076      6.166151
      3.760000      4.140725      4.140725      8.281450
      3.780000      5.503661      5.503661     11.007322
      3.800000      7.188389      7.188389     14.376779
      3.820000      9.144648      9.144648     18.289296
      3.840000     11.238422     11.238422     22.476844
      3.860000     13.261711     13.261711     26.523423
      3.880000     14.971627     14.971627     29.943254
      3.900000     16.146732     16.146732     32.293464
      3.920000     16.638771     16.638771     33.277543
      3.940000     16.400368     16.400368     32.800735
      3.960000     15.482930     15.482930     30.965861
      3.980000     14.014203     14.014203     28.028406
      4.000000     12.170623     12.170623     24.341246
      4.020000     10.153461     10.153461     20.306922
      4.040000      8.167380      8.167380     16.334761
      4.060000      6.395956      6.395956     12.791912
      4.080000      4.973978      4.973978      9.947956
      4.100000      3.964778      3.964778      7.929556
      4.120000      3.353589      3.353589      6.707177
      4.140000      3.062061      3.062061      6.124122
      4.160000      2.978974      2.978974      5.957948
      4.180000      2.994941      2.994941      5.989881
      4.200000      3.028641      3.028641      6.057282
      4.220000      3.037618      3.037618      6.075236
      4.240000      3.013967      3.013967      6.027934
      4.260000      2.970514      2.970514      5.941027
      4.280000      2.924785      2.924785      5.849571
      4.300000      2.886902      2.886902      5.773804
      4.320000      2.855165      2.855165      5.710330
      4.340000      2.820738      2.820738      5.641475
      4.360000      2.780604      2.780604      5.561208
      4.380000      2.755444      2.755444      5.510887
      4.400000      2.806063      2.806063      5.612126
      4.420000      3.039532      3.039532      6.079064
      4.440000      3.596108      3.596108      7.192215
      4.460000      4.612426      4.612426      9.224853
      4.480000      6.165894      6.165894     12.331788
      4.500000      8.217406      8.217406     16.434812
      4.520000     10.578536     10.578536     21.157071
      4.540000     12.927649     12.927649     25.855298
      4.560000     14.882840     14.882840     29.765680
      4.580000     16.112680     16.112680     32.225360
      4.600000     16.442227     16.442227     32.884454
      4.620000     15.907236     15.907236     31.814471
      4.640000     14.730424     14.730424     29.460847
      4.660000     13.230640     13.230640     26.461281
      4.680000     11.708141     11.708141     23.416283
      4.700000     10.358307     10.358307     20.716614
      4.720000      9.247591      9.247591     18.495182
      4.740000      8.351308      8.351308     16.702616
      4.760000      7.623013      7.623013     15.246026
      4.780000      7.054775      7.054775     14.109549
      4.800000      6.698717      6.698717     13.397434
      4.820000      6.643270      6.643270     13.286539
      4.840000      6.959215      6.959215     13.918429
      4.860000      7.642268      7.642268     15.284535
      4.880000      8.578968      8.578968     17.157935
      4.900000      9.553812      9.553812     19.107624
      4.920000     10.300635     10.300635     20.601270
      4.940000     10.583253     10.583253     21.166506
      4.960000     10.275353     10.275353     20.550706
      4.980000      9.405883      9.405883     18.811766
      5.000000      8.149107      8.149107     16.298215
      5.020000      6.763395      6.763395     13.526790
      5.040000      5.506114      5.506114     11.012228
      5.060000      4.560205      4.560205      9.120409
      5.080000      3.997728      3.997728      7.995457
      5.100000      3.785319      3.785319      7.570639
      5.120000      3.818927      3.818927      7.637854
      5.140000      3.968373      3.968373      7.936746
      5.160000      4.115597      4.115597      8.231194
      5.180000      4.178472      4.178472      8.356945
      5.200000      4.119457      4.119457      8.238915
      5.220000      3.942833      3.942833      7.885667
      5.240000      3.685798      3.685798      7.371597
      5.260000      3.407817      3.407817      6.815634
      5.280000      3.180115      3.180115      6.360229
      5.300000      3.074340      3.074340      6.148679
      5.320000      3.148336      3.148336      6.296673
      5.340000      3.429102      3.429102      6.858204
      5.360000      3.897750      3.897750      7.795500
      5.380000      4.485230      4.485230      8.970460
      5.400000      5.086512      5.086512     10.173024
      5.420000      5.593259      5.593259     11.186518
      5.440000      5.933878      5.933878     11.867755
      5.460000      6.102079      6.102079     12.204158
      5.480000      6.157046      6.157046     12.314092
      5.500000      6.191050      6.191050     12.382100
      5.520000      6.278036      6.278036     12.556072
      5.540000      6.429188      6.429188     12.858376
      5.560000      6.580375      6.580375     13.160751
      5.580000      6.620507      6.620507     13.241015
      5.600000      6.447319      6.447319     12.894638
      5.620000      6.021420      6.021420     12.042841
      5.640000      5.390576      5.390576     10.781152
      5.660000      4.673537      4.673537      9.347075
      5.680000      4.014909      4.014909      8.029817
      5.700000      3.535463      3.535463      7.070926
      5.720000      3.299602      3.299602      6.599205
      5.740000      3.307932      3.307932      6.615864
      5.760000      3.509139      3.509139      7.018279
      5.780000      3.819687      3.819687      7.639373
      5.800000      4.142904      4.142904      8.285809
      5.820000      4.385476      4.385476      8.770953
      5.840000      4.473143      4.473143      8.946285
      5.860000      4.366537      4.366537      8.733075
      5.880000      4.074519      4.074519      8.149038
      5.900000      3.659833      3.659833      7.319666
      5.920000      3.232630      3.232630      6.465261
      5.940000      2.930634      2.930634      5.861268
      5.960000      2.888585      2.888585      5.777170
      5.980000      3.202650      3.202650      6.405299
      6.000000      3.897943      3.897943      7.795885
      6.020000      4.909454      4.909454      9.818907
      6.040000      6.086533      6.086533     12.173065
      6.060000      7.225641      7.225641     14.451282
      6.080000      8.124579      8.124579     16.249159
      6.100000      8.638995      8.638995     17.277989
      6.120000      8.717534      8.717534     17.435068
      6.140000      8.401107      8.401107     16.802214
      6.160000      7.790444      7.790444     15.580889
      6.180000      7.002540      7.002540     14.005079
      6.200000      6.139631      6.139631     12.279262
      6.220000      5.282681      5.282681     10.565362
      6.240000      4.503770      4.503770      9.007540
      6.260000      3.880299      3.880299      7.760597
      6.280000      3.494627      3.494627      6.989255
      6.300000      3.413593      3.413593      6.827186
      6.320000      3.655941      3.655941      7.311881
      6.340000      4.165021      4.165021      8.330042
      6.360000      4.804864      4.804864      9.609728
      6.380000      5.389088      5.389088     10.778176
      6.400000      5.736917      5.736917     11.473835
      6.420000      5.735646      5.735646     11.471292
      6.440000      5.382796      5.382796     10.765591
      6.460000      4.788829      4.788829      9.577657
      6.480000      4.139330      4.139330      8.278660
      6.500000      3.633774      3.633774      7.267547
      6.520000      3.426247      3.426247      6.852495
      6.540000      3.588869      3.588869      7.177739
      6.560000      4.105942      4.105942      8.211884
      6.580000      4.893817      4.893817      9.787633
      6.600000      5.833192      5.833192     11.666383
      6.620000      6.798828      6.798828     13.597657
      6.640000      7.676271      7.676271     15.352542
      6.660000      8.364393      8.364393     16.728785
      6.680000      8.772293      8.772293     17.544586
      6.700000      8.822990      8.822990     17.645979
      6.720000      8.470609      8.470609     16.941217
      6.740000      7.725498      7.725498     15.450996
      6.760000      6.672189      6.672189     13.344378
      6.780000      5.466501      5.466501     10.933002
      6.800000      4.309784      4.309784      8.619568
      6.820000      3.410866      3.410866      6.821733
      6.840000      2.949792      2.949792      5.899584
      6.860000      3.050285      3.050285      6.100571
      6.880000      3.758158      3.758158      7.516315
      6.900000      5.020971      5.020971     10.041942
      6.920000      6.673066      6.673066     13.346131
      6.940000      8.441589      8.441589     16.883178
      6.960000      9.990562      9.990562     19.981124
      6.980000     11.004605     11.004605     22.009211
      7.000000     11.288769     11.288769     22.577538
      7.020000     10.843076     10.843076     21.686151
      7.040000      9.874661      9.874661     19.749322
      7.060000      8.736662      8.736662     17.473325
      7.080000      7.816028      7.816028     15.632056
      7.100000      7.413238      7.413238     14.826475
      7.120000      7.656395      7.656395     15.312789
      7.140000      8.474978      8.474978     16.949956
      7.160000      9.635849      9.635849     19.271698
      7.180000     10.824751     10.824751     21.649503
      7.200000     11.744146     11.744146     23.488293
      7.220000     12.194550     12.194550     24.389100
      7.240000     12.113488     12.113488     24.226975
      7.260000     11.563375     11.563375     23.126750
      7.280000     10.680865     10.680865     21.361731
      7.300000      9.614965      9.614965     19.229930
      7.320000      8.481518      8.481518     16.963036
      7.340000      7.348304      7.348304     14.696607
      7.360000      6.247151      6.247151     12.494302
      7.380000      5.197958      5.197958     10.395916
      7.400000      4.229138      4.229138      8.458276
      7.420000      3.386699      3.386699      6.773397
      7.440000      2.732633      2.732633      5.465266
      7.460000      2.337027      2.337027      4.674054
      7.480000      2.266800      2.266800      4.533601
      7.500000      2.570886      2.570886      5.141772
      7.520000      3.261226      3.261226      6.522453
      7.540000      4.292739      4.292739      8.585478
      7.560000      5.550930      5.550930     11.101860
      7.580000      6.858106      6.858106     13.716211
      7.600000      8.004144      8.004144     16.008289
      7.620000      8.796347      8.796347     17.592695
      7.640000      9.111199      9.111199     18.222399
      7.660000      8.927113      8.927113     17.854225
      7.680000      8.325124      8.325124     16.650248
      7.700000      7.459903      7.459903     14.919807
      7.720000      6.516624      6.516624     13.033248
      7.740000      5.672226      5.672226     11.344451
      7.760000      5.071806      5.071806     10.143612
      7.780000      4.819001      4.819001      9.638003
      7.800000      4.971645      4.971645      9.943291
      7.820000      5.534838      5.534838     11.069676
      7.840000      6.450789      6.450789     12.901579
      7.860000      7.592789      7.592789     15.185579
      7.880000      8.774009      8.774009     17.548018
      7.900000      9.778300      9.778300     19.556599
      7.920000     10.410835     10.410835     20.821669
      7.940000     10.555258     10.555258     21.110515
      7.960000     10.216382     10.216382     20.432763
      7.980000      9.528217      9.528217     19.056433
      8.000000      8.718065      8.718065     17.436130
      8.020000      8.035127      8.035127     16.070255
      8.040000      7.668586      7.668586     15.337172
      8.060000      7.686670      7.686670     15.373341
      8.080000      8.020518      8.020518     16.041036
      8.100000      8.497736      8.497736     16.995471
      8.120000      8.909541      8.909541     17.819081
      8.140000      9.082486      9.082486     18.164972
      8.160000      8.927034      8.927034     17.854069
      8.180000      8.449177      8.449177     16.898355
      8.200000      7.729750      7.729750     15.459501
      8.220000      6.888957      6.888957     13.777914
      8.240000      6.054682      6.054682     12.109363
      8.260000      5.343867      5.343867     10.687734
      8.280000      4.854134      4.854134      9.708268
      8.300000      4.656391      4.656391      9.312782
      8.320000      4.781942      4.781942      9.563884
      8.340000      5.206455      5.206455     10.412911
      8.360000      5.840947      5.840947     11.681895
      8.380000      6.540791      6.540791     13.081581
      8.400000      7.136583      7.136583     14.273167
      8.420000      7.479550      7.479550     14.959101
      8.440000      7.485494      7.485494     14.970989
      8.460000      7.160301      7.160301     14.320601
      8.480000      6.597382      6.597382     13.194764
      8.500000      5.949293      5.949293     11.898586
      8.520000      5.385594      5.385594     10.771187
      8.540000      5.052094      5.052094     10.104188
      8.560000      5.042569      5.042569     10.085139
      8.580000      5.386829      5.386829     10.773657
      8.600000      6.053356      6.053356     12.106712
      8.620000      6.962584      6.962584     13.925169
      8.640000      8.006897      8.006897     16.013794
      8.660000      9.073429      9.073429     18.146858
      8.680000     10.065144     10.065144     20.130289
      8.700000     10.915933     10.915933     21.831867
      8.720000     11.597461     11.597461     23.194921
      8.740000     12.118101     12.118101     24.236202
      8.760000     12.515281     12.515281     25.030563
      8.780000     12.841764     12.841764     25.683528
      8.800000     13.146457     13.146457     26.292914
      8.820000     13.453591     13.453591     26.907181
      8.840000     13.748856     13.748856     27.497712
      8.860000     13.981887     13.981887     27.963774
      8.880000     14.087554     14.087554     28.175109
      8.900000     14.017195     14.017195     28.034390
      8.920000     13.763713     13.763713     27.527426
      8.940000     13.367850     13.367850     26.735700
      8.960000     12.904496     12.904496     25.808992
      8.980000     12.458601     12.458601     24.917202
      9.000000     12.102542     12.102542     24.205084
      9.020000     11.881224     11.881224     23.762448
      9.040000     11.804775     11.804775     23.609551
      9.060000     11.847168     11.847168     23.694336
      9.080000     11.951961     11.951961     23.903922
      9.100000     12.048089     12.048089     24.096177
      9.120000     12.075077     12.075077     24.150155
      9.140000     12.009854     12.009854     24.019707
      9.160000     11.882258     11.882258     23.764516
      9.180000     11.768760     11.768760     23.537521
      9.200000     11.763593     11.763593     23.527185
      9.220000     11.938117     11.938117     23.876234
      9.240000     12.305660     12.305660     24.611319
      9.260000     12.806572     12.806572     25.613145
      9.280000     13.319035     13.319035     26.638069
      9.300000     13.691018     13.691018     27.382036
      9.320000     13.782886     13.782886     27.565772
      9.340000     13.509154     13.509154     27.018309
      9.360000     12.869330     12.869330     25.738660
      9.380000     11.959281     11.959281     23.918563
      9.400000     10.956949     10.956949     21.913897
      9.420000     10.081600     10.081600     20.163201
      9.440000      9.534617      9.534617     19.069233
      9.460000      9.438604      9.438604     18.877208
      9.480000      9.795610      9.795610     19.591221
      9.500000     10.481196     10.481196     20.962392
      9.520000     11.279574     11.279574     22.559148
      9.540000     11.949716     11.949716     23.899431
      9.560000     12.299132     12.299132     24.598265
      9.580000     12.237341     12.237341     24.474682
      9.600000     11.788861     11.788861     23.577723
      9.620000     11.063970     11.063970     22.127940
      9.640000     10.205396     10.205396     20.410791
      9.660000      9.339034      9.339034     18.678068
      9.680000      8.550529      8.550529     17.101059
      9.700000      7.891620      7.891620     15.783240
      9.720000      7.402765      7.402765     14.805530
      9.740000      7.132426      7.132426     14.264851
      9.760000      7.140114      7.140114     14.280227
      9.780000      7.482525      7.482525     14.965050
      9.800000      8.190763      8.190763     16.381526
      9.820000      9.248347      9.248347     18.496694
      9.840000     10.577430     10.577430     21.154860
      9.860000     12.038653     12.038653     24.077306
      9.880000     13.448733     13.448733     26.897467
      9.900000     14.616004     14.616004     29.232008
      9.920000     15.386172     15.386172     30.772345
      9.940000     15.682472     15.682472     31.364943
      9.960000     15.523195     15.523195     31.046390
      9.980000     15.008773     15.008773     30.017545
     10.000000     14.285333     14.285333     28.570665
