# EIG2DOS: Utility for SIESTA to obtain the electronic density of states
#  E. Artacho, Apr 1999, A. Garcia, Apr 2012
# ------------------------------------------
# Eigenvalues read from GRP_doping.EIG
# Using smearing parameter:   0.100
# Using   1001 points in energy range
# Selected bands: 1 to: 936
# Emin, emax in file for selected band(s):    -38.1933700    247.5299400
# Nbands, Nspin, Nk   =    936     1   352
# E_F                 =    -4.7930 eV --> (shifted to ZERO)
# Broadening          =     0.1000 eV
#
#        E            N(up)  (=)   N(down)         Ntot
    -10.000000      3.709204      3.709204      7.418409
     -9.980000      2.983772      2.983772      5.967545
     -9.960000      2.434633      2.434633      4.869267
     -9.940000      2.178465      2.178465      4.356929
     -9.920000      2.284255      2.284255      4.568510
     -9.900000      2.776393      2.776393      5.552786
     -9.880000      3.644757      3.644757      7.289513
     -9.860000      4.855342      4.855342      9.710683
     -9.840000      6.355536      6.355536     12.711072
     -9.820000      8.069643      8.069643     16.139286
     -9.800000      9.884674      9.884674     19.769349
     -9.780000     11.634676     11.634676     23.269352
     -9.760000     13.099665     13.099665     26.199331
     -9.740000     14.034721     14.034721     28.069442
     -9.720000     14.230922     14.230922     28.461845
     -9.700000     13.588146     13.588146     27.176293
     -9.680000     12.164902     12.164902     24.329805
     -9.660000     10.175822     10.175822     20.351644
     -9.640000      7.932755      7.932755     15.865510
     -9.620000      5.755012      5.755012     11.510025
     -9.600000      3.888678      3.888678      7.777355
     -9.580000      2.465973      2.465973      4.931947
     -9.560000      1.511617      1.511617      3.023233
     -9.540000      0.980498      0.980498      1.960997
     -9.520000      0.801761      0.801761      1.603522
     -9.500000      0.909431      0.909431      1.818862
     -9.480000      1.252074      1.252074      2.504148
     -9.460000      1.785476      1.785476      3.570953
     -9.440000      2.458626      2.458626      4.917252
     -9.420000      3.203678      3.203678      6.407356
     -9.400000      3.936683      3.936683      7.873367
     -9.380000      4.569872      4.569872      9.139743
     -9.360000      5.030777      5.030777     10.061555
     -9.340000      5.280649      5.280649     10.561298
     -9.320000      5.325235      5.325235     10.650471
     -9.300000      5.214489      5.214489     10.428978
     -9.280000      5.031969      5.031969     10.063937
     -9.260000      4.877642      4.877642      9.755284
     -9.240000      4.848249      4.848249      9.696498
     -9.220000      5.017773      5.017773     10.035545
     -9.200000      5.419003      5.419003     10.838005
     -9.180000      6.028087      6.028087     12.056174
     -9.160000      6.757479      6.757479     13.514958
     -9.140000      7.465444      7.465444     14.930888
     -9.120000      7.987187      7.987187     15.974374
     -9.100000      8.182307      8.182307     16.364613
     -9.080000      7.981153      7.981153     15.962306
     -9.060000      7.408324      7.408324     14.816649
     -9.040000      6.570580      6.570580     13.141160
     -9.020000      5.614618      5.614618     11.229236
     -9.000000      4.675731      4.675731      9.351462
     -8.980000      3.841234      3.841234      7.682469
     -8.960000      3.141921      3.141921      6.283841
     -8.940000      2.568793      2.568793      5.137586
     -8.920000      2.101123      2.101123      4.202245
     -8.900000      1.730419      1.730419      3.460838
     -8.880000      1.471182      1.471182      2.942364
     -8.860000      1.357640      1.357640      2.715279
     -8.840000      1.431224      1.431224      2.862448
     -8.820000      1.724936      1.724936      3.449871
     -8.800000      2.249373      2.249373      4.498747
     -8.780000      2.983274      2.983274      5.966547
     -8.760000      3.870150      3.870150      7.740300
     -8.740000      4.822056      4.822056      9.644112
     -8.720000      5.730929      5.730929     11.461859
     -8.700000      6.486764      6.486764     12.973528
     -8.680000      6.999715      6.999715     13.999429
     -8.660000      7.220606      7.220606     14.441212
     -8.640000      7.152694      7.152694     14.305387
     -8.620000      6.848770      6.848770     13.697541
     -8.600000      6.392776      6.392776     12.785552
     -8.580000      5.872206      5.872206     11.744412
     -8.560000      5.352924      5.352924     10.705848
     -8.540000      4.867736      4.867736      9.735472
     -8.520000      4.423656      4.423656      8.847313
     -8.500000      4.023248      4.023248      8.046497
     -8.480000      3.687866      3.687866      7.375731
     -8.460000      3.469012      3.469012      6.938024
     -8.440000      3.439416      3.439416      6.878832
     -8.420000      3.665526      3.665526      7.331053
     -8.400000      4.173501      4.173501      8.347001
     -8.380000      4.926071      4.926071      9.852141
     -8.360000      5.824078      5.824078     11.648157
     -8.340000      6.734238      6.734238     13.468475
     -8.320000      7.529834      7.529834     15.059669
     -8.300000      8.123255      8.123255     16.246511
     -8.280000      8.475035      8.475035     16.950071
     -8.260000      8.580592      8.580592     17.161185
     -8.240000      8.450852      8.450852     16.901703
     -8.220000      8.104571      8.104571     16.209143
     -8.200000      7.577261      7.577261     15.154523
     -8.180000      6.935510      6.935510     13.871020
     -8.160000      6.280189      6.280189     12.560378
     -8.140000      5.731041      5.731041     11.462083
     -8.120000      5.399450      5.399450     10.798900
     -8.100000      5.362939      5.362939     10.725878
     -8.080000      5.649979      5.649979     11.299959
     -8.060000      6.233887      6.233887     12.467774
     -8.040000      7.030578      7.030578     14.061157
     -8.020000      7.900166      7.900166     15.800332
     -8.000000      8.660264      8.660264     17.320527
     -7.980000      9.119385      9.119385     18.238771
     -7.960000      9.128244      9.128244     18.256487
     -7.940000      8.631832      8.631832     17.263664
     -7.920000      7.698039      7.698039     15.396078
     -7.900000      6.506280      6.506280     13.012560
     -7.880000      5.298168      5.298168     10.596336
     -7.860000      4.309454      4.309454      8.618908
     -7.840000      3.708138      3.708138      7.416276
     -7.820000      3.556835      3.556835      7.113670
     -7.800000      3.805432      3.805432      7.610863
     -7.780000      4.310895      4.310895      8.621791
     -7.760000      4.877017      4.877017      9.754033
     -7.740000      5.305128      5.305128     10.610256
     -7.720000      5.444452      5.444452     10.888903
     -7.700000      5.228835      5.228835     10.457669
     -7.680000      4.689018      4.689018      9.378036
     -7.660000      3.937996      3.937996      7.875991
     -7.640000      3.138083      3.138083      6.276166
     -7.620000      2.465271      2.465271      4.930543
     -7.600000      2.084313      2.084313      4.168625
     -7.580000      2.137666      2.137666      4.275332
     -7.560000      2.739515      2.739515      5.479029
     -7.540000      3.960882      3.960882      7.921764
     -7.520000      5.798250      5.798250     11.596501
     -7.500000      8.133708      8.133708     16.267415
     -7.480000     10.710262     10.710262     21.420524
     -7.460000     13.149653     13.149653     26.299306
     -7.440000     15.025142     15.025142     30.050284
     -7.420000     15.973391     15.973391     31.946782
     -7.400000     15.803786     15.803786     31.607572
     -7.380000     14.557898     14.557898     29.115795
     -7.360000     12.492294     12.492294     24.984589
     -7.340000      9.993602      9.993602     19.987205
     -7.320000      7.464632      7.464632     14.929263
     -7.300000      5.228137      5.228137     10.456275
     -7.280000      3.478974      3.478974      6.957947
     -7.260000      2.288282      2.288282      4.576564
     -7.240000      1.640929      1.640929      3.281858
     -7.220000      1.479191      1.479191      2.958381
     -7.200000      1.731756      1.731756      3.463512
     -7.180000      2.321048      2.321048      4.642097
     -7.160000      3.155894      3.155894      6.311789
     -7.140000      4.124463      4.124463      8.248926
     -7.120000      5.100849      5.100849     10.201699
     -7.100000      5.968354      5.968354     11.936708
     -7.080000      6.648917      6.648917     13.297833
     -7.060000      7.120232      7.120232     14.240463
     -7.040000      7.406756      7.406756     14.813511
     -7.020000      7.547108      7.547108     15.094217
     -7.000000      7.557752      7.557752     15.115504
     -6.980000      7.417938      7.417938     14.835876
     -6.960000      7.088225      7.088225     14.176450
     -6.940000      6.552233      6.552233     13.104466
     -6.920000      5.854871      5.854871     11.709743
     -6.900000      5.111720      5.111720     10.223440
     -6.880000      4.481999      4.481999      8.963998
     -6.860000      4.118685      4.118685      8.237369
     -6.840000      4.120252      4.120252      8.240503
     -6.820000      4.504655      4.504655      9.009311
     -6.800000      5.212667      5.212667     10.425333
     -6.780000      6.133825      6.133825     12.267651
     -6.760000      7.140638      7.140638     14.281276
     -6.740000      8.117025      8.117025     16.234051
     -6.720000      8.973326      8.973326     17.946653
     -6.700000      9.648363      9.648363     19.296726
     -6.680000     10.104789     10.104789     20.209578
     -6.660000     10.324430     10.324430     20.648859
     -6.640000     10.306335     10.306335     20.612670
     -6.620000     10.065818     10.065818     20.131637
     -6.600000      9.631782      9.631782     19.263564
     -6.580000      9.042367      9.042367     18.084733
     -6.560000      8.341728      8.341728     16.683457
     -6.540000      7.579879      7.579879     15.159758
     -6.520000      6.813673      6.813673     13.627346
     -6.500000      6.104645      6.104645     12.209290
     -6.480000      5.511993      5.511993     11.023986
     -6.460000      5.084966      5.084966     10.169933
     -6.440000      4.862329      4.862329      9.724658
     -6.420000      4.882849      4.882849      9.765697
     -6.400000      5.201401      5.201401     10.402802
     -6.380000      5.897099      5.897099     11.794198
     -6.360000      7.060049      7.060049     14.120099
     -6.340000      8.753643      8.753643     17.507287
     -6.320000     10.964657     10.964657     21.929315
     -6.300000     13.564594     13.564594     27.129188
     -6.280000     16.304982     16.304982     32.609965
     -6.260000     18.855560     18.855560     37.711120
     -6.240000     20.874435     20.874435     41.748871
     -6.220000     22.084908     22.084908     44.169816
     -6.200000     22.332761     22.332761     44.665522
     -6.180000     21.609535     21.609535     43.219070
     -6.160000     20.042483     20.042483     40.084966
     -6.140000     17.861346     17.861346     35.722692
     -6.120000     15.353276     15.353276     30.706552
     -6.100000     12.814561     12.814561     25.629122
     -6.080000     10.506204     10.506204     21.012408
     -6.060000      8.620422      8.620422     17.240843
     -6.040000      7.263506      7.263506     14.527012
     -6.020000      6.455589      6.455589     12.911179
     -6.000000      6.142278      6.142278     12.284557
     -5.980000      6.211540      6.211540     12.423080
     -5.960000      6.513252      6.513252     13.026504
     -5.940000      6.884367      6.884367     13.768735
     -5.920000      7.183118      7.183118     14.366237
     -5.900000      7.328146      7.328146     14.656291
     -5.880000      7.327637      7.327637     14.655274
     -5.860000      7.279225      7.279225     14.558450
     -5.840000      7.330557      7.330557     14.661114
     -5.820000      7.610505      7.610505     15.221010
     -5.800000      8.160095      8.160095     16.320190
     -5.780000      8.897135      8.897135     17.794270
     -5.760000      9.634166      9.634166     19.268331
     -5.740000     10.143047     10.143047     20.286094
     -5.720000     10.236462     10.236462     20.472924
     -5.700000      9.830130      9.830130     19.660260
     -5.680000      8.962269      8.962269     17.924538
     -5.660000      7.769659      7.769659     15.539317
     -5.640000      6.438363      6.438363     12.876726
     -5.620000      5.152668      5.152668     10.305337
     -5.600000      4.058839      4.058839      8.117678
     -5.580000      3.249020      3.249020      6.498041
     -5.560000      2.762637      2.762637      5.525273
     -5.540000      2.600111      2.600111      5.200222
     -5.520000      2.743787      2.743787      5.487575
     -5.500000      3.180183      3.180183      6.360366
     -5.480000      3.915675      3.915675      7.831350
     -5.460000      4.977062      4.977062      9.954125
     -5.440000      6.392153      6.392153     12.784307
     -5.420000      8.154062      8.154062     16.308123
     -5.400000     10.183036     10.183036     20.366071
     -5.380000     12.305619     12.305619     24.611239
     -5.360000     14.267703     14.267703     28.535406
     -5.340000     15.784801     15.784801     31.569602
     -5.320000     16.615120     16.615120     33.230239
     -5.300000     16.628086     16.628086     33.256172
     -5.280000     15.841041     15.841041     31.682082
     -5.260000     14.410680     14.410680     28.821359
     -5.240000     12.586009     12.586009     25.172018
     -5.220000     10.644596     10.644596     21.289191
     -5.200000      8.835942      8.835942     17.671884
     -5.180000      7.345838      7.345838     14.691676
     -5.160000      6.281961      6.281961     12.563923
     -5.140000      5.673123      5.673123     11.346246
     -5.120000      5.475920      5.475920     10.951840
     -5.100000      5.588978      5.588978     11.177955
     -5.080000      5.878570      5.878570     11.757140
     -5.060000      6.215470      6.215470     12.430941
     -5.040000      6.513634      6.513634     13.027267
     -5.020000      6.754302      6.754302     13.508603
     -5.000000      6.981468      6.981468     13.962936
     -4.980000      7.267234      7.267234     14.534468
     -4.960000      7.661997      7.661997     15.323993
     -4.940000      8.154575      8.154575     16.309151
     -4.920000      8.664204      8.664204     17.328407
     -4.900000      9.070586      9.070586     18.141172
     -4.880000      9.268440      9.268440     18.536879
     -4.860000      9.220205      9.220205     18.440411
     -4.840000      8.981690      8.981690     17.963381
     -4.820000      8.688865      8.688865     17.377731
     -4.800000      8.511757      8.511757     17.023513
     -4.780000      8.594202      8.594202     17.188404
     -4.760000      9.001402      9.001402     18.002804
     -4.740000      9.691820      9.691820     19.383640
     -4.720000     10.520760     10.520760     21.041520
     -4.700000     11.274040     11.274040     22.548080
     -4.680000     11.723252     11.723252     23.446505
     -4.660000     11.688913     11.688913     23.377826
     -4.640000     11.094602     11.094602     22.189203
     -4.620000      9.995786      9.995786     19.991572
     -4.600000      8.573310      8.573310     17.146620
     -4.580000      7.092862      7.092862     14.185724
     -4.560000      5.843483      5.843483     11.686967
     -4.540000      5.074487      5.074487     10.148975
     -4.520000      4.948068      4.948068      9.896135
     -4.500000      5.516627      5.516627     11.033254
     -4.480000      6.724705      6.724705     13.449410
     -4.460000      8.429318      8.429318     16.858637
     -4.440000     10.430339     10.430339     20.860678
     -4.420000     12.503212     12.503212     25.006424
     -4.400000     14.428840     14.428840     28.857680
     -4.380000     16.018868     16.018868     32.037736
     -4.360000     17.136663     17.136663     34.273326
     -4.340000     17.712973     17.712973     35.425946
     -4.320000     17.751367     17.751367     35.502735
     -4.300000     17.317007     17.317007     34.634014
     -4.280000     16.507727     16.507727     33.015454
     -4.260000     15.417298     15.417298     30.834595
     -4.240000     14.108828     14.108828     28.217657
     -4.220000     12.613053     12.613053     25.226107
     -4.200000     10.951657     10.951657     21.903314
     -4.180000      9.169692      9.169692     18.339383
     -4.160000      7.355615      7.355615     14.711231
     -4.140000      5.636561      5.636561     11.273123
     -4.120000      4.152880      4.152880      8.305760
     -4.100000      3.027594      3.027594      6.055188
     -4.080000      2.345966      2.345966      4.691932
     -4.060000      2.150406      2.150406      4.300811
     -4.040000      2.445278      2.445278      4.890557
     -4.020000      3.202267      3.202267      6.404534
     -4.000000      4.360991      4.360991      8.721982
     -3.980000      5.826875      5.826875     11.653750
     -3.960000      7.472718      7.472718     14.945437
     -3.940000      9.149060      9.149060     18.298119
     -3.920000     10.702971     10.702971     21.405941
     -3.900000     11.999700     11.999700     23.999399
     -3.880000     12.940205     12.940205     25.880410
     -3.860000     13.470321     13.470321     26.940641
     -3.840000     13.581395     13.581395     27.162791
     -3.820000     13.304860     13.304860     26.609719
     -3.800000     12.703368     12.703368     25.406736
     -3.780000     11.860235     11.860235     23.720470
     -3.760000     10.868307     10.868307     21.736614
     -3.740000      9.819448      9.819448     19.638896
     -3.720000      8.795775      8.795775     17.591550
     -3.700000      7.863304      7.863304     15.726608
     -3.680000      7.068285      7.068285     14.136570
     -3.660000      6.436635      6.436635     12.873269
     -3.640000      5.977163      5.977163     11.954326
     -3.620000      5.688783      5.688783     11.377567
     -3.600000      5.570288      5.570288     11.140575
     -3.580000      5.629344      5.629344     11.258689
     -3.560000      5.886453      5.886453     11.772906
     -3.540000      6.370389      6.370389     12.740778
     -3.520000      7.104167      7.104167     14.208335
     -3.500000      8.084052      8.084052     16.168104
     -3.480000      9.257899      9.257899     18.515799
     -3.460000     10.512063     10.512063     21.024125
     -3.440000     11.676534     11.676534     23.353068
     -3.420000     12.554024     12.554024     25.108049
     -3.400000     12.969777     12.969777     25.939553
     -3.380000     12.827773     12.827773     25.655546
     -3.360000     12.151704     12.151704     24.303408
     -3.340000     11.091517     11.091517     22.183033
     -3.320000      9.889504      9.889504     19.779007
     -3.300000      8.817318      8.817318     17.634635
     -3.280000      8.107015      8.107015     16.214031
     -3.260000      7.898897      7.898897     15.797794
     -3.240000      8.218413      8.218413     16.436825
     -3.220000      8.981737      8.981737     17.963475
     -3.200000     10.021768     10.021768     20.043536
     -3.180000     11.124734     11.124734     22.249467
     -3.160000     12.069360     12.069360     24.138719
     -3.140000     12.662668     12.662668     25.325337
     -3.120000     12.768484     12.768484     25.536968
     -3.100000     12.326673     12.326673     24.653347
     -3.080000     11.362287     11.362287     22.724575
     -3.060000      9.983196      9.983196     19.966392
     -3.040000      8.363761      8.363761     16.727523
     -3.020000      6.713590      6.713590     13.427179
     -3.000000      5.235658      5.235658     10.471317
     -2.980000      4.084402      4.084402      8.168804
     -2.960000      3.336744      3.336744      6.673489
     -2.940000      2.985119      2.985119      5.970237
     -2.920000      2.953128      2.953128      5.906257
     -2.900000      3.126357      3.126357      6.252714
     -2.880000      3.386586      3.386586      6.773172
     -2.860000      3.638365      3.638365      7.276730
     -2.840000      3.821345      3.821345      7.642690
     -2.820000      3.907992      3.907992      7.815983
     -2.800000      3.891926      3.891926      7.783853
     -2.780000      3.775034      3.775034      7.550068
     -2.760000      3.560391      3.560391      7.120782
     -2.740000      3.253620      3.253620      6.507240
     -2.720000      2.869918      2.869918      5.739836
     -2.700000      2.440782      2.440782      4.881564
     -2.680000      2.014927      2.014927      4.029854
     -2.660000      1.651415      1.651415      3.302830
     -2.640000      1.407099      1.407099      2.814199
     -2.620000      1.322865      1.322865      2.645730
     -2.600000      1.413197      1.413197      2.826393
     -2.580000      1.662099      1.662099      3.324198
     -2.560000      2.026553      2.026553      4.053105
     -2.540000      2.446808      2.446808      4.893616
     -2.520000      2.860801      2.860801      5.721601
     -2.500000      3.218169      3.218169      6.436338
     -2.480000      3.488881      3.488881      6.977762
     -2.460000      3.663393      3.663393      7.326786
     -2.440000      3.745187      3.745187      7.490373
     -2.420000      3.740436      3.740436      7.480873
     -2.400000      3.651090      3.651090      7.302180
     -2.380000      3.475590      3.475590      6.951179
     -2.360000      3.216909      3.216909      6.433819
     -2.340000      2.893020      2.893020      5.786040
     -2.320000      2.543004      2.543004      5.086007
     -2.300000      2.223903      2.223903      4.447806
     -2.280000      1.998043      1.998043      3.996085
     -2.260000      1.915532      1.915532      3.831064
     -2.240000      1.999365      1.999365      3.998731
     -2.220000      2.239643      2.239643      4.479287
     -2.200000      2.599452      2.599452      5.198904
     -2.180000      3.029773      3.029773      6.059545
     -2.160000      3.487009      3.487009      6.974018
     -2.140000      3.946175      3.946175      7.892349
     -2.120000      4.405623      4.405623      8.811245
     -2.100000      4.883404      4.883404      9.766807
     -2.080000      5.408252      5.408252     10.816503
     -2.060000      6.008417      6.008417     12.016834
     -2.040000      6.700353      6.700353     13.400705
     -2.020000      7.478879      7.478879     14.957758
     -2.000000      8.311562      8.311562     16.623123
     -1.980000      9.140576      9.140576     18.281151
     -1.960000      9.892999      9.892999     19.785997
     -1.940000     10.496064     10.496064     20.992128
     -1.920000     10.891098     10.891098     21.782196
     -1.900000     11.041574     11.041574     22.083148
     -1.880000     10.935480     10.935480     21.870959
     -1.860000     10.585654     10.585654     21.171309
     -1.840000     10.031204     10.031204     20.062409
     -1.820000      9.339874      9.339874     18.679748
     -1.800000      8.608476      8.608476     17.216952
     -1.780000      7.957666      7.957666     15.915332
     -1.760000      7.517900      7.517900     15.035801
     -1.740000      7.405054      7.405054     14.810107
     -1.720000      7.687972      7.687972     15.375944
     -1.700000      8.356767      8.356767     16.713533
     -1.680000      9.306813      9.306813     18.613626
     -1.660000     10.353189     10.353189     20.706378
     -1.640000     11.279300     11.279300     22.558601
     -1.620000     11.904889     11.904889     23.809778
     -1.600000     12.143571     12.143571     24.287142
     -1.580000     12.020849     12.020849     24.041697
     -1.560000     11.643093     11.643093     23.286186
     -1.540000     11.135387     11.135387     22.270774
     -1.520000     10.583149     10.583149     21.166297
     -1.500000     10.007496     10.007496     20.014992
     -1.480000      9.381516      9.381516     18.763033
     -1.460000      8.670539      8.670539     17.341078
     -1.440000      7.869800      7.869800     15.739599
     -1.420000      7.021043      7.021043     14.042086
     -1.400000      6.206284      6.206284     12.412569
     -1.380000      5.529132      5.529132     11.058264
     -1.360000      5.095190      5.095190     10.190380
     -1.340000      4.996211      4.996211      9.992422
     -1.320000      5.295951      5.295951     10.591901
     -1.300000      6.014902      6.014902     12.029804
     -1.280000      7.115745      7.115745     14.231489
     -1.260000      8.496230      8.496230     16.992459
     -1.240000      9.996403      9.996403     19.992806
     -1.220000     11.421831     11.421831     22.843661
     -1.200000     12.577693     12.577693     25.155386
     -1.180000     13.304895     13.304895     26.609790
     -1.160000     13.510233     13.510233     27.020467
     -1.140000     13.185645     13.185645     26.371290
     -1.120000     12.413213     12.413213     24.826426
     -1.100000     11.352639     11.352639     22.705278
     -1.080000     10.209319     10.209319     20.418639
     -1.060000      9.186761      9.186761     18.373523
     -1.040000      8.435310      8.435310     16.870620
     -1.020000      8.014408      8.014408     16.028816
     -1.000000      7.882818      7.882818     15.765635
     -0.980000      7.920456      7.920456     15.840912
     -0.960000      7.972397      7.972397     15.944794
     -0.940000      7.897414      7.897414     15.794828
     -0.920000      7.604149      7.604149     15.208299
     -0.900000      7.066089      7.066089     14.132177
     -0.880000      6.316750      6.316750     12.633501
     -0.860000      5.433402      5.433402     10.866804
     -0.840000      4.518712      4.518712      9.037424
     -0.820000      3.686050      3.686050      7.372099
     -0.800000      3.048849      3.048849      6.097697
     -0.780000      2.710549      2.710549      5.421099
     -0.760000      2.750896      2.750896      5.501792
     -0.740000      3.206898      3.206898      6.413796
     -0.720000      4.051823      4.051823      8.103647
     -0.700000      5.181015      5.181015     10.362030
     -0.680000      6.415775      6.415775     12.831551
     -0.660000      7.532731      7.532731     15.065461
     -0.640000      8.315570      8.315570     16.631141
     -0.620000      8.613425      8.613425     17.226849
     -0.600000      8.383267      8.383267     16.766534
     -0.580000      7.698393      7.698393     15.396786
     -0.560000      6.719989      6.719989     13.439977
     -0.540000      5.645723      5.645723     11.291445
     -0.520000      4.658298      4.658298      9.316595
     -0.500000      3.893416      3.893416      7.786833
     -0.480000      3.433915      3.433915      6.867830
     -0.460000      3.322970      3.322970      6.645939
     -0.440000      3.581467      3.581467      7.162935
     -0.420000      4.215612      4.215612      8.431223
     -0.400000      5.208880      5.208880     10.417760
     -0.380000      6.503365      6.503365     13.006731
     -0.360000      7.984311      7.984311     15.968622
     -0.340000      9.483802      9.483802     18.967605
     -0.320000     10.812555     10.812555     21.625109
     -0.300000     11.814448     11.814448     23.628895
     -0.280000     12.423521     12.423521     24.847043
     -0.260000     12.696592     12.696592     25.393183
     -0.240000     12.801919     12.801919     25.603837
     -0.220000     12.963135     12.963135     25.926270
     -0.200000     13.378166     13.378166     26.756331
     -0.180000     14.144206     14.144206     28.288412
     -0.160000     15.216905     15.216905     30.433811
     -0.140000     16.417947     16.417947     32.835895
     -0.120000     17.487981     17.487981     34.975963
     -0.100000     18.167523     18.167523     36.335045
     -0.080000     18.279508     18.279508     36.559016
     -0.060000     17.784962     17.784962     35.569924
     -0.040000     16.790117     16.790117     33.580235
     -0.020000     15.500641     15.500641     31.001282
      0.000000     14.141625     14.141625     28.283250
      0.020000     12.879410     12.879410     25.758821
      0.040000     11.781450     11.781450     23.562900
      0.060000     10.830675     10.830675     21.661350
      0.080000      9.981148      9.981148     19.962295
      0.100000      9.219396      9.219396     18.438793
      0.120000      8.594075      8.594075     17.188151
      0.140000      8.196422      8.196422     16.392844
      0.160000      8.103267      8.103267     16.206535
      0.180000      8.315924      8.315924     16.631847
      0.200000      8.730495      8.730495     17.460989
      0.220000      9.157981      9.157981     18.315962
      0.240000      9.386468      9.386468     18.772935
      0.260000      9.256625      9.256625     18.513251
      0.280000      8.716062      8.716062     17.432123
      0.300000      7.829662      7.829662     15.659323
      0.320000      6.745235      6.745235     13.490469
      0.340000      5.634585      5.634585     11.269170
      0.360000      4.638860      4.638860      9.277721
      0.380000      3.840170      3.840170      7.680340
      0.400000      3.264528      3.264528      6.529057
      0.420000      2.904698      2.904698      5.809396
      0.440000      2.744318      2.744318      5.488636
      0.460000      2.769152      2.769152      5.538303
      0.480000      2.962737      2.962737      5.925473
      0.500000      3.294577      3.294577      6.589154
      0.520000      3.713044      3.713044      7.426087
      0.540000      4.151071      4.151071      8.302143
      0.560000      4.544054      4.544054      9.088109
      0.580000      4.851802      4.851802      9.703604
      0.600000      5.074080      5.074080     10.148159
      0.620000      5.252373      5.252373     10.504746
      0.640000      5.456327      5.456327     10.912654
      0.660000      5.758903      5.758903     11.517805
      0.680000      6.208306      6.208306     12.416612
      0.700000      6.806617      6.806617     13.613234
      0.720000      7.503564      7.503564     15.007128
      0.740000      8.208072      8.208072     16.416145
      0.760000      8.811877      8.811877     17.623755
      0.780000      9.213984      9.213984     18.427969
      0.800000      9.336838      9.336838     18.673676
      0.820000      9.133434      9.133434     18.266869
      0.840000      8.591825      8.591825     17.183651
      0.860000      7.742733      7.742733     15.485466
      0.880000      6.668302      6.668302     13.336604
      0.900000      5.503505      5.503505     11.007010
      0.920000      4.423100      4.423100      8.846201
      0.940000      3.614975      3.614975      7.229950
      0.960000      3.247505      3.247505      6.495010
      0.980000      3.438836      3.438836      6.877671
      1.000000      4.231825      4.231825      8.463650
      1.020000      5.576275      5.576275     11.152550
      1.040000      7.323018      7.323018     14.646035
      1.060000      9.238128      9.238128     18.476257
      1.080000     11.042633     11.042633     22.085266
      1.100000     12.471436     12.471436     24.942872
      1.120000     13.331962     13.331962     26.663925
      1.140000     13.539412     13.539412     27.078824
      1.160000     13.116752     13.116752     26.233504
      1.180000     12.166717     12.166717     24.333433
      1.200000     10.836103     10.836103     21.672205
      1.220000      9.290405      9.290405     18.580809
      1.240000      7.702854      7.702854     15.405708
      1.260000      6.248762      6.248762     12.497524
      1.280000      5.093737      5.093737     10.187473
      1.300000      4.372513      4.372513      8.745026
      1.320000      4.165275      4.165275      8.330551
      1.340000      4.482455      4.482455      8.964910
      1.360000      5.265304      5.265304     10.530607
      1.380000      6.401881      6.401881     12.803762
      1.400000      7.751341      7.751341     15.502681
      1.420000      9.166671      9.166671     18.333341
      1.440000     10.508372     10.508372     21.016743
      1.460000     11.648008     11.648008     23.296016
      1.480000     12.468031     12.468031     24.936063
      1.500000     12.867849     12.867849     25.735699
      1.520000     12.782259     12.782259     25.564517
      1.540000     12.208286     12.208286     24.416572
      1.560000     11.226650     11.226650     22.453299
      1.580000     10.001893     10.001893     20.003787
      1.600000      8.753399      8.753399     17.506797
      1.620000      7.703267      7.703267     15.406534
      1.640000      7.018203      7.018203     14.036405
      1.660000      6.765095      6.765095     13.530191
      1.680000      6.894374      6.894374     13.788748
      1.700000      7.255847      7.255847     14.511693
      1.720000      7.642676      7.642676     15.285352
      1.740000      7.851604      7.851604     15.703209
      1.760000      7.741882      7.741882     15.483765
      1.780000      7.273761      7.273761     14.547523
      1.800000      6.512966      6.512966     13.025932
      1.820000      5.600235      5.600235     11.200469
      1.840000      4.699252      4.699252      9.398504
      1.860000      3.944237      3.944237      7.888474
      1.880000      3.405984      3.405984      6.811968
      1.900000      3.084889      3.084889      6.169778
      1.920000      2.927971      2.927971      5.855941
      1.940000      2.859396      2.859396      5.718792
      1.960000      2.811798      2.811798      5.623596
      1.980000      2.747500      2.747500      5.494999
      2.000000      2.663374      2.663374      5.326747
      2.020000      2.579609      2.579609      5.159219
      2.040000      2.519460      2.519460      5.038920
      2.060000      2.490946      2.490946      4.981891
      2.080000      2.479868      2.479868      4.959735
      2.100000      2.456710      2.456710      4.913421
      2.120000      2.392094      2.392094      4.784189
      2.140000      2.271281      2.271281      4.542562
      2.160000      2.100120      2.100120      4.200240
      2.180000      1.900811      1.900811      3.801622
      2.200000      1.701602      1.701602      3.403203
      2.220000      1.526686      1.526686      3.053373
      2.240000      1.390795      1.390795      2.781589
      2.260000      1.299379      1.299379      2.598757
      2.280000      1.252523      1.252523      2.505046
      2.300000      1.249797      1.249797      2.499594
      2.320000      1.293928      1.293928      2.587857
      2.340000      1.392356      1.392356      2.784711
      2.360000      1.556767      1.556767      3.113535
      2.380000      1.801468      1.801468      3.602936
      2.400000      2.141819      2.141819      4.283638
      2.420000      2.593821      2.593821      5.187642
      2.440000      3.174816      3.174816      6.349632
      2.460000      3.903458      3.903458      7.806916
      2.480000      4.795725      4.795725      9.591449
      2.500000      5.854450      5.854450     11.708900
      2.520000      7.053403      7.053403     14.106806
      2.540000      8.322108      8.322108     16.644216
      2.560000      9.541231      9.541231     19.082462
      2.580000     10.557095     10.557095     21.114190
      2.600000     11.216766     11.216766     22.433532
      2.620000     11.414653     11.414653     22.829306
      2.640000     11.133374     11.133374     22.266749
      2.660000     10.461147     10.461147     20.922295
      2.680000      9.576469      9.576469     19.152938
      2.700000      8.703963      8.703963     17.407927
      2.720000      8.055561      8.055561     16.111121
      2.740000      7.774185      7.774185     15.548369
      2.760000      7.894187      7.894187     15.788374
      2.780000      8.328530      8.328530     16.657059
      2.800000      8.888857      8.888857     17.777714
      2.820000      9.338290      9.338290     18.676580
      2.840000      9.465248      9.465248     18.930496
      2.860000      9.153654      9.153654     18.307307
      2.880000      8.420362      8.420362     16.840723
      2.900000      7.401941      7.401941     14.803882
      2.920000      6.296565      6.296565     12.593130
      2.940000      5.288959      5.288959     10.577918
      2.960000      4.493056      4.493056      8.986112
      2.980000      3.934575      3.934575      7.869150
      3.000000      3.573013      3.573013      7.146027
      3.020000      3.343693      3.343693      6.687387
      3.040000      3.195160      3.195160      6.390319
      3.060000      3.105534      3.105534      6.211068
      3.080000      3.076148      3.076148      6.152297
      3.100000      3.113022      3.113022      6.226043
      3.120000      3.211072      3.211072      6.422145
      3.140000      3.351884      3.351884      6.703767
      3.160000      3.516600      3.516600      7.033200
      3.180000      3.706039      3.706039      7.412077
      3.200000      3.954945      3.954945      7.909891
      3.220000      4.329320      4.329320      8.658641
      3.240000      4.904257      4.904257      9.808514
      3.260000      5.730549      5.730549     11.461098
      3.280000      6.805261      6.805261     13.610523
      3.300000      8.060444      8.060444     16.120888
      3.320000      9.375778      9.375778     18.751556
      3.340000     10.610160     10.610160     21.220321
      3.360000     11.639468     11.639468     23.278936
      3.380000     12.385883     12.385883     24.771767
      3.400000     12.827967     12.827967     25.655934
      3.420000     12.988712     12.988712     25.977424
      3.440000     12.908788     12.908788     25.817576
      3.460000     12.620047     12.620047     25.240094
      3.480000     12.134765     12.134765     24.269531
      3.500000     11.456756     11.456756     22.913512
      3.520000     10.606202     10.606202     21.212404
      3.540000      9.640765      9.640765     19.281530
      3.560000      8.658074      8.658074     17.316148
      3.580000      7.776546      7.776546     15.553091
      3.600000      7.103100      7.103100     14.206201
      3.620000      6.700514      6.700514     13.401027
      3.640000      6.564617      6.564617     13.129233
      3.660000      6.617918      6.617918     13.235836
      3.680000      6.723934      6.723934     13.447869
      3.700000      6.722712      6.722712     13.445425
      3.720000      6.479688      6.479688     12.959377
      3.740000      5.930520      5.930520     11.861041
      3.760000      5.102003      5.102003     10.204006
      3.780000      4.098735      4.098735      8.197471
      3.800000      3.062282      3.062282      6.124564
      3.820000      2.122964      2.122964      4.245928
      3.840000      1.365525      1.365525      2.731051
      3.860000      0.819440      0.819440      1.638880
      3.880000      0.470905      0.470905      0.941810
      3.900000      0.285039      0.285039      0.570078
      3.920000      0.226407      0.226407      0.452814
      3.940000      0.270907      0.270907      0.541814
      3.960000      0.407838      0.407838      0.815676
      3.980000      0.634883      0.634883      1.269765
      4.000000      0.950565      0.950565      1.901130
      4.020000      1.349017      1.349017      2.698034
      4.040000      1.820719      1.820719      3.641439
      4.060000      2.359771      2.359771      4.719542
      4.080000      2.973663      2.973663      5.947325
      4.100000      3.687626      3.687626      7.375253
      4.120000      4.535849      4.535849      9.071697
      4.140000      5.538115      5.538115     11.076229
      4.160000      6.670838      6.670838     13.341676
      4.180000      7.849576      7.849576     15.699151
      4.200000      8.938972      8.938972     17.877945
      4.220000      9.793367      9.793367     19.586734
      4.240000     10.313171     10.313171     20.626343
      4.260000     10.490202     10.490202     20.980403
      4.280000     10.418253     10.418253     20.836507
      4.300000     10.262242     10.262242     20.524484
      4.320000     10.199448     10.199448     20.398897
      4.340000     10.357888     10.357888     20.715776
      4.360000     10.774865     10.774865     21.549730
      4.380000     11.387597     11.387597     22.775194
      4.400000     12.055073     12.055073     24.110147
      4.420000     12.601118     12.601118     25.202236
      4.440000     12.864235     12.864235     25.728471
      4.460000     12.739798     12.739798     25.479597
      4.480000     12.203977     12.203977     24.407954
      4.500000     11.315203     11.315203     22.630406
      4.520000     10.195502     10.195502     20.391005
      4.540000      8.998473      8.998473     17.996947
      4.560000      7.872675      7.872675     15.745349
      4.580000      6.929522      6.929522     13.859043
      4.600000      6.223695      6.223695     12.447390
      4.620000      5.750747      5.750747     11.501494
      4.640000      5.461104      5.461104     10.922208
      4.660000      5.284255      5.284255     10.568511
      4.680000      5.154476      5.154476     10.308953
      4.700000      5.030926      5.030926     10.061851
      4.720000      4.908446      4.908446      9.816892
      4.740000      4.818399      4.818399      9.636798
      4.760000      4.820315      4.820315      9.640631
      4.780000      4.985809      4.985809      9.971618
      4.800000      5.376887      5.376887     10.753774
      4.820000      6.021695      6.021695     12.043390
      4.840000      6.892139      6.892139     13.784279
      4.860000      7.889994      7.889994     15.779988
      4.880000      8.850118      8.850118     17.700236
      4.900000      9.567923      9.567923     19.135846
      4.920000      9.850169      9.850169     19.700338
      4.940000      9.575009      9.575009     19.150019
      4.960000      8.737076      8.737076     17.474153
      4.980000      7.455396      7.455396     14.910792
      5.000000      5.938021      5.938021     11.876042
      5.020000      4.418508      4.418508      8.837016
      5.040000      3.092120      3.092120      6.184239
      5.060000      2.076263      2.076263      4.152526
      5.080000      1.404073      1.404073      2.808147
      5.100000      1.043509      1.043509      2.087018
      5.120000      0.926320      0.926320      1.852641
      5.140000      0.973526      0.973526      1.947052
      5.160000      1.111593      1.111593      2.223187
      5.180000      1.280204      1.280204      2.560407
      5.200000      1.435122      1.435122      2.870244
      5.220000      1.548911      1.548911      3.097821
      5.240000      1.610447      1.610447      3.220895
      5.260000      1.623268      1.623268      3.246535
      5.280000      1.603027      1.603027      3.206053
      5.300000      1.575067      1.575067      3.150134
      5.320000      1.573129      1.573129      3.146258
      5.340000      1.639071      1.639071      3.278141
      5.360000      1.821449      1.821449      3.642898
      5.380000      2.169258      2.169258      4.338517
      5.400000      2.717791      2.717791      5.435583
      5.420000      3.467674      3.467674      6.935348
      5.440000      4.364580      4.364580      8.729160
      5.460000      5.292101      5.292101     10.584203
      5.480000      6.088726      6.088726     12.177452
      5.500000      6.589736      6.589736     13.179471
      5.520000      6.680323      6.680323     13.360646
      5.540000      6.336617      6.336617     12.673233
      5.560000      5.634569      5.634569     11.269138
      5.580000      4.722350      4.722350      9.444701
      5.600000      3.770505      3.770505      7.541009
      5.620000      2.923868      2.923868      5.847737
      5.640000      2.274935      2.274935      4.549870
      5.660000      1.864426      1.864426      3.728852
      5.680000      1.700711      1.700711      3.401421
      5.700000      1.782646      1.782646      3.565292
      5.720000      2.111770      2.111770      4.223540
      5.740000      2.686961      2.686961      5.373921
      5.760000      3.484129      3.484129      6.968258
      5.780000      4.432343      4.432343      8.864687
      5.800000      5.402566      5.402566     10.805132
      5.820000      6.222367      6.222367     12.444735
      5.840000      6.718313      6.718313     13.436625
      5.860000      6.771735      6.771735     13.543471
      5.880000      6.362815      6.362815     12.725630
      5.900000      5.580642      5.580642     11.161284
      5.920000      4.593291      4.593291      9.186581
      5.940000      3.592134      3.592134      7.184269
      5.960000      2.736141      2.736141      5.472283
      5.980000      2.118518      2.118518      4.237037
      6.000000      1.764012      1.764012      3.528023
      6.020000      1.650407      1.650407      3.300815
      6.040000      1.740091      1.740091      3.480183
      6.060000      2.008064      2.008064      4.016127
      6.080000      2.457655      2.457655      4.915309
      6.100000      3.120042      3.120042      6.240083
      6.120000      4.037254      4.037254      8.074508
      6.140000      5.232080      5.232080     10.464160
      6.160000      6.673532      6.673532     13.347064
      6.180000      8.252017      8.252017     16.504033
      6.200000      9.779952      9.779952     19.559904
      6.220000     11.027007     11.027007     22.054015
      6.240000     11.784408     11.784408     23.568816
      6.260000     11.936207     11.936207     23.872414
      6.280000     11.507156     11.507156     23.014311
      6.300000     10.663593     10.663593     21.327187
      6.320000      9.663471      9.663471     19.326942
      6.340000      8.773761      8.773761     17.547522
      6.360000      8.186433      8.186433     16.372866
      6.380000      7.962815      7.962815     15.925630
      6.400000      8.023737      8.023737     16.047475
      6.420000      8.186374      8.186374     16.372748
      6.440000      8.233879      8.233879     16.467758
      6.460000      7.993775      7.993775     15.987550
      6.480000      7.398046      7.398046     14.796093
      6.500000      6.504205      6.504205     13.008410
      6.520000      5.471522      5.471522     10.943044
      6.540000      4.504266      4.504266      9.008533
      6.560000      3.785483      3.785483      7.570966
      6.580000      3.425092      3.425092      6.850184
      6.600000      3.436454      3.436454      6.872907
      6.620000      3.742944      3.742944      7.485888
      6.640000      4.206917      4.206917      8.413834
      6.660000      4.669930      4.669930      9.339860
      6.680000      4.993601      4.993601      9.987203
      6.700000      5.092576      5.092576     10.185152
      6.720000      4.953520      4.953520      9.907041
      6.740000      4.636731      4.636731      9.273463
      6.760000      4.259792      4.259792      8.519584
      6.780000      3.965830      3.965830      7.931661
      6.800000      3.882540      3.882540      7.765079
      6.820000      4.082267      4.082267      8.164534
      6.840000      4.556717      4.556717      9.113434
      6.860000      5.218891      5.218891     10.437783
      6.880000      5.936599      5.936599     11.873197
      6.900000      6.586997      6.586997     13.173994
      6.920000      7.107410      7.107410     14.214820
      6.940000      7.514596      7.514596     15.029191
      6.960000      7.878854      7.878854     15.757707
      6.980000      8.265326      8.265326     16.530653
      7.000000      8.676560      8.676560     17.353121
      7.020000      9.032088      9.032088     18.064177
      7.040000      9.199285      9.199285     18.398571
      7.060000      9.058485      9.058485     18.116971
      7.080000      8.565148      8.565148     17.130297
      7.100000      7.775739      7.775739     15.551479
      7.120000      6.827687      6.827687     13.655374
      7.140000      5.890042      5.890042     11.780084
      7.160000      5.113350      5.113350     10.226700
      7.180000      4.600083      4.600083      9.200166
      7.200000      4.399391      4.399391      8.798782
      7.220000      4.515613      4.515613      9.031225
      7.240000      4.917310      4.917310      9.834620
      7.260000      5.541215      5.541215     11.082429
      7.280000      6.295262      6.295262     12.590523
      7.300000      7.068564      7.068564     14.137128
      7.320000      7.751240      7.751240     15.502480
      7.340000      8.258035      8.258035     16.516069
      7.360000      8.544363      8.544363     17.088726
      7.380000      8.606678      8.606678     17.213356
      7.400000      8.468686      8.468686     16.937372
      7.420000      8.163587      8.163587     16.327175
      7.440000      7.723514      7.723514     15.447028
      7.460000      7.180370      7.180370     14.360740
      7.480000      6.573208      6.573208     13.146417
      7.500000      5.953073      5.953073     11.906147
      7.520000      5.379382      5.379382     10.758765
      7.540000      4.908925      4.908925      9.817850
      7.560000      4.583562      4.583562      9.167124
      7.580000      4.422485      4.422485      8.844969
      7.600000      4.420838      4.420838      8.841677
      7.620000      4.552779      4.552779      9.105558
      7.640000      4.776449      4.776449      9.552899
      7.660000      5.040330      5.040330     10.080659
      7.680000      5.292087      5.292087     10.584174
      7.700000      5.490307      5.490307     10.980613
      7.720000      5.616898      5.616898     11.233795
      7.740000      5.685819      5.685819     11.371639
      7.760000      5.743910      5.743910     11.487820
      7.780000      5.861904      5.861904     11.723808
      7.800000      6.116866      6.116866     12.233733
      7.820000      6.570043      6.570043     13.140087
      7.840000      7.246121      7.246121     14.492241
      7.860000      8.120761      8.120761     16.241521
      7.880000      9.122028      9.122028     18.244057
      7.900000     10.147058     10.147058     20.294117
      7.920000     11.088801     11.088801     22.177601
      7.940000     11.862117     11.862117     23.724235
      7.960000     12.417908     12.417908     24.835815
      7.980000     12.740051     12.740051     25.480101
      8.000000     12.830082     12.830082     25.660164
      8.020000     12.692410     12.692410     25.384820
      8.040000     12.332736     12.332736     24.665472
      8.060000     11.773138     11.773138     23.546275
      8.080000     11.074256     11.074256     22.148512
      8.100000     10.346845     10.346845     20.693689
      8.120000      9.737870      9.737870     19.475740
      8.140000      9.389914      9.389914     18.779828
      8.160000      9.389215      9.389215     18.778430
      8.180000      9.727013      9.727013     19.454027
      8.200000     10.294567     10.294567     20.589134
      8.220000     10.916137     10.916137     21.832273
      8.240000     11.405803     11.405803     22.811605
      8.260000     11.624033     11.624033     23.248066
      8.280000     11.513220     11.513220     23.026440
      8.300000     11.103862     11.103862     22.207724
      8.320000     10.495602     10.495602     20.991203
      8.340000      9.823428      9.823428     19.646857
      8.360000      9.219164      9.219164     18.438328
      8.380000      8.776312      8.776312     17.552624
      8.400000      8.525501      8.525501     17.051002
      8.420000      8.427160      8.427160     16.854320
      8.440000      8.384887      8.384887     16.769774
      8.460000      8.276599      8.276599     16.553199
      8.480000      7.993842      7.993842     15.987683
      8.500000      7.476481      7.476481     14.952962
      8.520000      6.732354      6.732354     13.464708
      8.540000      5.837543      5.837543     11.675086
      8.560000      4.919404      4.919404      9.838809
      8.580000      4.128243      4.128243      8.256485
      8.600000      3.604152      3.604152      7.208304
      8.620000      3.444730      3.444730      6.889460
      8.640000      3.679349      3.679349      7.358699
      8.660000      4.256925      4.256925      8.513850
      8.680000      5.054215      5.054215     10.108429
      8.700000      5.907309      5.907309     11.814618
      8.720000      6.659341      6.659341     13.318681
      8.740000      7.207223      7.207223     14.414446
      8.760000      7.527225      7.527225     15.054450
      8.780000      7.667997      7.667997     15.335993
      8.800000      7.716453      7.716453     15.432907
      8.820000      7.756009      7.756009     15.512017
      8.840000      7.838609      7.838609     15.677217
      8.860000      7.981127      7.981127     15.962253
      8.880000      8.181264      8.181264     16.362528
      8.900000      8.438475      8.438475     16.876951
      8.920000      8.766328      8.766328     17.532657
      8.940000      9.191225      9.191225     18.382451
      8.960000      9.741732      9.741732     19.483464
      8.980000     10.437095     10.437095     20.874190
      9.000000     11.281343     11.281343     22.562686
      9.020000     12.263117     12.263117     24.526234
      9.040000     13.356137     13.356137     26.712274
      9.060000     14.515447     14.515447     29.030894
      9.080000     15.670803     15.670803     31.341606
      9.100000     16.725894     16.725894     33.451787
      9.120000     17.573128     17.573128     35.146256
      9.140000     18.125000     18.125000     36.250000
      9.160000     18.349312     18.349312     36.698625
      9.180000     18.287294     18.287294     36.574587
      9.200000     18.038901     18.038901     36.077803
      9.220000     17.716992     17.716992     35.433984
      9.240000     17.391174     17.391174     34.782348
      9.260000     17.050829     17.050829     34.101659
      9.280000     16.608957     16.608957     33.217915
      9.300000     15.947799     15.947799     31.895598
      9.320000     14.984822     14.984822     29.969643
      9.340000     13.726176     13.726176     27.452352
      9.360000     12.280980     12.280980     24.561960
      9.380000     10.830263     10.830263     21.660527
      9.400000      9.567088      9.567088     19.134175
      9.420000      8.636361      8.636361     17.272722
      9.440000      8.099103      8.099103     16.198205
      9.460000      7.931202      7.931202     15.862403
      9.480000      8.050949      8.050949     16.101899
      9.500000      8.360147      8.360147     16.720294
      9.520000      8.782080      8.782080     17.564159
      9.540000      9.283709      9.283709     18.567418
      9.560000      9.876193      9.876193     19.752387
      9.580000     10.595370     10.595370     21.190741
      9.600000     11.470516     11.470516     22.941033
      9.620000     12.493724     12.493724     24.987448
      9.640000     13.602055     13.602055     27.204111
      9.660000     14.680290     14.680290     29.360581
      9.680000     15.585167     15.585167     31.170334
      9.700000     16.184829     16.184829     32.369658
      9.720000     16.401623     16.401623     32.803247
      9.740000     16.243842     16.243842     32.487683
      9.760000     15.813516     15.813516     31.627032
      9.780000     15.283690     15.283690     30.567381
      9.800000     14.848873     14.848873     29.697746
      9.820000     14.663489     14.663489     29.326977
      9.840000     14.790195     14.790195     29.580390
      9.860000     15.178573     15.178573     30.357145
      9.880000     15.683968     15.683968     31.367936
      9.900000     16.120044     16.120044     32.240088
      9.920000     16.324190     16.324190     32.648379
      9.940000     16.209696     16.209696     32.419392
      9.960000     15.785429     15.785429     31.570859
      9.980000     15.139045     15.139045     30.278090
     10.000000     14.395571     14.395571     28.791142
