# EIG2DOS: Utility for SIESTA to obtain the electronic density of states
#  E. Artacho, Apr 1999, A. Garcia, Apr 2012
# ------------------------------------------
# Eigenvalues read from GRP_doping.EIG
# Using smearing parameter:   0.100
# Using   1001 points in energy range
# Selected bands: 1 to: 936
# Emin, emax in file for selected band(s):    -38.1438800    243.1324000
# Nbands, Nspin, Nk   =    936     1   231
# E_F                 =    -4.9819 eV --> (shifted to ZERO)
# Broadening          =     0.1000 eV
#
#        E            N(up)  (=)   N(down)         Ntot
    -10.000000      0.558822      0.558822      1.117643
     -9.980000      0.922674      0.922674      1.845348
     -9.960000      1.474914      1.474914      2.949828
     -9.940000      2.243046      2.243046      4.486092
     -9.920000      3.234747      3.234747      6.469493
     -9.900000      4.421776      4.421776      8.843552
     -9.880000      5.727652      5.727652     11.455303
     -9.860000      7.025980      7.025980     14.051961
     -9.840000      8.156114      8.156114     16.312227
     -9.820000      8.957624      8.957624     17.915248
     -9.800000      9.315759      9.315759     18.631519
     -9.780000      9.201613      9.201613     18.403226
     -9.760000      8.689710      8.689710     17.379419
     -9.740000      7.944204      7.944204     15.888409
     -9.720000      7.178138      7.178138     14.356275
     -9.700000      6.600095      6.600095     13.200189
     -9.680000      6.364494      6.364494     12.728989
     -9.660000      6.537449      6.537449     13.074898
     -9.640000      7.084491      7.084491     14.168982
     -9.620000      7.881905      7.881905     15.763811
     -9.600000      8.749070      8.749070     17.498139
     -9.580000      9.494229      9.494229     18.988458
     -9.560000      9.962466      9.962466     19.924932
     -9.540000     10.074662     10.074662     20.149323
     -9.520000      9.849546      9.849546     19.699093
     -9.500000      9.404370      9.404370     18.808739
     -9.480000      8.931732      8.931732     17.863463
     -9.460000      8.653058      8.653058     17.306116
     -9.440000      8.756173      8.756173     17.512346
     -9.420000      9.333882      9.333882     18.667763
     -9.400000     10.345587     10.345587     20.691175
     -9.380000     11.618550     11.618550     23.237101
     -9.360000     12.890142     12.890142     25.780284
     -9.340000     13.875795     13.875795     27.751589
     -9.320000     14.338767     14.338767     28.677534
     -9.300000     14.141019     14.141019     28.282038
     -9.280000     13.265140     13.265140     26.530281
     -9.260000     11.807861     11.807861     23.615722
     -9.240000      9.951546      9.951546     19.903093
     -9.220000      7.921919      7.921919     15.843837
     -9.200000      5.941163      5.941163     11.882326
     -9.180000      4.186748      4.186748      8.373495
     -9.160000      2.765803      2.765803      5.531606
     -9.140000      1.710677      1.710677      3.421354
     -9.120000      0.994074      0.994074      1.988148
     -9.100000      0.555778      0.555778      1.111556
     -9.080000      0.330689      0.330689      0.661378
     -9.060000      0.270107      0.270107      0.540215
     -9.040000      0.352412      0.352412      0.704825
     -9.020000      0.582525      0.582525      1.165050
     -9.000000      0.981087      0.981087      1.962174
     -8.980000      1.565419      1.565419      3.130838
     -8.960000      2.326781      2.326781      4.653561
     -8.940000      3.212127      3.212127      6.424254
     -8.920000      4.120683      4.120683      8.241367
     -8.900000      4.922728      4.922728      9.845456
     -8.880000      5.498840      5.498840     10.997679
     -8.860000      5.786121      5.786121     11.572241
     -8.840000      5.810462      5.810462     11.620923
     -8.820000      5.686582      5.686582     11.373164
     -8.800000      5.580665      5.580665     11.161330
     -8.780000      5.647823      5.647823     11.295646
     -8.760000      5.969530      5.969530     11.939061
     -8.740000      6.517927      6.517927     13.035854
     -8.720000      7.163300      7.163300     14.326600
     -8.700000      7.722643      7.722643     15.445285
     -8.680000      8.029153      8.029153     16.058307
     -8.660000      7.993297      7.993297     15.986594
     -8.640000      7.630442      7.630442     15.260883
     -8.620000      7.046124      7.046124     14.092249
     -8.600000      6.389490      6.389490     12.778980
     -8.580000      5.798249      5.798249     11.596497
     -8.560000      5.358673      5.358673     10.717346
     -8.540000      5.093153      5.093153     10.186305
     -8.520000      4.973048      4.973048      9.946095
     -8.500000      4.944248      4.944248      9.888497
     -8.480000      4.951204      4.951204      9.902408
     -8.460000      4.950963      4.950963      9.901925
     -8.440000      4.916748      4.916748      9.833496
     -8.420000      4.835604      4.835604      9.671208
     -8.400000      4.704676      4.704676      9.409352
     -8.380000      4.527721      4.527721      9.055442
     -8.360000      4.311186      4.311186      8.622371
     -8.340000      4.059748      4.059748      8.119496
     -8.320000      3.773488      3.773488      7.546975
     -8.300000      3.449849      3.449849      6.899698
     -8.280000      3.091514      3.091514      6.183027
     -8.260000      2.717258      2.717258      5.434517
     -8.240000      2.369831      2.369831      4.739662
     -8.220000      2.115068      2.115068      4.230136
     -8.200000      2.029713      2.029713      4.059425
     -8.180000      2.179807      2.179807      4.359615
     -8.160000      2.595377      2.595377      5.190754
     -8.140000      3.249723      3.249723      6.499446
     -8.120000      4.052510      4.052510      8.105021
     -8.100000      4.863565      4.863565      9.727131
     -8.080000      5.527510      5.527510     11.055020
     -8.060000      5.919357      5.919357     11.838714
     -8.040000      5.983160      5.983160     11.966320
     -8.020000      5.746177      5.746177     11.492354
     -8.000000      5.301790      5.301790     10.603580
     -7.980000      4.770162      4.770162      9.540325
     -7.960000      4.256417      4.256417      8.512834
     -7.940000      3.825026      3.825026      7.650053
     -7.920000      3.497712      3.497712      6.995423
     -7.900000      3.268746      3.268746      6.537493
     -7.880000      3.124632      3.124632      6.249263
     -7.860000      3.057215      3.057215      6.114430
     -7.840000      3.066794      3.066794      6.133588
     -7.820000      3.158658      3.158658      6.317316
     -7.800000      3.339183      3.339183      6.678366
     -7.780000      3.615678      3.615678      7.231356
     -7.760000      3.999845      3.999845      7.999690
     -7.740000      4.510635      4.510635      9.021271
     -7.720000      5.170847      5.170847     10.341695
     -7.700000      5.994287      5.994287     11.988575
     -7.680000      6.966020      6.966020     13.932040
     -7.660000      8.024383      8.024383     16.048766
     -7.640000      9.056206      9.056206     18.112412
     -7.620000      9.913561      9.913561     19.827122
     -7.600000     10.451757     10.451757     20.903515
     -7.580000     10.577539     10.577539     21.155078
     -7.560000     10.288351     10.288351     20.576701
     -7.540000      9.682849      9.682849     19.365699
     -7.520000      8.932035      8.932035     17.864071
     -7.500000      8.217629      8.217629     16.435258
     -7.480000      7.662124      7.662124     15.324247
     -7.460000      7.282887      7.282887     14.565775
     -7.440000      6.993706      6.993706     13.987412
     -7.420000      6.653952      6.653952     13.307903
     -7.400000      6.140867      6.140867     12.281733
     -7.380000      5.409366      5.409366     10.818732
     -7.360000      4.512995      4.512995      9.025990
     -7.340000      3.582429      3.582429      7.164858
     -7.320000      2.778792      2.778792      5.557585
     -7.300000      2.245835      2.245835      4.491671
     -7.280000      2.076697      2.076697      4.153393
     -7.260000      2.297383      2.297383      4.594765
     -7.240000      2.861473      2.861473      5.722947
     -7.220000      3.652957      3.652957      7.305915
     -7.200000      4.500991      4.500991      9.001982
     -7.180000      5.212477      5.212477     10.424954
     -7.160000      5.620991      5.620991     11.241982
     -7.140000      5.638192      5.638192     11.276385
     -7.120000      5.286521      5.286521     10.573042
     -7.100000      4.696956      4.696956      9.393913
     -7.080000      4.070948      4.070948      8.141897
     -7.060000      3.621562      3.621562      7.243123
     -7.040000      3.515802      3.515802      7.031605
     -7.020000      3.835763      3.835763      7.671525
     -7.000000      4.565797      4.565797      9.131595
     -6.980000      5.603367      5.603367     11.206734
     -6.960000      6.785904      6.785904     13.571808
     -6.940000      7.924717      7.924717     15.849433
     -6.920000      8.838129      8.838129     17.676258
     -6.900000      9.378972      9.378972     18.757944
     -6.880000      9.454977      9.454977     18.909955
     -6.860000      9.042410      9.042410     18.084821
     -6.840000      8.191985      8.191985     16.383970
     -6.820000      7.023557      7.023557     14.047114
     -6.800000      5.706175      5.706175     11.412351
     -6.780000      4.424901      4.424901      8.849802
     -6.760000      3.342659      3.342659      6.685318
     -6.740000      2.568954      2.568954      5.137909
     -6.720000      2.144608      2.144608      4.289216
     -6.700000      2.044809      2.044809      4.089617
     -6.680000      2.196339      2.196339      4.392679
     -6.660000      2.501919      2.501919      5.003839
     -6.640000      2.864745      2.864745      5.729490
     -6.620000      3.207664      3.207664      6.415327
     -6.600000      3.483061      3.483061      6.966122
     -6.580000      3.672090      3.672090      7.344181
     -6.560000      3.775652      3.775652      7.551303
     -6.540000      3.803309      3.803309      7.606619
     -6.520000      3.767677      3.767677      7.535353
     -6.500000      3.689028      3.689028      7.378057
     -6.480000      3.608562      3.608562      7.217125
     -6.460000      3.601626      3.601626      7.203252
     -6.440000      3.778246      3.778246      7.556491
     -6.420000      4.260646      4.260646      8.521291
     -6.400000      5.137123      5.137123     10.274246
     -6.380000      6.405960      6.405960     12.811920
     -6.360000      7.935323      7.935323     15.870645
     -6.340000      9.466696      9.466696     18.933392
     -6.320000     10.674916     10.674916     21.349831
     -6.300000     11.271076     11.271076     22.542152
     -6.280000     11.109409     11.109409     22.218818
     -6.260000     10.252127     10.252127     20.504254
     -6.240000      8.963720      8.963720     17.927440
     -6.220000      7.638412      7.638412     15.276824
     -6.200000      6.691396      6.691396     13.382793
     -6.180000      6.451602      6.451602     12.903205
     -6.160000      7.082488      7.082488     14.164975
     -6.140000      8.541568      8.541568     17.083136
     -6.120000     10.581246     10.581246     21.162491
     -6.100000     12.793012     12.793012     25.586023
     -6.080000     14.694480     14.694480     29.388959
     -6.060000     15.846401     15.846401     31.692802
     -6.040000     15.969124     15.969124     31.938247
     -6.020000     15.018662     15.018662     30.037323
     -6.000000     13.192876     13.192876     26.385751
     -5.980000     10.866047     10.866047     21.732094
     -5.960000      8.479875      8.479875     16.959750
     -5.940000      6.433275      6.433275     12.866549
     -5.920000      5.005586      5.005586     10.011171
     -5.900000      4.325921      4.325921      8.651842
     -5.880000      4.380754      4.380754      8.761508
     -5.860000      5.043338      5.043338     10.086676
     -5.840000      6.112066      6.112066     12.224131
     -5.820000      7.352149      7.352149     14.704299
     -5.800000      8.538118      8.538118     17.076236
     -5.780000      9.492376      9.492376     18.984752
     -5.760000     10.111941     10.111941     20.223882
     -5.740000     10.376169     10.376169     20.752337
     -5.720000     10.333340     10.333340     20.666679
     -5.700000     10.070635     10.070635     20.141270
     -5.680000      9.677490      9.677490     19.354981
     -5.660000      9.215248      9.215248     18.430497
     -5.640000      8.705296      8.705296     17.410591
     -5.620000      8.141876      8.141876     16.283753
     -5.600000      7.524722      7.524722     15.049443
     -5.580000      6.895000      6.895000     13.790001
     -5.560000      6.353173      6.353173     12.706347
     -5.540000      6.043810      6.043810     12.087620
     -5.520000      6.108092      6.108092     12.216183
     -5.500000      6.621533      6.621533     13.243066
     -5.480000      7.543837      7.543837     15.087675
     -5.460000      8.705516      8.705516     17.411033
     -5.440000      9.842976      9.842976     19.685951
     -5.420000     10.674786     10.674786     21.349572
     -5.400000     10.993618     10.993618     21.987235
     -5.380000     10.738377     10.738377     21.476754
     -5.360000     10.015545     10.015545     20.031090
     -5.340000      9.058123      9.058123     18.116247
     -5.320000      8.137608      8.137608     16.275215
     -5.300000      7.466228      7.466228     14.932456
     -5.280000      7.131669      7.131669     14.263339
     -5.260000      7.091061      7.091061     14.182121
     -5.240000      7.222325      7.222325     14.444649
     -5.220000      7.403552      7.403552     14.807103
     -5.200000      7.579143      7.579143     15.158286
     -5.180000      7.781273      7.781273     15.562546
     -5.160000      8.100668      8.100668     16.201337
     -5.140000      8.627005      8.627005     17.254011
     -5.120000      9.391830      9.391830     18.783659
     -5.100000     10.340739     10.340739     20.681478
     -5.080000     11.343055     11.343055     22.686109
     -5.060000     12.228811     12.228811     24.457621
     -5.040000     12.834341     12.834341     25.668683
     -5.020000     13.040772     13.040772     26.081543
     -5.000000     12.798752     12.798752     25.597504
     -4.980000     12.140070     12.140070     24.280140
     -4.960000     11.177954     11.177954     22.355909
     -4.940000     10.094499     10.094499     20.188999
     -4.920000      9.111248      9.111248     18.222496
     -4.900000      8.442313      8.442313     16.884627
     -4.880000      8.238275      8.238275     16.476550
     -4.860000      8.538361      8.538361     17.076722
     -4.840000      9.251609      9.251609     18.503217
     -4.820000     10.181021     10.181021     20.362042
     -4.800000     11.089172     11.089172     22.178344
     -4.780000     11.784619     11.784619     23.569238
     -4.760000     12.194431     12.194431     24.388863
     -4.740000     12.387995     12.387995     24.775989
     -4.720000     12.535511     12.535511     25.071022
     -4.700000     12.816036     12.816036     25.632073
     -4.680000     13.318809     13.318809     26.637619
     -4.660000     13.989711     13.989711     27.979422
     -4.640000     14.653489     14.653489     29.306979
     -4.620000     15.101687     15.101687     30.203374
     -4.600000     15.199579     15.199579     30.399158
     -4.580000     14.955104     14.955104     29.910207
     -4.560000     14.514653     14.514653     29.029306
     -4.540000     14.090623     14.090623     28.181246
     -4.520000     13.860113     13.860113     27.720225
     -4.500000     13.885218     13.885218     27.770437
     -4.480000     14.090319     14.090319     28.180638
     -4.460000     14.301821     14.301821     28.603643
     -4.440000     14.327086     14.327086     28.654172
     -4.420000     14.034248     14.034248     28.068496
     -4.400000     13.397955     13.397955     26.795909
     -4.380000     12.494644     12.494644     24.989287
     -4.360000     11.455891     11.455891     22.911782
     -4.340000     10.407852     10.407852     20.815704
     -4.320000      9.429079      9.429079     18.858157
     -4.300000      8.545512      8.545512     17.091024
     -4.280000      7.757800      7.757800     15.515601
     -4.260000      7.076611      7.076611     14.153221
     -4.240000      6.538424      6.538424     13.076849
     -4.220000      6.189260      6.189260     12.378519
     -4.200000      6.046719      6.046719     12.093437
     -4.180000      6.066578      6.066578     12.133156
     -4.160000      6.138716      6.138716     12.277431
     -4.140000      6.119830      6.119830     12.239660
     -4.120000      5.888530      5.888530     11.777060
     -4.100000      5.395611      5.395611     10.791223
     -4.080000      4.685819      4.685819      9.371639
     -4.060000      3.883681      3.883681      7.767361
     -4.040000      3.154066      3.154066      6.308133
     -4.020000      2.657352      2.657352      5.314704
     -4.000000      2.515830      2.515830      5.031660
     -3.980000      2.797147      2.797147      5.594294
     -3.960000      3.510288      3.510288      7.020576
     -3.940000      4.606033      4.606033      9.212067
     -3.920000      5.977604      5.977604     11.955209
     -3.900000      7.464575      7.464575     14.929151
     -3.880000      8.868573      8.868573     17.737145
     -3.860000      9.987936      9.987936     19.975871
     -3.840000     10.669073     10.669073     21.338146
     -3.820000     10.858670     10.858670     21.717341
     -3.800000     10.632037     10.632037     21.264075
     -3.780000     10.177227     10.177227     20.354454
     -3.760000      9.733263      9.733263     19.466527
     -3.740000      9.504616      9.504616     19.009232
     -3.720000      9.588567      9.588567     19.177133
     -3.700000      9.947780      9.947780     19.895559
     -3.680000     10.439302     10.439302     20.878605
     -3.660000     10.885056     10.885056     21.770112
     -3.640000     11.151031     11.151031     22.302062
     -3.620000     11.200362     11.200362     22.400725
     -3.600000     11.098693     11.098693     22.197386
     -3.580000     10.971968     10.971968     21.943936
     -3.560000     10.937665     10.937665     21.875330
     -3.540000     11.041574     11.041574     22.083148
     -3.520000     11.228741     11.228741     22.457481
     -3.500000     11.360696     11.360696     22.721393
     -3.480000     11.269898     11.269898     22.539797
     -3.460000     10.826821     10.826821     21.653643
     -3.440000      9.992250      9.992250     19.984500
     -3.420000      8.836463      8.836463     17.672926
     -3.400000      7.521939      7.521939     15.043878
     -3.380000      6.259592      6.259592     12.519183
     -3.360000      5.255776      5.255776     10.511553
     -3.340000      4.667380      4.667380      9.334760
     -3.320000      4.576576      4.576576      9.153153
     -3.300000      4.988055      4.988055      9.976110
     -3.280000      5.843147      5.843147     11.686294
     -3.260000      7.040688      7.040688     14.081376
     -3.240000      8.455616      8.455616     16.911232
     -3.220000      9.952093      9.952093     19.904186
     -3.200000     11.394335     11.394335     22.788671
     -3.180000     12.660602     12.660602     25.321204
     -3.160000     13.661836     13.661836     27.323672
     -3.140000     14.359051     14.359051     28.718102
     -3.120000     14.768812     14.768812     29.537625
     -3.100000     14.948942     14.948942     29.897883
     -3.080000     14.966326     14.966326     29.932652
     -3.060000     14.859643     14.859643     29.719286
     -3.040000     14.614736     14.614736     29.229471
     -3.020000     14.165959     14.165959     28.331918
     -3.000000     13.425106     13.425106     26.850212
     -2.980000     12.326381     12.326381     24.652762
     -2.960000     10.867648     10.867648     21.735296
     -2.940000      9.128942      9.128942     18.257883
     -2.920000      7.259244      7.259244     14.518487
     -2.900000      5.437215      5.437215     10.874430
     -2.880000      3.823521      3.823521      7.647042
     -2.860000      2.525166      2.525166      5.050332
     -2.840000      1.584839      1.584839      3.169679
     -2.820000      0.995661      0.995661      1.991321
     -2.800000      0.731005      0.731005      1.462011
     -2.780000      0.774654      0.774654      1.549309
     -2.760000      1.138078      1.138078      2.276156
     -2.740000      1.856619      1.856619      3.713238
     -2.720000      2.962969      2.962969      5.925939
     -2.700000      4.444716      4.444716      8.889432
     -2.680000      6.202147      6.202147     12.404295
     -2.660000      8.028894      8.028894     16.057788
     -2.640000      9.634775      9.634775     19.269550
     -2.620000     10.713977     10.713977     21.427954
     -2.600000     11.037716     11.037716     22.075432
     -2.580000     10.532635     10.532635     21.065269
     -2.560000      9.307942      9.307942     18.615884
     -2.540000      7.617668      7.617668     15.235335
     -2.520000      5.776341      5.776341     11.552683
     -2.500000      4.067327      4.067327      8.134654
     -2.480000      2.681175      2.681175      5.362350
     -2.460000      1.700581      1.700581      3.401163
     -2.440000      1.123834      1.123834      2.247668
     -2.420000      0.904094      0.904094      1.808188
     -2.400000      0.982319      0.982319      1.964637
     -2.380000      1.302327      1.302327      2.604654
     -2.360000      1.809155      1.809155      3.618310
     -2.340000      2.440158      2.440158      4.880317
     -2.320000      3.119868      3.119868      6.239736
     -2.300000      3.765329      3.765329      7.530658
     -2.280000      4.301497      4.301497      8.602994
     -2.260000      4.680145      4.680145      9.360290
     -2.240000      4.893776      4.893776      9.787551
     -2.220000      4.979002      4.979002      9.958005
     -2.200000      5.009209      5.009209     10.018419
     -2.180000      5.080160      5.080160     10.160319
     -2.160000      5.292261      5.292261     10.584523
     -2.140000      5.730595      5.730595     11.461191
     -2.120000      6.442395      6.442395     12.884791
     -2.100000      7.414420      7.414420     14.828840
     -2.080000      8.558448      8.558448     17.116896
     -2.060000      9.716702      9.716702     19.433404
     -2.040000     10.694680     10.694680     21.389360
     -2.020000     11.316184     11.316184     22.632368
     -2.000000     11.480953     11.480953     22.961907
     -1.980000     11.199547     11.199547     22.399094
     -1.960000     10.588754     10.588754     21.177507
     -1.940000      9.829931      9.829931     19.659862
     -1.920000      9.110615      9.110615     18.221230
     -1.900000      8.575502      8.575502     17.151004
     -1.880000      8.303923      8.303923     16.607847
     -1.860000      8.314163      8.314163     16.628327
     -1.840000      8.581271      8.581271     17.162541
     -1.820000      9.052156      9.052156     18.104312
     -1.800000      9.649935      9.649935     19.299871
     -1.780000     10.272204     10.272204     20.544407
     -1.760000     10.796005     10.796005     21.592010
     -1.740000     11.099476     11.099476     22.198952
     -1.720000     11.097602     11.097602     22.195204
     -1.700000     10.775790     10.775790     21.551581
     -1.680000     10.200562     10.200562     20.401124
     -1.660000      9.496283      9.496283     18.992566
     -1.640000      8.795315      8.795315     17.590630
     -1.620000      8.184598      8.184598     16.369197
     -1.600000      7.674521      7.674521     15.349043
     -1.580000      7.204442      7.204442     14.408885
     -1.560000      6.680473      6.680473     13.360946
     -1.540000      6.025841      6.025841     12.051683
     -1.520000      5.220113      5.220113     10.440225
     -1.500000      4.311733      4.311733      8.623466
     -1.480000      3.402999      3.402999      6.805999
     -1.460000      2.618924      2.618924      5.237848
     -1.440000      2.075109      2.075109      4.150219
     -1.420000      1.854441      1.854441      3.708883
     -1.400000      1.993664      1.993664      3.987328
     -1.380000      2.475930      2.475930      4.951859
     -1.360000      3.227508      3.227508      6.455016
     -1.340000      4.122951      4.122951      8.245903
     -1.320000      5.005996      5.005996     10.011992
     -1.300000      5.728034      5.728034     11.456069
     -1.280000      6.193811      6.193811     12.387623
     -1.260000      6.393891      6.393891     12.787783
     -1.240000      6.404876      6.404876     12.809751
     -1.220000      6.353635      6.353635     12.707270
     -1.200000      6.362410      6.362410     12.724821
     -1.180000      6.503635      6.503635     13.007271
     -1.160000      6.787558      6.787558     13.575117
     -1.140000      7.185178      7.185178     14.370355
     -1.120000      7.667187      7.667187     15.334375
     -1.100000      8.231217      8.231217     16.462434
     -1.080000      8.899857      8.899857     17.799713
     -1.060000      9.693046      9.693046     19.386092
     -1.040000     10.595226     10.595226     21.190452
     -1.020000     11.539019     11.539019     23.078038
     -1.000000     12.413873     12.413873     24.827746
     -0.980000     13.091775     13.091775     26.183549
     -0.960000     13.455193     13.455193     26.910386
     -0.940000     13.417988     13.417988     26.835975
     -0.920000     12.940008     12.940008     25.880016
     -0.900000     12.039979     12.039979     24.079958
     -0.880000     10.806042     10.806042     21.612083
     -0.860000      9.395849      9.395849     18.791699
     -0.840000      8.017468      8.017468     16.034937
     -0.820000      6.890553      6.890553     13.781106
     -0.800000      6.198093      6.198093     12.396185
     -0.780000      6.044326      6.044326     12.088651
     -0.760000      6.431664      6.431664     12.863329
     -0.740000      7.262340      7.262340     14.524681
     -0.720000      8.363818      8.363818     16.727636
     -0.700000      9.532069      9.532069     19.064137
     -0.680000     10.582066     10.582066     21.164132
     -0.660000     11.390464     11.390464     22.780927
     -0.640000     11.915182     11.915182     23.830365
     -0.620000     12.184404     12.184404     24.368808
     -0.600000     12.261697     12.261697     24.523394
     -0.580000     12.206465     12.206465     24.412929
     -0.560000     12.050658     12.050658     24.101316
     -0.540000     11.801639     11.801639     23.603278
     -0.520000     11.464376     11.464376     22.928753
     -0.500000     11.064888     11.064888     22.129776
     -0.480000     10.657942     10.657942     21.315883
     -0.460000     10.313834     10.313834     20.627667
     -0.440000     10.093158     10.093158     20.186316
     -0.420000     10.025805     10.025805     20.051610
     -0.400000     10.106818     10.106818     20.213636
     -0.380000     10.310158     10.310158     20.620316
     -0.360000     10.609754     10.609754     21.219507
     -0.340000     10.993174     10.993174     21.986349
     -0.320000     11.459356     11.459356     22.918713
     -0.300000     12.003309     12.003309     24.006618
     -0.280000     12.599344     12.599344     25.198688
     -0.260000     13.194346     13.194346     26.388692
     -0.240000     13.715223     13.715223     27.430447
     -0.220000     14.086475     14.086475     28.172950
     -0.200000     14.250291     14.250291     28.500581
     -0.180000     14.182971     14.182971     28.365942
     -0.160000     13.903922     13.903922     27.807844
     -0.140000     13.474515     13.474515     26.949030
     -0.120000     12.985007     12.985007     25.970015
     -0.100000     12.531103     12.531103     25.062206
     -0.080000     12.187189     12.187189     24.374377
     -0.060000     11.986880     11.986880     23.973761
     -0.040000     11.919347     11.919347     23.838695
     -0.020000     11.942293     11.942293     23.884587
      0.000000     12.003965     12.003965     24.007929
      0.020000     12.062468     12.062468     24.124936
      0.040000     12.093331     12.093331     24.186663
      0.060000     12.083849     12.083849     24.167698
      0.080000     12.020743     12.020743     24.041486
      0.100000     11.881300     11.881300     23.762600
      0.120000     11.635251     11.635251     23.270502
      0.140000     11.257204     11.257204     22.514409
      0.160000     10.742546     10.742546     21.485092
      0.180000     10.118004     10.118004     20.236008
      0.200000      9.441913      9.441913     18.883825
      0.220000      8.794692      8.794692     17.589385
      0.240000      8.263158      8.263158     16.526317
      0.260000      7.922373      7.922373     15.844746
      0.280000      7.818423      7.818423     15.636846
      0.300000      7.956339      7.956339     15.912679
      0.320000      8.297893      8.297893     16.595787
      0.340000      8.771586      8.771586     17.543171
      0.360000      9.291811      9.291811     18.583621
      0.380000      9.779414      9.779414     19.558829
      0.400000     10.175348     10.175348     20.350695
      0.420000     10.443351     10.443351     20.886702
      0.440000     10.563694     10.563694     21.127389
      0.460000     10.524331     10.524331     21.048663
      0.480000     10.316541     10.316541     20.633082
      0.500000      9.939228      9.939228     19.878456
      0.520000      9.410679      9.410679     18.821358
      0.540000      8.780856      8.780856     17.561712
      0.560000      8.134414      8.134414     16.268829
      0.580000      7.577358      7.577358     15.154715
      0.600000      7.208485      7.208485     14.416970
      0.620000      7.086227      7.086227     14.172453
      0.640000      7.205948      7.205948     14.411896
      0.660000      7.498756      7.498756     14.997512
      0.680000      7.852517      7.852517     15.705033
      0.700000      8.145656      8.145656     16.291313
      0.720000      8.280256      8.280256     16.560513
      0.740000      8.204182      8.204182     16.408364
      0.760000      7.918843      7.918843     15.837687
      0.780000      7.474695      7.474695     14.949389
      0.800000      6.958254      6.958254     13.916509
      0.820000      6.473174      6.473174     12.946349
      0.840000      6.116589      6.116589     12.233178
      0.860000      5.952883      5.952883     11.905765
      0.880000      5.990304      5.990304     11.980609
      0.900000      6.169316      6.169316     12.338632
      0.920000      6.371519      6.371519     12.743038
      0.940000      6.451799      6.451799     12.903598
      0.960000      6.285310      6.285310     12.570620
      0.980000      5.811162      5.811162     11.622325
      1.000000      5.053495      5.053495     10.106990
      1.020000      4.110563      4.110563      8.221127
      1.040000      3.118294      3.118294      6.236588
      1.060000      2.206737      2.206737      4.413474
      1.080000      1.469006      1.469006      2.938011
      1.100000      0.953286      0.953286      1.906572
      1.120000      0.675977      0.675977      1.351954
      1.140000      0.644916      0.644916      1.289833
      1.160000      0.878970      0.878970      1.757940
      1.180000      1.412907      1.412907      2.825813
      1.200000      2.282519      2.282519      4.565038
      1.220000      3.493165      3.493165      6.986330
      1.240000      4.984127      4.984127      9.968254
      1.260000      6.607793      6.607793     13.215587
      1.280000      8.141240      8.141240     16.282480
      1.300000      9.335247      9.335247     18.670494
      1.320000      9.986377      9.986377     19.972754
      1.340000     10.002808     10.002808     20.005616
      1.360000      9.435035      9.435035     18.870069
      1.380000      8.459475      8.459475     16.918950
      1.400000      7.325592      7.325592     14.651185
      1.420000      6.290667      6.290667     12.581333
      1.440000      5.564172      5.564172     11.128344
      1.460000      5.271769      5.271769     10.543539
      1.480000      5.439041      5.439041     10.878082
      1.500000      5.993762      5.993762     11.987524
      1.520000      6.788667      6.788667     13.577333
      1.540000      7.645197      7.645197     15.290394
      1.560000      8.408757      8.408757     16.817514
      1.580000      8.994258      8.994258     17.988517
      1.600000      9.399223      9.399223     18.798445
      1.620000      9.676287      9.676287     19.352574
      1.640000      9.880221      9.880221     19.760442
      1.660000     10.020326     10.020326     20.040653
      1.680000     10.045326     10.045326     20.090652
      1.700000      9.867014      9.867014     19.734028
      1.720000      9.405956      9.405956     18.811912
      1.740000      8.632708      8.632708     17.265415
      1.760000      7.585401      7.585401     15.170803
      1.780000      6.360863      6.360863     12.721727
      1.800000      5.089615      5.089615     10.179229
      1.820000      3.908785      3.908785      7.817569
      1.840000      2.942623      2.942623      5.885246
      1.860000      2.293086      2.293086      4.586172
      1.880000      2.036846      2.036846      4.073692
      1.900000      2.221855      2.221855      4.443710
      1.920000      2.857301      2.857301      5.714601
      1.940000      3.896204      3.896204      7.792408
      1.960000      5.218518      5.218518     10.437035
      1.980000      6.629327      6.629327     13.258653
      2.000000      7.885231      7.885231     15.770461
      2.020000      8.749688      8.749688     17.499376
      2.040000      9.060423      9.060423     18.120846
      2.060000      8.780379      8.780379     17.560757
      2.080000      8.007532      8.007532     16.015064
      2.100000      6.937755      6.937755     13.875509
      2.120000      5.797726      5.797726     11.595452
      2.140000      4.777784      4.777784      9.555567
      2.160000      3.990751      3.990751      7.981502
      2.180000      3.466594      3.466594      6.933188
      2.200000      3.175273      3.175273      6.350547
      2.220000      3.060794      3.060794      6.121587
      2.240000      3.070767      3.070767      6.141535
      2.260000      3.173832      3.173832      6.347665
      2.280000      3.365371      3.365371      6.730742
      2.300000      3.665402      3.665402      7.330804
      2.320000      4.110680      4.110680      8.221361
      2.340000      4.739543      4.739543      9.479086
      2.360000      5.568042      5.568042     11.136084
      2.380000      6.561720      6.561720     13.123439
      2.400000      7.615926      7.615926     15.231851
      2.420000      8.561245      8.561245     17.122489
      2.440000      9.203021      9.203021     18.406042
      2.460000      9.386175      9.386175     18.772350
      2.480000      9.058544      9.058544     18.117087
      2.500000      8.300889      8.300889     16.601777
      2.520000      7.305510      7.305510     14.611020
      2.540000      6.311363      6.311363     12.622726
      2.560000      5.525947      5.525947     11.051894
      2.580000      5.069471      5.069471     10.138942
      2.600000      4.962647      4.962647      9.925294
      2.620000      5.155647      5.155647     10.311293
      2.640000      5.576244      5.576244     11.152488
      2.660000      6.169475      6.169475     12.338951
      2.680000      6.910002      6.910002     13.820005
      2.700000      7.785422      7.785422     15.570843
      2.720000      8.764989      8.764989     17.529979
      2.740000      9.776171      9.776171     19.552342
      2.760000     10.707309     10.707309     21.414617
      2.780000     11.440038     11.440038     22.880075
      2.800000     11.896596     11.896596     23.793193
      2.820000     12.075206     12.075206     24.150411
      2.840000     12.049799     12.049799     24.099598
      2.860000     11.929166     11.929166     23.858331
      2.880000     11.795075     11.795075     23.590151
      2.900000     11.653702     11.653702     23.307404
      2.920000     11.429012     11.429012     22.858025
      2.940000     11.003073     11.003073     22.006146
      2.960000     10.281114     10.281114     20.562227
      2.980000      9.245798      9.245798     18.491596
      3.000000      7.973299      7.973299     15.946598
      3.020000      6.606833      6.606833     13.213665
      3.040000      5.305736      5.305736     10.611472
      3.060000      4.196899      4.196899      8.393798
      3.080000      3.348067      3.348067      6.696134
      3.100000      2.767190      2.767190      5.534381
      3.120000      2.419202      2.419202      4.838403
      3.140000      2.247387      2.247387      4.494774
      3.160000      2.190015      2.190015      4.380031
      3.180000      2.189372      2.189372      4.378743
      3.200000      2.195361      2.195361      4.390723
      3.220000      2.167479      2.167479      4.334957
      3.240000      2.077584      2.077584      4.155168
      3.260000      1.913396      1.913396      3.826792
      3.280000      1.680668      1.680668      3.361336
      3.300000      1.401883      1.401883      2.803767
      3.320000      1.110868      1.110868      2.221736
      3.340000      0.844867      0.844867      1.689735
      3.360000      0.636845      0.636845      1.273691
      3.380000      0.510280      0.510280      1.020560
      3.400000      0.477042      0.477042      0.954083
      3.420000      0.537391      0.537391      1.074782
      3.440000      0.680805      0.680805      1.361610
      3.460000      0.887211      0.887211      1.774422
      3.480000      1.129306      1.129306      2.258612
      3.500000      1.376812      1.376812      2.753624
      3.520000      1.602491      1.602491      3.204983
      3.540000      1.788342      1.788342      3.576685
      3.560000      1.929766      1.929766      3.859533
      3.580000      2.036280      2.036280      4.072560
      3.600000      2.129000      2.129000      4.258001
      3.620000      2.236527      2.236527      4.473054
      3.640000      2.391032      2.391032      4.782064
      3.660000      2.625338      2.625338      5.250675
      3.680000      2.970197      2.970197      5.940394
      3.700000      3.449856      3.449856      6.899713
      3.720000      4.074133      4.074133      8.148265
      3.740000      4.827008      4.827008      9.654015
      3.760000      5.654987      5.654987     11.309975
      3.780000      6.461876      6.461876     12.923751
      3.800000      7.117672      7.117672     14.235345
      3.820000      7.485507      7.485507     14.971015
      3.840000      7.461820      7.461820     14.923640
      3.860000      7.015500      7.015500     14.031000
      3.880000      6.208073      6.208073     12.416145
      3.900000      5.183458      5.183458     10.366916
      3.920000      4.129842      4.129842      8.259684
      3.940000      3.229290      3.229290      6.458580
      3.960000      2.614908      2.614908      5.229816
      3.980000      2.348877      2.348877      4.697754
      4.000000      2.423186      2.423186      4.846372
      4.020000      2.775869      2.775869      5.551738
      4.040000      3.313189      3.313189      6.626378
      4.060000      3.931287      3.931287      7.862574
      4.080000      4.535331      4.535331      9.070663
      4.100000      5.056536      5.056536     10.113071
      4.120000      5.466271      5.466271     10.932543
      4.140000      5.783316      5.783316     11.566633
      4.160000      6.068505      6.068505     12.137011
      4.180000      6.404067      6.404067     12.808134
      4.200000      6.862826      6.862826     13.725653
      4.220000      7.480309      7.480309     14.960619
      4.240000      8.243451      8.243451     16.486902
      4.260000      9.100289      9.100289     18.200577
      4.280000      9.981657      9.981657     19.963314
      4.300000     10.819489     10.819489     21.638977
      4.320000     11.552894     11.552894     23.105788
      4.340000     12.126691     12.126691     24.253383
      4.360000     12.494184     12.494184     24.988369
      4.380000     12.629083     12.629083     25.258165
      4.400000     12.537372     12.537372     25.074745
      4.420000     12.253966     12.253966     24.507932
      4.440000     11.819432     11.819432     23.638864
      4.460000     11.250858     11.250858     22.501716
      4.480000     10.530246     10.530246     21.060492
      4.500000      9.623513      9.623513     19.247026
      4.520000      8.520638      8.520638     17.041276
      4.540000      7.270989      7.270989     14.541978
      4.560000      5.990328      5.990328     11.980656
      4.580000      4.834185      4.834185      9.668370
      4.600000      3.951730      3.951730      7.903459
      4.620000      3.441954      3.441954      6.883908
      4.640000      3.328186      3.328186      6.656371
      4.660000      3.555232      3.555232      7.110465
      4.680000      4.004716      4.004716      8.009432
      4.700000      4.521655      4.521655      9.043311
      4.720000      4.946594      4.946594      9.893189
      4.740000      5.148403      5.148403     10.296806
      4.760000      5.051728      5.051728     10.103456
      4.780000      4.651897      4.651897      9.303795
      4.800000      4.011996      4.011996      8.023992
      4.820000      3.242713      3.242713      6.485425
      4.840000      2.472818      2.472818      4.945635
      4.860000      1.822078      1.822078      3.644155
      4.880000      1.386059      1.386059      2.772119
      4.900000      1.234609      1.234609      2.469217
      4.920000      1.417319      1.417319      2.834637
      4.940000      1.965253      1.965253      3.930507
      4.960000      2.881349      2.881349      5.762699
      4.980000      4.121028      4.121028      8.242055
      5.000000      5.574574      5.574574     11.149148
      5.020000      7.067132      7.067132     14.134263
      5.040000      8.386322      8.386322     16.772644
      5.060000      9.333211      9.333211     18.666422
      5.080000      9.777718      9.777718     19.555436
      5.100000      9.694573      9.694573     19.389146
      5.120000      9.164736      9.164736     18.329472
      5.140000      8.344371      8.344371     16.688742
      5.160000      7.417844      7.417844     14.835687
      5.180000      6.554450      6.554450     13.108900
      5.200000      5.881116      5.881116     11.762232
      5.220000      5.472177      5.472177     10.944353
      5.240000      5.350045      5.350045     10.700090
      5.260000      5.489791      5.489791     10.979581
      5.280000      5.824474      5.824474     11.648947
      5.300000      6.252747      6.252747     12.505494
      5.320000      6.652505      6.652505     13.305010
      5.340000      6.902628      6.902628     13.805256
      5.360000      6.909879      6.909879     13.819758
      5.380000      6.632724      6.632724     13.265448
      5.400000      6.092274      6.092274     12.184548
      5.420000      5.364741      5.364741     10.729481
      5.440000      4.557886      4.557886      9.115772
      5.460000      3.781232      3.781232      7.562464
      5.480000      3.121856      3.121856      6.243711
      5.500000      2.633678      2.633678      5.267356
      5.520000      2.341124      2.341124      4.682248
      5.540000      2.251952      2.251952      4.503905
      5.560000      2.371521      2.371521      4.743041
      5.580000      2.711684      2.711684      5.423368
      5.600000      3.290446      3.290446      6.580892
      5.620000      4.121899      4.121899      8.243798
      5.640000      5.199384      5.199384     10.398769
      5.660000      6.477897      6.477897     12.955794
      5.680000      7.863814      7.863814     15.727629
      5.700000      9.219665      9.219665     18.439330
      5.720000     10.387492     10.387492     20.774985
      5.740000     11.226688     11.226688     22.453376
      5.760000     11.653552     11.653552     23.307104
      5.780000     11.665120     11.665120     23.330241
      5.800000     11.333566     11.333566     22.667133
      5.820000     10.770628     10.770628     21.541256
      5.840000     10.078324     10.078324     20.156647
      5.860000      9.312189      9.312189     18.624378
      5.880000      8.477921      8.477921     16.955841
      5.900000      7.562850      7.562850     15.125700
      5.920000      6.582142      6.582142     13.164285
      5.940000      5.610431      5.610431     11.220862
      5.960000      4.778548      4.778548      9.557096
      5.980000      4.235123      4.235123      8.470245
      6.000000      4.090892      4.090892      8.181783
      6.020000      4.370588      4.370588      8.741177
      6.040000      4.992722      4.992722      9.985443
      6.060000      5.786240      5.786240     11.572479
      6.080000      6.539672      6.539672     13.079343
      6.100000      7.066246      7.066246     14.132491
      6.120000      7.261493      7.261493     14.522986
      6.140000      7.131961      7.131961     14.263923
      6.160000      6.785459      6.785459     13.570917
      6.180000      6.389407      6.389407     12.778813
      6.200000      6.115669      6.115669     12.231338
      6.220000      6.092031      6.092031     12.184062
      6.240000      6.373612      6.373612     12.747225
      6.260000      6.937890      6.937890     13.875780
      6.280000      7.699747      7.699747     15.399495
      6.300000      8.539083      8.539083     17.078167
      6.320000      9.331519      9.331519     18.663038
      6.340000      9.972307      9.972307     19.944613
      6.360000     10.386367     10.386367     20.772735
      6.380000     10.524395     10.524395     21.048791
      6.400000     10.353234     10.353234     20.706467
      6.420000      9.852197      9.852197     19.704395
      6.440000      9.021731      9.021731     18.043463
      6.460000      7.899567      7.899567     15.799135
      6.480000      6.570933      6.570933     13.141865
      6.500000      5.160812      5.160812     10.321624
      6.520000      3.807268      3.807268      7.614536
      6.540000      2.627146      2.627146      5.254292
      6.560000      1.690089      1.690089      3.380178
      6.580000      1.011148      1.011148      2.022296
      6.600000      0.561568      0.561568      1.123135
      6.620000      0.289139      0.289139      0.578279
      6.640000      0.137947      0.137947      0.275894
      6.660000      0.061189      0.061189      0.122378
      6.680000      0.026052      0.026052      0.052104
      6.700000      0.013169      0.013169      0.026338
      6.720000      0.014124      0.014124      0.028248
      6.740000      0.029699      0.029699      0.059398
      6.760000      0.070191      0.070191      0.140381
      6.780000      0.157725      0.157725      0.315450
      6.800000      0.329034      0.329034      0.658067
      6.820000      0.635585      0.635585      1.271170
      6.840000      1.137064      1.137064      2.274129
      6.860000      1.885253      1.885253      3.770506
      6.880000      2.899598      2.899598      5.799197
      6.900000      4.142253      4.142253      8.284507
      6.920000      5.505579      5.505579     11.011159
      6.940000      6.824083      6.824083     13.648165
      6.960000      7.913337      7.913337     15.826674
      6.980000      8.624350      8.624350     17.248700
      7.000000      8.891720      8.891720     17.783440
      7.020000      8.755310      8.755310     17.510621
      7.040000      8.347872      8.347872     16.695744
      7.060000      7.856743      7.856743     15.713486
      7.080000      7.476226      7.476226     14.952453
      7.100000      7.364764      7.364764     14.729529
      7.120000      7.612744      7.612744     15.225489
      7.140000      8.221238      8.221238     16.442475
      7.160000      9.093335      9.093335     18.186671
      7.180000     10.044180     10.044180     20.088361
      7.200000     10.835791     10.835791     21.671581
      7.220000     11.234435     11.234435     22.468869
      7.240000     11.075489     11.075489     22.150978
      7.260000     10.312401     10.312401     20.624803
      7.280000      9.029661      9.029661     18.059323
      7.300000      7.414162      7.414162     14.828324
      7.320000      5.697212      5.697212     11.394425
      7.340000      4.090861      4.090861      8.181723
      7.360000      2.741587      2.741587      5.483174
      7.380000      1.713546      1.713546      3.427093
      7.400000      0.999601      0.999601      1.999203
      7.420000      0.548625      0.548625      1.097249
      7.440000      0.295554      0.295554      0.591108
      7.460000      0.184817      0.184817      0.369633
      7.480000      0.183783      0.183783      0.367565
      7.500000      0.287066      0.287066      0.574132
      7.520000      0.513438      0.513438      1.026876
      7.540000      0.896186      0.896186      1.792372
      7.560000      1.467407      1.467407      2.934813
      7.580000      2.238824      2.238824      4.477648
      7.600000      3.185732      3.185732      6.371464
      7.620000      4.243398      4.243398      8.486796
      7.640000      5.322633      5.322633     10.645267
      7.660000      6.341817      6.341817     12.683634
      7.680000      7.260566      7.260566     14.521131
      7.700000      8.094086      8.094086     16.188172
      7.720000      8.894184      8.894184     17.788368
      7.740000      9.701940      9.701940     19.403880
      7.760000     10.497198     10.497198     20.994396
      7.780000     11.177045     11.177045     22.354091
      7.800000     11.582209     11.582209     23.164417
      7.820000     11.563400     11.563400     23.126801
      7.840000     11.055531     11.055531     22.111062
      7.860000     10.121531     10.121531     20.243062
      7.880000      8.942752      8.942752     17.885505
      7.900000      7.759770      7.759770     15.519540
      7.920000      6.790337      6.790337     13.580674
      7.940000      6.159255      6.159255     12.318510
      7.960000      5.866587      5.866587     11.733174
      7.980000      5.802763      5.802763     11.605526
      8.000000      5.800697      5.800697     11.601394
      8.020000      5.702913      5.702913     11.405826
      8.040000      5.418805      5.418805     10.837609
      8.060000      4.953108      4.953108      9.906215
      8.080000      4.398421      4.398421      8.796843
      8.100000      3.897568      3.897568      7.795137
      8.120000      3.591091      3.591091      7.182182
      8.140000      3.568522      3.568522      7.137044
      8.160000      3.839300      3.839300      7.678600
      8.180000      4.332373      4.332373      8.664746
      8.200000      4.924728      4.924728      9.849455
      8.220000      5.489854      5.489854     10.979708
      8.240000      5.949302      5.949302     11.898604
      8.260000      6.306853      6.306853     12.613707
      8.280000      6.648675      6.648675     13.297350
      8.300000      7.105079      7.105079     14.210158
      8.320000      7.786771      7.786771     15.573542
      8.340000      8.722915      8.722915     17.445830
      8.360000      9.831299      9.831299     19.662598
      8.380000     10.938007     10.938007     21.876015
      8.400000     11.839878     11.839878     23.679756
      8.420000     12.380328     12.380328     24.760655
      8.440000     12.501958     12.501958     25.003917
      8.460000     12.253130     12.253130     24.506259
      8.480000     11.752098     11.752098     23.504196
      8.500000     11.134224     11.134224     22.268449
      8.520000     10.511508     10.511508     21.023016
      8.540000      9.959209      9.959209     19.918418
      8.560000      9.524222      9.524222     19.048444
      8.580000      9.239027      9.239027     18.478053
      8.600000      9.128675      9.128675     18.257349
      8.620000      9.209558      9.209558     18.419117
      8.640000      9.486161      9.486161     18.972323
      8.660000      9.950361      9.950361     19.900721
      8.680000     10.581485     10.581485     21.162971
      8.700000     11.342661     11.342661     22.685323
      8.720000     12.173357     12.173357     24.346713
      8.740000     12.984832     12.984832     25.969664
      8.760000     13.666976     13.666976     27.333952
      8.780000     14.109314     14.109314     28.218628
      8.800000     14.230437     14.230437     28.460874
      8.820000     14.005335     14.005335     28.010670
      8.840000     13.481235     13.481235     26.962471
      8.860000     12.776336     12.776336     25.552672
      8.880000     12.058662     12.058662     24.117325
      8.900000     11.504894     11.504894     23.009789
      8.920000     11.245063     11.245063     22.490127
      8.940000     11.309195     11.309195     22.618390
      8.960000     11.599924     11.599924     23.199849
      8.980000     11.911482     11.911482     23.822963
      9.000000     11.996846     11.996846     23.993692
      9.020000     11.659765     11.659765     23.319529
      9.040000     10.832403     10.832403     21.664806
      9.060000      9.604060      9.604060     19.208121
      9.080000      8.189469      8.189469     16.378938
      9.100000      6.852762      6.852762     13.705525
      9.120000      5.820030      5.820030     11.640060
      9.140000      5.213007      5.213007     10.426014
      9.160000      5.023162      5.023162     10.046325
      9.180000      5.128487      5.128487     10.256974
      9.200000      5.341833      5.341833     10.683666
      9.220000      5.472519      5.472519     10.945038
      9.240000      5.381783      5.381783     10.763566
      9.260000      5.016710      5.016710     10.033420
      9.280000      4.415408      4.415408      8.830815
      9.300000      3.686071      3.686071      7.372141
      9.320000      2.970603      2.970603      5.941206
      9.340000      2.406367      2.406367      4.812734
      9.360000      2.096724      2.096724      4.193448
      9.380000      2.094915      2.094915      4.189829
      9.400000      2.400480      2.400480      4.800960
      9.420000      2.965354      2.965354      5.930708
      9.440000      3.707380      3.707380      7.414760
      9.460000      4.529633      4.529633      9.059266
      9.480000      5.342622      5.342622     10.685243
      9.500000      6.083852      6.083852     12.167704
      9.520000      6.728126      6.728126     13.456251
      9.540000      7.284605      7.284605     14.569209
      9.560000      7.782620      7.782620     15.565239
      9.580000      8.253846      8.253846     16.507693
      9.600000      8.719853      8.719853     17.439706
      9.620000      9.189779      9.189779     18.379557
      9.640000      9.666012      9.666012     19.332023
      9.660000     10.151296     10.151296     20.302592
      9.680000     10.651645     10.651645     21.303290
      9.700000     11.174222     11.174222     22.348445
      9.720000     11.723468     11.723468     23.446936
      9.740000     12.299208     12.299208     24.598416
      9.760000     12.898193     12.898193     25.796385
      9.780000     13.518111     13.518111     27.036222
      9.800000     14.162056     14.162056     28.324111
      9.820000     14.840810     14.840810     29.681621
      9.840000     15.569944     15.569944     31.139887
      9.860000     16.359869     16.359869     32.719737
      9.880000     17.201243     17.201243     34.402486
      9.900000     18.053509     18.053509     36.107018
      9.920000     18.846345     18.846345     37.692691
      9.940000     19.498544     19.498544     38.997087
      9.960000     19.947995     19.947995     39.895990
      9.980000     20.176922     20.176922     40.353844
     10.000000     20.215949     20.215949     40.431899
