# EIG2DOS: Utility for SIESTA to obtain the electronic density of states
#  E. Artacho, Apr 1999, A. Garcia, Apr 2012
# ------------------------------------------
# Eigenvalues read from GRP_doping.EIG
# Using smearing parameter:   0.100
# Using   1001 points in energy range
# Selected bands: 1 to: 936
# Emin, emax in file for selected band(s):    -37.7253900    251.8300600
# Nbands, Nspin, Nk   =    936     1   231
# E_F                 =    -5.0713 eV --> (shifted to ZERO)
# Broadening          =     0.1000 eV
#
#        E            N(up)  (=)   N(down)         Ntot
    -10.000000      3.986076      3.986076      7.972152
     -9.980000      3.720166      3.720166      7.440333
     -9.960000      3.598334      3.598334      7.196667
     -9.940000      3.664148      3.664148      7.328297
     -9.920000      3.905493      3.905493      7.810987
     -9.900000      4.256729      4.256729      8.513457
     -9.880000      4.617240      4.617240      9.234480
     -9.860000      4.879608      4.879608      9.759216
     -9.840000      4.958166      4.958166      9.916332
     -9.820000      4.810169      4.810169      9.620337
     -9.800000      4.445229      4.445229      8.890459
     -9.780000      3.921910      3.921910      7.843820
     -9.760000      3.332798      3.332798      6.665597
     -9.740000      2.781541      2.781541      5.563083
     -9.720000      2.357409      2.357409      4.714818
     -9.700000      2.114211      2.114211      4.228422
     -9.680000      2.059677      2.059677      4.119354
     -9.660000      2.158321      2.158321      4.316642
     -9.640000      2.346356      2.346356      4.692712
     -9.620000      2.553186      2.553186      5.106372
     -9.600000      2.722123      2.722123      5.444245
     -9.580000      2.824052      2.824052      5.648104
     -9.560000      2.861236      2.861236      5.722472
     -9.540000      2.862537      2.862537      5.725075
     -9.520000      2.873953      2.873953      5.747905
     -9.500000      2.948295      2.948295      5.896590
     -9.480000      3.135686      3.135686      6.271372
     -9.460000      3.474143      3.474143      6.948285
     -9.440000      3.979016      3.979016      7.958031
     -9.420000      4.632124      4.632124      9.264249
     -9.400000      5.374939      5.374939     10.749879
     -9.380000      6.112336      6.112336     12.224671
     -9.360000      6.731598      6.731598     13.463196
     -9.340000      7.134858      7.134858     14.269717
     -9.320000      7.274604      7.274604     14.549208
     -9.300000      7.176426      7.176426     14.352852
     -9.280000      6.935465      6.935465     13.870930
     -9.260000      6.683715      6.683715     13.367430
     -9.240000      6.539712      6.539712     13.079424
     -9.220000      6.562201      6.562201     13.124402
     -9.200000      6.728769      6.728769     13.457539
     -9.180000      6.948939      6.948939     13.897878
     -9.160000      7.104971      7.104971     14.209941
     -9.140000      7.101504      7.101504     14.203009
     -9.120000      6.903032      6.903032     13.806064
     -9.100000      6.545964      6.545964     13.091927
     -9.080000      6.124335      6.124335     12.248671
     -9.060000      5.758407      5.758407     11.516813
     -9.040000      5.559212      5.559212     11.118424
     -9.020000      5.599602      5.599602     11.199204
     -9.000000      5.896599      5.896599     11.793199
     -8.980000      6.405228      6.405228     12.810456
     -8.960000      7.022754      7.022754     14.045509
     -8.940000      7.603834      7.603834     15.207668
     -8.920000      7.987881      7.987881     15.975763
     -8.900000      8.036911      8.036911     16.073822
     -8.880000      7.675354      7.675354     15.350709
     -8.860000      6.917698      6.917698     13.835396
     -8.840000      5.871126      5.871126     11.742251
     -8.820000      4.710184      4.710184      9.420368
     -8.800000      3.633516      3.633516      7.267032
     -8.780000      2.820208      2.820208      5.640415
     -8.760000      2.400458      2.400458      4.800915
     -8.740000      2.444994      2.444994      4.889987
     -8.720000      2.967963      2.967963      5.935925
     -8.700000      3.934988      3.934988      7.869976
     -8.680000      5.271414      5.271414     10.542828
     -8.660000      6.870353      6.870353     13.740707
     -8.640000      8.601649      8.601649     17.203298
     -8.620000     10.321568     10.321568     20.643137
     -8.600000     11.882557     11.882557     23.765113
     -8.580000     13.144568     13.144568     26.289136
     -8.560000     13.991664     13.991664     27.983328
     -8.540000     14.355022     14.355022     28.710044
     -8.520000     14.235641     14.235641     28.471282
     -8.500000     13.713088     13.713088     27.426176
     -8.480000     12.928940     12.928940     25.857881
     -8.460000     12.046732     12.046732     24.093465
     -8.440000     11.205458     11.205458     22.410916
     -8.420000     10.488319     10.488319     20.976639
     -8.400000      9.917708      9.917708     19.835416
     -8.380000      9.469946      9.469946     18.939892
     -8.360000      9.093752      9.093752     18.187504
     -8.340000      8.721876      8.721876     17.443752
     -8.320000      8.278712      8.278712     16.557423
     -8.300000      7.693931      7.693931     15.387861
     -8.280000      6.926325      6.926325     13.852650
     -8.260000      5.989417      5.989417     11.978834
     -8.240000      4.963873      4.963873      9.927746
     -8.220000      3.987595      3.987595      7.975190
     -8.200000      3.227002      3.227002      6.454004
     -8.180000      2.841365      2.841365      5.682731
     -8.160000      2.950430      2.950430      5.900860
     -8.140000      3.608224      3.608224      7.216449
     -8.120000      4.782040      4.782040      9.564079
     -8.100000      6.339541      6.339541     12.679082
     -8.080000      8.054385      8.054385     16.108770
     -8.060000      9.641713      9.641713     19.283427
     -8.040000     10.823697     10.823697     21.647394
     -8.020000     11.406515     11.406515     22.813029
     -8.000000     11.337010     11.337010     22.674020
     -7.980000     10.711582     10.711582     21.423164
     -7.960000      9.731827      9.731827     19.463653
     -7.940000      8.628114      8.628114     17.256228
     -7.920000      7.586644      7.586644     15.173288
     -7.900000      6.709325      6.709325     13.418650
     -7.880000      6.014990      6.014990     12.029979
     -7.860000      5.469599      5.469599     10.939198
     -7.840000      5.024009      5.024009     10.048018
     -7.820000      4.642181      4.642181      9.284362
     -7.800000      4.313371      4.313371      8.626742
     -7.780000      4.050440      4.050440      8.100880
     -7.760000      3.879546      3.879546      7.759091
     -7.740000      3.825977      3.825977      7.651953
     -7.720000      3.900150      3.900150      7.800301
     -7.700000      4.087866      4.087866      8.175732
     -7.680000      4.348440      4.348440      8.696880
     -7.660000      4.622029      4.622029      9.244058
     -7.640000      4.843981      4.843981      9.687962
     -7.620000      4.961485      4.961485      9.922971
     -7.600000      4.947433      4.947433      9.894867
     -7.580000      4.807688      4.807688      9.615375
     -7.560000      4.579763      4.579763      9.159527
     -7.540000      4.322834      4.322834      8.645668
     -7.520000      4.101379      4.101379      8.202758
     -7.500000      3.967414      3.967414      7.934829
     -7.480000      3.947472      3.947472      7.894944
     -7.460000      4.038886      4.038886      8.077772
     -7.440000      4.215916      4.215916      8.431833
     -7.420000      4.442383      4.442383      8.884766
     -7.400000      4.685840      4.685840      9.371680
     -7.380000      4.928907      4.928907      9.857814
     -7.360000      5.174266      5.174266     10.348532
     -7.340000      5.440322      5.440322     10.880645
     -7.320000      5.746213      5.746213     11.492425
     -7.300000      6.089768      6.089768     12.179535
     -7.280000      6.428985      6.428985     12.857969
     -7.260000      6.680907      6.680907     13.361814
     -7.240000      6.745986      6.745986     13.491972
     -7.220000      6.551620      6.551620     13.103239
     -7.200000      6.094326      6.094326     12.188651
     -7.180000      5.456725      5.456725     10.913450
     -7.160000      4.787152      4.787152      9.574303
     -7.140000      4.249346      4.249346      8.498692
     -7.120000      3.964829      3.964829      7.929659
     -7.100000      3.972594      3.972594      7.945189
     -7.080000      4.220368      4.220368      8.440735
     -7.060000      4.586767      4.586767      9.173535
     -7.040000      4.922320      4.922320      9.844640
     -7.020000      5.093404      5.093404     10.186808
     -7.000000      5.015785      5.015785     10.031571
     -6.980000      4.670376      4.670376      9.340751
     -6.960000      4.100276      4.100276      8.200553
     -6.940000      3.393417      3.393417      6.786835
     -6.920000      2.658317      2.658317      5.316633
     -6.900000      2.001218      2.001218      4.002435
     -6.880000      1.510715      1.510715      3.021431
     -6.860000      1.251486      1.251486      2.502972
     -6.840000      1.263690      1.263690      2.527381
     -6.820000      1.561814      1.561814      3.123628
     -6.800000      2.128339      2.128339      4.256679
     -6.780000      2.903477      2.903477      5.806953
     -6.760000      3.778884      3.778884      7.557767
     -6.740000      4.605873      4.605873      9.211746
     -6.720000      5.223697      5.223697     10.447394
     -6.700000      5.502586      5.502586     11.005172
     -6.680000      5.385694      5.385694     10.771389
     -6.660000      4.911499      4.911499      9.822998
     -6.640000      4.206262      4.206262      8.412525
     -6.620000      3.450367      3.450367      6.900735
     -6.600000      2.833593      2.833593      5.667185
     -6.580000      2.516075      2.516075      5.032149
     -6.560000      2.604293      2.604293      5.208585
     -6.540000      3.141516      3.141516      6.283032
     -6.520000      4.106782      4.106782      8.213563
     -6.500000      5.417852      5.417852     10.835704
     -6.480000      6.938464      6.938464     13.876928
     -6.460000      8.493363      8.493363     16.986726
     -6.440000      9.893230      9.893230     19.786460
     -6.420000     10.966731     10.966731     21.933461
     -6.400000     11.592088     11.592088     23.184176
     -6.380000     11.718937     11.718937     23.437875
     -6.360000     11.373687     11.373687     22.747374
     -6.340000     10.646975     10.646975     21.293949
     -6.320000      9.667801      9.667801     19.335602
     -6.300000      8.573530      8.573530     17.147059
     -6.280000      7.486413      7.486413     14.972827
     -6.260000      6.504694      6.504694     13.009387
     -6.240000      5.709584      5.709584     11.419168
     -6.220000      5.180751      5.180751     10.361502
     -6.200000      5.006357      5.006357     10.012715
     -6.180000      5.273965      5.273965     10.547930
     -6.160000      6.037690      6.037690     12.075380
     -6.140000      7.272144      7.272144     14.544288
     -6.120000      8.836947      8.836947     17.673893
     -6.100000     10.477812     10.477812     20.955623
     -6.080000     11.876775     11.876775     23.753550
     -6.060000     12.739821     12.739821     25.479642
     -6.040000     12.888080     12.888080     25.776161
     -6.020000     12.312949     12.312949     24.625898
     -6.000000     11.170910     11.170910     22.341819
     -5.980000      9.722377      9.722377     19.444754
     -5.960000      8.244165      8.244165     16.488330
     -5.940000      6.953843      6.953843     13.907687
     -5.920000      5.973729      5.973729     11.947458
     -5.900000      5.340704      5.340704     10.681407
     -5.880000      5.046964      5.046964     10.093927
     -5.860000      5.084817      5.084817     10.169634
     -5.840000      5.469052      5.469052     10.938104
     -5.820000      6.222666      6.222666     12.445332
     -5.800000      7.332093      7.332093     14.664186
     -5.780000      8.698528      8.698528     17.397057
     -5.760000     10.121237     10.121237     20.242473
     -5.740000     11.337468     11.337468     22.674936
     -5.720000     12.113130     12.113130     24.226261
     -5.700000     12.344101     12.344101     24.688203
     -5.680000     12.112497     12.112497     24.224994
     -5.660000     11.659241     11.659241     23.318482
     -5.640000     11.277391     11.277391     22.554782
     -5.620000     11.175133     11.175133     22.350266
     -5.600000     11.376211     11.376211     22.752423
     -5.580000     11.707348     11.707348     23.414696
     -5.560000     11.877508     11.877508     23.755016
     -5.540000     11.608053     11.608053     23.216105
     -5.520000     10.750480     10.750480     21.500961
     -5.500000      9.339863      9.339863     18.679726
     -5.480000      7.568344      7.568344     15.136688
     -5.460000      5.702423      5.702423     11.404847
     -5.440000      3.989100      3.989100      7.978200
     -5.420000      2.591246      2.591246      5.182491
     -5.400000      1.569790      1.569790      3.139579
     -5.380000      0.905606      0.905606      1.811212
     -5.360000      0.540319      0.540319      1.080637
     -5.340000      0.415301      0.415301      0.830602
     -5.320000      0.496379      0.496379      0.992759
     -5.300000      0.780659      0.780659      1.561319
     -5.280000      1.287688      1.287688      2.575376
     -5.260000      2.040169      2.040169      4.080337
     -5.240000      3.041591      3.041591      6.083182
     -5.220000      4.259562      4.259562      8.519124
     -5.200000      5.622508      5.622508     11.245015
     -5.180000      7.032148      7.032148     14.064297
     -5.160000      8.386400      8.386400     16.772800
     -5.140000      9.601866      9.601866     19.203732
     -5.120000     10.626026     10.626026     21.252052
     -5.100000     11.436077     11.436077     22.872155
     -5.080000     12.028963     12.028963     24.057926
     -5.060000     12.410033     12.410033     24.820065
     -5.040000     12.585215     12.585215     25.170429
     -5.020000     12.557170     12.557170     25.114341
     -5.000000     12.323794     12.323794     24.647587
     -4.980000     11.878407     11.878407     23.756815
     -4.960000     11.212876     11.212876     22.425753
     -4.940000     10.325071     10.325071     20.650143
     -4.920000      9.230075      9.230075     18.460151
     -4.900000      7.971538      7.971538     15.943076
     -4.880000      6.627866      6.627866     13.255731
     -4.860000      5.309036      5.309036     10.618072
     -4.840000      4.143498      4.143498      8.286995
     -4.820000      3.258555      3.258555      6.517109
     -4.800000      2.759299      2.759299      5.518598
     -4.780000      2.709912      2.709912      5.419824
     -4.760000      3.119313      3.119313      6.238627
     -4.740000      3.933301      3.933301      7.866602
     -4.720000      5.037370      5.037370     10.074740
     -4.700000      6.274762      6.274762     12.549524
     -4.680000      7.479489      7.479489     14.958977
     -4.660000      8.515329      8.515329     17.030657
     -4.640000      9.305374      9.305374     18.610748
     -4.620000      9.839170      9.839170     19.678340
     -4.600000     10.155962     10.155962     20.311925
     -4.580000     10.315605     10.315605     20.631210
     -4.560000     10.373832     10.373832     20.747663
     -4.540000     10.372200     10.372200     20.744401
     -4.520000     10.340409     10.340409     20.680818
     -4.500000     10.299725     10.299725     20.599451
     -4.480000     10.257819     10.257819     20.515638
     -4.460000     10.195986     10.195986     20.391973
     -4.440000     10.061059     10.061059     20.122118
     -4.420000      9.776543      9.776543     19.553087
     -4.400000      9.277297      9.277297     18.554595
     -4.380000      8.555294      8.555294     17.110588
     -4.360000      7.692462      7.692462     15.384923
     -4.340000      6.859254      6.859254     13.718507
     -4.320000      6.273703      6.273703     12.547407
     -4.300000      6.135443      6.135443     12.270886
     -4.280000      6.560803      6.560803     13.121605
     -4.260000      7.543138      7.543138     15.086275
     -4.240000      8.949971      8.949971     17.899943
     -4.220000     10.553476     10.553476     21.106952
     -4.200000     12.080826     12.080826     24.161652
     -4.180000     13.269131     13.269131     26.538262
     -4.160000     13.913939     13.913939     27.827878
     -4.140000     13.905780     13.905780     27.811561
     -4.120000     13.251957     13.251957     26.503914
     -4.100000     12.080650     12.080650     24.161300
     -4.080000     10.624283     10.624283     21.248566
     -4.060000      9.181678      9.181678     18.363356
     -4.040000      8.063622      8.063622     16.127244
     -4.020000      7.531594      7.531594     15.063188
     -4.000000      7.742283      7.742283     15.484566
     -3.980000      8.710702      8.710702     17.421404
     -3.960000     10.302228     10.302228     20.604457
     -3.940000     12.258427     12.258427     24.516853
     -3.920000     14.252668     14.252668     28.505336
     -3.900000     15.961361     15.961361     31.922722
     -3.880000     17.130021     17.130021     34.260042
     -3.860000     17.615562     17.615562     35.231123
     -3.840000     17.397521     17.397521     34.795042
     -3.820000     16.564839     16.564839     33.129679
     -3.800000     15.291782     15.291782     30.583564
     -3.780000     13.811939     13.811939     27.623878
     -3.760000     12.388049     12.388049     24.776098
     -3.740000     11.269101     11.269101     22.538201
     -3.720000     10.632703     10.632703     21.265405
     -3.700000     10.527023     10.527023     21.054045
     -3.680000     10.839953     10.839953     21.679906
     -3.660000     11.320689     11.320689     22.641377
     -3.640000     11.657823     11.657823     23.315646
     -3.620000     11.588768     11.588768     23.177536
     -3.600000     10.995509     10.995509     21.991019
     -3.580000      9.944921      9.944921     19.889842
     -3.560000      8.657798      8.657798     17.315596
     -3.540000      7.424745      7.424745     14.849490
     -3.520000      6.509122      6.509122     13.018243
     -3.500000      6.075890      6.075890     12.151780
     -3.480000      6.164570      6.164570     12.329140
     -3.460000      6.700456      6.700456     13.400911
     -3.440000      7.525902      7.525902     15.051804
     -3.420000      8.436943      8.436943     16.873886
     -3.400000      9.221426      9.221426     18.442852
     -3.380000      9.701019      9.701019     19.402038
     -3.360000      9.774905      9.774905     19.549810
     -3.340000      9.452611      9.452611     18.905222
     -3.320000      8.858230      8.858230     17.716460
     -3.300000      8.195651      8.195651     16.391301
     -3.280000      7.681782      7.681782     15.363564
     -3.260000      7.471595      7.471595     14.943191
     -3.240000      7.604567      7.604567     15.209134
     -3.220000      7.993524      7.993524     15.987047
     -3.200000      8.459102      8.459102     16.918205
     -3.180000      8.794992      8.794992     17.589985
     -3.160000      8.838580      8.838580     17.677160
     -3.140000      8.521857      8.521857     17.043715
     -3.120000      7.887291      7.887291     15.774582
     -3.100000      7.067949      7.067949     14.135898
     -3.080000      6.243935      6.243935     12.487870
     -3.060000      5.592650      5.592650     11.185299
     -3.040000      5.247265      5.247265     10.494529
     -3.020000      5.269939      5.269939     10.539878
     -3.000000      5.639946      5.639946     11.279893
     -2.980000      6.255852      6.255852     12.511704
     -2.960000      6.953302      6.953302     13.906605
     -2.940000      7.540211      7.540211     15.080423
     -2.920000      7.845209      7.845209     15.690418
     -2.900000      7.765787      7.765787     15.531574
     -2.880000      7.297450      7.297450     14.594900
     -2.860000      6.530732      6.530732     13.061465
     -2.840000      5.617699      5.617699     11.235398
     -2.820000      4.724309      4.724309      9.448618
     -2.800000      3.990116      3.990116      7.980232
     -2.780000      3.509313      3.509313      7.018625
     -2.760000      3.332919      3.332919      6.665838
     -2.740000      3.480230      3.480230      6.960460
     -2.720000      3.945089      3.945089      7.890177
     -2.700000      4.689588      4.689588      9.379175
     -2.680000      5.629773      5.629773     11.259546
     -2.660000      6.627647      6.627647     13.255294
     -2.640000      7.504834      7.504834     15.009667
     -2.620000      8.083489      8.083489     16.166978
     -2.600000      8.243639      8.243639     16.487277
     -2.580000      7.972835      7.972835     15.945671
     -2.560000      7.383074      7.383074     14.766147
     -2.540000      6.683321      6.683321     13.366643
     -2.520000      6.116425      6.116425     12.232850
     -2.500000      5.884741      5.884741     11.769482
     -2.480000      6.091864      6.091864     12.183728
     -2.460000      6.718898      6.718898     13.437796
     -2.440000      7.639582      7.639582     15.279164
     -2.420000      8.666209      8.666209     17.332418
     -2.400000      9.610694      9.610694     19.221388
     -2.380000     10.342147     10.342147     20.684294
     -2.360000     10.823098     10.823098     21.646196
     -2.340000     11.111551     11.111551     22.223103
     -2.320000     11.326117     11.326117     22.652233
     -2.300000     11.585415     11.585415     23.170829
     -2.280000     11.945983     11.945983     23.891966
     -2.260000     12.367785     12.367785     24.735570
     -2.240000     12.727499     12.727499     25.454997
     -2.220000     12.877982     12.877982     25.755964
     -2.200000     12.727266     12.727266     25.454533
     -2.180000     12.296374     12.296374     24.592747
     -2.160000     11.722540     11.722540     23.445080
     -2.140000     11.201557     11.201557     22.403115
     -2.120000     10.895800     10.895800     21.791600
     -2.100000     10.854221     10.854221     21.708441
     -2.080000     10.985200     10.985200     21.970399
     -2.060000     11.095470     11.095470     22.190940
     -2.040000     10.974471     10.974471     21.948941
     -2.020000     10.482737     10.482737     20.965474
     -2.000000      9.605577      9.605577     19.211154
     -1.980000      8.454792      8.454792     16.909583
     -1.960000      7.226461      7.226461     14.452921
     -1.940000      6.137664      6.137664     12.275329
     -1.920000      5.365259      5.365259     10.730519
     -1.900000      5.001747      5.001747     10.003494
     -1.880000      5.035666      5.035666     10.071332
     -1.860000      5.360082      5.360082     10.720164
     -1.840000      5.809066      5.809066     11.618132
     -1.820000      6.214179      6.214179     12.428357
     -1.800000      6.462243      6.462243     12.924486
     -1.780000      6.529943      6.529943     13.059886
     -1.760000      6.477760      6.477760     12.955519
     -1.740000      6.405076      6.405076     12.810153
     -1.720000      6.389751      6.389751     12.779502
     -1.700000      6.445198      6.445198     12.890397
     -1.680000      6.518707      6.518707     13.037414
     -1.660000      6.531078      6.531078     13.062156
     -1.640000      6.433936      6.433936     12.867873
     -1.620000      6.251453      6.251453     12.502907
     -1.600000      6.083091      6.083091     12.166183
     -1.580000      6.066561      6.066561     12.133122
     -1.560000      6.321605      6.321605     12.643210
     -1.540000      6.903409      6.903409     13.806818
     -1.520000      7.786280      7.786280     15.572559
     -1.500000      8.880427      8.880427     17.760855
     -1.480000     10.068320     10.068320     20.136640
     -1.460000     11.240618     11.240618     22.481236
     -1.440000     12.316437     12.316437     24.632874
     -1.420000     13.243861     13.243861     26.487722
     -1.400000     13.987428     13.987428     27.974855
     -1.380000     14.514917     14.514917     29.029833
     -1.360000     14.794673     14.794673     29.589346
     -1.340000     14.807670     14.807670     29.615340
     -1.320000     14.568400     14.568400     29.136800
     -1.300000     14.140282     14.140282     28.280565
     -1.280000     13.630400     13.630400     27.260800
     -1.260000     13.157918     13.157918     26.315835
     -1.240000     12.806613     12.806613     25.613226
     -1.220000     12.584704     12.584704     25.169407
     -1.200000     12.415107     12.415107     24.830215
     -1.180000     12.164916     12.164916     24.329833
     -1.160000     11.702428     11.702428     23.404856
     -1.140000     10.955818     10.955818     21.911636
     -1.120000      9.947468      9.947468     19.894936
     -1.100000      8.790911      8.790911     17.581821
     -1.080000      7.655229      7.655229     15.310458
     -1.060000      6.714908      6.714908     13.429817
     -1.040000      6.106047      6.106047     12.212094
     -1.020000      5.902756      5.902756     11.805512
     -1.000000      6.115784      6.115784     12.231567
     -0.980000      6.705629      6.705629     13.411258
     -0.960000      7.599366      7.599366     15.198733
     -0.940000      8.703938      8.703938     17.407876
     -0.920000      9.914570      9.914570     19.829139
     -0.900000     11.120489     11.120489     22.240977
     -0.880000     12.209875     12.209875     24.419750
     -0.860000     13.074543     13.074543     26.149087
     -0.840000     13.615253     13.615253     27.230506
     -0.820000     13.750472     13.750472     27.500944
     -0.800000     13.431190     13.431190     26.862380
     -0.780000     12.659521     12.659521     25.319042
     -0.760000     11.502002     11.502002     23.004004
     -0.740000     10.086307     10.086307     20.172614
     -0.720000      8.576757      8.576757     17.153513
     -0.700000      7.136374      7.136374     14.272748
     -0.680000      5.892422      5.892422     11.784844
     -0.660000      4.921128      4.921128      9.842256
     -0.640000      4.255995      4.255995      8.511990
     -0.620000      3.910392      3.910392      7.820784
     -0.600000      3.897825      3.897825      7.795650
     -0.580000      4.236372      4.236372      8.472743
     -0.560000      4.934379      4.934379      9.868757
     -0.540000      5.965903      5.965903     11.931806
     -0.520000      7.250380      7.250380     14.500760
     -0.500000      8.649219      8.649219     17.298438
     -0.480000      9.984283      9.984283     19.968565
     -0.460000     11.073620     11.073620     22.147241
     -0.440000     11.772454     11.772454     23.544909
     -0.420000     12.004894     12.004894     24.009788
     -0.400000     11.775115     11.775115     23.550230
     -0.380000     11.154994     11.154994     22.309987
     -0.360000     10.255348     10.255348     20.510696
     -0.340000      9.195182      9.195182     18.390363
     -0.320000      8.083054      8.083054     16.166108
     -0.300000      7.016232      7.016232     14.032464
     -0.280000      6.091183      6.091183     12.182366
     -0.260000      5.410840      5.410840     10.821680
     -0.240000      5.075531      5.075531     10.151062
     -0.220000      5.155348      5.155348     10.310696
     -0.200000      5.655823      5.655823     11.311646
     -0.180000      6.497453      6.497453     12.994905
     -0.160000      7.526319      7.526319     15.052638
     -0.140000      8.557860      8.557860     17.115720
     -0.120000      9.436404      9.436404     18.872807
     -0.100000     10.081786     10.081786     20.163573
     -0.080000     10.500283     10.500283     21.000566
     -0.060000     10.758137     10.758137     21.516275
     -0.040000     10.938309     10.938309     21.876618
     -0.020000     11.108251     11.108251     22.216503
      0.000000     11.313089     11.313089     22.626179
      0.020000     11.585561     11.585561     23.171121
      0.040000     11.950603     11.950603     23.901206
      0.060000     12.409782     12.409782     24.819564
      0.080000     12.912456     12.912456     25.824911
      0.100000     13.338148     13.338148     26.676296
      0.120000     13.513082     13.513082     27.026165
      0.140000     13.263540     13.263540     26.527079
      0.160000     12.484489     12.484489     24.968979
      0.180000     11.190580     11.190580     22.381160
      0.200000      9.524922      9.524922     19.049845
      0.220000      7.722484      7.722484     15.444968
      0.240000      6.045641      6.045641     12.091281
      0.260000      4.718490      4.718490      9.436981
      0.280000      3.881795      3.881795      7.763590
      0.300000      3.577725      3.577725      7.155451
      0.320000      3.761404      3.761404      7.522809
      0.340000      4.329653      4.329653      8.659307
      0.360000      5.156393      5.156393     10.312786
      0.380000      6.125676      6.125676     12.251351
      0.400000      7.154908      7.154908     14.309816
      0.420000      8.202510      8.202510     16.405021
      0.440000      9.257781      9.257781     18.515562
      0.460000     10.316683     10.316683     20.633366
      0.480000     11.353769     11.353769     22.707538
      0.500000     12.303682     12.303682     24.607364
      0.520000     13.062748     13.062748     26.125496
      0.540000     13.512442     13.512442     27.024884
      0.560000     13.555997     13.555997     27.111993
      0.580000     13.152680     13.152680     26.305361
      0.600000     12.335053     12.335053     24.670107
      0.620000     11.202464     11.202464     22.404928
      0.640000      9.894772      9.894772     19.789544
      0.660000      8.558038      8.558038     17.116077
      0.680000      7.315185      7.315185     14.630370
      0.700000      6.249907      6.249907     12.499813
      0.720000      5.405031      5.405031     10.810062
      0.740000      4.790834      4.790834      9.581668
      0.760000      4.396390      4.396390      8.792781
      0.780000      4.197860      4.197860      8.395721
      0.800000      4.160757      4.160757      8.321513
      0.820000      4.237666      4.237666      8.475332
      0.840000      4.366886      4.366886      8.733772
      0.860000      4.478615      4.478615      8.957231
      0.880000      4.511972      4.511972      9.023944
      0.900000      4.439011      4.439011      8.878022
      0.920000      4.284923      4.284923      8.569846
      0.940000      4.131500      4.131500      8.262999
      0.960000      4.096326      4.096326      8.192653
      0.980000      4.291170      4.291170      8.582339
      1.000000      4.774353      4.774353      9.548706
      1.020000      5.517425      5.517425     11.034850
      1.040000      6.402423      6.402423     12.804846
      1.060000      7.253494      7.253494     14.506987
      1.080000      7.891235      7.891235     15.782470
      1.100000      8.187938      8.187938     16.375877
      1.120000      8.102592      8.102592     16.205183
      1.140000      7.685287      7.685287     15.370574
      1.160000      7.054607      7.054607     14.109213
      1.180000      6.360656      6.360656     12.721312
      1.200000      5.747365      5.747365     11.494730
      1.220000      5.323217      5.323217     10.646434
      1.240000      5.144719      5.144719     10.289438
      1.260000      5.214215      5.214215     10.428430
      1.280000      5.491941      5.491941     10.983882
      1.300000      5.919459      5.919459     11.838918
      1.320000      6.447415      6.447415     12.894830
      1.340000      7.057096      7.057096     14.114193
      1.360000      7.765120      7.765120     15.530241
      1.380000      8.605418      8.605418     17.210836
      1.400000      9.591987      9.591987     19.183973
      1.420000     10.676949     10.676949     21.353898
      1.440000     11.725960     11.725960     23.451920
      1.460000     12.530834     12.530834     25.061667
      1.480000     12.864527     12.864527     25.729054
      1.500000     12.561333     12.561333     25.122666
      1.520000     11.587847     11.587847     23.175695
      1.540000     10.070460     10.070460     20.140921
      1.560000      8.264992      8.264992     16.529983
      1.580000      6.482161      6.482161     12.964323
      1.600000      5.001568      5.001568     10.003136
      1.620000      4.006517      4.006517      8.013033
      1.640000      3.556166      3.556166      7.112332
      1.660000      3.592885      3.592885      7.185771
      1.680000      3.972444      3.972444      7.944888
      1.700000      4.504699      4.504699      9.009398
      1.720000      4.997106      4.997106      9.994212
      1.740000      5.296237      5.296237     10.592475
      1.760000      5.321527      5.321527     10.643054
      1.780000      5.083455      5.083455     10.166910
      1.800000      4.679260      4.679260      9.358519
      1.820000      4.264505      4.264505      8.529009
      1.840000      4.006570      4.006570      8.013140
      1.860000      4.032799      4.032799      8.065598
      1.880000      4.388808      4.388808      8.777615
      1.900000      5.020363      5.020363     10.040727
      1.920000      5.785792      5.785792     11.571584
      1.940000      6.496505      6.496505     12.993011
      1.960000      6.973457      6.973457     13.946915
      1.980000      7.100852      7.100852     14.201703
      2.000000      6.858822      6.858822     13.717643
      2.020000      6.324941      6.324941     12.649882
      2.040000      5.646788      5.646788     11.293575
      2.060000      4.998214      4.998214      9.996428
      2.080000      4.535517      4.535517      9.071035
      2.100000      4.366043      4.366043      8.732085
      2.120000      4.534551      4.534551      9.069101
      2.140000      5.026289      5.026289     10.052577
      2.160000      5.781987      5.781987     11.563974
      2.180000      6.718117      6.718117     13.436233
      2.200000      7.744874      7.744874     15.489748
      2.220000      8.775477      8.775477     17.550953
      2.240000      9.725164      9.725164     19.450329
      2.260000     10.505828     10.505828     21.011657
      2.280000     11.027399     11.027399     22.054798
      2.300000     11.214419     11.214419     22.428839
      2.320000     11.035098     11.035098     22.070197
      2.340000     10.527800     10.527800     21.055600
      2.360000      9.806340      9.806340     19.612680
      2.380000      9.035142      9.035142     18.070285
      2.400000      8.382371      8.382371     16.764741
      2.420000      7.971623      7.971623     15.943247
      2.440000      7.852013      7.852013     15.704027
      2.460000      7.994124      7.994124     15.988248
      2.480000      8.305579      8.305579     16.611158
      2.500000      8.654571      8.654571     17.309141
      2.520000      8.894254      8.894254     17.788508
      2.540000      8.888228      8.888228     17.776456
      2.560000      8.538879      8.538879     17.077759
      2.580000      7.814337      7.814337     15.628673
      2.600000      6.762791      6.762791     13.525582
      2.620000      5.503556      5.503556     11.007111
      2.640000      4.194420      4.194420      8.388839
      2.660000      2.987864      2.987864      5.975727
      2.680000      1.994883      1.994883      3.989767
      2.700000      1.270309      1.270309      2.540618
      2.720000      0.821641      0.821641      1.643281
      2.740000      0.632674      0.632674      1.265348
      2.760000      0.689022      0.689022      1.378045
      2.780000      0.994964      0.994964      1.989928
      2.800000      1.576182      1.576182      3.152365
      2.820000      2.467610      2.467610      4.935220
      2.840000      3.689059      3.689059      7.378117
      2.860000      5.214807      5.214807     10.429615
      2.880000      6.947406      6.947406     13.894812
      2.900000      8.708891      8.708891     17.417782
      2.920000     10.260740     10.260740     20.521480
      2.940000     11.354584     11.354584     22.709168
      2.960000     11.801112     11.801112     23.602224
      2.980000     11.532212     11.532212     23.064425
      3.000000     10.630021     10.630021     21.260043
      3.020000      9.309274      9.309274     18.618548
      3.040000      7.859792      7.859792     15.719584
      3.060000      6.571963      6.571963     13.143925
      3.080000      5.670771      5.670771     11.341541
      3.100000      5.274363      5.274363     10.548727
      3.120000      5.380412      5.380412     10.760824
      3.140000      5.876555      5.876555     11.753109
      3.160000      6.571164      6.571164     13.142328
      3.180000      7.241573      7.241573     14.483146
      3.200000      7.692813      7.692813     15.385626
      3.220000      7.811938      7.811938     15.623875
      3.240000      7.598630      7.598630     15.197261
      3.260000      7.158584      7.158584     14.317168
      3.280000      6.660804      6.660804     13.321608
      3.300000      6.274998      6.274998     12.549996
      3.320000      6.112010      6.112010     12.224020
      3.340000      6.186964      6.186964     12.373928
      3.360000      6.415534      6.415534     12.831067
      3.380000      6.643438      6.643438     13.286876
      3.400000      6.699674      6.699674     13.399348
      3.420000      6.455775      6.455775     12.911551
      3.440000      5.869502      5.869502     11.739003
      3.460000      4.996029      4.996029      9.992057
      3.480000      3.963438      3.963438      7.926875
      3.500000      2.925634      2.925634      5.851267
      3.520000      2.015013      2.015013      4.030025
      3.540000      1.313904      1.313904      2.627807
      3.560000      0.851195      0.851195      1.702391
      3.580000      0.617361      0.617361      1.234722
      3.600000      0.584725      0.584725      1.169451
      3.620000      0.721855      0.721855      1.443711
      3.640000      0.997973      0.997973      1.995946
      3.660000      1.380306      1.380306      2.760612
      3.680000      1.830924      1.830924      3.661849
      3.700000      2.308883      2.308883      4.617767
      3.720000      2.779414      2.779414      5.558828
      3.740000      3.226936      3.226936      6.453872
      3.760000      3.665439      3.665439      7.330879
      3.780000      4.140218      4.140218      8.280436
      3.800000      4.718686      4.718686      9.437371
      3.820000      5.472826      5.472826     10.945653
      3.840000      6.458810      6.458810     12.917620
      3.860000      7.699097      7.699097     15.398194
      3.880000      9.170081      9.170081     18.340162
      3.900000     10.796562     10.796562     21.593123
      3.920000     12.454544     12.454544     24.909088
      3.940000     13.984806     13.984806     27.969612
      3.960000     15.218387     15.218387     30.436775
      3.980000     16.010334     16.010334     32.020668
      4.000000     16.272097     16.272097     32.544194
      4.020000     15.990570     15.990570     31.981140
      4.040000     15.225809     15.225809     30.451617
      4.060000     14.088331     14.088331     28.176663
      4.080000     12.705744     12.705744     25.411487
      4.100000     11.192399     11.192399     22.384798
      4.120000      9.633111      9.633111     19.266223
      4.140000      8.084151      8.084151     16.168302
      4.160000      6.586034      6.586034     13.172068
      4.180000      5.177617      5.177617     10.355234
      4.200000      3.902356      3.902356      7.804713
      4.220000      2.804104      2.804104      5.608207
      4.240000      1.916968      1.916968      3.833936
      4.260000      1.257001      1.257001      2.514003
      4.280000      0.821250      0.821250      1.642499
      4.300000      0.594360      0.594360      1.188719
      4.320000      0.558310      0.558310      1.116621
      4.340000      0.699553      0.699553      1.399105
      4.360000      1.010051      1.010051      2.020102
      4.380000      1.482650      1.482650      2.965299
      4.400000      2.104556      2.104556      4.209112
      4.420000      2.853727      2.853727      5.707454
      4.440000      3.700809      3.700809      7.401619
      4.460000      4.615012      4.615012      9.230025
      4.480000      5.568487      5.568487     11.136973
      4.500000      6.533596      6.533596     13.067191
      4.520000      7.472317      7.472317     14.944635
      4.540000      8.324497      8.324497     16.648993
      4.560000      9.006285      9.006285     18.012570
      4.580000      9.426803      9.426803     18.853606
      4.600000      9.520032      9.520032     19.040064
      4.620000      9.276897      9.276897     18.553794
      4.640000      8.758645      8.758645     17.517290
      4.660000      8.081219      8.081219     16.162439
      4.680000      7.376585      7.376585     14.753170
      4.700000      6.750021      6.750021     13.500043
      4.720000      6.253750      6.253750     12.507499
      4.740000      5.886848      5.886848     11.773695
      4.760000      5.617066      5.617066     11.234132
      4.780000      5.410789      5.410789     10.821578
      4.800000      5.256915      5.256915     10.513830
      4.820000      5.176480      5.176480     10.352961
      4.840000      5.217124      5.217124     10.434249
      4.860000      5.436060      5.436060     10.872121
      4.880000      5.876516      5.876516     11.753033
      4.900000      6.542672      6.542672     13.085343
      4.920000      7.379295      7.379295     14.758589
      4.940000      8.264544      8.264544     16.529088
      4.960000      9.024696      9.024696     18.049393
      4.980000      9.473976      9.473976     18.947952
      5.000000      9.470885      9.470885     18.941770
      5.020000      8.970267      8.970267     17.940534
      5.040000      8.047012      8.047012     16.094024
      5.060000      6.877786      6.877786     13.755572
      5.080000      5.686999      5.686999     11.373999
      5.100000      4.680425      4.680425      9.360849
      5.120000      3.993816      3.993816      7.987632
      5.140000      3.673214      3.673214      7.346429
      5.160000      3.686285      3.686285      7.372569
      5.180000      3.950980      3.950980      7.901959
      5.200000      4.365265      4.365265      8.730530
      5.220000      4.828177      4.828177      9.656355
      5.240000      5.251659      5.251659     10.503317
      5.260000      5.567887      5.567887     11.135774
      5.280000      5.735884      5.735884     11.471768
      5.300000      5.746682      5.746682     11.493364
      5.320000      5.623326      5.623326     11.246652
      5.340000      5.413527      5.413527     10.827054
      5.360000      5.177546      5.177546     10.355092
      5.380000      4.977169      4.977169      9.954338
      5.400000      4.869956      4.869956      9.739912
      5.420000      4.907080      4.907080      9.814160
      5.440000      5.128058      5.128058     10.256116
      5.460000      5.546700      5.546700     11.093399
      5.480000      6.130482      6.130482     12.260963
      5.500000      6.785342      6.785342     13.570684
      5.520000      7.361532      7.361532     14.723064
      5.540000      7.688499      7.688499     15.376998
      5.560000      7.630373      7.630373     15.260745
      5.580000      7.138565      7.138565     14.277130
      5.600000      6.275313      6.275313     12.550627
      5.620000      5.195135      5.195135     10.390271
      5.640000      4.092486      4.092486      8.184972
      5.660000      3.139986      3.139986      6.279972
      5.680000      2.443196      2.443196      4.886392
      5.700000      2.026175      2.026175      4.052351
      5.720000      1.846031      1.846031      3.692062
      5.740000      1.823739      1.823739      3.647478
      5.760000      1.876433      1.876433      3.752867
      5.780000      1.940968      1.940968      3.881936
      5.800000      1.985334      1.985334      3.970667
      5.820000      2.009867      2.009867      4.019734
      5.840000      2.042528      2.042528      4.085055
      5.860000      2.131849      2.131849      4.263698
      5.880000      2.338553      2.338553      4.677106
      5.900000      2.724297      2.724297      5.448595
      5.920000      3.335854      3.335854      6.671709
      5.940000      4.186375      4.186375      8.372751
      5.960000      5.240688      5.240688     10.481375
      5.980000      6.414341      6.414341     12.828681
      6.000000      7.592028      7.592028     15.184055
      6.020000      8.660208      8.660208     17.320416
      6.040000      9.537988      9.537988     19.075975
      6.060000     10.188941     10.188941     20.377883
      6.080000     10.608169     10.608169     21.216338
      6.100000     10.796232     10.796232     21.592464
      6.120000     10.741043     10.741043     21.482086
      6.140000     10.422049     10.422049     20.844098
      6.160000      9.833240      9.833240     19.666479
      6.180000      9.007178      9.007178     18.014356
      6.200000      8.022453      8.022453     16.044905
      6.220000      6.990036      6.990036     13.980071
      6.240000      6.028356      6.028356     12.056711
      6.260000      5.241729      5.241729     10.483457
      6.280000      4.710566      4.710566      9.421131
      6.300000      4.491362      4.491362      8.982724
      6.320000      4.618066      4.618066      9.236132
      6.340000      5.097691      5.097691     10.195382
      6.360000      5.899880      5.899880     11.799760
      6.380000      6.947294      6.947294     13.894588
      6.400000      8.116095      8.116095     16.232191
      6.420000      9.251522      9.251522     18.503043
      6.440000     10.195216     10.195216     20.390432
      6.460000     10.814453     10.814453     21.628907
      6.480000     11.023397     11.023397     22.046793
      6.500000     10.792494     10.792494     21.584987
      6.520000     10.148391     10.148391     20.296782
      6.540000      9.168094      9.168094     18.336187
      6.560000      7.967867      7.967867     15.935735
      6.580000      6.684931      6.684931     13.369862
      6.600000      5.452475      5.452475     10.904949
      6.620000      4.374237      4.374237      8.748473
      6.640000      3.507975      3.507975      7.015950
      6.660000      2.863951      2.863951      5.727901
      6.680000      2.417141      2.417141      4.834281
      6.700000      2.125777      2.125777      4.251554
      6.720000      1.947809      1.947809      3.895617
      6.740000      1.850391      1.850391      3.700783
      6.760000      1.812188      1.812188      3.624377
      6.780000      1.821163      1.821163      3.642325
      6.800000      1.871039      1.871039      3.742078
      6.820000      1.958753      1.958753      3.917506
      6.840000      2.084183      2.084183      4.168366
      6.860000      2.252701      2.252701      4.505402
      6.880000      2.480068      2.480068      4.960137
      6.900000      2.797638      2.797638      5.595276
      6.920000      3.253922      3.253922      6.507845
      6.940000      3.907722      3.907722      7.815444
      6.960000      4.809788      4.809788      9.619577
      6.980000      5.975095      5.975095     11.950191
      7.000000      7.354727      7.354727     14.709454
      7.020000      8.821400      8.821400     17.642800
      7.040000     10.181441     10.181441     20.362881
      7.060000     11.216859     11.216859     22.433719
      7.080000     11.746990     11.746990     23.493980
      7.100000     11.687152     11.687152     23.374304
      7.120000     11.079479     11.079479     22.158957
      7.140000     10.081218     10.081218     20.162437
      7.160000      8.913992      8.913992     17.827984
      7.180000      7.794367      7.794367     15.588733
      7.200000      6.873009      6.873009     13.746017
      7.220000      6.203899      6.203899     12.407798
      7.240000      5.750800      5.750800     11.501601
      7.260000      5.423154      5.423154     10.846308
      7.280000      5.124337      5.124337     10.248673
      7.300000      4.794004      4.794004      9.588008
      7.320000      4.431262      4.431262      8.862525
      7.340000      4.093134      4.093134      8.186269
      7.360000      3.870299      3.870299      7.740599
      7.380000      3.848218      3.848218      7.696437
      7.400000      4.066255      4.066255      8.132510
      7.420000      4.489550      4.489550      8.979101
      7.440000      5.006358      5.006358     10.012716
      7.460000      5.455676      5.455676     10.911352
      7.480000      5.677643      5.677643     11.355287
      7.500000      5.567721      5.567721     11.135443
      7.520000      5.112227      5.112227     10.224455
      7.540000      4.390788      4.390788      8.781577
      7.560000      3.547001      3.547001      7.094001
      7.580000      2.742949      2.742949      5.485899
      7.600000      2.118074      2.118074      4.236149
      7.620000      1.766571      1.766571      3.533143
      7.640000      1.735519      1.735519      3.471038
      7.660000      2.035961      2.035961      4.071923
      7.680000      2.655960      2.655960      5.311919
      7.700000      3.567898      3.567898      7.135796
      7.720000      4.728462      4.728462      9.456925
      7.740000      6.074973      6.074973     12.149947
      7.760000      7.523912      7.523912     15.047823
      7.780000      8.976133      8.976133     17.952265
      7.800000     10.329273     10.329273     20.658546
      7.820000     11.493258     11.493258     22.986516
      7.840000     12.402436     12.402436     24.804873
      7.860000     13.019826     13.019826     26.039653
      7.880000     13.334589     13.334589     26.669178
      7.900000     13.358830     13.358830     26.717659
      7.920000     13.129349     13.129349     26.258698
      7.940000     12.713193     12.713193     25.426387
      7.960000     12.208284     12.208284     24.416569
      7.980000     11.729693     11.729693     23.459387
      8.000000     11.380908     11.380908     22.761815
      8.020000     11.221809     11.221809     22.443617
      8.040000     11.250963     11.250963     22.501927
      8.060000     11.413466     11.413466     22.826932
      8.080000     11.630693     11.630693     23.261385
      8.100000     11.835163     11.835163     23.670327
      8.120000     11.991080     11.991080     23.982159
      8.140000     12.090340     12.090340     24.180679
      8.160000     12.128733     12.128733     24.257465
      8.180000     12.078770     12.078770     24.157540
      8.200000     11.877981     11.877981     23.755961
      8.220000     11.443497     11.443497     22.886993
      8.240000     10.709325     10.709325     21.418651
      8.260000      9.669165      9.669165     19.338330
      8.280000      8.402396      8.402396     16.804792
      8.300000      7.067628      7.067628     14.135255
      8.320000      5.863778      5.863778     11.727555
      8.340000      4.974384      4.974384      9.948768
      8.360000      4.517853      4.517853      9.035706
      8.380000      4.521583      4.521583      9.043167
      8.400000      4.925503      4.925503      9.851006
      8.420000      5.608284      5.608284     11.216567
      8.440000      6.423083      6.423083     12.846165
      8.460000      7.230281      7.230281     14.460561
      8.480000      7.919621      7.919621     15.839243
      8.500000      8.419874      8.419874     16.839747
      8.520000      8.698180      8.698180     17.396360
      8.540000      8.753151      8.753151     17.506301
      8.560000      8.606064      8.606064     17.212127
      8.580000      8.293808      8.293808     16.587616
      8.600000      7.865564      7.865564     15.731128
      8.620000      7.382724      7.382724     14.765448
      8.640000      6.918940      6.918940     13.837879
      8.660000      6.555898      6.555898     13.111796
      8.680000      6.371643      6.371643     12.743286
      8.700000      6.422042      6.422042     12.844084
      8.720000      6.720931      6.720931     13.441862
      8.740000      7.228049      7.228049     14.456098
      8.760000      7.853517      7.853517     15.707034
      8.780000      8.482115      8.482115     16.964230
      8.800000      9.011315      9.011315     18.022629
      8.820000      9.388452      9.388452     18.776904
      8.840000      9.630133      9.630133     19.260266
      8.860000      9.813859      9.813859     19.627719
      8.880000     10.045280     10.045280     20.090559
      8.900000     10.416650     10.416650     20.833301
      8.920000     10.975335     10.975335     21.950670
      8.940000     11.713589     11.713589     23.427179
      8.960000     12.578143     12.578143     25.156287
      8.980000     13.489139     13.489139     26.978278
      9.000000     14.357850     14.357850     28.715700
      9.020000     15.098860     15.098860     30.197720
      9.040000     15.638203     15.638203     31.276407
      9.060000     15.919881     15.919881     31.839762
      9.080000     15.910377     15.910377     31.820755
      9.100000     15.599122     15.599122     31.198244
      9.120000     14.994826     14.994826     29.989652
      9.140000     14.121396     14.121396     28.242792
      9.160000     13.018377     13.018377     26.036754
      9.180000     11.747613     11.747613     23.495225
      9.200000     10.402121     10.402121     20.804242
      9.220000      9.109285      9.109285     18.218569
      9.240000      8.021085      8.021085     16.042169
      9.260000      7.288843      7.288843     14.577686
      9.280000      7.026290      7.026290     14.052580
      9.300000      7.270515      7.270515     14.541029
      9.320000      7.954028      7.954028     15.908057
      9.340000      8.901481      8.901481     17.802961
      9.360000      9.859623      9.859623     19.719246
      9.380000     10.558365     10.558365     21.116731
      9.400000     10.787061     10.787061     21.574122
      9.420000     10.460214     10.460214     20.920428
      9.440000      9.647302      9.647302     19.294603
      9.460000      8.553936      8.553936     17.107871
      9.480000      7.460630      7.460630     14.921260
      9.500000      6.641539      6.641539     13.283078
      9.520000      6.291358      6.291358     12.582715
      9.540000      6.482814      6.482814     12.965629
      9.560000      7.164008      7.164008     14.328017
      9.580000      8.190336      8.190336     16.380673
      9.600000      9.375087      9.375087     18.750174
      9.620000     10.539128     10.539128     21.078256
      9.640000     11.544449     11.544449     23.088897
      9.660000     12.306538     12.306538     24.613077
      9.680000     12.791399     12.791399     25.582798
      9.700000     13.008051     13.008051     26.016102
      9.720000     13.003889     13.003889     26.007778
      9.740000     12.861552     12.861552     25.723105
      9.760000     12.689724     12.689724     25.379449
      9.780000     12.602101     12.602101     25.204202
      9.800000     12.687631     12.687631     25.375262
      9.820000     12.983948     12.983948     25.967897
      9.840000     13.467451     13.467451     26.934902
      9.860000     14.066072     14.066072     28.132145
      9.880000     14.689226     14.689226     29.378452
      9.900000     15.260975     15.260975     30.521949
      9.920000     15.741791     15.741791     31.483582
      9.940000     16.130929     16.130929     32.261858
      9.960000     16.451184     16.451184     32.902369
      9.980000     16.725705     16.725705     33.451409
     10.000000     16.959042     16.959042     33.918084
