# EIG2DOS: Utility for SIESTA to obtain the electronic density of states
#  E. Artacho, Apr 1999, A. Garcia, Apr 2012
# ------------------------------------------
# Eigenvalues read from GRP_doping.EIG
# Using smearing parameter:   0.100
# Using   1001 points in energy range
# Selected bands: 1 to: 936
# Emin, emax in file for selected band(s):    -38.3021500    259.4098400
# Nbands, Nspin, Nk   =    936     1   231
# E_F                 =    -5.1622 eV --> (shifted to ZERO)
# Broadening          =     0.1000 eV
#
#        E            N(up)  (=)   N(down)         Ntot
    -10.000000      5.718298      5.718298     11.436596
     -9.980000      5.478328      5.478328     10.956657
     -9.960000      4.882584      4.882584      9.765167
     -9.940000      4.062734      4.062734      8.125468
     -9.920000      3.197930      3.197930      6.395860
     -9.900000      2.459596      2.459596      4.919191
     -9.880000      1.971666      1.971666      3.943331
     -9.860000      1.797171      1.797171      3.594342
     -9.840000      1.948714      1.948714      3.897428
     -9.820000      2.412138      2.412138      4.824276
     -9.800000      3.170874      3.170874      6.341748
     -9.780000      4.220203      4.220203      8.440406
     -9.760000      5.563933      5.563933     11.127865
     -9.740000      7.191525      7.191525     14.383049
     -9.720000      9.043023      9.043023     18.086047
     -9.700000     10.979788     10.979788     21.959576
     -9.680000     12.783682     12.783682     25.567365
     -9.660000     14.198615     14.198615     28.397230
     -9.640000     15.006373     15.006373     30.012747
     -9.620000     15.104898     15.104898     30.209796
     -9.600000     14.548338     14.548338     29.096676
     -9.580000     13.524246     13.524246     27.048491
     -9.560000     12.277277     12.277277     24.554554
     -9.540000     11.019660     11.019660     22.039319
     -9.520000      9.875198      9.875198     19.750395
     -9.500000      8.880497      8.880497     17.760994
     -9.480000      8.030038      8.030038     16.060077
     -9.460000      7.326076      7.326076     14.652153
     -9.440000      6.796904      6.796904     13.593808
     -9.420000      6.474059      6.474059     12.948118
     -9.400000      6.350253      6.350253     12.700506
     -9.380000      6.353645      6.353645     12.707289
     -9.360000      6.362713      6.362713     12.725426
     -9.340000      6.258866      6.258866     12.517732
     -9.320000      5.989632      5.989632     11.979264
     -9.300000      5.608323      5.608323     11.216646
     -9.280000      5.268537      5.268537     10.537073
     -9.260000      5.174322      5.174322     10.348643
     -9.240000      5.506293      5.506293     11.012587
     -9.220000      6.352141      6.352141     12.704283
     -9.200000      7.666178      7.666178     15.332355
     -9.180000      9.270971      9.270971     18.541942
     -9.160000     10.899694     10.899694     21.799389
     -9.140000     12.264702     12.264702     24.529403
     -9.120000     13.129779     13.129779     26.259557
     -9.100000     13.363487     13.363487     26.726974
     -9.080000     12.959353     12.959353     25.918706
     -9.060000     12.021752     12.021752     24.043504
     -9.040000     10.728192     10.728192     21.456384
     -9.020000      9.284217      9.284217     18.568434
     -9.000000      7.884955      7.884955     15.769911
     -8.980000      6.689788      6.689788     13.379576
     -8.960000      5.808526      5.808526     11.617053
     -8.940000      5.293510      5.293510     10.587020
     -8.920000      5.134159      5.134159     10.268318
     -8.900000      5.256616      5.256616     10.513232
     -8.880000      5.535760      5.535760     11.071521
     -8.860000      5.824926      5.824926     11.649851
     -8.840000      5.999516      5.999516     11.999032
     -8.820000      5.999502      5.999502     11.999004
     -8.800000      5.850581      5.850581     11.701162
     -8.780000      5.649985      5.649985     11.299970
     -8.760000      5.519004      5.519004     11.038007
     -8.740000      5.542133      5.542133     11.084266
     -8.720000      5.722032      5.722032     11.444063
     -8.700000      5.973712      5.973712     11.947424
     -8.680000      6.162422      6.162422     12.324845
     -8.660000      6.166944      6.166944     12.333888
     -8.640000      5.936263      5.936263     11.872526
     -8.620000      5.511052      5.511052     11.022103
     -8.600000      5.000562      5.000562     10.001124
     -8.580000      4.529362      4.529362      9.058723
     -8.560000      4.182896      4.182896      8.365792
     -8.540000      3.978500      3.978500      7.957000
     -8.520000      3.872073      3.872073      7.744145
     -8.500000      3.791142      3.791142      7.582283
     -8.480000      3.673670      3.673670      7.347341
     -8.460000      3.493459      3.493459      6.986917
     -8.440000      3.263952      3.263952      6.527904
     -8.420000      3.024775      3.024775      6.049550
     -8.400000      2.822386      2.822386      5.644772
     -8.380000      2.695679      2.695679      5.391358
     -8.360000      2.671529      2.671529      5.343057
     -8.340000      2.768304      2.768304      5.536608
     -8.320000      3.000749      3.000749      6.001498
     -8.300000      3.378966      3.378966      6.757933
     -8.280000      3.897907      3.897907      7.795815
     -8.260000      4.520705      4.520705      9.041410
     -8.240000      5.166145      5.166145     10.332290
     -8.220000      5.712727      5.712727     11.425454
     -8.200000      6.025499      6.025499     12.050998
     -8.180000      5.998911      5.998911     11.997823
     -8.160000      5.597082      5.597082     11.194164
     -8.140000      4.870992      4.870992      9.741983
     -8.120000      3.943066      3.943066      7.886131
     -8.100000      2.966758      2.966758      5.933517
     -8.080000      2.080941      2.080941      4.161881
     -8.060000      1.378758      1.378758      2.757516
     -8.040000      0.899850      0.899850      1.799699
     -8.020000      0.641669      0.641669      1.283339
     -8.000000      0.578134      0.578134      1.156267
     -7.980000      0.674575      0.674575      1.349150
     -7.960000      0.894183      0.894183      1.788366
     -7.940000      1.197803      1.197803      2.395606
     -7.920000      1.542479      1.542479      3.084957
     -7.900000      1.883434      1.883434      3.766868
     -7.880000      2.180677      2.180677      4.361354
     -7.860000      2.407595      2.407595      4.815190
     -7.840000      2.557147      2.557147      5.114293
     -7.820000      2.642337      2.642337      5.284673
     -7.800000      2.690694      2.690694      5.381388
     -7.780000      2.735384      2.735384      5.470768
     -7.760000      2.806875      2.806875      5.613751
     -7.740000      2.928401      2.928401      5.856801
     -7.720000      3.116563      3.116563      6.233127
     -7.700000      3.386116      3.386116      6.772231
     -7.680000      3.755728      3.755728      7.511455
     -7.660000      4.250111      4.250111      8.500222
     -7.640000      4.894308      4.894308      9.788616
     -7.620000      5.699322      5.699322     11.398644
     -7.600000      6.643685      6.643685     13.287370
     -7.580000      7.660011      7.660011     15.320021
     -7.560000      8.635399      8.635399     17.270798
     -7.540000      9.429043      9.429043     18.858086
     -7.520000      9.902681      9.902681     19.805362
     -7.500000      9.954408      9.954408     19.908816
     -7.480000      9.546068      9.546068     19.092135
     -7.460000      8.717383      8.717383     17.434767
     -7.440000      7.583466      7.583466     15.166932
     -7.420000      6.315349      6.315349     12.630698
     -7.400000      5.106746      5.106746     10.213493
     -7.380000      4.134491      4.134491      8.268982
     -7.360000      3.523156      3.523156      7.046313
     -7.340000      3.323882      3.323882      6.647764
     -7.320000      3.512921      3.512921      7.025843
     -7.300000      4.008882      4.008882      8.017763
     -7.280000      4.701591      4.701591      9.403181
     -7.260000      5.481888      5.481888     10.963776
     -7.240000      6.261572      6.261572     12.523145
     -7.220000      6.976939      6.976939     13.953878
     -7.200000      7.577294      7.577294     15.154588
     -7.180000      8.008362      8.008362     16.016724
     -7.160000      8.204566      8.204566     16.409133
     -7.140000      8.099851      8.099851     16.199703
     -7.120000      7.655046      7.655046     15.310091
     -7.100000      6.887643      6.887643     13.775286
     -7.080000      5.885646      5.885646     11.771292
     -7.060000      4.794470      4.794470      9.588940
     -7.040000      3.780347      3.780347      7.560695
     -7.020000      2.985768      2.985768      5.971536
     -7.000000      2.495186      2.495186      4.990372
     -6.980000      2.322446      2.322446      4.644891
     -6.960000      2.420974      2.420974      4.841947
     -6.940000      2.709834      2.709834      5.419668
     -6.920000      3.105682      3.105682      6.211365
     -6.900000      3.551267      3.551267      7.102533
     -6.880000      4.033367      4.033367      8.066734
     -6.860000      4.585781      4.585781      9.171563
     -6.840000      5.276041      5.276041     10.552081
     -6.820000      6.177960      6.177960     12.355919
     -6.800000      7.335823      7.335823     14.671646
     -6.780000      8.729798      8.729798     17.459597
     -6.760000     10.254990     10.254990     20.509980
     -6.740000     11.726079     11.726079     23.452157
     -6.720000     12.913157     12.913157     25.826314
     -6.700000     13.602217     13.602217     27.204434
     -6.680000     13.660727     13.660727     27.321453
     -6.660000     13.082672     13.082672     26.165345
     -6.640000     11.993880     11.993880     23.987759
     -6.620000     10.615306     10.615306     21.230612
     -6.600000      9.200281      9.200281     18.400562
     -6.580000      7.971000      7.971000     15.942000
     -6.560000      7.075551      7.075551     14.151102
     -6.540000      6.573294      6.573294     13.146588
     -6.520000      6.442596      6.442596     12.885192
     -6.500000      6.598597      6.598597     13.197194
     -6.480000      6.911927      6.911927     13.823854
     -6.460000      7.227533      7.227533     14.455066
     -6.440000      7.388429      7.388429     14.776858
     -6.420000      7.266951      7.266951     14.533902
     -6.400000      6.797459      6.797459     13.594919
     -6.380000      5.996818      5.996818     11.993636
     -6.360000      4.960166      4.960166      9.920332
     -6.340000      3.830489      3.830489      7.660977
     -6.320000      2.754253      2.754253      5.508506
     -6.300000      1.842237      1.842237      3.684474
     -6.280000      1.150335      1.150335      2.300670
     -6.260000      0.683509      0.683509      1.367017
     -6.240000      0.415174      0.415174      0.830348
     -6.220000      0.309976      0.309976      0.619953
     -6.200000      0.340228      0.340228      0.680457
     -6.180000      0.491841      0.491841      0.983683
     -6.160000      0.760655      0.760655      1.521309
     -6.140000      1.143161      1.143161      2.286323
     -6.120000      1.626722      1.626722      3.253444
     -6.100000      2.183808      2.183808      4.367616
     -6.080000      2.772758      2.772758      5.545516
     -6.060000      3.344541      3.344541      6.689083
     -6.040000      3.852544      3.852544      7.705087
     -6.020000      4.261885      4.261885      8.523770
     -6.000000      4.556376      4.556376      9.112752
     -5.980000      4.743018      4.743018      9.486036
     -5.960000      4.853726      4.853726      9.707453
     -5.940000      4.941628      4.941628      9.883257
     -5.920000      5.067924      5.067924     10.135849
     -5.900000      5.278516      5.278516     10.557032
     -5.880000      5.577546      5.577546     11.155093
     -5.860000      5.912382      5.912382     11.824764
     -5.840000      6.184063      6.184063     12.368126
     -5.820000      6.285800      6.285800     12.571600
     -5.800000      6.155098      6.155098     12.310195
     -5.780000      5.813567      5.813567     11.627133
     -5.760000      5.371255      5.371255     10.742511
     -5.740000      4.989039      4.989039      9.978078
     -5.720000      4.814091      4.814091      9.628182
     -5.700000      4.917840      4.917840      9.835679
     -5.680000      5.265873      5.265873     10.531746
     -5.660000      5.735152      5.735152     11.470303
     -5.640000      6.171974      6.171974     12.343948
     -5.620000      6.464193      6.464193     12.928387
     -5.600000      6.592934      6.592934     13.185868
     -5.580000      6.638160      6.638160     13.276321
     -5.560000      6.735671      6.735671     13.471341
     -5.540000      7.008409      7.008409     14.016818
     -5.520000      7.507466      7.507466     15.014933
     -5.500000      8.190318      8.190318     16.380636
     -5.480000      8.941355      8.941355     17.882709
     -5.460000      9.617748      9.617748     19.235497
     -5.440000     10.095551     10.095551     20.191101
     -5.420000     10.298687     10.298687     20.597375
     -5.400000     10.207830     10.207830     20.415660
     -5.380000      9.855455      9.855455     19.710909
     -5.360000      9.313801      9.313801     18.627602
     -5.340000      8.678816      8.678816     17.357632
     -5.320000      8.052201      8.052201     16.104402
     -5.300000      7.526375      7.526375     15.052749
     -5.280000      7.178603      7.178603     14.357206
     -5.260000      7.076202      7.076202     14.152403
     -5.240000      7.285979      7.285979     14.571959
     -5.220000      7.874716      7.874716     15.749432
     -5.200000      8.890247      8.890247     17.780495
     -5.180000     10.325379     10.325379     20.650758
     -5.160000     12.082524     12.082524     24.165047
     -5.140000     13.964732     13.964732     27.929464
     -5.120000     15.710704     15.710704     31.421408
     -5.100000     17.068804     17.068804     34.137608
     -5.080000     17.879835     17.879835     35.759670
     -5.060000     18.126557     18.126557     36.253114
     -5.040000     17.920273     17.920273     35.840546
     -5.020000     17.427732     17.427732     34.855465
     -5.000000     16.777011     16.777011     33.554022
     -4.980000     15.996136     15.996136     31.992272
     -4.960000     15.020910     15.020910     30.041820
     -4.940000     13.767501     13.767501     27.535003
     -4.920000     12.226626     12.226626     24.453252
     -4.900000     10.524192     10.524192     21.048385
     -4.880000      8.914120      8.914120     17.828241
     -4.860000      7.706625      7.706625     15.413250
     -4.840000      7.165604      7.165604     14.331207
     -4.820000      7.417755      7.417755     14.835511
     -4.800000      8.405875      8.405875     16.811749
     -4.780000      9.900112      9.900112     19.800224
     -4.760000     11.562189     11.562189     23.124378
     -4.740000     13.041601     13.041601     26.083201
     -4.720000     14.072206     14.072206     28.144411
     -4.700000     14.537260     14.537260     29.074521
     -4.680000     14.483817     14.483817     28.967635
     -4.660000     14.088445     14.088445     28.176890
     -4.640000     13.593534     13.593534     27.187069
     -4.620000     13.237796     13.237796     26.475592
     -4.600000     13.197144     13.197144     26.394289
     -4.580000     13.542610     13.542610     27.085220
     -4.560000     14.218391     14.218391     28.436782
     -4.540000     15.045510     15.045510     30.091020
     -4.520000     15.757749     15.757749     31.515498
     -4.500000     16.070224     16.070224     32.140448
     -4.480000     15.767006     15.767006     31.534012
     -4.460000     14.779849     14.779849     29.559698
     -4.440000     13.225468     13.225468     26.450937
     -4.420000     11.380537     11.380537     22.761074
     -4.400000      9.598756      9.598756     19.197512
     -4.380000      8.200711      8.200711     16.401421
     -4.360000      7.379968      7.379968     14.759936
     -4.340000      7.160615      7.160615     14.321229
     -4.320000      7.416864      7.416864     14.833728
     -4.300000      7.938028      7.938028     15.876057
     -4.280000      8.505958      8.505958     17.011915
     -4.260000      8.953875      8.953875     17.907750
     -4.240000      9.191848      9.191848     18.383695
     -4.220000      9.203285      9.203285     18.406571
     -4.200000      9.026833      9.026833     18.053665
     -4.180000      8.734753      8.734753     17.469507
     -4.160000      8.409633      8.409633     16.819266
     -4.140000      8.117455      8.117455     16.234909
     -4.120000      7.881475      7.881475     15.762950
     -4.100000      7.670465      7.670465     15.340930
     -4.080000      7.414505      7.414505     14.829009
     -4.060000      7.047117      7.047117     14.094234
     -4.040000      6.553282      6.553282     13.106563
     -4.020000      5.994317      5.994317     11.988635
     -4.000000      5.491145      5.491145     10.982290
     -3.980000      5.171096      5.171096     10.342192
     -3.960000      5.104804      5.104804     10.209609
     -3.940000      5.265791      5.265791     10.531581
     -3.920000      5.533562      5.533562     11.067123
     -3.900000      5.739308      5.739308     11.478616
     -3.880000      5.733432      5.733432     11.466864
     -3.860000      5.445618      5.445618     10.891237
     -3.840000      4.913736      4.913736      9.827472
     -3.820000      4.273245      4.273245      8.546491
     -3.800000      3.715146      3.715146      7.430293
     -3.780000      3.429855      3.429855      6.859710
     -3.760000      3.554346      3.554346      7.108692
     -3.740000      4.134448      4.134448      8.268897
     -3.720000      5.109249      5.109249     10.218498
     -3.700000      6.322188      6.322188     12.644376
     -3.680000      7.560287      7.560287     15.120575
     -3.660000      8.614908      8.614908     17.229817
     -3.640000      9.345635      9.345635     18.691270
     -3.620000      9.721254      9.721254     19.442507
     -3.600000      9.816933      9.816933     19.633866
     -3.580000      9.765745      9.765745     19.531489
     -3.560000      9.686397      9.686397     19.372794
     -3.540000      9.623224      9.623224     19.246448
     -3.520000      9.529576      9.529576     19.059151
     -3.500000      9.303528      9.303528     18.607055
     -3.480000      8.857330      8.857330     17.714661
     -3.460000      8.184351      8.184351     16.368702
     -3.440000      7.388800      7.388800     14.777600
     -3.420000      6.662773      6.662773     13.325547
     -3.400000      6.221093      6.221093     12.442185
     -3.380000      6.223657      6.223657     12.447313
     -3.360000      6.718906      6.718906     13.437812
     -3.340000      7.630493      7.630493     15.260986
     -3.320000      8.788905      8.788905     17.577811
     -3.300000      9.990090      9.990090     19.980179
     -3.280000     11.052786     11.052786     22.105572
     -3.260000     11.850383     11.850383     23.700766
     -3.240000     12.309892     12.309892     24.619784
     -3.220000     12.390841     12.390841     24.781682
     -3.200000     12.067667     12.067667     24.135335
     -3.180000     11.333137     11.333137     22.666275
     -3.160000     10.221586     10.221586     20.443172
     -3.140000      8.833198      8.833198     17.666397
     -3.120000      7.336981      7.336981     14.673963
     -3.100000      5.942557      5.942557     11.885113
     -3.080000      4.849658      4.849658      9.699315
     -3.060000      4.196309      4.196309      8.392617
     -3.040000      4.025878      4.025878      8.051757
     -3.020000      4.282877      4.282877      8.565753
     -3.000000      4.835404      4.835404      9.670808
     -2.980000      5.514325      5.514325     11.028651
     -2.960000      6.156733      6.156733     12.313467
     -2.940000      6.642683      6.642683     13.285366
     -2.920000      6.917879      6.917879     13.835758
     -2.900000      6.999709      6.999709     13.999418
     -2.880000      6.968008      6.968008     13.936016
     -2.860000      6.943672      6.943672     13.887344
     -2.840000      7.057827      7.057827     14.115653
     -2.820000      7.414289      7.414289     14.828578
     -2.800000      8.051186      8.051186     16.102372
     -2.780000      8.913378      8.913378     17.826755
     -2.760000      9.850593      9.850593     19.701185
     -2.740000     10.650926     10.650926     21.301852
     -2.720000     11.104395     11.104395     22.208790
     -2.700000     11.073843     11.073843     22.147686
     -2.680000     10.542401     10.542401     21.084801
     -2.660000      9.615555      9.615555     19.231110
     -2.640000      8.478043      8.478043     16.956086
     -2.620000      7.328088      7.328088     14.656176
     -2.600000      6.320346      6.320346     12.640692
     -2.580000      5.539908      5.539908     11.079817
     -2.560000      5.009942      5.009942     10.019884
     -2.540000      4.717873      4.717873      9.435747
     -2.520000      4.639236      4.639236      9.278471
     -2.500000      4.745833      4.745833      9.491667
     -2.480000      4.999174      4.999174      9.998348
     -2.460000      5.341607      5.341607     10.683213
     -2.440000      5.699277      5.699277     11.398554
     -2.420000      6.002300      6.002300     12.004601
     -2.400000      6.214397      6.214397     12.428794
     -2.380000      6.355142      6.355142     12.710285
     -2.360000      6.499103      6.499103     12.998206
     -2.340000      6.747410      6.747410     13.494820
     -2.320000      7.182730      7.182730     14.365460
     -2.300000      7.829193      7.829193     15.658385
     -2.280000      8.637938      8.637938     17.275875
     -2.260000      9.505807      9.505807     19.011614
     -2.240000     10.316178     10.316178     20.632356
     -2.220000     10.978129     10.978129     21.956259
     -2.200000     11.442022     11.442022     22.884043
     -2.180000     11.686142     11.686142     23.372284
     -2.160000     11.689691     11.689691     23.379383
     -2.140000     11.417261     11.417261     22.834523
     -2.120000     10.831058     10.831058     21.662117
     -2.100000      9.925354      9.925354     19.850707
     -2.080000      8.759210      8.759210     17.518421
     -2.060000      7.462512      7.462512     14.925024
     -2.040000      6.207465      6.207465     12.414930
     -2.020000      5.160097      5.160097     10.320193
     -2.000000      4.437788      4.437788      8.875577
     -1.980000      4.092515      4.092515      8.185030
     -1.960000      4.121406      4.121406      8.242811
     -1.940000      4.489894      4.489894      8.979789
     -1.920000      5.148567      5.148567     10.297134
     -1.900000      6.034093      6.034093     12.068185
     -1.880000      7.059529      7.059529     14.119057
     -1.860000      8.108968      8.108968     16.217935
     -1.840000      9.049284      9.049284     18.098567
     -1.820000      9.759421      9.759421     19.518842
     -1.800000     10.164280     10.164280     20.328559
     -1.780000     10.255437     10.255437     20.510875
     -1.760000     10.087989     10.087989     20.175979
     -1.740000      9.756233      9.756233     19.512465
     -1.720000      9.361267      9.361267     18.722533
     -1.700000      8.984513      8.984513     17.969026
     -1.680000      8.673980      8.673980     17.347961
     -1.660000      8.441530      8.441530     16.883061
     -1.640000      8.265743      8.265743     16.531486
     -1.620000      8.097349      8.097349     16.194699
     -1.600000      7.868660      7.868660     15.737321
     -1.580000      7.509784      7.509784     15.019569
     -1.560000      6.970873      6.970873     13.941746
     -1.540000      6.244074      6.244074     12.488148
     -1.520000      5.376185      5.376185     10.752371
     -1.500000      4.465989      4.465989      8.931979
     -1.480000      3.646994      3.646994      7.293988
     -1.460000      3.062175      3.062175      6.124350
     -1.440000      2.838562      2.838562      5.677124
     -1.420000      3.066330      3.066330      6.132661
     -1.400000      3.782965      3.782965      7.565930
     -1.380000      4.961738      4.961738      9.923476
     -1.360000      6.505955      6.505955     13.011911
     -1.340000      8.253616      8.253616     16.507231
     -1.320000      9.997309      9.997309     19.994617
     -1.300000     11.519422     11.519422     23.038844
     -1.280000     12.634908     12.634908     25.269816
     -1.260000     13.227922     13.227922     26.455844
     -1.240000     13.269327     13.269327     26.538655
     -1.220000     12.810200     12.810200     25.620400
     -1.200000     11.957643     11.957643     23.915286
     -1.180000     10.846380     10.846380     21.692759
     -1.160000      9.618131      9.618131     19.236262
     -1.140000      8.412320      8.412320     16.824640
     -1.120000      7.362700      7.362700     14.725400
     -1.100000      6.591505      6.591505     13.183009
     -1.080000      6.196734      6.196734     12.393469
     -1.060000      6.235207      6.235207     12.470413
     -1.040000      6.708517      6.708517     13.417035
     -1.020000      7.558728      7.558728     15.117456
     -1.000000      8.676657      8.676657     17.353314
     -0.980000      9.920944      9.920944     19.841888
     -0.960000     11.142586     11.142586     22.285173
     -0.940000     12.208218     12.208218     24.416435
     -0.920000     13.016303     13.016303     26.032606
     -0.900000     13.503615     13.503615     27.007230
     -0.880000     13.643794     13.643794     27.287588
     -0.860000     13.443280     13.443280     26.886560
     -0.840000     12.940092     12.940092     25.880183
     -0.820000     12.207233     12.207233     24.414465
     -0.800000     11.356872     11.356872     22.713744
     -0.780000     10.537356     10.537356     21.074711
     -0.760000      9.915550      9.915550     19.831100
     -0.740000      9.642903      9.642903     19.285807
     -0.720000      9.812964      9.812964     19.625928
     -0.700000     10.426448     10.426448     20.852897
     -0.680000     11.381609     11.381609     22.763219
     -0.660000     12.499218     12.499218     24.998435
     -0.640000     13.575213     13.575213     27.150425
     -0.620000     14.438871     14.438871     28.877742
     -0.600000     14.990530     14.990530     29.981060
     -0.580000     15.204553     15.204553     30.409107
     -0.560000     15.103640     15.103640     30.207280
     -0.540000     14.726345     14.726345     29.452689
     -0.520000     14.110317     14.110317     28.220633
     -0.500000     13.299513     13.299513     26.599027
     -0.480000     12.364943     12.364943     24.729885
     -0.460000     11.418044     11.418044     22.836088
     -0.440000     10.600254     10.600254     21.200509
     -0.420000     10.048155     10.048155     20.096311
     -0.400000      9.850371      9.850371     19.700742
     -0.380000     10.019163     10.019163     20.038326
     -0.360000     10.491938     10.491938     20.983875
     -0.340000     11.160553     11.160553     22.321107
     -0.320000     11.910743     11.910743     23.821486
     -0.300000     12.650513     12.650513     25.301025
     -0.280000     13.316910     13.316910     26.633821
     -0.260000     13.866880     13.866880     27.733759
     -0.240000     14.267776     14.267776     28.535552
     -0.220000     14.499649     14.499649     28.999299
     -0.200000     14.568219     14.568219     29.136438
     -0.180000     14.515679     14.515679     29.031358
     -0.160000     14.415561     14.415561     28.831121
     -0.140000     14.348525     14.348525     28.697049
     -0.120000     14.369942     14.369942     28.739884
     -0.100000     14.487114     14.487114     28.974229
     -0.080000     14.659084     14.659084     29.318168
     -0.060000     14.818741     14.818741     29.637482
     -0.040000     14.904136     14.904136     29.808272
     -0.020000     14.881485     14.881485     29.762969
      0.000000     14.748591     14.748591     29.497183
      0.020000     14.519929     14.519929     29.039858
      0.040000     14.205510     14.205510     28.411019
      0.060000     13.798368     13.798368     27.596737
      0.080000     13.278945     13.278945     26.557890
      0.100000     12.633542     12.633542     25.267084
      0.120000     11.875432     11.875432     23.750865
      0.140000     11.055678     11.055678     22.111355
      0.160000     10.256188     10.256188     20.512377
      0.180000      9.566365      9.566365     19.132731
      0.200000      9.052489      9.052489     18.104978
      0.220000      8.732994      8.732994     17.465988
      0.240000      8.571428      8.571428     17.142856
      0.260000      8.492205      8.492205     16.984410
      0.280000      8.414089      8.414089     16.828178
      0.300000      8.286927      8.286927     16.573855
      0.320000      8.113897      8.113897     16.227793
      0.340000      7.947409      7.947409     15.894819
      0.360000      7.859830      7.859830     15.719661
      0.380000      7.903395      7.903395     15.806790
      0.400000      8.079740      8.079740     16.159480
      0.420000      8.334668      8.334668     16.669337
      0.440000      8.580754      8.580754     17.161508
      0.460000      8.736225      8.736225     17.472449
      0.480000      8.760727      8.760727     17.521453
      0.500000      8.670831      8.670831     17.341662
      0.520000      8.528760      8.528760     17.057520
      0.540000      8.410912      8.410912     16.821825
      0.560000      8.371822      8.371822     16.743644
      0.580000      8.420390      8.420390     16.840780
      0.600000      8.518933      8.518933     17.037867
      0.620000      8.605125      8.605125     17.210250
      0.640000      8.626799      8.626799     17.253598
      0.660000      8.573619      8.573619     17.147238
      0.680000      8.490132      8.490132     16.980265
      0.700000      8.461997      8.461997     16.923994
      0.720000      8.579139      8.579139     17.158277
      0.740000      8.891656      8.891656     17.783312
      0.760000      9.380388      9.380388     18.760776
      0.780000      9.959359      9.959359     19.918718
      0.800000     10.512066     10.512066     21.024131
      0.820000     10.944731     10.944731     21.889462
      0.840000     11.228428     11.228428     22.456856
      0.860000     11.406531     11.406531     22.813062
      0.880000     11.562992     11.562992     23.125984
      0.900000     11.769248     11.769248     23.538496
      0.920000     12.039231     12.039231     24.078463
      0.940000     12.316066     12.316066     24.632131
      0.960000     12.495273     12.495273     24.990547
      0.980000     12.470081     12.470081     24.940163
      1.000000     12.175799     12.175799     24.351599
      1.020000     11.615098     11.615098     23.230197
      1.040000     10.858457     10.858457     21.716914
      1.060000     10.025170     10.025170     20.050341
      1.080000      9.254724      9.254724     18.509447
      1.100000      8.676750      8.676750     17.353501
      1.120000      8.384681      8.384681     16.769361
      1.140000      8.416869      8.416869     16.833739
      1.160000      8.749223      8.749223     17.498447
      1.180000      9.302326      9.302326     18.604652
      1.200000      9.962119      9.962119     19.924238
      1.220000     10.607929     10.607929     21.215858
      1.240000     11.138729     11.138729     22.277458
      1.260000     11.490431     11.490431     22.980861
      1.280000     11.642268     11.642268     23.284536
      1.300000     11.614940     11.614940     23.229880
      1.320000     11.463966     11.463966     22.927932
      1.340000     11.269238     11.269238     22.538475
      1.360000     11.119373     11.119373     22.238745
      1.380000     11.090246     11.090246     22.180492
      1.400000     11.220882     11.220882     22.441765
      1.420000     11.494073     11.494073     22.988146
      1.440000     11.830430     11.830430     23.660860
      1.460000     12.101526     12.101526     24.203053
      1.480000     12.161067     12.161067     24.322135
      1.500000     11.885410     11.885410     23.770820
      1.520000     11.209956     11.209956     22.419911
      1.540000     10.148796     10.148796     20.297592
      1.560000      8.791674      8.791674     17.583349
      1.580000      7.281540      7.281540     14.563079
      1.600000      5.782918      5.782918     11.565835
      1.620000      4.452549      4.452549      8.905098
      1.640000      3.419328      3.419328      6.838655
      1.660000      2.773718      2.773718      5.547437
      1.680000      2.561788      2.561788      5.123576
      1.700000      2.778737      2.778737      5.557473
      1.720000      3.361474      3.361474      6.722947
      1.740000      4.186218      4.186218      8.372437
      1.760000      5.080296      5.080296     10.160593
      1.780000      5.853274      5.853274     11.706549
      1.800000      6.342166      6.342166     12.684331
      1.820000      6.454889      6.454889     12.909779
      1.840000      6.193479      6.193479     12.386958
      1.860000      5.646995      5.646995     11.293990
      1.880000      4.959017      4.959017      9.918034
      1.900000      4.286227      4.286227      8.572455
      1.920000      3.765735      3.765735      7.531469
      1.940000      3.499649      3.499649      6.999298
      1.960000      3.553168      3.553168      7.106337
      1.980000      3.955212      3.955212      7.910424
      2.000000      4.692614      4.692614      9.385228
      2.020000      5.698075      5.698075     11.396149
      2.040000      6.842119      6.842119     13.684239
      2.060000      7.942965      7.942965     15.885930
      2.080000      8.801490      8.801490     17.602980
      2.100000      9.253966      9.253966     18.507931
      2.120000      9.221620      9.221620     18.443240
      2.140000      8.733365      8.733365     17.466729
      2.160000      7.909690      7.909690     15.819381
      2.180000      6.915455      6.915455     13.830911
      2.200000      5.904592      5.904592     11.809183
      2.220000      4.981230      4.981230      9.962459
      2.240000      4.189730      4.189730      8.379460
      2.260000      3.529610      3.529610      7.059221
      2.280000      2.980762      2.980762      5.961524
      2.300000      2.524217      2.524217      5.048434
      2.320000      2.151269      2.151269      4.302539
      2.340000      1.862379      1.862379      3.724758
      2.360000      1.661881      1.661881      3.323762
      2.380000      1.553982      1.553982      3.107963
      2.400000      1.542019      1.542019      3.084039
      2.420000      1.629555      1.629555      3.259110
      2.440000      1.820442      1.820442      3.640884
      2.460000      2.115903      2.115903      4.231807
      2.480000      2.508994      2.508994      5.017988
      2.500000      2.979249      2.979249      5.958499
      2.520000      3.491415      3.491415      6.982830
      2.540000      4.000956      4.000956      8.001911
      2.560000      4.465737      4.465737      8.931473
      2.580000      4.859507      4.859507      9.719015
      2.600000      5.180985      5.180985     10.361970
      2.620000      5.453905      5.453905     10.907811
      2.640000      5.717530      5.717530     11.435061
      2.660000      6.011046      6.011046     12.022092
      2.680000      6.356825      6.356825     12.713649
      2.700000      6.747016      6.747016     13.494032
      2.720000      7.137616      7.137616     14.275232
      2.740000      7.454854      7.454854     14.909708
      2.760000      7.617907      7.617907     15.235813
      2.780000      7.576058      7.576058     15.152116
      2.800000      7.347996      7.347996     14.695993
      2.820000      7.042735      7.042735     14.085470
      2.840000      6.843897      6.843897     13.687793
      2.860000      6.954098      6.954098     13.908195
      2.880000      7.516777      7.516777     15.033554
      2.900000      8.547152      8.547152     17.094304
      2.920000      9.903389      9.903389     19.806778
      2.940000     11.313549     11.313549     22.627097
      2.960000     12.450975     12.450975     24.901949
      2.980000     13.031164     13.031164     26.062327
      3.000000     12.895045     12.895045     25.790090
      3.020000     12.049948     12.049948     24.099896
      3.040000     10.656986     10.656986     21.313973
      3.060000      8.974268      8.974268     17.948537
      3.080000      7.280369      7.280369     14.560737
      3.100000      5.805891      5.805891     11.611783
      3.120000      4.692703      4.692703      9.385406
      3.140000      3.985948      3.985948      7.971896
      3.160000      3.651162      3.651162      7.302324
      3.180000      3.603234      3.603234      7.206468
      3.200000      3.735992      3.735992      7.471984
      3.220000      3.946756      3.946756      7.893512
      3.240000      4.154415      4.154415      8.308830
      3.260000      4.310405      4.310405      8.620810
      3.280000      4.400927      4.400927      8.801853
      3.300000      4.438949      4.438949      8.877898
      3.320000      4.447700      4.447700      8.895400
      3.340000      4.441963      4.441963      8.883925
      3.360000      4.416262      4.416262      8.832524
      3.380000      4.346944      4.346944      8.693889
      3.400000      4.208386      4.208386      8.416771
      3.420000      3.995451      3.995451      7.990901
      3.440000      3.739733      3.739733      7.479465
      3.460000      3.509224      3.509224      7.018447
      3.480000      3.389140      3.389140      6.778280
      3.500000      3.451360      3.451360      6.902720
      3.520000      3.725853      3.725853      7.451706
      3.540000      4.186525      4.186525      8.373050
      3.560000      4.756899      4.756899      9.513797
      3.580000      5.332157      5.332157     10.664313
      3.600000      5.808128      5.808128     11.616255
      3.620000      6.107223      6.107223     12.214446
      3.640000      6.195250      6.195250     12.390499
      3.660000      6.087826      6.087826     12.175652
      3.680000      5.847584      5.847584     11.695169
      3.700000      5.572794      5.572794     11.145588
      3.720000      5.376739      5.376739     10.753479
      3.740000      5.358259      5.358259     10.716518
      3.760000      5.568466      5.568466     11.136932
      3.780000      5.984562      5.984562     11.969125
      3.800000      6.504179      6.504179     13.008357
      3.820000      6.968731      6.968731     13.937463
      3.840000      7.212071      7.212071     14.424141
      3.860000      7.117013      7.117013     14.234027
      3.880000      6.655837      6.655837     13.311673
      3.900000      5.896932      5.896932     11.793864
      3.920000      4.976061      4.976061      9.952123
      3.940000      4.047383      4.047383      8.094767
      3.960000      3.236760      3.236760      6.473521
      3.980000      2.614649      2.614649      5.229298
      4.000000      2.193321      2.193321      4.386643
      4.020000      1.941908      1.941908      3.883817
      4.040000      1.808474      1.808474      3.616948
      4.060000      1.740750      1.740750      3.481500
      4.080000      1.702093      1.702093      3.404186
      4.100000      1.682499      1.682499      3.364998
      4.120000      1.704666      1.704666      3.409333
      4.140000      1.823439      1.823439      3.646878
      4.160000      2.115869      2.115869      4.231739
      4.180000      2.660519      2.660519      5.321038
      4.200000      3.508638      3.508638      7.017275
      4.220000      4.654908      4.654908      9.309816
      4.240000      6.018603      6.018603     12.037205
      4.260000      7.444747      7.444747     14.889495
      4.280000      8.728812      8.728812     17.457624
      4.300000      9.660006      9.660006     19.320012
      4.320000     10.071244     10.071244     20.142488
      4.340000      9.881127      9.881127     19.762254
      4.360000      9.115387      9.115387     18.230774
      4.380000      7.901208      7.901208     15.802415
      4.400000      6.435983      6.435983     12.871966
      4.420000      4.940453      4.940453      9.880905
      4.440000      3.611427      3.611427      7.222853
      4.460000      2.588627      2.588627      5.177255
      4.480000      1.943031      1.943031      3.886061
      4.500000      1.684209      1.684209      3.368418
      4.520000      1.777064      1.777064      3.554128
      4.540000      2.157539      2.157539      4.315078
      4.560000      2.741785      2.741785      5.483569
      4.580000      3.429921      3.429921      6.859842
      4.600000      4.110084      4.110084      8.220169
      4.620000      4.668672      4.668672      9.337343
      4.640000      5.008991      5.008991     10.017983
      4.660000      5.074790      5.074790     10.149580
      4.680000      4.870324      4.870324      9.740649
      4.700000      4.467566      4.467566      8.935133
      4.720000      3.994955      3.994955      7.989911
      4.740000      3.609340      3.609340      7.218680
      4.760000      3.459536      3.459536      6.919073
      4.780000      3.652534      3.652534      7.305068
      4.800000      4.230672      4.230672      8.461344
      4.820000      5.162414      5.162414     10.324827
      4.840000      6.344772      6.344772     12.689544
      4.860000      7.614804      7.614804     15.229608
      4.880000      8.770272      8.770272     17.540544
      4.900000      9.601631      9.601631     19.203261
      4.920000      9.934716      9.934716     19.869431
      4.940000      9.675659      9.675659     19.351318
      4.960000      8.841946      8.841946     17.683892
      4.980000      7.563716      7.563716     15.127432
      5.000000      6.050429      6.050429     12.100858
      5.020000      4.534463      4.534463      9.068925
      5.040000      3.214352      3.214352      6.428704
      5.060000      2.218796      2.218796      4.437591
      5.080000      1.599828      1.599828      3.199657
      5.100000      1.348726      1.348726      2.697452
      5.120000      1.420203      1.420203      2.840406
      5.140000      1.752100      1.752100      3.504200
      5.160000      2.275279      2.275279      4.550559
      5.180000      2.915964      2.915964      5.831929
      5.200000      3.596478      3.596478      7.192956
      5.220000      4.239898      4.239898      8.479796
      5.240000      4.781031      4.781031      9.562061
      5.260000      5.181773      5.181773     10.363546
      5.280000      5.444637      5.444637     10.889273
      5.300000      5.615741      5.615741     11.231481
      5.320000      5.770613      5.770613     11.541227
      5.340000      5.983916      5.983916     11.967832
      5.360000      6.294933      6.294933     12.589865
      5.380000      6.687176      6.687176     13.374353
      5.400000      7.095829      7.095829     14.191659
      5.420000      7.441020      7.441020     14.882041
      5.440000      7.667650      7.667650     15.335300
      5.460000      7.766792      7.766792     15.533583
      5.480000      7.765676      7.765676     15.531353
      5.500000      7.695238      7.695238     15.390476
      5.520000      7.559845      7.559845     15.119689
      5.540000      7.331151      7.331151     14.662301
      5.560000      6.969494      6.969494     13.938988
      5.580000      6.456653      6.456653     12.913307
      5.600000      5.817693      5.817693     11.635386
      5.620000      5.119868      5.119868     10.239737
      5.640000      4.453334      4.453334      8.906669
      5.660000      3.908457      3.908457      7.816914
      5.680000      3.561931      3.561931      7.123862
      5.700000      3.473088      3.473088      6.946177
      5.720000      3.682424      3.682424      7.364848
      5.740000      4.203554      4.203554      8.407107
      5.760000      5.007553      5.007553     10.015106
      5.780000      6.008838      6.008838     12.017675
      5.800000      7.066498      7.066498     14.132995
      5.820000      8.009747      8.009747     16.019493
      5.840000      8.682961      8.682961     17.365922
      5.860000      8.992877      8.992877     17.985754
      5.880000      8.936967      8.936967     17.873935
      5.900000      8.600889      8.600889     17.201777
      5.920000      8.128193      8.128193     16.256386
      5.940000      7.676862      7.676862     15.353724
      5.960000      7.378206      7.378206     14.756412
      5.980000      7.306834      7.306834     14.613669
      6.000000      7.463721      7.463721     14.927443
      6.020000      7.773385      7.773385     15.546771
      6.040000      8.098637      8.098637     16.197274
      6.060000      8.275470      8.275470     16.550939
      6.080000      8.162639      8.162639     16.325277
      6.100000      7.689625      7.689625     15.379249
      6.120000      6.882342      6.882342     13.764685
      6.140000      5.854027      5.854027     11.708054
      6.160000      4.765615      4.765615      9.531229
      6.180000      3.774743      3.774743      7.549486
      6.200000      2.995786      2.995786      5.991572
      6.220000      2.484292      2.484292      4.968583
      6.240000      2.245257      2.245257      4.490514
      6.260000      2.254731      2.254731      4.509463
      6.280000      2.482388      2.482388      4.964776
      6.300000      2.906802      2.906802      5.813605
      6.320000      3.520447      3.520447      7.040893
      6.340000      4.324607      4.324607      8.649215
      6.360000      5.315636      5.315636     10.631273
      6.380000      6.465502      6.465502     12.931003
      6.400000      7.703276      7.703276     15.406552
      6.420000      8.908535      8.908535     17.817069
      6.440000      9.927907      9.927907     19.855814
      6.460000     10.617736     10.617736     21.235472
      6.480000     10.900092     10.900092     21.800184
      6.500000     10.805202     10.805202     21.610403
      6.520000     10.472541     10.472541     20.945083
      6.540000     10.100631     10.100631     20.201263
      6.560000      9.863951      9.863951     19.727903
      6.580000      9.836956      9.836956     19.673912
      6.600000      9.964658      9.964658     19.929316
      6.620000     10.095289     10.095289     20.190579
      6.640000     10.057169     10.057169     20.114339
      6.660000      9.739353      9.739353     19.478705
      6.680000      9.136851      9.136851     18.273703
      6.700000      8.343742      8.343742     16.687485
      6.720000      7.505919      7.505919     15.011837
      6.740000      6.762532      6.762532     13.525064
      6.760000      6.203555      6.203555     12.407110
      6.780000      5.855570      5.855570     11.711140
      6.800000      5.691141      5.691141     11.382282
      6.820000      5.648964      5.648964     11.297927
      6.840000      5.654262      5.654262     11.308524
      6.860000      5.636126      5.636126     11.272252
      6.880000      5.543464      5.543464     11.086928
      6.900000      5.360282      5.360282     10.720565
      6.920000      5.116150      5.116150     10.232300
      6.940000      4.884379      4.884379      9.768757
      6.960000      4.763125      4.763125      9.526250
      6.980000      4.842963      4.842963      9.685926
      7.000000      5.173398      5.173398     10.346795
      7.020000      5.743648      5.743648     11.487296
      7.040000      6.486760      6.486760     12.973519
      7.060000      7.303780      7.303780     14.607560
      7.080000      8.093990      8.093990     16.187979
      7.100000      8.775208      8.775208     17.550416
      7.120000      9.286544      9.286544     18.573087
      7.140000      9.578901      9.578901     19.157802
      7.160000      9.606897      9.606897     19.213793
      7.180000      9.333454      9.333454     18.666909
      7.200000      8.747109      8.747109     17.494218
      7.220000      7.880573      7.880573     15.761147
      7.240000      6.816161      6.816161     13.632322
      7.260000      5.671248      5.671248     11.342497
      7.280000      4.569249      4.569249      9.138498
      7.300000      3.609778      3.609778      7.219555
      7.320000      2.851008      2.851008      5.702016
      7.340000      2.309534      2.309534      4.619069
      7.360000      1.974228      1.974228      3.948456
      7.380000      1.825635      1.825635      3.651270
      7.400000      1.852520      1.852520      3.705040
      7.420000      2.060220      2.060220      4.120440
      7.440000      2.468962      2.468962      4.937923
      7.460000      3.102947      3.102947      6.205894
      7.480000      3.972987      3.972987      7.945973
      7.500000      5.057420      5.057420     10.114841
      7.520000      6.287835      6.287835     12.575670
      7.540000      7.546649      7.546649     15.093299
      7.560000      8.681412      8.681412     17.362824
      7.580000      9.535056      9.535056     19.070111
      7.600000      9.983869      9.983869     19.967738
      7.620000      9.969447      9.969447     19.938894
      7.640000      9.511536      9.511536     19.023071
      7.660000      8.696607      8.696607     17.393214
      7.680000      7.648413      7.648413     15.296826
      7.700000      6.494677      6.494677     12.989353
      7.720000      5.343570      5.343570     10.687140
      7.740000      4.275510      4.275510      8.551021
      7.760000      3.346282      3.346282      6.692564
      7.780000      2.592855      2.592855      5.185709
      7.800000      2.035508      2.035508      4.071017
      7.820000      1.675754      1.675754      3.351507
      7.840000      1.494111      1.494111      2.988222
      7.860000      1.452231      1.452231      2.904463
      7.880000      1.500798      1.500798      3.001596
      7.900000      1.590939      1.590939      3.181878
      7.920000      1.685023      1.685023      3.370045
      7.940000      1.763475      1.763475      3.526949
      7.960000      1.826676      1.826676      3.653351
      7.980000      1.893295      1.893295      3.786589
      8.000000      1.997136      1.997136      3.994272
      8.020000      2.183368      2.183368      4.366737
      8.040000      2.502880      2.502880      5.005759
      8.060000      3.002327      3.002327      6.004655
      8.080000      3.708915      3.708915      7.417831
      8.100000      4.613165      4.613165      9.226330
      8.120000      5.657677      5.657677     11.315353
      8.140000      6.741145      6.741145     13.482291
      8.160000      7.741774      7.741774     15.483548
      8.180000      8.553852      8.553852     17.107705
      8.200000      9.121672      9.121672     18.243343
      8.220000      9.453383      9.453383     18.906766
      8.240000      9.606809      9.606809     19.213619
      8.260000      9.654769      9.654769     19.309539
      8.280000      9.649264      9.649264     19.298528
      8.300000      9.603971      9.603971     19.207941
      8.320000      9.502830      9.502830     19.005661
      8.340000      9.326897      9.326897     18.653793
      8.360000      9.082021      9.082021     18.164041
      8.380000      8.811349      8.811349     17.622698
      8.400000      8.586559      8.586559     17.173119
      8.420000      8.483235      8.483235     16.966470
      8.440000      8.552758      8.552758     17.105517
      8.460000      8.803670      8.803670     17.607339
      8.480000      9.200935      9.200935     18.401869
      8.500000      9.684097      9.684097     19.368194
      8.520000     10.196740     10.196740     20.393480
      8.540000     10.712990     10.712990     21.425981
      8.560000     11.246070     11.246070     22.492140
      8.580000     11.831748     11.831748     23.663497
      8.600000     12.493486     12.493486     24.986973
      8.620000     13.208093     13.208093     26.416186
      8.640000     13.892680     13.892680     27.785361
      8.660000     14.423360     14.423360     28.846720
      8.680000     14.679435     14.679435     29.358869
      8.700000     14.593505     14.593505     29.187011
      8.720000     14.184764     14.184764     28.369528
      8.740000     13.560296     13.560296     27.120593
      8.760000     12.882889     12.882889     25.765778
      8.780000     12.317371     12.317371     24.634743
      8.800000     11.975785     11.975785     23.951569
      8.820000     11.881986     11.881986     23.763973
      8.840000     11.968850     11.968850     23.937701
      8.860000     12.108825     12.108825     24.217650
      8.880000     12.165702     12.165702     24.331404
      8.900000     12.046778     12.046778     24.093556
      8.920000     11.733904     11.733904     23.467809
      8.940000     11.280675     11.280675     22.561351
      8.960000     10.778661     10.778661     21.557321
      8.980000     10.311115     10.311115     20.622229
      9.000000      9.918994      9.918994     19.837988
      9.020000      9.596286      9.596286     19.192573
      9.040000      9.313360      9.313360     18.626720
      9.060000      9.049912      9.049912     18.099824
      9.080000      8.814693      8.814693     17.629386
      9.100000      8.640203      8.640203     17.280407
      9.120000      8.558608      8.558608     17.117216
      9.140000      8.577136      8.577136     17.154273
      9.160000      8.669665      8.669665     17.339330
      9.180000      8.788495      8.788495     17.576990
      9.200000      8.886466      8.886466     17.772932
      9.220000      8.934064      8.934064     17.868128
      9.240000      8.921861      8.921861     17.843723
      9.260000      8.850443      8.850443     17.700885
      9.280000      8.718930      8.718930     17.437860
      9.300000      8.523119      8.523119     17.046239
      9.320000      8.265821      8.265821     16.531643
      9.340000      7.972059      7.972059     15.944118
      9.360000      7.697546      7.697546     15.395093
      9.380000      7.522651      7.522651     15.045303
      9.400000      7.532241      7.532241     15.064482
      9.420000      7.788782      7.788782     15.577563
      9.440000      8.308672      8.308672     16.617344
      9.460000      9.050312      9.050312     18.100623
      9.480000      9.918633      9.918633     19.837266
      9.500000     10.785721     10.785721     21.571443
      9.520000     11.521410     11.521410     23.042820
      9.540000     12.023099     12.023099     24.046198
      9.560000     12.233561     12.233561     24.467121
      9.580000     12.140958     12.140958     24.281917
      9.600000     11.764719     11.764719     23.529438
      9.620000     11.138706     11.138706     22.277412
      9.640000     10.303702     10.303702     20.607404
      9.660000      9.313512      9.313512     18.627023
      9.680000      8.247932      8.247932     16.495865
      9.700000      7.219247      7.219247     14.438493
      9.720000      6.361697      6.361697     12.723394
      9.740000      5.803923      5.803923     11.607846
      9.760000      5.635276      5.635276     11.270553
      9.780000      5.881103      5.881103     11.762205
      9.800000      6.497338      6.497338     12.994677
      9.820000      7.385164      7.385164     14.770327
      9.840000      8.418248      8.418248     16.836495
      9.860000      9.472187      9.472187     18.944375
      9.880000     10.447515     10.447515     20.895031
      9.900000     11.281261     11.281261     22.562521
      9.920000     11.945414     11.945414     23.890827
      9.940000     12.433959     12.433959     24.867918
      9.960000     12.744163     12.744163     25.488326
      9.980000     12.861454     12.861454     25.722909
     10.000000     12.757401     12.757401     25.514802
