# EIG2DOS: Utility for SIESTA to obtain the electronic density of states
#  E. Artacho, Apr 1999, A. Garcia, Apr 2012
# ------------------------------------------
# Eigenvalues read from GRP_doping.EIG
# Using smearing parameter:   0.100
# Using   1001 points in energy range
# Selected bands: 1 to: 936
# Emin, emax in file for selected band(s):    -38.2749400    248.1698900
# Nbands, Nspin, Nk   =    936     1   231
# E_F                 =    -4.7221 eV --> (shifted to ZERO)
# Broadening          =     0.1000 eV
#
#        E            N(up)  (=)   N(down)         Ntot
    -10.000000      1.235980      1.235980      2.471959
     -9.980000      1.069896      1.069896      2.139792
     -9.960000      1.205026      1.205026      2.410053
     -9.940000      1.687064      1.687064      3.374127
     -9.920000      2.543135      2.543135      5.086270
     -9.900000      3.756879      3.756879      7.513759
     -9.880000      5.241157      5.241157     10.482314
     -9.860000      6.826456      6.826456     13.652911
     -9.840000      8.280682      8.280682     16.561364
     -9.820000      9.361940      9.361940     18.723880
     -9.800000      9.886701      9.886701     19.773402
     -9.780000      9.783948      9.783948     19.567895
     -9.760000      9.110792      9.110792     18.221583
     -9.740000      8.024778      8.024778     16.049555
     -9.720000      6.729738      6.729738     13.459476
     -9.700000      5.421652      5.421652     10.843305
     -9.680000      4.254106      4.254106      8.508212
     -9.660000      3.327212      3.327212      6.654424
     -9.640000      2.691314      2.691314      5.382628
     -9.620000      2.354330      2.354330      4.708660
     -9.600000      2.287358      2.287358      4.574717
     -9.580000      2.430249      2.430249      4.860498
     -9.560000      2.701508      2.701508      5.403016
     -9.540000      3.014169      3.014169      6.028337
     -9.520000      3.294163      3.294163      6.588326
     -9.500000      3.494415      3.494415      6.988830
     -9.480000      3.598852      3.598852      7.197703
     -9.460000      3.615143      3.615143      7.230285
     -9.440000      3.560461      3.560461      7.120922
     -9.420000      3.447664      3.447664      6.895329
     -9.400000      3.278429      3.278429      6.556859
     -9.380000      3.045749      3.045749      6.091499
     -9.360000      2.743185      2.743185      5.486370
     -9.340000      2.375034      2.375034      4.750068
     -9.320000      1.961674      1.961674      3.923347
     -9.300000      1.537479      1.537479      3.074958
     -9.280000      1.142976      1.142976      2.285952
     -9.260000      0.815801      0.815801      1.631602
     -9.240000      0.585041      0.585041      1.170081
     -9.220000      0.470868      0.470868      0.941735
     -9.200000      0.487919      0.487919      0.975838
     -9.180000      0.648631      0.648631      1.297261
     -9.160000      0.962997      0.962997      1.925993
     -9.140000      1.433647      1.433647      2.867293
     -9.120000      2.048341      2.048341      4.096682
     -9.100000      2.774149      2.774149      5.548297
     -9.080000      3.557456      3.557456      7.114912
     -9.060000      4.331509      4.331509      8.663019
     -9.040000      5.029713      5.029713     10.059426
     -9.020000      5.600180      5.600180     11.200359
     -9.000000      6.016312      6.016312     12.032625
     -8.980000      6.279650      6.279650     12.559300
     -8.960000      6.414081      6.414081     12.828162
     -8.940000      6.453845      6.453845     12.907691
     -8.920000      6.430454      6.430454     12.860908
     -8.900000      6.364652      6.364652     12.729304
     -8.880000      6.267800      6.267800     12.535600
     -8.860000      6.152432      6.152432     12.304865
     -8.840000      6.045935      6.045935     12.091870
     -8.820000      5.997523      5.997523     11.995046
     -8.800000      6.070432      6.070432     12.140863
     -8.780000      6.319095      6.319095     12.638190
     -8.760000      6.761186      6.761186     13.522373
     -8.740000      7.359721      7.359721     14.719442
     -8.720000      8.025963      8.025963     16.051925
     -8.700000      8.641784      8.641784     17.283569
     -8.680000      9.089315      9.089315     18.178630
     -8.660000      9.274659      9.274659     18.549318
     -8.640000      9.141212      9.141212     18.282424
     -8.620000      8.677717      8.677717     17.355433
     -8.600000      7.927334      7.927334     15.854669
     -8.580000      6.996126      6.996126     13.992253
     -8.560000      6.051047      6.051047     12.102095
     -8.540000      5.297746      5.297746     10.595492
     -8.520000      4.937918      4.937918      9.875837
     -8.500000      5.117554      5.117554     10.235107
     -8.480000      5.883379      5.883379     11.766757
     -8.460000      7.162662      7.162662     14.325324
     -8.440000      8.773684      8.773684     17.547369
     -8.420000     10.464233     10.464233     20.928465
     -8.400000     11.966449     11.966449     23.932899
     -8.380000     13.051146     13.051146     26.102292
     -8.360000     13.566051     13.566051     27.132102
     -8.340000     13.450555     13.450555     26.901110
     -8.320000     12.730104     12.730104     25.460208
     -8.300000     11.499955     11.499955     22.999911
     -8.280000      9.906943      9.906943     19.813885
     -8.260000      8.131817      8.131817     16.263634
     -8.240000      6.369956      6.369956     12.739913
     -8.220000      4.808781      4.808781      9.617562
     -8.200000      3.604218      3.604218      7.208436
     -8.180000      2.860962      2.860962      5.721924
     -8.160000      2.619606      2.619606      5.239212
     -8.140000      2.850742      2.850742      5.701483
     -8.120000      3.456164      3.456164      6.912328
     -8.100000      4.280885      4.280885      8.561769
     -8.080000      5.141592      5.141592     10.283184
     -8.060000      5.871748      5.871748     11.743496
     -8.040000      6.371274      6.371274     12.742548
     -8.020000      6.638371      6.638371     13.276742
     -8.000000      6.763053      6.763053     13.526107
     -7.980000      6.879367      6.879367     13.758734
     -7.960000      7.096792      7.096792     14.193584
     -7.940000      7.445285      7.445285     14.890570
     -7.920000      7.862236      7.862236     15.724472
     -7.900000      8.226321      8.226321     16.452642
     -7.880000      8.417585      8.417585     16.835170
     -7.860000      8.370991      8.370991     16.741982
     -7.840000      8.098357      8.098357     16.196714
     -7.820000      7.673940      7.673940     15.347879
     -7.800000      7.198097      7.198097     14.396195
     -7.780000      6.760538      6.760538     13.521076
     -7.760000      6.418473      6.418473     12.836947
     -7.740000      6.192609      6.192609     12.385218
     -7.720000      6.074264      6.074264     12.148529
     -7.700000      6.034856      6.034856     12.069711
     -7.680000      6.033135      6.033135     12.066269
     -7.660000      6.021204      6.021204     12.042409
     -7.640000      5.952999      5.952999     11.905998
     -7.620000      5.797334      5.797334     11.594668
     -7.600000      5.553449      5.553449     11.106898
     -7.580000      5.263085      5.263085     10.526169
     -7.560000      5.011832      5.011832     10.023664
     -7.540000      4.914707      4.914707      9.829413
     -7.520000      5.086019      5.086019     10.172038
     -7.500000      5.600085      5.600085     11.200169
     -7.480000      6.454800      6.454800     12.909600
     -7.460000      7.552347      7.552347     15.104693
     -7.440000      8.708547      8.708547     17.417095
     -7.420000      9.694161      9.694161     19.388321
     -7.400000     10.299327     10.299327     20.598653
     -7.380000     10.400631     10.400631     20.801262
     -7.360000     10.004900     10.004900     20.009800
     -7.340000      9.249482      9.249482     18.498963
     -7.320000      8.354989      8.354989     16.709978
     -7.300000      7.546671      7.546671     15.093342
     -7.280000      6.975036      6.975036     13.950072
     -7.260000      6.667737      6.667737     13.335473
     -7.240000      6.531854      6.531854     13.063708
     -7.220000      6.404122      6.404122     12.808244
     -7.200000      6.126161      6.126161     12.252321
     -7.180000      5.612163      5.612163     11.224326
     -7.160000      4.882488      4.882488      9.764976
     -7.140000      4.054629      4.054629      8.109259
     -7.120000      3.302552      3.302552      6.605103
     -7.100000      2.805478      2.805478      5.610957
     -7.080000      2.704242      2.704242      5.408484
     -7.060000      3.072731      3.072731      6.145462
     -7.040000      3.903500      3.903500      7.807000
     -7.020000      5.105716      5.105716     10.211431
     -7.000000      6.517683      6.517683     13.035366
     -6.980000      7.937851      7.937851     15.875702
     -6.960000      9.172705      9.172705     18.345409
     -6.940000     10.089776     10.089776     20.179553
     -6.920000     10.656666     10.656666     21.313332
     -6.900000     10.948490     10.948490     21.896981
     -6.880000     11.116810     11.116810     22.233621
     -6.860000     11.327993     11.327993     22.655986
     -6.840000     11.692240     11.692240     23.384480
     -6.820000     12.211239     12.211239     24.422478
     -6.800000     12.768668     12.768668     25.537337
     -6.780000     13.172069     13.172069     26.344138
     -6.760000     13.231257     13.231257     26.462514
     -6.740000     12.839010     12.839010     25.678021
     -6.720000     12.016976     12.016976     24.033953
     -6.700000     10.907300     10.907300     21.814599
     -6.680000      9.718349      9.718349     19.436699
     -6.660000      8.653901      8.653901     17.307801
     -6.640000      7.857746      7.857746     15.715491
     -6.620000      7.391753      7.391753     14.783505
     -6.600000      7.246219      7.246219     14.492438
     -6.580000      7.368116      7.368116     14.736231
     -6.560000      7.689611      7.689611     15.379223
     -6.540000      8.144081      8.144081     16.288162
     -6.520000      8.665831      8.665831     17.331663
     -6.500000      9.179554      9.179554     18.359107
     -6.480000      9.592331      9.592331     19.184663
     -6.460000      9.800669      9.800669     19.601337
     -6.440000      9.715989      9.715989     19.431977
     -6.420000      9.298811      9.298811     18.597622
     -6.400000      8.583436      8.583436     17.166872
     -6.380000      7.678137      7.678137     15.356274
     -6.360000      6.738766      6.738766     13.477532
     -6.340000      5.927138      5.927138     11.854276
     -6.320000      5.370758      5.370758     10.741515
     -6.300000      5.136276      5.136276     10.272552
     -6.280000      5.221115      5.221115     10.442230
     -6.260000      5.561980      5.561980     11.123961
     -6.240000      6.056462      6.056462     12.112923
     -6.220000      6.591943      6.591943     13.183886
     -6.200000      7.073222      7.073222     14.146445
     -6.180000      7.439124      7.439124     14.878248
     -6.160000      7.662445      7.662445     15.324890
     -6.140000      7.736487      7.736487     15.472974
     -6.120000      7.659794      7.659794     15.319588
     -6.100000      7.431964      7.431964     14.863927
     -6.080000      7.065538      7.065538     14.131077
     -6.060000      6.606637      6.606637     13.213274
     -6.040000      6.148417      6.148417     12.296834
     -6.020000      5.822699      5.822699     11.645397
     -6.000000      5.766013      5.766013     11.532025
     -5.980000      6.070936      6.070936     12.141873
     -5.960000      6.743622      6.743622     13.487245
     -5.940000      7.688142      7.688142     15.376283
     -5.920000      8.727410      8.727410     17.454820
     -5.900000      9.654495      9.654495     19.308990
     -5.880000     10.295042     10.295042     20.590084
     -5.860000     10.557444     10.557444     21.114888
     -5.840000     10.453106     10.453106     20.906212
     -5.820000     10.081158     10.081158     20.162315
     -5.800000      9.585339      9.585339     19.170679
     -5.780000      9.101443      9.101443     18.202886
     -5.760000      8.718074      8.718074     17.436148
     -5.740000      8.468357      8.468357     16.936715
     -5.720000      8.355114      8.355114     16.710228
     -5.700000      8.392914      8.392914     16.785828
     -5.680000      8.638591      8.638591     17.277181
     -5.660000      9.186490      9.186490     18.372980
     -5.640000     10.125061     10.125061     20.250122
     -5.620000     11.475286     11.475286     22.950572
     -5.600000     13.144093     13.144093     26.288185
     -5.580000     14.919902     14.919902     29.839804
     -5.560000     16.517235     16.517235     33.034471
     -5.540000     17.654420     17.654420     35.308840
     -5.520000     18.134202     18.134202     36.268405
     -5.500000     17.897208     17.897208     35.794415
     -5.480000     17.031299     17.031299     34.062598
     -5.460000     15.738868     15.738868     31.477735
     -5.440000     14.279128     14.279128     28.558255
     -5.420000     12.906657     12.906657     25.813314
     -5.400000     11.821111     11.821111     23.642221
     -5.380000     11.133467     11.133467     22.266934
     -5.360000     10.849272     10.849272     21.698544
     -5.340000     10.870778     10.870778     21.741556
     -5.320000     11.022255     11.022255     22.044509
     -5.300000     11.099299     11.099299     22.198598
     -5.280000     10.932489     10.932489     21.864977
     -5.260000     10.444493     10.444493     20.888986
     -5.240000      9.676995      9.676995     19.353989
     -5.220000      8.774106      8.774106     17.548213
     -5.200000      7.928260      7.928260     15.856519
     -5.180000      7.311915      7.311915     14.623830
     -5.160000      7.023665      7.023665     14.047331
     -5.140000      7.067722      7.067722     14.135444
     -5.120000      7.367881      7.367881     14.735762
     -5.100000      7.801836      7.801836     15.603672
     -5.080000      8.237174      8.237174     16.474347
     -5.060000      8.556984      8.556984     17.113968
     -5.040000      8.674114      8.674114     17.348228
     -5.020000      8.540116      8.540116     17.080232
     -5.000000      8.153563      8.153563     16.307126
     -4.980000      7.565427      7.565427     15.130855
     -4.960000      6.874127      6.874127     13.748254
     -4.940000      6.205438      6.205438     12.410877
     -4.920000      5.681735      5.681735     11.363471
     -4.900000      5.393521      5.393521     10.787042
     -4.880000      5.386320      5.386320     10.772640
     -4.860000      5.666368      5.666368     11.332735
     -4.840000      6.215873      6.215873     12.431747
     -4.820000      7.002625      7.002625     14.005251
     -4.800000      7.974471      7.974471     15.948942
     -4.780000      9.043178      9.043178     18.086355
     -4.760000     10.074160     10.074160     20.148320
     -4.740000     10.898905     10.898905     21.797810
     -4.720000     11.353832     11.353832     22.707665
     -4.700000     11.330901     11.330901     22.661801
     -4.680000     10.814604     10.814604     21.629207
     -4.660000      9.885449      9.885449     19.770899
     -4.640000      8.688730      8.688730     17.377461
     -4.620000      7.386657      7.386657     14.773314
     -4.600000      6.118940      6.118940     12.237880
     -4.580000      4.988098      4.988098      9.976196
     -4.560000      4.068693      4.068693      8.137387
     -4.540000      3.426195      3.426195      6.852389
     -4.520000      3.128478      3.128478      6.256956
     -4.500000      3.240171      3.240171      6.480341
     -4.480000      3.801018      3.801018      7.602036
     -4.460000      4.798339      4.798339      9.596677
     -4.440000      6.147503      6.147503     12.295006
     -4.420000      7.692670      7.692670     15.385341
     -4.400000      9.233200      9.233200     18.466400
     -4.380000     10.570869     10.570869     21.141737
     -4.360000     11.562833     11.562833     23.125665
     -4.340000     12.160131     12.160131     24.320261
     -4.320000     12.414976     12.414976     24.829951
     -4.300000     12.451858     12.451858     24.903716
     -4.280000     12.412917     12.412917     24.825833
     -4.260000     12.400347     12.400347     24.800693
     -4.240000     12.441661     12.441661     24.883322
     -4.220000     12.494454     12.494454     24.988908
     -4.200000     12.488275     12.488275     24.976549
     -4.180000     12.380636     12.380636     24.761272
     -4.160000     12.193914     12.193914     24.387828
     -4.140000     12.008471     12.008471     24.016941
     -4.120000     11.912541     11.912541     23.825082
     -4.100000     11.936903     11.936903     23.873806
     -4.080000     12.014160     12.014160     24.028320
     -4.060000     11.989816     11.989816     23.979633
     -4.040000     11.682799     11.682799     23.365598
     -4.020000     10.965426     10.965426     21.930851
     -4.000000      9.823727      9.823727     19.647455
     -3.980000      8.372012      8.372012     16.744023
     -3.960000      6.820219      6.820219     13.640438
     -3.940000      5.413350      5.413350     10.826700
     -3.920000      4.368843      4.368843      8.737685
     -3.900000      3.830682      3.830682      7.661364
     -3.880000      3.846456      3.846456      7.692911
     -3.860000      4.364570      4.364570      8.729140
     -3.840000      5.246896      5.246896     10.493791
     -3.820000      6.294461      6.294461     12.588923
     -3.800000      7.284897      7.284897     14.569794
     -3.780000      8.017218      8.017218     16.034436
     -3.760000      8.354162      8.354162     16.708325
     -3.740000      8.249453      8.249453     16.498905
     -3.720000      7.750593      7.750593     15.501187
     -3.700000      6.976505      6.976505     13.953011
     -3.680000      6.079044      6.079044     12.158087
     -3.660000      5.203196      5.203196     10.406392
     -3.640000      4.459743      4.459743      8.919485
     -3.620000      3.917067      3.917067      7.834134
     -3.600000      3.609201      3.609201      7.218402
     -3.580000      3.549654      3.549654      7.099309
     -3.560000      3.739060      3.739060      7.478121
     -3.540000      4.160492      4.160492      8.320985
     -3.520000      4.766924      4.766924      9.533847
     -3.500000      5.474340      5.474340     10.948679
     -3.480000      6.174357      6.174357     12.348713
     -3.460000      6.769183      6.769183     13.538365
     -3.440000      7.214840      7.214840     14.429679
     -3.420000      7.547418      7.547418     15.094837
     -3.400000      7.871506      7.871506     15.743011
     -3.380000      8.309653      8.309653     16.619307
     -3.360000      8.935295      8.935295     17.870589
     -3.340000      9.723723      9.723723     19.447445
     -3.320000     10.548233     10.548233     21.096466
     -3.300000     11.225279     11.225279     22.450558
     -3.280000     11.586877     11.586877     23.173755
     -3.260000     11.544905     11.544905     23.089811
     -3.240000     11.117495     11.117495     22.234990
     -3.220000     10.408691     10.408691     20.817382
     -3.200000      9.556611      9.556611     19.113221
     -3.180000      8.679122      8.679122     17.358243
     -3.160000      7.842843      7.842843     15.685686
     -3.140000      7.064936      7.064936     14.129872
     -3.120000      6.338587      6.338587     12.677175
     -3.100000      5.662828      5.662828     11.325655
     -3.080000      5.059252      5.059252     10.118504
     -3.060000      4.568748      4.568748      9.137496
     -3.040000      4.233195      4.233195      8.466391
     -3.020000      4.074015      4.074015      8.148030
     -3.000000      4.078923      4.078923      8.157845
     -2.980000      4.202054      4.202054      8.404108
     -2.960000      4.375232      4.375232      8.750464
     -2.940000      4.523930      4.523930      9.047861
     -2.920000      4.582140      4.582140      9.164280
     -2.900000      4.503900      4.503900      9.007801
     -2.880000      4.271955      4.271955      8.543909
     -2.860000      3.903602      3.903602      7.807205
     -2.840000      3.451479      3.451479      6.902959
     -2.820000      2.995788      2.995788      5.991576
     -2.800000      2.626664      2.626664      5.253329
     -2.780000      2.420076      2.420076      4.840151
     -2.760000      2.414990      2.414990      4.829980
     -2.740000      2.600612      2.600612      5.201223
     -2.720000      2.919340      2.919340      5.838681
     -2.700000      3.285014      3.285014      6.570028
     -2.680000      3.609622      3.609622      7.219244
     -2.660000      3.828023      3.828023      7.656046
     -2.640000      3.911272      3.911272      7.822545
     -2.620000      3.864682      3.864682      7.729365
     -2.600000      3.714021      3.714021      7.428041
     -2.580000      3.488337      3.488337      6.976674
     -2.560000      3.208197      3.208197      6.416394
     -2.540000      2.883844      2.883844      5.767689
     -2.520000      2.521896      2.521896      5.043793
     -2.500000      2.135097      2.135097      4.270194
     -2.480000      1.749302      1.749302      3.498604
     -2.460000      1.404679      1.404679      2.809358
     -2.440000      1.151631      1.151631      2.303262
     -2.420000      1.043759      1.043759      2.087518
     -2.400000      1.129446      1.129446      2.258893
     -2.380000      1.441799      1.441799      2.883599
     -2.360000      1.986197      1.986197      3.972395
     -2.340000      2.727108      2.727108      5.454215
     -2.320000      3.580042      3.580042      7.160084
     -2.300000      4.417014      4.417014      8.834029
     -2.280000      5.091070      5.091070     10.182141
     -2.260000      5.476899      5.476899     10.953798
     -2.240000      5.514346      5.514346     11.028693
     -2.220000      5.236480      5.236480     10.472959
     -2.200000      4.768236      4.768236      9.536471
     -2.180000      4.294197      4.294197      8.588394
     -2.160000      4.007809      4.007809      8.015618
     -2.140000      4.061878      4.061878      8.123756
     -2.120000      4.538185      4.538185      9.076369
     -2.100000      5.444733      5.444733     10.889467
     -2.080000      6.737349      6.737349     13.474698
     -2.060000      8.352247      8.352247     16.704494
     -2.040000     10.230831     10.230831     20.461662
     -2.020000     12.320118     12.320118     24.640236
     -2.000000     14.543951     14.543951     29.087903
     -1.980000     16.759277     16.759277     33.518553
     -1.960000     18.728556     18.728556     37.457112
     -1.940000     20.140354     20.140354     40.280707
     -1.920000     20.688105     20.688105     41.376210
     -1.900000     20.181127     20.181127     40.362255
     -1.880000     18.635130     18.635130     37.270259
     -1.860000     16.292695     16.292695     32.585389
     -1.840000     13.558660     13.558660     27.117321
     -1.820000     10.879370     10.879370     21.758740
     -1.800000      8.620266      8.620266     17.240533
     -1.780000      6.989807      6.989807     13.979615
     -1.760000      6.028320      6.028320     12.056641
     -1.740000      5.649435      5.649435     11.298869
     -1.720000      5.705074      5.705074     11.410149
     -1.700000      6.045016      6.045016     12.090031
     -1.680000      6.551890      6.551890     13.103780
     -1.660000      7.145329      7.145329     14.290659
     -1.640000      7.761689      7.761689     15.523379
     -1.620000      8.326240      8.326240     16.652479
     -1.600000      8.738654      8.738654     17.477308
     -1.580000      8.885635      8.885635     17.771270
     -1.560000      8.678071      8.678071     17.356143
     -1.540000      8.093492      8.093492     16.186984
     -1.520000      7.199219      7.199219     14.398438
     -1.500000      6.141901      6.141901     12.283802
     -1.480000      5.108091      5.108091     10.216183
     -1.460000      4.275282      4.275282      8.550563
     -1.440000      3.774387      3.774387      7.548774
     -1.420000      3.674204      3.674204      7.348408
     -1.400000      3.984716      3.984716      7.969432
     -1.380000      4.668556      4.668556      9.337113
     -1.360000      5.651655      5.651655     11.303311
     -1.340000      6.831374      6.831374     13.662748
     -1.320000      8.086242      8.086242     16.172483
     -1.300000      9.291072      9.291072     18.582145
     -1.280000     10.335692     10.335692     20.671385
     -1.260000     11.140215     11.140215     22.280430
     -1.240000     11.660074     11.660074     23.320148
     -1.220000     11.880216     11.880216     23.760432
     -1.200000     11.805121     11.805121     23.610242
     -1.180000     11.453734     11.453734     22.907469
     -1.160000     10.863914     10.863914     21.727828
     -1.140000     10.102919     10.102919     20.205838
     -1.120000      9.274410      9.274410     18.548820
     -1.100000      8.512250      8.512250     17.024500
     -1.080000      7.957057      7.957057     15.914113
     -1.060000      7.720010      7.720010     15.440020
     -1.040000      7.845926      7.845926     15.691853
     -1.020000      8.290628      8.290628     16.581257
     -1.000000      8.924303      8.924303     17.848605
     -0.980000      9.563260      9.563260     19.126520
     -0.960000     10.020784     10.020784     20.041568
     -0.940000     10.159167     10.159167     20.318333
     -0.920000      9.924474      9.924474     19.848947
     -0.900000      9.353871      9.353871     18.707742
     -0.880000      8.557673      8.557673     17.115345
     -0.860000      7.687313      7.687313     15.374626
     -0.840000      6.901264      6.901264     13.802527
     -0.820000      6.335071      6.335071     12.670141
     -0.800000      6.075647      6.075647     12.151293
     -0.780000      6.139681      6.139681     12.279362
     -0.760000      6.461391      6.461391     12.922782
     -0.740000      6.899520      6.899520     13.799040
     -0.720000      7.270333      7.270333     14.540667
     -0.700000      7.401251      7.401251     14.802503
     -0.680000      7.185926      7.185926     14.371851
     -0.660000      6.616609      6.616609     13.233219
     -0.640000      5.779028      5.779028     11.558057
     -0.620000      4.813811      4.813811      9.627621
     -0.600000      3.865028      3.865028      7.730056
     -0.580000      3.040498      3.040498      6.080996
     -0.560000      2.399056      2.399056      4.798111
     -0.540000      1.964399      1.964399      3.928799
     -0.520000      1.752721      1.752721      3.505441
     -0.500000      1.797174      1.797174      3.594348
     -0.480000      2.155733      2.155733      4.311465
     -0.460000      2.896706      2.896706      5.793412
     -0.440000      4.065414      4.065414      8.130827
     -0.420000      5.644524      5.644524     11.289048
     -0.400000      7.526915      7.526915     15.053829
     -0.380000      9.519528      9.519528     19.039055
     -0.360000     11.386157     11.386157     22.772314
     -0.340000     12.918257     12.918257     25.836513
     -0.320000     14.004608     14.004608     28.009216
     -0.300000     14.665262     14.665262     29.330524
     -0.280000     15.029200     15.029200     30.058401
     -0.260000     15.263215     15.263215     30.526431
     -0.240000     15.485823     15.485823     30.971646
     -0.220000     15.708727     15.708727     31.417454
     -0.200000     15.834411     15.834411     31.668823
     -0.180000     15.710533     15.710533     31.421067
     -0.160000     15.215480     15.215480     30.430960
     -0.140000     14.336784     14.336784     28.673569
     -0.120000     13.208021     13.208021     26.416042
     -0.100000     12.086099     12.086099     24.172197
     -0.080000     11.272937     11.272937     22.545875
     -0.060000     11.006966     11.006966     22.013932
     -0.040000     11.364371     11.364371     22.728742
     -0.020000     12.211167     12.211167     24.422334
      0.000000     13.231315     13.231315     26.462631
      0.020000     14.026653     14.026653     28.053306
      0.040000     14.252918     14.252918     28.505836
      0.060000     13.738467     13.738467     27.476933
      0.080000     12.538863     12.538863     25.077726
      0.100000     10.909145     10.909145     21.818289
      0.120000      9.210885      9.210885     18.421769
      0.140000      7.794535      7.794535     15.589069
      0.160000      6.899300      6.899300     13.798600
      0.180000      6.597502      6.597502     13.195004
      0.200000      6.790801      6.790801     13.581602
      0.220000      7.251638      7.251638     14.503277
      0.240000      7.695682      7.695682     15.391364
      0.260000      7.865884      7.865884     15.731767
      0.280000      7.604649      7.604649     15.209298
      0.300000      6.891787      6.891787     13.783574
      0.320000      5.836771      5.836771     11.673541
      0.340000      4.631875      4.631875      9.263750
      0.360000      3.488398      3.488398      6.976796
      0.380000      2.581781      2.581781      5.163563
      0.400000      2.021623      2.021623      4.043246
      0.420000      1.846994      1.846994      3.693988
      0.440000      2.036487      2.036487      4.072974
      0.460000      2.521532      2.521532      5.043064
      0.480000      3.198252      3.198252      6.396504
      0.500000      3.940648      3.940648      7.881296
      0.520000      4.620384      4.620384      9.240767
      0.540000      5.134763      5.134763     10.269527
      0.560000      5.437777      5.437777     10.875555
      0.580000      5.563720      5.563720     11.127440
      0.600000      5.631874      5.631874     11.263747
      0.620000      5.824592      5.824592     11.649184
      0.640000      6.338786      6.338786     12.677571
      0.660000      7.320399      7.320399     14.640798
      0.680000      8.800369      8.800369     17.600737
      0.700000     10.655191     10.655191     21.310382
      0.720000     12.611869     12.611869     25.223739
      0.740000     14.304143     14.304143     28.608287
      0.760000     15.367604     15.367604     30.735208
      0.780000     15.543445     15.543445     31.086891
      0.800000     14.753650     14.753650     29.507299
      0.820000     13.119646     13.119646     26.239292
      0.840000     10.918932     10.918932     21.837864
      0.860000      8.499098      8.499098     16.998196
      0.880000      6.183757      6.183757     12.367513
      0.900000      4.203327      4.203327      8.406653
      0.920000      2.668129      2.668129      5.336258
      0.940000      1.581567      1.581567      3.163133
      0.960000      0.877282      0.877282      1.754564
      0.980000      0.460943      0.460943      0.921887
      1.000000      0.242809      0.242809      0.485619
      1.020000      0.155962      0.155962      0.311923
      1.040000      0.161974      0.161974      0.323947
      1.060000      0.248729      0.248729      0.497457
      1.080000      0.424837      0.424837      0.849674
      1.100000      0.713529      0.713529      1.427058
      1.120000      1.147407      1.147407      2.294815
      1.140000      1.764201      1.764201      3.528403
      1.160000      2.602270      2.602270      5.204541
      1.180000      3.693131      3.693131      7.386261
      1.200000      5.048171      5.048171     10.096341
      1.220000      6.639690      6.639690     13.279380
      1.240000      8.382489      8.382489     16.764977
      1.260000     10.127962     10.127962     20.255924
      1.280000     11.682508     11.682508     23.365017
      1.300000     12.852756     12.852756     25.705511
      1.320000     13.504800     13.504800     27.009601
      1.340000     13.612578     13.612578     27.225156
      1.360000     13.271015     13.271015     26.542030
      1.380000     12.664929     12.664929     25.329857
      1.400000     12.006818     12.006818     24.013636
      1.420000     11.472438     11.472438     22.944877
      1.440000     11.162485     11.162485     22.324969
      1.460000     11.102369     11.102369     22.204739
      1.480000     11.270435     11.270435     22.540870
      1.500000     11.631324     11.631324     23.262648
      1.520000     12.153078     12.153078     24.306155
      1.540000     12.800870     12.800870     25.601740
      1.560000     13.516671     13.516671     27.033343
      1.580000     14.202418     14.202418     28.404835
      1.600000     14.720936     14.720936     29.441873
      1.620000     14.918334     14.918334     29.836667
      1.640000     14.661014     14.661014     29.322028
      1.660000     13.874804     13.874804     27.749608
      1.680000     12.573091     12.573091     25.146182
      1.700000     10.863874     10.863874     21.727748
      1.720000      8.931287      8.931287     17.862574
      1.740000      6.995101      6.995101     13.990203
      1.760000      5.260026      5.260026     10.520051
      1.780000      3.871201      3.871201      7.742402
      1.800000      2.890051      2.890051      5.780102
      1.820000      2.296241      2.296241      4.592481
      1.840000      2.011423      2.011423      4.022847
      1.860000      1.933624      1.933624      3.867248
      1.880000      1.969723      1.969723      3.939445
      1.900000      2.056689      2.056689      4.113379
      1.920000      2.167556      2.167556      4.335111
      1.940000      2.303508      2.303508      4.607017
      1.960000      2.477484      2.477484      4.954967
      1.980000      2.696530      2.696530      5.393060
      2.000000      2.949681      2.949681      5.899361
      2.020000      3.205466      3.205466      6.410931
      2.040000      3.419398      3.419398      6.838796
      2.060000      3.548059      3.548059      7.096118
      2.080000      3.564047      3.564047      7.128093
      2.100000      3.465872      3.465872      6.931745
      2.120000      3.278941      3.278941      6.557883
      2.140000      3.047280      3.047280      6.094560
      2.160000      2.819304      2.819304      5.638607
      2.180000      2.633237      2.633237      5.266473
      2.200000      2.507752      2.507752      5.015504
      2.220000      2.440945      2.440945      4.881889
      2.240000      2.416934      2.416934      4.833868
      2.260000      2.416170      2.416170      4.832339
      2.280000      2.424502      2.424502      4.849004
      2.300000      2.437636      2.437636      4.875272
      2.320000      2.460423      2.460423      4.920846
      2.340000      2.502756      2.502756      5.005512
      2.360000      2.574653      2.574653      5.149305
      2.380000      2.682783      2.682783      5.365566
      2.400000      2.830180      2.830180      5.660361
      2.420000      3.020263      3.020263      6.040527
      2.440000      3.264718      3.264718      6.529435
      2.460000      3.591641      3.591641      7.183282
      2.480000      4.046972      4.046972      8.093943
      2.500000      4.681946      4.681946      9.363892
      2.520000      5.525086      5.525086     11.050172
      2.540000      6.547990      6.547990     13.095980
      2.560000      7.643664      7.643664     15.287328
      2.580000      8.636036      8.636036     17.272072
      2.600000      9.325902      9.325902     18.651803
      2.620000      9.557846      9.557846     19.115691
      2.640000      9.277800      9.277800     18.555599
      2.660000      8.553248      8.553248     17.106496
      2.680000      7.547515      7.547515     15.095030
      2.700000      6.463833      6.463833     12.927666
      2.720000      5.488353      5.488353     10.976705
      2.740000      4.756576      4.756576      9.513152
      2.760000      4.350015      4.350015      8.700030
      2.780000      4.311614      4.311614      8.623227
      2.800000      4.660178      4.660178      9.320357
      2.820000      5.388776      5.388776     10.777553
      2.840000      6.445765      6.445765     12.891531
      2.860000      7.711834      7.711834     15.423668
      2.880000      8.994010      8.994010     17.988021
      2.900000     10.052764     10.052764     20.105528
      2.920000     10.661917     10.661917     21.323834
      2.940000     10.681271     10.681271     21.362542
      2.960000     10.110716     10.110716     20.221431
      2.980000      9.100176      9.100176     18.200352
      3.000000      7.909712      7.909712     15.819423
      3.020000      6.836319      6.836319     13.672637
      3.040000      6.135515      6.135515     12.271030
      3.060000      5.962002      5.962002     11.924004
      3.080000      6.340708      6.340708     12.681417
      3.100000      7.167729      7.167729     14.335457
      3.120000      8.236094      8.236094     16.472187
      3.140000      9.281808      9.281808     18.563616
      3.160000     10.044678     10.044678     20.089355
      3.180000     10.332649     10.332649     20.665298
      3.200000     10.071220     10.071220     20.142440
      3.220000      9.318886      9.318886     18.637772
      3.240000      8.240235      8.240235     16.480470
      3.260000      7.046459      7.046459     14.092919
      3.280000      5.928026      5.928026     11.856053
      3.300000      5.006603      5.006603     10.013207
      3.320000      4.321928      4.321928      8.643857
      3.340000      3.851766      3.851766      7.703533
      3.360000      3.549607      3.549607      7.099214
      3.380000      3.381051      3.381051      6.762102
      3.400000      3.344814      3.344814      6.689628
      3.420000      3.472748      3.472748      6.945497
      3.440000      3.810744      3.810744      7.621487
      3.460000      4.387445      4.387445      8.774889
      3.480000      5.181373      5.181373     10.362746
      3.500000      6.099652      6.099652     12.199304
      3.520000      6.981034      6.981034     13.962068
      3.540000      7.629235      7.629235     15.258469
      3.560000      7.869561      7.869561     15.739121
      3.580000      7.608230      7.608230     15.216461
      3.600000      6.868671      6.868671     13.737342
      3.620000      5.788089      5.788089     11.576178
      3.640000      4.576821      4.576821      9.153642
      3.660000      3.460564      3.460564      6.921128
      3.680000      2.630397      2.630397      5.260794
      3.700000      2.215540      2.215540      4.431080
      3.720000      2.277646      2.277646      4.555292
      3.740000      2.814858      2.814858      5.629715
      3.760000      3.765162      3.765162      7.530324
      3.780000      5.008320      5.008320     10.016640
      3.800000      6.374490      6.374490     12.748981
      3.820000      7.667855      7.667855     15.335710
      3.840000      8.704875      8.704875     17.409749
      3.860000      9.356212      9.356212     18.712424
      3.880000      9.577203      9.577203     19.154405
      3.900000      9.416717      9.416717     18.833434
      3.920000      9.003670      9.003670     18.007340
      3.940000      8.517190      8.517190     17.034380
      3.960000      8.147369      8.147369     16.294738
      3.980000      8.051689      8.051689     16.103378
      4.000000      8.312659      8.312659     16.625319
      4.020000      8.906344      8.906344     17.812689
      4.040000      9.695251      9.695251     19.390503
      4.060000     10.456343     10.456343     20.912686
      4.080000     10.943257     10.943257     21.886514
      4.100000     10.965206     10.965206     21.930412
      4.120000     10.452877     10.452877     20.905755
      4.140000      9.482924      9.482924     18.965849
      4.160000      8.249293      8.249293     16.498586
      4.180000      6.994074      6.994074     13.988148
      4.200000      5.929241      5.929241     11.858482
      4.220000      5.182929      5.182929     10.365858
      4.240000      4.788859      4.788859      9.577718
      4.260000      4.714485      4.714485      9.428970
      4.280000      4.905234      4.905234      9.810467
      4.300000      5.317839      5.317839     10.635679
      4.320000      5.926034      5.926034     11.852068
      4.340000      6.700228      6.700228     13.400455
      4.360000      7.579226      7.579226     15.158453
      4.380000      8.457336      8.457336     16.914671
      4.400000      9.200897      9.200897     18.401794
      4.420000      9.689269      9.689269     19.378538
      4.440000      9.858270      9.858270     19.716539
      4.460000      9.720935      9.720935     19.441870
      4.480000      9.354058      9.354058     18.708117
      4.500000      8.860302      8.860302     17.720604
      4.520000      8.329620      8.329620     16.659241
      4.540000      7.820922      7.820922     15.641845
      4.560000      7.368669      7.368669     14.737337
      4.580000      7.002274      7.002274     14.004547
      4.600000      6.760365      6.760365     13.520730
      4.620000      6.688978      6.688978     13.377955
      4.640000      6.825072      6.825072     13.650144
      4.660000      7.175022      7.175022     14.350044
      4.680000      7.698283      7.698283     15.396566
      4.700000      8.302445      8.302445     16.604889
      4.720000      8.852208      8.852208     17.704416
      4.740000      9.192845      9.192845     18.385690
      4.760000      9.185810      9.185810     18.371620
      4.780000      8.748389      8.748389     17.496777
      4.800000      7.883278      7.883278     15.766556
      4.820000      6.683755      6.683755     13.367509
      4.840000      5.308951      5.308951     10.617901
      4.860000      3.937853      3.937853      7.875707
      4.880000      2.721060      2.721060      5.442121
      4.900000      1.749182      1.749182      3.498365
      4.920000      1.046741      1.046741      2.093482
      4.940000      0.587627      0.587627      1.175254
      4.960000      0.320310      0.320310      0.640619
      4.980000      0.190875      0.190875      0.381750
      5.000000      0.157094      0.157094      0.314188
      5.020000      0.192625      0.192625      0.385250
      5.040000      0.284089      0.284089      0.568178
      5.060000      0.424720      0.424720      0.849440
      5.080000      0.607746      0.607746      1.215492
      5.100000      0.821671      0.821671      1.643342
      5.120000      1.048709      1.048709      2.097418
      5.140000      1.266588      1.266588      2.533176
      5.160000      1.452877      1.452877      2.905755
      5.180000      1.590098      1.590098      3.180196
      5.200000      1.669636      1.669636      3.339273
      5.220000      1.693103      1.693103      3.386205
      5.240000      1.670957      1.670957      3.341915
      5.260000      1.619491      1.619491      3.238981
      5.280000      1.557930      1.557930      3.115859
      5.300000      1.507325      1.507325      3.014651
      5.320000      1.491931      1.491931      2.983862
      5.340000      1.542242      1.542242      3.084484
      5.360000      1.697111      1.697111      3.394222
      5.380000      2.001076      2.001076      4.002152
      5.400000      2.493414      2.493414      4.986828
      5.420000      3.188663      3.188663      6.377325
      5.440000      4.054231      4.054231      8.108462
      5.460000      4.996553      4.996553      9.993107
      5.480000      5.868275      5.868275     11.736549
      5.500000      6.501696      6.501696     13.003391
      5.520000      6.759943      6.759943     13.519887
      5.540000      6.584922      6.584922     13.169844
      5.560000      6.019208      6.019208     12.038417
      5.580000      5.190734      5.190734     10.381467
      5.600000      4.267799      4.267799      8.535597
      5.620000      3.405929      3.405929      6.811859
      5.640000      2.709182      2.709182      5.418364
      5.660000      2.218015      2.218015      4.436030
      5.680000      1.922075      1.922075      3.844151
      5.700000      1.787237      1.787237      3.574473
      5.720000      1.784493      1.784493      3.568987
      5.740000      1.910922      1.910922      3.821844
      5.760000      2.196243      2.196243      4.392485
      5.780000      2.691602      2.691602      5.383204
      5.800000      3.441741      3.441741      6.883483
      5.820000      4.448867      4.448867      8.897733
      5.840000      5.643866      5.643866     11.287732
      5.860000      6.882411      6.882411     13.764822
      5.880000      7.975302      7.975302     15.950603
      5.900000      8.745763      8.745763     17.491526
      5.920000      9.090329      9.090329     18.180659
      5.940000      9.015410      9.015410     18.030821
      5.960000      8.633056      8.633056     17.266113
      5.980000      8.119984      8.119984     16.239968
      6.000000      7.660352      7.660352     15.320704
      6.020000      7.395555      7.395555     14.791111
      6.040000      7.394732      7.394732     14.789465
      6.060000      7.647326      7.647326     15.294651
      6.080000      8.072852      8.072852     16.145703
      6.100000      8.544017      8.544017     17.088033
      6.120000      8.921430      8.921430     17.842860
      6.140000      9.095374      9.095374     18.190748
      6.160000      9.023015      9.023015     18.046030
      6.180000      8.744990      8.744990     17.489980
      6.200000      8.370282      8.370282     16.740565
      6.220000      8.032319      8.032319     16.064639
      6.240000      7.834154      7.834154     15.668309
      6.260000      7.806662      7.806662     15.613324
      6.280000      7.897013      7.897013     15.794026
      6.300000      7.989955      7.989955     15.979911
      6.320000      7.950424      7.950424     15.900849
      6.340000      7.669462      7.669462     15.338924
      6.360000      7.097360      7.097360     14.194720
      6.380000      6.255180      6.255180     12.510359
      6.400000      5.224198      5.224198     10.448396
      6.420000      4.119592      4.119592      8.239183
      6.440000      3.058508      3.058508      6.117016
      6.460000      2.132948      2.132948      4.265896
      6.480000      1.394806      1.394806      2.789612
      6.500000      0.855178      0.855178      1.710356
      6.520000      0.494989      0.494989      0.989978
      6.540000      0.281155      0.281155      0.562310
      6.560000      0.182645      0.182645      0.365290
      6.580000      0.182877      0.182877      0.365754
      6.600000      0.286918      0.286918      0.573836
      6.620000      0.522728      0.522728      1.045456
      6.640000      0.935361      0.935361      1.870722
      6.660000      1.573264      1.573264      3.146528
      6.680000      2.468149      2.468149      4.936299
      6.700000      3.614149      3.614149      7.228299
      6.720000      4.955274      4.955274      9.910548
      6.740000      6.388830      6.388830     12.777660
      6.760000      7.785332      7.785332     15.570664
      6.780000      9.016429      9.016429     18.032858
      6.800000      9.978283      9.978283     19.956567
      6.820000     10.602524     10.602524     21.205048
      6.840000     10.856615     10.856615     21.713231
      6.860000     10.741911     10.741911     21.483823
      6.880000     10.295438     10.295438     20.590877
      6.900000      9.593733      9.593733     19.187465
      6.920000      8.751946      8.751946     17.503893
      6.940000      7.913619      7.913619     15.827237
      6.960000      7.232843      7.232843     14.465687
      6.980000      6.854143      6.854143     13.708285
      7.000000      6.893215      6.893215     13.786429
      7.020000      7.417568      7.417568     14.835136
      7.040000      8.425852      8.425852     16.851705
      7.060000      9.830045      9.830045     19.660090
      7.080000     11.450842     11.450842     22.901685
      7.100000     13.036815     13.036815     26.073630
      7.120000     14.309512     14.309512     28.619025
      7.140000     15.024093     15.024093     30.048186
      7.160000     15.026215     15.026215     30.052430
      7.180000     14.286422     14.286422     28.572845
      7.200000     12.902281     12.902281     25.804563
      7.220000     11.070474     11.070474     22.140948
      7.240000      9.040073      9.040073     18.080145
      7.260000      7.061622      7.061622     14.123243
      7.280000      5.344830      5.344830     10.689660
      7.300000      4.032505      4.032505      8.065011
      7.320000      3.192069      3.192069      6.384138
      7.340000      2.820969      2.820969      5.641938
      7.360000      2.860287      2.860287      5.720574
      7.380000      3.211823      3.211823      6.423647
      7.400000      3.756111      3.756111      7.512222
      7.420000      4.370052      4.370052      8.740104
      7.440000      4.942666      4.942666      9.885331
      7.460000      5.387104      5.387104     10.774207
      7.480000      5.647760      5.647760     11.295520
      7.500000      5.702785      5.702785     11.405570
      7.520000      5.563043      5.563043     11.126086
      7.540000      5.267914      5.267914     10.535827
      7.560000      4.877297      4.877297      9.754594
      7.580000      4.459527      4.459527      8.919054
      7.600000      4.076991      4.076991      8.153983
      7.620000      3.773551      3.773551      7.547102
      7.640000      3.568186      3.568186      7.136372
      7.660000      3.457063      3.457063      6.914125
      7.680000      3.422714      3.422714      6.845429
      7.700000      3.446594      3.446594      6.893187
      7.720000      3.520910      3.520910      7.041819
      7.740000      3.656962      3.656962      7.313924
      7.760000      3.888521      3.888521      7.777041
      7.780000      4.269247      4.269247      8.538495
      7.800000      4.863105      4.863105      9.726211
      7.820000      5.727576      5.727576     11.455152
      7.840000      6.892113      6.892113     13.784226
      7.860000      8.337814      8.337814     16.675629
      7.880000      9.986425      9.986425     19.972851
      7.900000     11.705349     11.705349     23.410697
      7.920000     13.330202     13.330202     26.660405
      7.940000     14.699842     14.699842     29.399683
      7.960000     15.693795     15.693795     31.387589
      7.980000     16.260721     16.260721     32.521442
      8.000000     16.428972     16.428972     32.857944
      8.020000     16.295551     16.295551     32.591102
      8.040000     15.996429     15.996429     31.992859
      8.060000     15.667574     15.667574     31.335148
      8.080000     15.409769     15.409769     30.819537
      8.100000     15.269017     15.269017     30.538035
      8.120000     15.237567     15.237567     30.475133
      8.140000     15.271304     15.271304     30.542608
      8.160000     15.312587     15.312587     30.625175
      8.180000     15.307415     15.307415     30.614829
      8.200000     15.211906     15.211906     30.423813
      8.220000     14.990737     14.990737     29.981475
      8.240000     14.614184     14.614184     29.228368
      8.260000     14.058917     14.058917     28.117834
      8.280000     13.313106     13.313106     26.626212
      8.300000     12.382896     12.382896     24.765792
      8.320000     11.296948     11.296948     22.593897
      8.340000     10.107463     10.107463     20.214925
      8.360000      8.887621      8.887621     17.775242
      8.380000      7.725615      7.725615     15.451230
      8.400000      6.714999      6.714999     13.429998
      8.420000      5.941311      5.941311     11.882623
      8.440000      5.466258      5.466258     10.932516
      8.460000      5.312739      5.312739     10.625478
      8.480000      5.455405      5.455405     10.910810
      8.500000      5.821184      5.821184     11.642369
      8.520000      6.301832      6.301832     12.603665
      8.540000      6.776522      6.776522     13.553044
      8.560000      7.138486      7.138486     14.276972
      8.580000      7.317768      7.317768     14.635537
      8.600000      7.293560      7.293560     14.587120
      8.620000      7.093984      7.093984     14.187968
      8.640000      6.786168      6.786168     13.572337
      8.660000      6.462219      6.462219     12.924438
      8.680000      6.225631      6.225631     12.451263
      8.700000      6.178654      6.178654     12.357308
      8.720000      6.407252      6.407252     12.814503
      8.740000      6.960237      6.960237     13.920474
      8.760000      7.824407      7.824407     15.648814
      8.780000      8.905639      8.905639     17.811278
      8.800000     10.030749     10.030749     20.061497
      8.820000     10.980582     10.980582     21.961164
      8.840000     11.550709     11.550709     23.101418
      8.860000     11.619352     11.619352     23.238703
      8.880000     11.193769     11.193769     22.387538
      8.900000     10.413078     10.413078     20.826156
      8.920000      9.504663      9.504663     19.009327
      8.940000      8.712038      8.712038     17.424075
      8.960000      8.223100      8.223100     16.446199
      8.980000      8.124816      8.124816     16.249633
      9.000000      8.396954      8.396954     16.793908
      9.020000      8.941173      8.941173     17.882346
      9.040000      9.629276      9.629276     19.258552
      9.060000     10.349418     10.349418     20.698836
      9.080000     11.032733     11.032733     22.065466
      9.100000     11.653498     11.653498     23.306996
      9.120000     12.209189     12.209189     24.418377
      9.140000     12.696116     12.696116     25.392233
      9.160000     13.096646     13.096646     26.193293
      9.180000     13.385127     13.385127     26.770253
      9.200000     13.547271     13.547271     27.094543
      9.220000     13.599437     13.599437     27.198873
      9.240000     13.594566     13.594566     27.189133
      9.260000     13.609316     13.609316     27.218632
      9.280000     13.716803     13.716803     27.433606
      9.300000     13.956410     13.956410     27.912820
      9.320000     14.313485     14.313485     28.626969
      9.340000     14.717965     14.717965     29.435931
      9.360000     15.063678     15.063678     30.127355
      9.380000     15.241969     15.241969     30.483938
      9.400000     15.177397     15.177397     30.354795
      9.420000     14.851977     14.851977     29.703953
      9.440000     14.308966     14.308966     28.617932
      9.460000     13.635720     13.635720     27.271440
      9.480000     12.933887     12.933887     25.867774
      9.500000     12.290231     12.290231     24.580463
      9.520000     11.760173     11.760173     23.520347
      9.540000     11.369419     11.369419     22.738839
      9.560000     11.129932     11.129932     22.259865
      9.580000     11.059280     11.059280     22.118560
      9.600000     11.190594     11.190594     22.381187
      9.620000     11.565145     11.565145     23.130291
      9.640000     12.209004     12.209004     24.418008
      9.660000     13.105121     13.105121     26.210243
      9.680000     14.177328     14.177328     28.354657
      9.700000     15.299380     15.299380     30.598760
      9.720000     16.330350     16.330350     32.660701
      9.740000     17.162475     17.162475     34.324949
      9.760000     17.757784     17.757784     35.515569
      9.780000     18.153169     18.153169     36.306337
      9.800000     18.429979     18.429979     36.859959
      9.820000     18.664699     18.664699     37.329399
      9.840000     18.887999     18.887999     37.775997
      9.860000     19.073142     19.073142     38.146284
      9.880000     19.155762     19.155762     38.311524
      9.900000     19.068920     19.068920     38.137839
      9.920000     18.771927     18.771927     37.543854
      9.940000     18.260138     18.260138     36.520276
      9.960000     17.557423     17.557423     35.114845
      9.980000     16.702774     16.702774     33.405547
     10.000000     15.742369     15.742369     31.484738
