# EIG2DOS: Utility for SIESTA to obtain the electronic density of states
#  E. Artacho, Apr 1999, A. Garcia, Apr 2012
# ------------------------------------------
# Eigenvalues read from GRP_doping.EIG
# Using smearing parameter:   0.100
# Using   1001 points in energy range
# Selected bands: 1 to: 936
# Emin, emax in file for selected band(s):    -36.6178600    231.3822500
# Nbands, Nspin, Nk   =    936     1   231
# E_F                 =    -5.1062 eV --> (shifted to ZERO)
# Broadening          =     0.1000 eV
#
#        E            N(up)  (=)   N(down)         Ntot
    -10.000000      9.576869      9.576869     19.153737
     -9.980000      9.851562      9.851562     19.703123
     -9.960000      9.554220      9.554220     19.108441
     -9.940000      8.743473      8.743473     17.486946
     -9.920000      7.555840      7.555840     15.111681
     -9.900000      6.167197      6.167197     12.334393
     -9.880000      4.752555      4.752555      9.505109
     -9.860000      3.454435      3.454435      6.908869
     -9.840000      2.365175      2.365175      4.730349
     -9.820000      1.523977      1.523977      3.047954
     -9.800000      0.926071      0.926071      1.852143
     -9.780000      0.539236      0.539236      1.078472
     -9.760000      0.322217      0.322217      0.644433
     -9.740000      0.240309      0.240309      0.480619
     -9.720000      0.275079      0.275079      0.550158
     -9.700000      0.426891      0.426891      0.853781
     -9.680000      0.710161      0.710161      1.420322
     -9.660000      1.142213      1.142213      2.284426
     -9.640000      1.728038      1.728038      3.456077
     -9.620000      2.445218      2.445218      4.890436
     -9.600000      3.234765      3.234765      6.469530
     -9.580000      4.003222      4.003222      8.006443
     -9.560000      4.638102      4.638102      9.276203
     -9.540000      5.033582      5.033582     10.067165
     -9.520000      5.118498      5.118498     10.236996
     -9.500000      4.876739      4.876739      9.753478
     -9.480000      4.352390      4.352390      8.704780
     -9.460000      3.637644      3.637644      7.275288
     -9.440000      2.848261      2.848261      5.696522
     -9.420000      2.095999      2.095999      4.191998
     -9.400000      1.467856      1.467856      2.935712
     -9.380000      1.017991      1.017991      2.035981
     -9.360000      0.771961      0.771961      1.543922
     -9.340000      0.737733      0.737733      1.475466
     -9.320000      0.916237      0.916237      1.832475
     -9.300000      1.306559      1.306559      2.613118
     -9.280000      1.905310      1.905310      3.810619
     -9.260000      2.703507      2.703507      5.407013
     -9.240000      3.684915      3.684915      7.369831
     -9.220000      4.827015      4.827015      9.654030
     -9.200000      6.101699      6.101699     12.203398
     -9.180000      7.471155      7.471155     14.942310
     -9.160000      8.877360      8.877360     17.754719
     -9.140000     10.229949     10.229949     20.459897
     -9.120000     11.402267     11.402267     22.804534
     -9.100000     12.244480     12.244480     24.488961
     -9.080000     12.614960     12.614960     25.229919
     -9.060000     12.420849     12.420849     24.841698
     -9.040000     11.652226     11.652226     23.304452
     -9.020000     10.395634     10.395634     20.791268
     -9.000000      8.821263      8.821263     17.642527
     -8.980000      7.148673      7.148673     14.297347
     -8.960000      5.603069      5.603069     11.206139
     -8.940000      4.374765      4.374765      8.749529
     -8.920000      3.589714      3.589714      7.179428
     -8.900000      3.293011      3.293011      6.586021
     -8.880000      3.444085      3.444085      6.888171
     -8.860000      3.923251      3.923251      7.846501
     -8.840000      4.551621      4.551621      9.103241
     -8.820000      5.125944      5.125944     10.251887
     -8.800000      5.464350      5.464350     10.928700
     -8.780000      5.451112      5.451112     10.902223
     -8.760000      5.064424      5.064424     10.128848
     -8.740000      4.375742      4.375742      8.751484
     -8.720000      3.521322      3.521322      7.042643
     -8.700000      2.659261      2.659261      5.318522
     -8.680000      1.930619      1.930619      3.861239
     -8.660000      1.438046      1.438046      2.876092
     -8.640000      1.243676      1.243676      2.487352
     -8.620000      1.377557      1.377557      2.755115
     -8.600000      1.844690      1.844690      3.689381
     -8.580000      2.624024      2.624024      5.248049
     -8.560000      3.662144      3.662144      7.324288
     -8.540000      4.871134      4.871134      9.742268
     -8.520000      6.138993      6.138993     12.277985
     -8.500000      7.352167      7.352167     14.704334
     -8.480000      8.419717      8.419717     16.839435
     -8.460000      9.285770      9.285770     18.571539
     -8.440000      9.924780      9.924780     19.849560
     -8.420000     10.327018     10.327018     20.654036
     -8.400000     10.488587     10.488587     20.977174
     -8.380000     10.414938     10.414938     20.829876
     -8.360000     10.133659     10.133659     20.267319
     -8.340000      9.702997      9.702997     19.405993
     -8.320000      9.204991      9.204991     18.409981
     -8.300000      8.723711      8.723711     17.447422
     -8.280000      8.319897      8.319897     16.639794
     -8.260000      8.015584      8.015584     16.031169
     -8.240000      7.795928      7.795928     15.591856
     -8.220000      7.626172      7.626172     15.252345
     -8.200000      7.475004      7.475004     14.950009
     -8.180000      7.333373      7.333373     14.666747
     -8.160000      7.219736      7.219736     14.439472
     -8.140000      7.167898      7.167898     14.335795
     -8.120000      7.201418      7.201418     14.402836
     -8.100000      7.306601      7.306601     14.613202
     -8.080000      7.420006      7.420006     14.840012
     -8.060000      7.442024      7.442024     14.884048
     -8.040000      7.275388      7.275388     14.550777
     -8.020000      6.872600      6.872600     13.745200
     -8.000000      6.268339      6.268339     12.536678
     -7.980000      5.578198      5.578198     11.156397
     -7.960000      4.961415      4.961415      9.922830
     -7.940000      4.563388      4.563388      9.126776
     -7.920000      4.463378      4.463378      8.926757
     -7.900000      4.649392      4.649392      9.298784
     -7.880000      5.029100      5.029100     10.058200
     -7.860000      5.470088      5.470088     10.940176
     -7.840000      5.851465      5.851465     11.702931
     -7.820000      6.105396      6.105396     12.210792
     -7.800000      6.231940      6.231940     12.463881
     -7.780000      6.282018      6.282018     12.564036
     -7.760000      6.317425      6.317425     12.634850
     -7.740000      6.367816      6.367816     12.735632
     -7.720000      6.406611      6.406611     12.813222
     -7.700000      6.358724      6.358724     12.717448
     -7.680000      6.136718      6.136718     12.273437
     -7.660000      5.687276      5.687276     11.374551
     -7.640000      5.025115      5.025115     10.050230
     -7.620000      4.239102      4.239102      8.478204
     -7.600000      3.469836      3.469836      6.939672
     -7.580000      2.870295      2.870295      5.740590
     -7.560000      2.564845      2.564845      5.129691
     -7.540000      2.617732      2.617732      5.235465
     -7.520000      3.015806      3.015806      6.031612
     -7.500000      3.667027      3.667027      7.334053
     -7.480000      4.416356      4.416356      8.832712
     -7.460000      5.079753      5.079753     10.159506
     -7.440000      5.491629      5.491629     10.983257
     -7.420000      5.552853      5.552853     11.105705
     -7.400000      5.261552      5.261552     10.523104
     -7.380000      4.713106      4.713106      9.426212
     -7.360000      4.068378      4.068378      8.136755
     -7.340000      3.503418      3.503418      7.006835
     -7.320000      3.161218      3.161218      6.322436
     -7.300000      3.122822      3.122822      6.245644
     -7.280000      3.403948      3.403948      6.807897
     -7.260000      3.970988      3.970988      7.941977
     -7.240000      4.763112      4.763112      9.526225
     -7.220000      5.708153      5.708153     11.416306
     -7.200000      6.727658      6.727658     13.455316
     -7.180000      7.735995      7.735995     15.471990
     -7.160000      8.643346      8.643346     17.286692
     -7.140000      9.368800      9.368800     18.737601
     -7.120000      9.859629      9.859629     19.719258
     -7.100000     10.104019     10.104019     20.208038
     -7.080000     10.125330     10.125330     20.250660
     -7.060000      9.957750      9.957750     19.915499
     -7.040000      9.617931      9.617931     19.235862
     -7.020000      9.092823      9.092823     18.185647
     -7.000000      8.354446      8.354446     16.708893
     -6.980000      7.393841      7.393841     14.787681
     -6.960000      6.252569      6.252569     12.505139
     -6.940000      5.031379      5.031379     10.062757
     -6.920000      3.870453      3.870453      7.740906
     -6.900000      2.912566      2.912566      5.825133
     -6.880000      2.267645      2.267645      4.535291
     -6.860000      1.992128      1.992128      3.984257
     -6.840000      2.085648      2.085648      4.171297
     -6.820000      2.499977      2.499977      4.999955
     -6.800000      3.154495      3.154495      6.308990
     -6.780000      3.955621      3.955621      7.911242
     -6.760000      4.819254      4.819254      9.638508
     -6.740000      5.692775      5.692775     11.385549
     -6.720000      6.569079      6.569079     13.138158
     -6.700000      7.484102      7.484102     14.968205
     -6.680000      8.494478      8.494478     16.988957
     -6.660000      9.641699      9.641699     19.283399
     -6.640000     10.917788     10.917788     21.835577
     -6.620000     12.248983     12.248983     24.497966
     -6.600000     13.506057     13.506057     27.012115
     -6.580000     14.536783     14.536783     29.073565
     -6.560000     15.205704     15.205704     30.411409
     -6.540000     15.425287     15.425287     30.850573
     -6.520000     15.170218     15.170218     30.340435
     -6.500000     14.476749     14.476749     28.953498
     -6.480000     13.434018     13.434018     26.868037
     -6.460000     12.172394     12.172394     24.344789
     -6.440000     10.849055     10.849055     21.698110
     -6.420000      9.628885      9.628885     19.257771
     -6.400000      8.661147      8.661147     17.322294
     -6.380000      8.056138      8.056138     16.112277
     -6.360000      7.867184      7.867184     15.734367
     -6.340000      8.081043      8.081043     16.162087
     -6.320000      8.617212      8.617212     17.234424
     -6.300000      9.336483      9.336483     18.672965
     -6.280000     10.060743     10.060743     20.121486
     -6.260000     10.605389     10.605389     21.210778
     -6.240000     10.820678     10.820678     21.641356
     -6.220000     10.631185     10.631185     21.262371
     -6.200000     10.058960     10.058960     20.117920
     -6.180000      9.219594      9.219594     18.439188
     -6.160000      8.289807      8.289807     16.579613
     -6.140000      7.455302      7.455302     14.910605
     -6.120000      6.854463      6.854463     13.708927
     -6.100000      6.535628      6.535628     13.071256
     -6.080000      6.443204      6.443204     12.886408
     -6.060000      6.440134      6.440134     12.880269
     -6.040000      6.361568      6.361568     12.723137
     -6.020000      6.080972      6.080972     12.161945
     -6.000000      5.562772      5.562772     11.125543
     -5.980000      4.880531      4.880531      9.761063
     -5.960000      4.194973      4.194973      8.389946
     -5.940000      3.702859      3.702859      7.405718
     -5.920000      3.576785      3.576785      7.153571
     -5.900000      3.914579      3.914579      7.829159
     -5.880000      4.709967      4.709967      9.419934
     -5.860000      5.849526      5.849526     11.699051
     -5.840000      7.136373      7.136373     14.272745
     -5.820000      8.336233      8.336233     16.672465
     -5.800000      9.234955      9.234955     18.469910
     -5.780000      9.691122      9.691122     19.382244
     -5.760000      9.667811      9.667811     19.335621
     -5.740000      9.235144      9.235144     18.470287
     -5.720000      8.545666      8.545666     17.091332
     -5.700000      7.791974      7.791974     15.583949
     -5.680000      7.158267      7.158267     14.316534
     -5.660000      6.777107      6.777107     13.554215
     -5.640000      6.702423      6.702423     13.404845
     -5.620000      6.908209      6.908209     13.816419
     -5.600000      7.315588      7.315588     14.631176
     -5.580000      7.837986      7.837986     15.675972
     -5.560000      8.421844      8.421844     16.843689
     -5.540000      9.058612      9.058612     18.117224
     -5.520000      9.758269      9.758269     19.516537
     -5.500000     10.498831     10.498831     20.997661
     -5.480000     11.184880     11.184880     22.369761
     -5.460000     11.647061     11.647061     23.294121
     -5.440000     11.692000     11.692000     23.384001
     -5.420000     11.181514     11.181514     22.363028
     -5.400000     10.100809     10.100809     20.201619
     -5.380000      8.580474      8.580474     17.160948
     -5.360000      6.862551      6.862551     13.725102
     -5.340000      5.229992      5.229992     10.459984
     -5.320000      3.933158      3.933158      7.866316
     -5.300000      3.140536      3.140536      6.281073
     -5.280000      2.921957      2.921957      5.843915
     -5.260000      3.256337      3.256337      6.512673
     -5.240000      4.051612      4.051612      8.103224
     -5.220000      5.169899      5.169899     10.339798
     -5.200000      6.456485      6.456485     12.912970
     -5.180000      7.770249      7.770249     15.540498
     -5.160000      9.007488      9.007488     18.014976
     -5.140000     10.109179     10.109179     20.218358
     -5.120000     11.048862     11.048862     22.097723
     -5.100000     11.810585     11.810585     23.621170
     -5.080000     12.373156     12.373156     24.746311
     -5.060000     12.711189     12.711189     25.422377
     -5.040000     12.809297     12.809297     25.618595
     -5.020000     12.675238     12.675238     25.350477
     -5.000000     12.340102     12.340102     24.680204
     -4.980000     11.846293     11.846293     23.692587
     -4.960000     11.235243     11.235243     22.470487
     -4.940000     10.546075     10.546075     21.092149
     -4.920000      9.824319      9.824319     19.648638
     -4.900000      9.127533      9.127533     18.255067
     -4.880000      8.514436      8.514436     17.028871
     -4.860000      8.017825      8.017825     16.035650
     -4.840000      7.618165      7.618165     15.236329
     -4.820000      7.239653      7.239653     14.479307
     -4.800000      6.778156      6.778156     13.556312
     -4.780000      6.149186      6.149186     12.298371
     -4.760000      5.330129      5.330129     10.660258
     -4.740000      4.374353      4.374353      8.748706
     -4.720000      3.392365      3.392365      6.784730
     -4.700000      2.513614      2.513614      5.027228
     -4.680000      1.849752      1.849752      3.699504
     -4.660000      1.473732      1.473732      2.947464
     -4.640000      1.416271      1.416271      2.832541
     -4.620000      1.671684      1.671684      3.343368
     -4.600000      2.204148      2.204148      4.408295
     -4.580000      2.951198      2.951198      5.902397
     -4.560000      3.827867      3.827867      7.655734
     -4.540000      4.737025      4.737025      9.474051
     -4.520000      5.588119      5.588119     11.176238
     -4.500000      6.320344      6.320344     12.640687
     -4.480000      6.921939      6.921939     13.843878
     -4.460000      7.437332      7.437332     14.874663
     -4.440000      7.957704      7.957704     15.915407
     -4.420000      8.595340      8.595340     17.190680
     -4.400000      9.445811      9.445811     18.891621
     -4.380000     10.545208     10.545208     21.090417
     -4.360000     11.834103     11.834103     23.668207
     -4.340000     13.144517     13.144517     26.289035
     -4.320000     14.225530     14.225530     28.451060
     -4.300000     14.811149     14.811149     29.622297
     -4.280000     14.712203     14.712203     29.424405
     -4.260000     13.894493     13.894493     27.788986
     -4.240000     12.504055     12.504055     25.008109
     -4.220000     10.823123     10.823123     21.646245
     -4.200000      9.175529      9.175529     18.351059
     -4.180000      7.825749      7.825749     15.651498
     -4.160000      6.915802      6.915802     13.831604
     -4.140000      6.460724      6.460724     12.921447
     -4.120000      6.392647      6.392647     12.785294
     -4.100000      6.623048      6.623048     13.246097
     -4.080000      7.089948      7.089948     14.179896
     -4.060000      7.768947      7.768947     15.537894
     -4.040000      8.646653      8.646653     17.293307
     -4.020000      9.674736      9.674736     19.349473
     -4.000000     10.735079     10.735079     21.470159
     -3.980000     11.644153     11.644153     23.288307
     -3.960000     12.205414     12.205414     24.410827
     -3.940000     12.289927     12.289927     24.579854
     -3.920000     11.904111     11.904111     23.808223
     -3.900000     11.204722     11.204722     22.409443
     -3.880000     10.446965     10.446965     20.893930
     -3.860000      9.887065      9.887065     19.774130
     -3.840000      9.684242      9.684242     19.368485
     -3.820000      9.845635      9.845635     19.691270
     -3.800000     10.234338     10.234338     20.468675
     -3.780000     10.630836     10.630836     21.261671
     -3.760000     10.817408     10.817408     21.634816
     -3.740000     10.651067     10.651067     21.302134
     -3.720000     10.101057     10.101057     20.202114
     -3.700000      9.244440      9.244440     18.488879
     -3.680000      8.229828      8.229828     16.459656
     -3.660000      7.229026      7.229026     14.458053
     -3.640000      6.396186      6.396186     12.792371
     -3.620000      5.845358      5.845358     11.690717
     -3.600000      5.645118      5.645118     11.290236
     -3.580000      5.820520      5.820520     11.641040
     -3.560000      6.353095      6.353095     12.706190
     -3.540000      7.177928      7.177928     14.355857
     -3.520000      8.186331      8.186331     16.372662
     -3.500000      9.244445      9.244445     18.488890
     -3.480000     10.228846     10.228846     20.457691
     -3.460000     11.065236     11.065236     22.130473
     -3.440000     11.747706     11.747706     23.495411
     -3.420000     12.323139     12.323139     24.646278
     -3.400000     12.846094     12.846094     25.692187
     -3.380000     13.329737     13.329737     26.659474
     -3.360000     13.722665     13.722665     27.445331
     -3.340000     13.925294     13.925294     27.850589
     -3.320000     13.834433     13.834433     27.668866
     -3.300000     13.388542     13.388542     26.777085
     -3.280000     12.589403     12.589403     25.178807
     -3.260000     11.493912     11.493912     22.987823
     -3.240000     10.188065     10.188065     20.376130
     -3.220000      8.761867      8.761867     17.523734
     -3.200000      7.297133      7.297133     14.594266
     -3.180000      5.868058      5.868058     11.736116
     -3.160000      4.546421      4.546421      9.092842
     -3.140000      3.403590      3.403590      6.807179
     -3.120000      2.507027      2.507027      5.014054
     -3.100000      1.913730      1.913730      3.827460
     -3.080000      1.663349      1.663349      3.326698
     -3.060000      1.770896      1.770896      3.541792
     -3.040000      2.217356      2.217356      4.434712
     -3.020000      2.939325      2.939325      5.878650
     -3.000000      3.824702      3.824702      7.649404
     -2.980000      4.724896      4.724896      9.449791
     -2.960000      5.489544      5.489544     10.979088
     -2.940000      6.017046      6.017046     12.034093
     -2.920000      6.300172      6.300172     12.600344
     -2.900000      6.440831      6.440831     12.881661
     -2.880000      6.617890      6.617890     13.235779
     -2.860000      7.013683      7.013683     14.027365
     -2.840000      7.727349      7.727349     15.454697
     -2.820000      8.713722      8.713722     17.427444
     -2.800000      9.778438      9.778438     19.556876
     -2.780000     10.636007     10.636007     21.272014
     -2.760000     11.008837     11.008837     22.017674
     -2.740000     10.725832     10.725832     21.451664
     -2.720000      9.779458      9.779458     19.558917
     -2.700000      8.320373      8.320373     16.640745
     -2.680000      6.597989      6.597989     13.195977
     -2.660000      4.877982      4.877982      9.755964
     -2.640000      3.372611      3.372611      6.745223
     -2.620000      2.207074      2.207074      4.414149
     -2.600000      1.424590      1.424590      2.849180
     -2.580000      1.016174      1.016174      2.032349
     -2.560000      0.954751      0.954751      1.909503
     -2.540000      1.216952      1.216952      2.433905
     -2.520000      1.785394      1.785394      3.570788
     -2.500000      2.634689      2.634689      5.269379
     -2.480000      3.712304      3.712304      7.424608
     -2.460000      4.927740      4.927740      9.855480
     -2.440000      6.158927      6.158927     12.317855
     -2.420000      7.274715      7.274715     14.549430
     -2.400000      8.162802      8.162802     16.325604
     -2.380000      8.750058      8.750058     17.500117
     -2.360000      9.008960      9.008960     18.017919
     -2.340000      8.954091      8.954091     17.908182
     -2.320000      8.637147      8.637147     17.274294
     -2.300000      8.143608      8.143608     16.287215
     -2.280000      7.585104      7.585104     15.170209
     -2.260000      7.078850      7.078850     14.157699
     -2.240000      6.714153      6.714153     13.428307
     -2.220000      6.519718      6.519718     13.039437
     -2.200000      6.451828      6.451828     12.903656
     -2.180000      6.415391      6.415391     12.830782
     -2.160000      6.311193      6.311193     12.622385
     -2.140000      6.086091      6.086091     12.172183
     -2.120000      5.759698      5.759698     11.519395
     -2.100000      5.413606      5.413606     10.827213
     -2.080000      5.149815      5.149815     10.299629
     -2.060000      5.041273      5.041273     10.082546
     -2.040000      5.100543      5.100543     10.201085
     -2.020000      5.281301      5.281301     10.562603
     -2.000000      5.509025      5.509025     11.018051
     -1.980000      5.722085      5.722085     11.444169
     -1.960000      5.900615      5.900615     11.801230
     -1.940000      6.068949      6.068949     12.137898
     -1.920000      6.272418      6.272418     12.544835
     -1.900000      6.542492      6.542492     13.084984
     -1.880000      6.869165      6.869165     13.738330
     -1.860000      7.194802      7.194802     14.389605
     -1.840000      7.432751      7.432751     14.865502
     -1.820000      7.502332      7.502332     15.004663
     -1.800000      7.364728      7.364728     14.729456
     -1.780000      7.044460      7.044460     14.088921
     -1.760000      6.628010      6.628010     13.256020
     -1.740000      6.240795      6.240795     12.481590
     -1.720000      6.011355      6.011355     12.022710
     -1.700000      6.034259      6.034259     12.068518
     -1.680000      6.341342      6.341342     12.682684
     -1.660000      6.887305      6.887305     13.774611
     -1.640000      7.552907      7.552907     15.105814
     -1.620000      8.167084      8.167084     16.334169
     -1.600000      8.546312      8.546312     17.092624
     -1.580000      8.543947      8.543947     17.087894
     -1.560000      8.095948      8.095948     16.191895
     -1.540000      7.246902      7.246902     14.493804
     -1.520000      6.145610      6.145610     12.291220
     -1.500000      5.011340      5.011340     10.022680
     -1.480000      4.083544      4.083544      8.167087
     -1.460000      3.571894      3.571894      7.143787
     -1.440000      3.618244      3.618244      7.236488
     -1.420000      4.273132      4.273132      8.546265
     -1.400000      5.484643      5.484643     10.969286
     -1.380000      7.099878      7.099878     14.199756
     -1.360000      8.884265      8.884265     17.768529
     -1.340000     10.563635     10.563635     21.127271
     -1.320000     11.885111     11.885111     23.770222
     -1.300000     12.680147     12.680147     25.360295
     -1.280000     12.906391     12.906391     25.812781
     -1.260000     12.650549     12.650549     25.301098
     -1.240000     12.090164     12.090164     24.180328
     -1.220000     11.429057     11.429057     22.858113
     -1.200000     10.830601     10.830601     21.661202
     -1.180000     10.371783     10.371783     20.743567
     -1.160000     10.031850     10.031850     20.063699
     -1.140000      9.716717      9.716717     19.433435
     -1.120000      9.308102      9.308102     18.616205
     -1.100000      8.717750      8.717750     17.435500
     -1.080000      7.925762      7.925762     15.851523
     -1.060000      6.989403      6.989403     13.978806
     -1.040000      6.022278      6.022278     12.044556
     -1.020000      5.156369      5.156369     10.312737
     -1.000000      4.504340      4.504340      9.008680
     -0.980000      4.135187      4.135187      8.270374
     -0.960000      4.067178      4.067178      8.134357
     -0.940000      4.274741      4.274741      8.549482
     -0.920000      4.703532      4.703532      9.407065
     -0.900000      5.288855      5.288855     10.577710
     -0.880000      5.973062      5.973062     11.946123
     -0.860000      6.716600      6.716600     13.433201
     -0.840000      7.497272      7.497272     14.994545
     -0.820000      8.296503      8.296503     16.593007
     -0.800000      9.079468      9.079468     18.158935
     -0.780000      9.782542      9.782542     19.565084
     -0.760000     10.320366     10.320366     20.640733
     -0.740000     10.614172     10.614172     21.228345
     -0.720000     10.628954     10.628954     21.257908
     -0.700000     10.399370     10.399370     20.798740
     -0.680000     10.029182     10.029182     20.058365
     -0.660000      9.663729      9.663729     19.327457
     -0.640000      9.449161      9.449161     18.898322
     -0.620000      9.496251      9.496251     18.992502
     -0.600000      9.858951      9.858951     19.717902
     -0.580000     10.526442     10.526442     21.052883
     -0.560000     11.422292     11.422292     22.844585
     -0.540000     12.409103     12.409103     24.818206
     -0.520000     13.305159     13.305159     26.610318
     -0.500000     13.920693     13.920693     27.841386
     -0.480000     14.110795     14.110795     28.221590
     -0.460000     13.826523     13.826523     27.653046
     -0.440000     13.138402     13.138402     26.276804
     -0.420000     12.215866     12.215866     24.431733
     -0.400000     11.268681     11.268681     22.537362
     -0.380000     10.477886     10.477886     20.955772
     -0.360000      9.949925      9.949925     19.899851
     -0.340000      9.713555      9.713555     19.427111
     -0.320000      9.753323      9.753323     19.506645
     -0.300000     10.051986     10.051986     20.103972
     -0.280000     10.610760     10.610760     21.221521
     -0.260000     11.432800     11.432800     22.865600
     -0.240000     12.481252     12.481252     24.962504
     -0.220000     13.641948     13.641948     27.283896
     -0.200000     14.720820     14.720820     29.441641
     -0.180000     15.487672     15.487672     30.975344
     -0.160000     15.752068     15.752068     31.504136
     -0.140000     15.438143     15.438143     30.876287
     -0.120000     14.622770     14.622770     29.245539
     -0.100000     13.516791     13.516791     27.033582
     -0.080000     12.394730     12.394730     24.789461
     -0.060000     11.502296     11.502296     23.004592
     -0.040000     10.981277     10.981277     21.962554
     -0.020000     10.842064     10.842064     21.684129
      0.000000     10.989315     10.989315     21.978629
      0.020000     11.279714     11.279714     22.559428
      0.040000     11.577886     11.577886     23.155772
      0.060000     11.784514     11.784514     23.569028
      0.080000     11.833311     11.833311     23.666622
      0.100000     11.674537     11.674537     23.349073
      0.120000     11.268026     11.268026     22.536052
      0.140000     10.596059     10.596059     21.192118
      0.160000      9.686690      9.686690     19.373380
      0.180000      8.626589      8.626589     17.253177
      0.200000      7.547190      7.547190     15.094380
      0.220000      6.585052      6.585052     13.170103
      0.240000      5.834516      5.834516     11.669032
      0.260000      5.316639      5.316639     10.633278
      0.280000      4.979705      4.979705      9.959409
      0.300000      4.729552      4.729552      9.459104
      0.320000      4.473055      4.473055      8.946109
      0.340000      4.153547      4.153547      8.307095
      0.360000      3.764035      3.764035      7.528070
      0.380000      3.337097      3.337097      6.674193
      0.400000      2.921554      2.921554      5.843108
      0.420000      2.559759      2.559759      5.119518
      0.440000      2.275571      2.275571      4.551141
      0.460000      2.075493      2.075493      4.150986
      0.480000      1.958724      1.958724      3.917447
      0.500000      1.928743      1.928743      3.857486
      0.520000      2.000003      2.000003      4.000007
      0.540000      2.196841      2.196841      4.393681
      0.560000      2.545985      2.545985      5.091970
      0.580000      3.066861      3.066861      6.133722
      0.600000      3.763800      3.763800      7.527600
      0.620000      4.621519      4.621519      9.243037
      0.640000      5.601986      5.601986     11.203972
      0.660000      6.640230      6.640230     13.280460
      0.680000      7.640052      7.640052     15.280104
      0.700000      8.475757      8.475757     16.951514
      0.720000      9.007704      9.007704     18.015408
      0.740000      9.114069      9.114069     18.228137
      0.760000      8.730411      8.730411     17.460823
      0.780000      7.879726      7.879726     15.759453
      0.800000      6.676295      6.676295     13.352590
      0.820000      5.298324      5.298324     10.596648
      0.840000      3.940191      3.940191      7.880383
      0.860000      2.764832      2.764832      5.529663
      0.880000      1.874432      1.874432      3.748864
      0.900000      1.305798      1.305798      2.611595
      0.920000      1.043998      1.043998      2.087996
      0.940000      1.041880      1.041880      2.083759
      0.960000      1.235600      1.235600      2.471200
      0.980000      1.553639      1.553639      3.107277
      1.000000      1.922881      1.922881      3.845762
      1.020000      2.276696      2.276696      4.553393
      1.040000      2.566670      2.566670      5.133340
      1.060000      2.774990      2.774990      5.549980
      1.080000      2.921873      2.921873      5.843745
      1.100000      3.063280      3.063280      6.126559
      1.120000      3.277399      3.277399      6.554799
      1.140000      3.641932      3.641932      7.283864
      1.160000      4.206858      4.206858      8.413716
      1.180000      4.969389      4.969389      9.938778
      1.200000      5.859398      5.859398     11.718797
      1.220000      6.743706      6.743706     13.487412
      1.240000      7.453933      7.453933     14.907865
      1.260000      7.834430      7.834430     15.668860
      1.280000      7.796770      7.796770     15.593540
      1.300000      7.361014      7.361014     14.722028
      1.320000      6.666155      6.666155     13.332310
      1.340000      5.942599      5.942599     11.885198
      1.360000      5.453149      5.453149     10.906299
      1.380000      5.419363      5.419363     10.838726
      1.400000      5.954262      5.954262     11.908523
      1.420000      7.021212      7.021212     14.042424
      1.440000      8.433870      8.433870     16.867739
      1.460000      9.902893      9.902893     19.805786
      1.480000     11.120530     11.120530     22.241061
      1.500000     11.857319     11.857319     23.714639
      1.520000     12.034884     12.034884     24.069768
      1.540000     11.744233     11.744233     23.488466
      1.560000     11.200886     11.200886     22.401772
      1.580000     10.656152     10.656152     21.312304
      1.600000     10.302647     10.302647     20.605294
      1.620000     10.212164     10.212164     20.424328
      1.640000     10.327102     10.327102     20.654203
      1.660000     10.503025     10.503025     21.006050
      1.680000     10.580483     10.580483     21.160966
      1.700000     10.455316     10.455316     20.910633
      1.720000     10.119632     10.119632     20.239264
      1.740000      9.658610      9.658610     19.317221
      1.760000      9.207086      9.207086     18.414171
      1.780000      8.887441      8.887441     17.774882
      1.800000      8.758335      8.758335     17.516670
      1.820000      8.796843      8.796843     17.593687
      1.840000      8.917628      8.917628     17.835256
      1.860000      9.012981      9.012981     18.025963
      1.880000      8.989727      8.989727     17.979454
      1.900000      8.787272      8.787272     17.574544
      1.920000      8.377878      8.377878     16.755755
      1.940000      7.761833      7.761833     15.523665
      1.960000      6.968633      6.968633     13.937265
      1.980000      6.064184      6.064184     12.128368
      2.000000      5.154388      5.154388     10.308775
      2.020000      4.375340      4.375340      8.750681
      2.040000      3.868720      3.868720      7.737439
      2.060000      3.750030      3.750030      7.500061
      2.080000      4.080610      4.080610      8.161220
      2.100000      4.851059      4.851059      9.702118
      2.120000      5.978516      5.978516     11.957032
      2.140000      7.317318      7.317318     14.634636
      2.160000      8.682590      8.682590     17.365180
      2.180000      9.885945      9.885945     19.771890
      2.200000     10.778592     10.778592     21.557184
      2.220000     11.290382     11.290382     22.580764
      2.240000     11.448937     11.448937     22.897875
      2.260000     11.366842     11.366842     22.733684
      2.280000     11.197953     11.197953     22.395905
      2.300000     11.079679     11.079679     22.159358
      2.320000     11.086379     11.086379     22.172757
      2.340000     11.213517     11.213517     22.427033
      2.360000     11.395759     11.395759     22.791518
      2.380000     11.544825     11.544825     23.089649
      2.400000     11.585005     11.585005     23.170010
      2.420000     11.469549     11.469549     22.939097
      2.440000     11.175294     11.175294     22.350588
      2.460000     10.686846     10.686846     21.373692
      2.480000      9.986810      9.986810     19.973620
      2.500000      9.062231      9.062231     18.124462
      2.520000      7.924034      7.924034     15.848067
      2.540000      6.625441      6.625441     13.250882
      2.560000      5.264947      5.264947     10.529894
      2.580000      3.969601      3.969601      7.939202
      2.600000      2.867363      2.867363      5.734726
      2.620000      2.063349      2.063349      4.126698
      2.640000      1.629978      1.629978      3.259955
      2.660000      1.609802      1.609802      3.219605
      2.680000      2.020952      2.020952      4.041904
      2.700000      2.854998      2.854998      5.709996
      2.720000      4.065595      4.065595      8.131189
      2.740000      5.556896      5.556896     11.113793
      2.760000      7.185251      7.185251     14.370502
      2.780000      8.781356      8.781356     17.562713
      2.800000     10.186351     10.186351     20.372701
      2.820000     11.284211     11.284211     22.568421
      2.840000     12.013925     12.013925     24.027850
      2.860000     12.358665     12.358665     24.717330
      2.880000     12.325105     12.325105     24.650209
      2.900000     11.931061     11.931061     23.862122
      2.920000     11.209700     11.209700     22.419400
      2.940000     10.222666     10.222666     20.445331
      2.960000      9.066435      9.066435     18.132869
      2.980000      7.862050      7.862050     15.724100
      3.000000      6.731921      6.731921     13.463842
      3.020000      5.776778      5.776778     11.553556
      3.040000      5.064407      5.064407     10.128815
      3.060000      4.632280      4.632280      9.264559
      3.080000      4.496834      4.496834      8.993668
      3.100000      4.659182      4.659182      9.318363
      3.120000      5.101012      5.101012     10.202023
      3.140000      5.771993      5.771993     11.543986
      3.160000      6.576778      6.576778     13.153555
      3.180000      7.372820      7.372820     14.745640
      3.200000      7.987841      7.987841     15.975682
      3.220000      8.257550      8.257550     16.515099
      3.240000      8.072888      8.072888     16.145775
      3.260000      7.417525      7.417525     14.835051
      3.280000      6.377182      6.377182     12.754363
      3.300000      5.114184      5.114184     10.228368
      3.320000      3.817533      3.817533      7.635066
      3.340000      2.650271      2.650271      5.300543
      3.360000      1.715246      1.715246      3.430492
      3.380000      1.048848      1.048848      2.097695
      3.400000      0.638196      0.638196      1.276392
      3.420000      0.448585      0.448585      0.897171
      3.440000      0.447669      0.447669      0.895338
      3.460000      0.618204      0.618204      1.236408
      3.480000      0.957738      0.957738      1.915475
      3.500000      1.468606      1.468606      2.937211
      3.520000      2.144373      2.144373      4.288746
      3.540000      2.959512      2.959512      5.919023
      3.560000      3.867534      3.867534      7.735068
      3.580000      4.808718      4.808718      9.617435
      3.600000      5.723131      5.723131     11.446261
      3.620000      6.560872      6.560872     13.121744
      3.640000      7.282594      7.282594     14.565188
      3.660000      7.850166      7.850166     15.700332
      3.680000      8.216028      8.216028     16.432056
      3.700000      8.323597      8.323597     16.647195
      3.720000      8.125489      8.125489     16.250977
      3.740000      7.613517      7.613517     15.227034
      3.760000      6.843516      6.843516     13.687032
      3.780000      5.937943      5.937943     11.875886
      3.800000      5.061471      5.061471     10.122943
      3.820000      4.380747      4.380747      8.761494
      3.840000      4.027451      4.027451      8.054902
      3.860000      4.078346      4.078346      8.156691
      3.880000      4.552368      4.552368      9.104736
      3.900000      5.414713      5.414713     10.829426
      3.920000      6.579168      6.579168     13.158337
      3.940000      7.910777      7.910777     15.821555
      3.960000      9.240357      9.240357     18.480714
      3.980000     10.399880     10.399880     20.799760
      4.000000     11.272144     11.272144     22.544289
      4.020000     11.830703     11.830703     23.661406
      4.040000     12.142364     12.142364     24.284728
      4.060000     12.321968     12.321968     24.643937
      4.080000     12.458604     12.458604     24.917208
      4.100000     12.553803     12.553803     25.107607
      4.120000     12.509016     12.509016     25.018032
      4.140000     12.172019     12.172019     24.344038
      4.160000     11.417463     11.417463     22.834927
      4.180000     10.217778     10.217778     20.435557
      4.200000      8.668456      8.668456     17.336911
      4.220000      6.959245      6.959245     13.918490
      4.240000      5.311309      5.311309     10.622617
      4.260000      3.913265      3.913265      7.826530
      4.280000      2.882396      2.882396      5.764792
      4.300000      2.259578      2.259578      4.519156
      4.320000      2.030086      2.030086      4.060173
      4.340000      2.154569      2.154569      4.309138
      4.360000      2.595019      2.595019      5.190038
      4.380000      3.325407      3.325407      6.650815
      4.400000      4.322842      4.322842      8.645684
      4.420000      5.542495      5.542495     11.084989
      4.440000      6.888005      6.888005     13.776010
      4.460000      8.195611      8.195611     16.391222
      4.480000      9.249027      9.249027     18.498054
      4.500000      9.829442      9.829442     19.658884
      4.520000      9.785010      9.785010     19.570019
      4.540000      9.088773      9.088773     18.177546
      4.560000      7.855147      7.855147     15.710294
      4.580000      6.304689      6.304689     12.609378
      4.600000      4.693396      4.693396      9.386793
      4.620000      3.239351      3.239351      6.478701
      4.640000      2.076689      2.076689      4.153377
      4.660000      1.248920      1.248920      2.497839
      4.680000      0.733623      0.733623      1.467247
      4.700000      0.479794      0.479794      0.959588
      4.720000      0.440091      0.440091      0.880183
      4.740000      0.588031      0.588031      1.176062
      4.760000      0.918271      0.918271      1.836541
      4.780000      1.433367      1.433367      2.866735
      4.800000      2.123206      2.123206      4.246412
      4.820000      2.945189      2.945189      5.890378
      4.840000      3.814334      3.814334      7.628667
      4.860000      4.610914      4.610914      9.221829
      4.880000      5.207576      5.207576     10.415152
      4.900000      5.508942      5.508942     11.017884
      4.920000      5.488859      5.488859     10.977718
      4.940000      5.208824      5.208824     10.417649
      4.960000      4.808106      4.808106      9.616213
      4.980000      4.468380      4.468380      8.936759
      5.000000      4.366260      4.366260      8.732520
      5.020000      4.629925      4.629925      9.259849
      5.040000      5.310726      5.310726     10.621451
      5.060000      6.372556      6.372556     12.745111
      5.080000      7.697001      7.697001     15.394002
      5.100000      9.102722      9.102722     18.205443
      5.120000     10.379032     10.379032     20.758064
      5.140000     11.330924     11.330924     22.661849
      5.160000     11.825082     11.825082     23.650164
      5.180000     11.820072     11.820072     23.640144
      5.200000     11.366791     11.366791     22.733582
      5.220000     10.578890     10.578890     21.157781
      5.240000      9.589252      9.589252     19.178503
      5.260000      8.515592      8.515592     17.031184
      5.280000      7.450280      7.450280     14.900559
      5.300000      6.472020      6.472020     12.944041
      5.320000      5.662602      5.662602     11.325203
      5.340000      5.109871      5.109871     10.219742
      5.360000      4.889010      4.889010      9.778020
      5.380000      5.030191      5.030191     10.060382
      5.400000      5.491848      5.491848     10.983697
      5.420000      6.158313      6.158313     12.316627
      5.440000      6.868344      6.868344     13.736689
      5.460000      7.463725      7.463725     14.927450
      5.480000      7.835037      7.835037     15.670073
      5.500000      7.942968      7.942968     15.885935
      5.520000      7.807873      7.807873     15.615746
      5.540000      7.478444      7.478444     14.956888
      5.560000      7.000293      7.000293     14.000586
      5.580000      6.401349      6.401349     12.802698
      5.600000      5.697593      5.697593     11.395186
      5.620000      4.910083      4.910083      9.820166
      5.640000      4.080120      4.080120      8.160240
      5.660000      3.274202      3.274202      6.548403
      5.680000      2.578596      2.578596      5.157193
      5.700000      2.088715      2.088715      4.177430
      5.720000      1.898138      1.898138      3.796276
      5.740000      2.087775      2.087775      4.175549
      5.760000      2.711617      2.711617      5.423235
      5.780000      3.776133      3.776133      7.552266
      5.800000      5.216674      5.216674     10.433348
      5.820000      6.882817      6.882817     13.765634
      5.840000      8.548225      8.548225     17.096451
      5.860000      9.953738      9.953738     19.907475
      5.880000     10.875695     10.875695     21.751390
      5.900000     11.194189     11.194189     22.388377
      5.920000     10.930147     10.930147     21.860293
      5.940000     10.232261     10.232261     20.464523
      5.960000      9.319052      9.319052     18.638104
      5.980000      8.403437      8.403437     16.806873
      6.000000      7.633931      7.633931     15.267862
      6.020000      7.074980      7.074980     14.149960
      6.040000      6.727168      6.727168     13.454335
      6.060000      6.568805      6.568805     13.137611
      6.080000      6.592857      6.592857     13.185715
      6.100000      6.819118      6.819118     13.638236
      6.120000      7.276384      7.276384     14.552768
      6.140000      7.965488      7.965488     15.930975
      6.160000      8.824207      8.824207     17.648414
      6.180000      9.714886      9.714886     19.429772
      6.200000     10.445224     10.445224     20.890447
      6.220000     10.817266     10.817266     21.634531
      6.240000     10.686508     10.686508     21.373016
      6.260000     10.008341     10.008341     20.016682
      6.280000      8.854402      8.854402     17.708805
      6.300000      7.393669      7.393669     14.787339
      6.320000      5.846588      5.846588     11.693176
      6.340000      4.429556      4.429556      8.859111
      6.360000      3.308321      3.308321      6.616642
      6.380000      2.572642      2.572642      5.145283
      6.400000      2.234660      2.234660      4.469320
      6.420000      2.245045      2.245045      4.490091
      6.440000      2.517474      2.517474      5.034948
      6.460000      2.953418      2.953418      5.906835
      6.480000      3.462796      3.462796      6.925592
      6.500000      3.978950      3.978950      7.957900
      6.520000      4.467310      4.467310      8.934620
      6.540000      4.926591      4.926591      9.853182
      6.560000      5.380851      5.380851     10.761701
      6.580000      5.861909      5.861909     11.723818
      6.600000      6.385402      6.385402     12.770805
      6.620000      6.929016      6.929016     13.858032
      6.640000      7.424698      7.424698     14.849396
      6.660000      7.773638      7.773638     15.547275
      6.680000      7.882354      7.882354     15.764709
      6.700000      7.705355      7.705355     15.410711
      6.720000      7.273275      7.273275     14.546549
      6.740000      6.691261      6.691261     13.382522
      6.760000      6.107998      6.107998     12.215995
      6.780000      5.670871      5.670871     11.341742
      6.800000      5.487437      5.487437     10.974874
      6.820000      5.605450      5.605450     11.210900
      6.840000      6.010621      6.010621     12.021241
      6.860000      6.633161      6.633161     13.266322
      6.880000      7.356079      7.356079     14.712157
      6.900000      8.026477      8.026477     16.052953
      6.920000      8.476925      8.476925     16.953851
      6.940000      8.560656      8.560656     17.121312
      6.960000      8.193214      8.193214     16.386429
      6.980000      7.383150      7.383150     14.766301
      7.000000      6.234576      6.234576     12.469152
      7.020000      4.916925      4.916925      9.833850
      7.040000      3.614212      3.614212      7.228425
      7.060000      2.476160      2.476160      4.952320
      7.080000      1.590618      1.590618      3.181237
      7.100000      0.983977      0.983977      1.967955
      7.120000      0.642614      0.642614      1.285229
      7.140000      0.541237      0.541237      1.082475
      7.160000      0.664723      0.664723      1.329446
      7.180000      1.015640      1.015640      2.031280
      7.200000      1.606245      1.606245      3.212490
      7.220000      2.439412      2.439412      4.878824
      7.240000      3.487088      3.487088      6.974176
      7.260000      4.676652      4.676652      9.353303
      7.280000      5.893512      5.893512     11.787025
      7.300000      7.002021      7.002021     14.004042
      7.320000      7.878534      7.878534     15.757068
      7.340000      8.444564      8.444564     16.889128
      7.360000      8.687806      8.687806     17.375612
      7.380000      8.664115      8.664115     17.328231
      7.400000      8.480715      8.480715     16.961429
      7.420000      8.266351      8.266351     16.532702
      7.440000      8.136886      8.136886     16.273771
      7.460000      8.166027      8.166027     16.332053
      7.480000      8.370866      8.370866     16.741733
      7.500000      8.718495      8.718495     17.436989
      7.520000      9.151490      9.151490     18.302980
      7.540000      9.619403      9.619403     19.238806
      7.560000     10.098045     10.098045     20.196090
      7.580000     10.585060     10.585060     21.170119
      7.600000     11.076669     11.076669     22.153339
      7.620000     11.544967     11.544967     23.089933
      7.640000     11.935163     11.935163     23.870325
      7.660000     12.186212     12.186212     24.372425
      7.680000     12.258714     12.258714     24.517427
      7.700000     12.147473     12.147473     24.294947
      7.720000     11.868799     11.868799     23.737597
      7.740000     11.434091     11.434091     22.868181
      7.760000     10.833480     10.833480     21.666961
      7.780000     10.045672     10.045672     20.091344
      7.800000      9.068942      9.068942     18.137883
      7.820000      7.950626      7.950626     15.901252
      7.840000      6.792205      6.792205     13.584411
      7.860000      5.723857      5.723857     11.447714
      7.880000      4.862814      4.862814      9.725627
      7.900000      4.279302      4.279302      8.558604
      7.920000      3.987175      3.987175      7.974350
      7.940000      3.960232      3.960232      7.920465
      7.960000      4.161183      4.161183      8.322367
      7.980000      4.565905      4.565905      9.131810
      8.000000      5.171037      5.171037     10.342075
      8.020000      5.982824      5.982824     11.965648
      8.040000      6.993899      6.993899     13.987797
      8.060000      8.159611      8.159611     16.319223
      8.080000      9.385897      9.385897     18.771794
      8.100000     10.536956     10.536956     21.073911
      8.120000     11.463572     11.463572     22.927145
      8.140000     12.043618     12.043618     24.087235
      8.160000     12.218962     12.218962     24.437924
      8.180000     12.012229     12.012229     24.024458
      8.200000     11.514617     11.514617     23.029234
      8.220000     10.849593     10.849593     21.699186
      8.240000     10.129439     10.129439     20.258878
      8.260000      9.425245      9.425245     18.850491
      8.280000      8.763314      8.763314     17.526627
      8.300000      8.146262      8.146262     16.292524
      8.320000      7.583802      7.583802     15.167603
      8.340000      7.113812      7.113812     14.227625
      8.360000      6.801026      6.801026     13.602053
      8.380000      6.713967      6.713967     13.427934
      8.400000      6.892767      6.892767     13.785533
      8.420000      7.324824      7.324824     14.649649
      8.440000      7.940599      7.940599     15.881198
      8.460000      8.632059      8.632059     17.264118
      8.480000      9.286912      9.286912     18.573825
      8.500000      9.826452      9.826452     19.652904
      8.520000     10.234182     10.234182     20.468365
      8.540000     10.565155     10.565155     21.130310
      8.560000     10.931067     10.931067     21.862134
      8.580000     11.463273     11.463273     22.926546
      8.600000     12.263771     12.263771     24.527542
      8.620000     13.360159     13.360159     26.720319
      8.640000     14.680994     14.680994     29.361987
      8.660000     16.061411     16.061411     32.122822
      8.680000     17.277815     17.277815     34.555630
      8.700000     18.100349     18.100349     36.200698
      8.720000     18.347571     18.347571     36.695143
      8.740000     17.929784     17.929784     35.859568
      8.760000     16.872547     16.872547     33.745094
      8.780000     15.316321     15.316321     30.632643
      8.800000     13.491243     13.491243     26.982485
      8.820000     11.669945     11.669945     23.339891
      8.840000     10.107655     10.107655     20.215310
      8.860000      8.985389      8.985389     17.970778
      8.880000      8.374182      8.374182     16.748363
      8.900000      8.232111      8.232111     16.464223
      8.920000      8.433229      8.433229     16.866458
      8.940000      8.814837      8.814837     17.629674
      8.960000      9.224451      9.224451     18.448902
      8.980000      9.552460      9.552460     19.104919
      9.000000      9.746530      9.746530     19.493060
      9.020000      9.811418      9.811418     19.622837
      9.040000      9.798985      9.798985     19.597970
      9.060000      9.790416      9.790416     19.580831
      9.080000      9.871813      9.871813     19.743626
      9.100000     10.107883     10.107883     20.215766
      9.120000     10.522581     10.522581     21.045161
      9.140000     11.094583     11.094583     22.189167
      9.160000     11.768126     11.768126     23.536252
      9.180000     12.471356     12.471356     24.942712
      9.200000     13.131635     13.131635     26.263269
      9.220000     13.681954     13.681954     27.363908
      9.240000     14.060612     14.060612     28.121224
      9.260000     14.211325     14.211325     28.422650
      9.280000     14.090246     14.090246     28.180492
      9.300000     13.681261     13.681261     27.362522
      9.320000     13.014866     13.014866     26.029732
      9.340000     12.181297     12.181297     24.362595
      9.360000     11.327209     11.327209     22.654419
      9.380000     10.628509     10.628509     21.257018
      9.400000     10.241074     10.241074     20.482149
      9.420000     10.243840     10.243840     20.487680
      9.440000     10.598702     10.598702     21.197405
      9.460000     11.150752     11.150752     22.301503
      9.480000     11.676898     11.676898     23.353796
      9.500000     11.966877     11.966877     23.933753
      9.520000     11.901539     11.901539     23.803078
      9.540000     11.492222     11.492222     22.984445
      9.560000     10.864368     10.864368     21.728736
      9.580000     10.197537     10.197537     20.395074
      9.600000      9.654941      9.654941     19.309882
      9.620000      9.336292      9.336292     18.672583
      9.640000      9.269618      9.269618     18.539235
      9.660000      9.433919      9.433919     18.867839
      9.680000      9.790431      9.790431     19.580861
      9.700000     10.302559     10.302559     20.605118
      9.720000     10.938253     10.938253     21.876506
      9.740000     11.662052     11.662052     23.324105
      9.760000     12.428582     12.428582     24.857163
      9.780000     13.184247     13.184247     26.368493
      9.800000     13.875778     13.875778     27.751555
      9.820000     14.459860     14.459860     28.919720
      9.840000     14.909243     14.909243     29.818487
      9.860000     15.214335     15.214335     30.428671
      9.880000     15.381357     15.381357     30.762714
      9.900000     15.427928     15.427928     30.855856
      9.920000     15.376670     15.376670     30.753341
      9.940000     15.248887     15.248887     30.497773
      9.960000     15.062241     15.062241     30.124482
      9.980000     14.835370     14.835370     29.670740
     10.000000     14.597365     14.597365     29.194731
