# EIG2DOS: Utility for SIESTA to obtain the electronic density of states
#  E. Artacho, Apr 1999, A. Garcia, Apr 2012
# ------------------------------------------
# Eigenvalues read from GRP_doping.EIG
# Using smearing parameter:   0.100
# Using   1001 points in energy range
# Selected bands: 1 to: 936
# Emin, emax in file for selected band(s):    -38.1749000    259.6633900
# Nbands, Nspin, Nk   =    936     1   352
# E_F                 =    -4.9968 eV --> (shifted to ZERO)
# Broadening          =     0.1000 eV
#
#        E            N(up)  (=)   N(down)         Ntot
    -10.000000      0.091312      0.091312      0.182623
     -9.980000      0.066546      0.066546      0.133092
     -9.960000      0.092577      0.092577      0.185155
     -9.940000      0.179979      0.179979      0.359957
     -9.920000      0.358258      0.358258      0.716515
     -9.900000      0.671802      0.671802      1.343604
     -9.880000      1.169951      1.169951      2.339902
     -9.860000      1.890127      1.890127      3.780255
     -9.840000      2.837440      2.837440      5.674879
     -9.820000      3.969351      3.969351      7.938703
     -9.800000      5.195603      5.195603     10.391206
     -9.780000      6.398129      6.398129     12.796258
     -9.760000      7.464731      7.464731     14.929462
     -9.740000      8.320872      8.320872     16.641743
     -9.720000      8.943961      8.943961     17.887922
     -9.700000      9.355148      9.355148     18.710297
     -9.680000      9.596992      9.596992     19.193984
     -9.660000      9.711189      9.711189     19.422379
     -9.640000      9.725692      9.725692     19.451384
     -9.620000      9.651826      9.651826     19.303651
     -9.600000      9.488104      9.488104     18.976207
     -9.580000      9.229283      9.229283     18.458566
     -9.560000      8.880236      8.880236     17.760472
     -9.540000      8.469593      8.469593     16.939186
     -9.520000      8.052333      8.052333     16.104665
     -9.500000      7.692880      7.692880     15.385760
     -9.480000      7.433511      7.433511     14.867022
     -9.460000      7.267478      7.267478     14.534955
     -9.440000      7.138467      7.138467     14.276934
     -9.420000      6.972957      6.972957     13.945915
     -9.400000      6.729590      6.729590     13.459181
     -9.380000      6.436474      6.436474     12.872948
     -9.360000      6.193047      6.193047     12.386094
     -9.340000      6.133211      6.133211     12.266422
     -9.320000      6.366971      6.366971     12.733941
     -9.300000      6.926875      6.926875     13.853750
     -9.280000      7.740999      7.740999     15.481999
     -9.260000      8.641934      8.641934     17.283869
     -9.240000      9.408435      9.408435     18.816869
     -9.220000      9.826482      9.826482     19.652964
     -9.200000      9.750445      9.750445     19.500890
     -9.180000      9.144193      9.144193     18.288386
     -9.160000      8.088499      8.088499     16.176999
     -9.140000      6.754019      6.754019     13.508037
     -9.120000      5.352779      5.352779     10.705559
     -9.100000      4.087956      4.087956      8.175912
     -9.080000      3.117982      3.117982      6.235965
     -9.060000      2.540258      2.540258      5.080517
     -9.040000      2.389352      2.389352      4.778703
     -9.020000      2.641042      2.641042      5.282085
     -9.000000      3.217574      3.217574      6.435148
     -8.980000      3.996654      3.996654      7.993309
     -8.960000      4.830535      4.830535      9.661070
     -8.940000      5.577807      5.577807     11.155614
     -8.920000      6.140719      6.140719     12.281439
     -8.900000      6.491754      6.491754     12.983508
     -8.880000      6.673057      6.673057     13.346115
     -8.860000      6.764413      6.764413     13.528825
     -8.840000      6.834066      6.834066     13.668131
     -8.820000      6.899592      6.899592     13.799185
     -8.800000      6.922655      6.922655     13.845310
     -8.780000      6.841835      6.841835     13.683670
     -8.760000      6.623587      6.623587     13.247174
     -8.740000      6.298961      6.298961     12.597922
     -8.720000      5.961835      5.961835     11.923670
     -8.700000      5.728033      5.728033     11.456065
     -8.680000      5.678466      5.678466     11.356933
     -8.660000      5.818566      5.818566     11.637131
     -8.640000      6.075947      6.075947     12.151894
     -8.620000      6.335939      6.335939     12.671878
     -8.600000      6.493987      6.493987     12.987974
     -8.580000      6.496731      6.496731     12.993462
     -8.560000      6.352638      6.352638     12.705276
     -8.540000      6.111908      6.111908     12.223817
     -8.520000      5.831959      5.831959     11.663918
     -8.500000      5.549540      5.549540     11.099080
     -8.480000      5.272111      5.272111     10.544221
     -8.460000      4.986883      4.986883      9.973766
     -8.440000      4.676229      4.676229      9.352458
     -8.420000      4.328332      4.328332      8.656664
     -8.400000      3.939512      3.939512      7.879024
     -8.380000      3.512122      3.512122      7.024243
     -8.360000      3.053844      3.053844      6.107689
     -8.340000      2.580686      2.580686      5.161372
     -8.320000      2.121273      2.121273      4.242546
     -8.300000      1.718307      1.718307      3.436614
     -8.280000      1.424749      1.424749      2.849499
     -8.260000      1.295207      1.295207      2.590415
     -8.240000      1.374671      1.374671      2.749342
     -8.220000      1.686877      1.686877      3.373753
     -8.200000      2.224514      2.224514      4.449029
     -8.180000      2.944296      2.944296      5.888591
     -8.160000      3.770701      3.770701      7.541402
     -8.140000      4.610982      4.610982      9.221965
     -8.120000      5.379569      5.379569     10.759137
     -8.100000      6.023964      6.023964     12.047929
     -8.080000      6.540464      6.540464     13.080928
     -8.060000      6.970189      6.970189     13.940379
     -8.040000      7.374616      7.374616     14.749232
     -8.020000      7.800807      7.800807     15.601614
     -8.000000      8.253261      8.253261     16.506522
     -7.980000      8.686571      8.686571     17.373143
     -7.960000      9.021749      9.021749     18.043498
     -7.940000      9.176139      9.176139     18.352279
     -7.920000      9.090809      9.090809     18.181619
     -7.900000      8.743770      8.743770     17.487540
     -7.880000      8.148174      8.148174     16.296348
     -7.860000      7.343324      7.343324     14.686647
     -7.840000      6.387134      6.387134     12.774268
     -7.820000      5.352811      5.352811     10.705622
     -7.800000      4.326045      4.326045      8.652090
     -7.780000      3.397477      3.397477      6.794955
     -7.760000      2.648990      2.648990      5.297979
     -7.740000      2.137728      2.137728      4.275455
     -7.720000      1.884402      1.884402      3.768803
     -7.700000      1.870929      1.870929      3.741858
     -7.680000      2.048444      2.048444      4.096888
     -7.660000      2.352583      2.352583      4.705167
     -7.640000      2.720472      2.720472      5.440944
     -7.620000      3.103654      3.103654      6.207308
     -7.600000      3.473362      3.473362      6.946724
     -7.580000      3.818319      3.818319      7.636638
     -7.560000      4.138937      4.138937      8.277874
     -7.540000      4.442872      4.442872      8.885744
     -7.520000      4.744088      4.744088      9.488175
     -7.500000      5.062509      5.062509     10.125018
     -7.480000      5.418365      5.418365     10.836729
     -7.460000      5.818413      5.818413     11.636825
     -7.440000      6.239712      6.239712     12.479423
     -7.420000      6.623933      6.623933     13.247867
     -7.400000      6.893495      6.893495     13.786991
     -7.380000      6.987987      6.987987     13.975974
     -7.360000      6.903205      6.903205     13.806410
     -7.340000      6.708327      6.708327     13.416654
     -7.320000      6.526592      6.526592     13.053184
     -7.300000      6.486109      6.486109     12.972217
     -7.280000      6.665537      6.665537     13.331073
     -7.260000      7.061916      7.061916     14.123831
     -7.240000      7.593881      7.593881     15.187763
     -7.220000      8.133572      8.133572     16.267144
     -7.200000      8.547922      8.547922     17.095845
     -7.180000      8.731017      8.731017     17.462034
     -7.160000      8.619769      8.619769     17.239538
     -7.140000      8.196154      8.196154     16.392309
     -7.120000      7.483475      7.483475     14.966950
     -7.100000      6.541372      6.541372     13.082744
     -7.080000      5.459461      5.459461     10.918922
     -7.060000      4.347603      4.347603      8.695206
     -7.040000      3.323123      3.323123      6.646246
     -7.020000      2.498699      2.498699      4.997399
     -7.000000      1.975122      1.975122      3.950244
     -6.980000      1.839046      1.839046      3.678092
     -6.960000      2.159875      2.159875      4.319750
     -6.940000      2.977039      2.977039      5.954077
     -6.920000      4.273542      4.273542      8.547083
     -6.900000      5.943355      5.943355     11.886710
     -6.880000      7.772550      7.772550     15.545100
     -6.860000      9.456928      9.456928     18.913856
     -6.840000     10.665789     10.665789     21.331578
     -6.820000     11.136223     11.136223     22.272446
     -6.800000     10.759915     10.759915     21.519829
     -6.780000      9.621445      9.621445     19.242890
     -6.760000      7.968684      7.968684     15.937367
     -6.740000      6.129815      6.129815     12.259630
     -6.720000      4.416373      4.416373      8.832746
     -6.700000      3.052633      3.052633      6.105265
     -6.680000      2.151157      2.151157      4.302314
     -6.660000      1.728045      1.728045      3.456090
     -6.640000      1.735699      1.735699      3.471398
     -6.620000      2.091744      2.091744      4.183488
     -6.600000      2.694607      2.694607      5.389213
     -6.580000      3.429207      3.429207      6.858414
     -6.560000      4.172690      4.172690      8.345379
     -6.540000      4.808442      4.808442      9.616883
     -6.520000      5.249514      5.249514     10.499028
     -6.500000      5.464470      5.464470     10.928941
     -6.480000      5.493633      5.493633     10.987267
     -6.460000      5.444371      5.444371     10.888742
     -6.440000      5.461073      5.461073     10.922146
     -6.420000      5.676559      5.676559     11.353117
     -6.400000      6.161866      6.161866     12.323732
     -6.380000      6.894812      6.894812     13.789625
     -6.360000      7.761146      7.761146     15.522292
     -6.340000      8.588007      8.588007     17.176015
     -6.320000      9.195268      9.195268     18.390535
     -6.300000      9.444122      9.444122     18.888244
     -6.280000      9.266917      9.266917     18.533834
     -6.260000      8.673389      8.673389     17.346777
     -6.240000      7.738676      7.738676     15.477352
     -6.220000      6.582531      6.582531     13.165062
     -6.200000      5.347468      5.347468     10.694935
     -6.180000      4.179979      4.179979      8.359958
     -6.160000      3.216349      3.216349      6.432699
     -6.140000      2.572982      2.572982      5.145964
     -6.120000      2.339360      2.339360      4.678721
     -6.100000      2.569999      2.569999      5.139998
     -6.080000      3.272218      3.272218      6.544436
     -6.060000      4.390970      4.390970      8.781939
     -6.040000      5.798551      5.798551     11.597102
     -6.020000      7.300828      7.300828     14.601656
     -6.000000      8.667910      8.667910     17.335820
     -5.980000      9.686252      9.686252     19.372505
     -5.960000     10.216913     10.216913     20.433825
     -5.940000     10.238731     10.238731     20.477463
     -5.920000      9.859165      9.859165     19.718330
     -5.900000      9.286661      9.286661     18.573322
     -5.880000      8.771067      8.771067     17.542134
     -5.860000      8.528405      8.528405     17.056810
     -5.840000      8.672043      8.672043     17.344086
     -5.820000      9.173091      9.173091     18.346182
     -5.800000      9.866570      9.866570     19.733140
     -5.780000     10.505491     10.505491     21.010982
     -5.760000     10.846052     10.846052     21.692103
     -5.740000     10.732705     10.732705     21.465409
     -5.720000     10.150550     10.150550     20.301100
     -5.700000      9.226060      9.226060     18.452121
     -5.680000      8.178548      8.178548     16.357095
     -5.660000      7.243353      7.243353     14.486705
     -5.640000      6.596225      6.596225     13.192450
     -5.620000      6.305629      6.305629     12.611258
     -5.600000      6.328516      6.328516     12.657032
     -5.580000      6.548932      6.548932     13.097863
     -5.560000      6.841878      6.841878     13.683756
     -5.540000      7.133179      7.133179     14.266358
     -5.520000      7.426645      7.426645     14.853291
     -5.500000      7.785183      7.785183     15.570367
     -5.480000      8.276568      8.276568     16.553136
     -5.460000      8.914194      8.914194     17.828388
     -5.440000      9.626101      9.626101     19.252202
     -5.420000     10.269683     10.269683     20.539366
     -5.400000     10.684533     10.684533     21.369066
     -5.380000     10.756621     10.756621     21.513242
     -5.360000     10.463431     10.463431     20.926862
     -5.340000      9.881259      9.881259     19.762518
     -5.320000      9.154397      9.154397     18.308794
     -5.300000      8.441887      8.441887     16.883775
     -5.280000      7.865170      7.865170     15.730340
     -5.260000      7.477571      7.477571     14.955143
     -5.240000      7.265665      7.265665     14.531330
     -5.220000      7.177211      7.177211     14.354421
     -5.200000      7.157553      7.157553     14.315105
     -5.180000      7.173093      7.173093     14.346186
     -5.160000      7.209790      7.209790     14.419580
     -5.140000      7.251849      7.251849     14.503699
     -5.120000      7.260172      7.260172     14.520344
     -5.100000      7.171581      7.171581     14.343161
     -5.080000      6.926361      6.926361     13.852721
     -5.060000      6.511689      6.511689     13.023377
     -5.040000      5.995384      5.995384     11.990768
     -5.020000      5.526920      5.526920     11.053840
     -5.000000      5.298892      5.298892     10.597783
     -4.980000      5.482091      5.482091     10.964182
     -4.960000      6.160232      6.160232     12.320465
     -4.940000      7.291292      7.291292     14.582585
     -4.920000      8.712606      8.712606     17.425212
     -4.900000     10.190642     10.190642     20.381285
     -4.880000     11.498935     11.498935     22.997869
     -4.860000     12.494956     12.494956     24.989911
     -4.840000     13.164907     13.164907     26.329814
     -4.820000     13.617346     13.617346     27.234692
     -4.800000     14.028367     14.028367     28.056733
     -4.780000     14.562394     14.562394     29.124787
     -4.760000     15.302564     15.302564     30.605128
     -4.740000     16.218598     16.218598     32.437195
     -4.720000     17.182013     17.182013     34.364026
     -4.700000     18.018005     18.018005     36.036011
     -4.680000     18.569418     18.569418     37.138836
     -4.660000     18.746313     18.746313     37.492626
     -4.640000     18.544744     18.544744     37.089487
     -4.620000     18.035062     18.035062     36.070125
     -4.600000     17.333900     17.333900     34.667800
     -4.580000     16.576388     16.576388     33.152775
     -4.560000     15.895723     15.895723     31.791447
     -4.540000     15.405075     15.405075     30.810151
     -4.520000     15.173770     15.173770     30.347540
     -4.500000     15.199134     15.199134     30.398267
     -4.480000     15.388561     15.388561     30.777122
     -4.460000     15.570190     15.570190     31.140380
     -4.440000     15.539182     15.539182     31.078364
     -4.420000     15.126586     15.126586     30.253172
     -4.400000     14.262814     14.262814     28.525628
     -4.380000     13.008130     13.008130     26.016260
     -4.360000     11.538176     11.538176     23.076353
     -4.340000     10.093752     10.093752     20.187504
     -4.320000      8.918398      8.918398     17.836796
     -4.300000      8.207515      8.207515     16.415031
     -4.280000      8.080635      8.080635     16.161270
     -4.260000      8.573168      8.573168     17.146337
     -4.240000      9.635687      9.635687     19.271373
     -4.220000     11.132100     11.132100     22.264201
     -4.200000     12.839397     12.839397     25.678795
     -4.180000     14.461594     14.461594     28.923188
     -4.160000     15.670578     15.670578     31.341156
     -4.140000     16.174281     16.174281     32.348563
     -4.120000     15.794403     15.794403     31.588806
     -4.100000     14.523371     14.523371     29.046741
     -4.080000     12.533268     12.533268     25.066536
     -4.060000     10.128895     10.128895     20.257789
     -4.040000      7.662866      7.662866     15.325732
     -4.020000      5.447569      5.447569     10.895139
     -4.000000      3.696940      3.696940      7.393880
     -3.980000      2.512560      2.512560      5.025120
     -3.960000      1.905706      1.905706      3.811412
     -3.940000      1.833026      1.833026      3.666052
     -3.920000      2.224669      2.224669      4.449338
     -3.900000      2.996255      2.996255      5.992510
     -3.880000      4.050460      4.050460      8.100920
     -3.860000      5.280735      5.280735     10.561470
     -3.840000      6.584786      6.584786     13.169572
     -3.820000      7.882986      7.882986     15.765972
     -3.800000      9.126942      9.126942     18.253883
     -3.780000     10.285712     10.285712     20.571423
     -3.760000     11.312741     11.312741     22.625483
     -3.740000     12.114984     12.114984     24.229968
     -3.720000     12.551347     12.551347     25.102694
     -3.700000     12.472704     12.472704     24.945409
     -3.680000     11.788387     11.788387     23.576774
     -3.660000     10.523704     10.523704     21.047407
     -3.640000      8.835293      8.835293     17.670587
     -3.620000      6.975000      6.975000     13.950000
     -3.600000      5.221581      5.221581     10.443162
     -3.580000      3.813780      3.813780      7.627560
     -3.560000      2.910855      2.910855      5.821709
     -3.540000      2.586054      2.586054      5.172107
     -3.520000      2.840161      2.840161      5.680323
     -3.500000      3.616849      3.616849      7.233699
     -3.480000      4.809131      4.809131      9.618262
     -3.460000      6.258948      6.258948     12.517895
     -3.440000      7.760932      7.760932     15.521864
     -3.420000      9.081961      9.081961     18.163923
     -3.400000     10.000589     10.000589     20.001179
     -3.380000     10.358942     10.358942     20.717883
     -3.360000     10.109770     10.109770     20.219539
     -3.340000      9.338667      9.338667     18.677334
     -3.320000      8.248699      8.248699     16.497399
     -3.300000      7.109618      7.109618     14.219236
     -3.280000      6.188897      6.188897     12.377794
     -3.260000      5.688405      5.688405     11.376809
     -3.240000      5.705035      5.705035     11.410071
     -3.220000      6.220498      6.220498     12.440997
     -3.200000      7.114196      7.114196     14.228393
     -3.180000      8.190516      8.190516     16.381032
     -3.160000      9.216665      9.216665     18.433330
     -3.140000      9.971373      9.971373     19.942745
     -3.120000     10.301030     10.301030     20.602059
     -3.100000     10.169104     10.169104     20.338209
     -3.080000      9.676514      9.676514     19.353028
     -3.060000      9.035363      9.035363     18.070726
     -3.040000      8.497679      8.497679     16.995358
     -3.020000      8.264482      8.264482     16.528964
     -3.000000      8.413809      8.413809     16.827618
     -2.980000      8.880007      8.880007     17.760014
     -2.960000      9.493025      9.493025     18.986051
     -2.940000     10.057776     10.057776     20.115553
     -2.920000     10.434701     10.434701     20.869401
     -2.900000     10.583420     10.583420     21.166839
     -2.880000     10.551891     10.551891     21.103782
     -2.860000     10.423246     10.423246     20.846492
     -2.840000     10.255054     10.255054     20.510107
     -2.820000     10.047811     10.047811     20.095621
     -2.800000      9.759362      9.759362     19.518724
     -2.780000      9.352009      9.352009     18.704018
     -2.760000      8.838234      8.838234     17.676468
     -2.740000      8.292701      8.292701     16.585402
     -2.720000      7.821109      7.821109     15.642217
     -2.700000      7.505026      7.505026     15.010053
     -2.680000      7.357102      7.357102     14.714205
     -2.660000      7.313468      7.313468     14.626936
     -2.640000      7.266082      7.266082     14.532163
     -2.620000      7.113964      7.113964     14.227928
     -2.600000      6.804064      6.804064     13.608127
     -2.580000      6.343095      6.343095     12.686189
     -2.560000      5.781562      5.781562     11.563124
     -2.540000      5.186113      5.186113     10.372226
     -2.520000      4.618083      4.618083      9.236166
     -2.500000      4.126902      4.126902      8.253804
     -2.480000      3.755519      3.755519      7.511038
     -2.460000      3.548522      3.548522      7.097044
     -2.440000      3.553856      3.553856      7.107712
     -2.420000      3.813292      3.813292      7.626584
     -2.400000      4.342502      4.342502      8.685003
     -2.380000      5.107594      5.107594     10.215189
     -2.360000      6.010131      6.010131     12.020262
     -2.340000      6.893644      6.893644     13.787289
     -2.320000      7.577941      7.577941     15.155882
     -2.300000      7.913383      7.913383     15.826766
     -2.280000      7.833334      7.833334     15.666667
     -2.260000      7.379254      7.379254     14.758507
     -2.240000      6.684632      6.684632     13.369265
     -2.220000      5.924927      5.924927     11.849854
     -2.200000      5.257593      5.257593     10.515185
     -2.180000      4.778380      4.778380      9.556761
     -2.160000      4.507702      4.507702      9.015404
     -2.140000      4.404052      4.404052      8.808103
     -2.120000      4.391241      4.391241      8.782481
     -2.100000      4.386490      4.386490      8.772981
     -2.080000      4.323025      4.323025      8.646050
     -2.060000      4.166695      4.166695      8.333389
     -2.040000      3.927280      3.927280      7.854560
     -2.020000      3.662536      3.662536      7.325073
     -2.000000      3.470576      3.470576      6.941153
     -1.980000      3.467339      3.467339      6.934678
     -1.960000      3.751198      3.751198      7.502396
     -1.940000      4.364136      4.364136      8.728272
     -1.920000      5.264318      5.264318     10.528637
     -1.900000      6.324344      6.324344     12.648688
     -1.880000      7.361051      7.361051     14.722102
     -1.860000      8.188967      8.188967     16.377934
     -1.840000      8.677263      8.677263     17.354526
     -1.820000      8.787367      8.787367     17.574733
     -1.800000      8.578019      8.578019     17.156038
     -1.780000      8.181008      8.181008     16.362016
     -1.760000      7.763035      7.763035     15.526071
     -1.740000      7.489316      7.489316     14.978633
     -1.720000      7.494513      7.494513     14.989026
     -1.700000      7.856825      7.856825     15.713649
     -1.680000      8.571446      8.571446     17.142892
     -1.660000      9.530272      9.530272     19.060544
     -1.640000     10.525165     10.525165     21.050331
     -1.620000     11.289710     11.289710     22.579420
     -1.600000     11.576133     11.576133     23.152266
     -1.580000     11.240769     11.240769     22.481539
     -1.560000     10.300235     10.300235     20.600470
     -1.540000      8.931281      8.931281     17.862562
     -1.520000      7.414471      7.414471     14.828943
     -1.500000      6.048225      6.048225     12.096450
     -1.480000      5.069569      5.069569     10.139138
     -1.460000      4.607736      4.607736      9.215473
     -1.440000      4.676144      4.676144      9.352288
     -1.420000      5.191436      5.191436     10.382873
     -1.400000      6.003624      6.003624     12.007247
     -1.380000      6.927324      6.927324     13.854647
     -1.360000      7.772465      7.772465     15.544931
     -1.340000      8.375919      8.375919     16.751838
     -1.320000      8.631984      8.631984     17.263967
     -1.300000      8.514440      8.514440     17.028881
     -1.280000      8.082226      8.082226     16.164452
     -1.260000      7.466315      7.466315     14.932630
     -1.240000      6.842605      6.842605     13.685209
     -1.220000      6.398400      6.398400     12.796800
     -1.200000      6.297088      6.297088     12.594176
     -1.180000      6.641858      6.641858     13.283715
     -1.160000      7.441335      7.441335     14.882670
     -1.140000      8.588064      8.588064     17.176128
     -1.120000      9.866944      9.866944     19.733889
     -1.100000     11.005023     11.005023     22.010045
     -1.080000     11.754536     11.754536     23.509071
     -1.060000     11.978460     11.978460     23.956919
     -1.040000     11.698855     11.698855     23.397710
     -1.020000     11.082746     11.082746     22.165492
     -1.000000     10.371747     10.371747     20.743494
     -0.980000      9.790832      9.790832     19.581664
     -0.960000      9.480013      9.480013     18.960026
     -0.940000      9.475691      9.475691     18.951382
     -0.920000      9.738333      9.738333     19.476666
     -0.900000     10.199530     10.199530     20.399061
     -0.880000     10.797743     10.797743     21.595485
     -0.860000     11.487047     11.487047     22.974094
     -0.840000     12.224326     12.224326     24.448653
     -0.820000     12.953117     12.953117     25.906233
     -0.800000     13.600437     13.600437     27.200874
     -0.780000     14.090593     14.090593     28.181186
     -0.760000     14.367235     14.367235     28.734470
     -0.740000     14.410057     14.410057     28.820113
     -0.720000     14.236888     14.236888     28.473776
     -0.700000     13.891071     13.891071     27.782143
     -0.680000     13.421719     13.421719     26.843438
     -0.660000     12.867032     12.867032     25.734065
     -0.640000     12.248161     12.248161     24.496322
     -0.620000     11.575275     11.575275     23.150550
     -0.600000     10.861392     10.861392     21.722785
     -0.580000     10.135674     10.135674     20.271348
     -0.560000      9.448104      9.448104     18.896209
     -0.540000      8.861777      8.861777     17.723554
     -0.520000      8.435242      8.435242     16.870485
     -0.500000      8.202328      8.202328     16.404656
     -0.480000      8.158281      8.158281     16.316563
     -0.460000      8.258837      8.258837     16.517674
     -0.440000      8.434175      8.434175     16.868350
     -0.420000      8.614088      8.614088     17.228176
     -0.400000      8.755432      8.755432     17.510865
     -0.380000      8.860183      8.860183     17.720365
     -0.360000      8.974680      8.974680     17.949360
     -0.340000      9.168585      9.168585     18.337170
     -0.320000      9.502316      9.502316     19.004631
     -0.300000      9.998180      9.998180     19.996360
     -0.280000     10.628245     10.628245     21.256489
     -0.260000     11.322325     11.322325     22.644651
     -0.240000     11.989101     11.989101     23.978201
     -0.220000     12.539449     12.539449     25.078897
     -0.200000     12.905081     12.905081     25.810162
     -0.180000     13.052040     13.052040     26.104080
     -0.160000     12.990713     12.990713     25.981426
     -0.140000     12.780259     12.780259     25.560519
     -0.120000     12.521134     12.521134     25.042268
     -0.100000     12.331500     12.331500     24.663000
     -0.080000     12.312270     12.312270     24.624540
     -0.060000     12.514596     12.514596     25.029191
     -0.040000     12.924694     12.924694     25.849388
     -0.020000     13.472105     13.472105     26.944210
      0.000000     14.054937     14.054937     28.109873
      0.020000     14.568189     14.568189     29.136378
      0.040000     14.923397     14.923397     29.846794
      0.060000     15.056803     15.056803     30.113605
      0.080000     14.931765     14.931765     29.863530
      0.100000     14.542887     14.542887     29.085775
      0.120000     13.923566     13.923566     27.847132
      0.140000     13.150540     13.150540     26.301080
      0.160000     12.335762     12.335762     24.671525
      0.180000     11.601114     11.601114     23.202227
      0.200000     11.042110     11.042110     22.084220
      0.220000     10.695295     10.695295     21.390590
      0.240000     10.524408     10.524408     21.048817
      0.260000     10.432288     10.432288     20.864575
      0.280000     10.293764     10.293764     20.587528
      0.300000      9.995992      9.995992     19.991985
      0.320000      9.470795      9.470795     18.941591
      0.340000      8.708869      8.708869     17.417738
      0.360000      7.754849      7.754849     15.509698
      0.380000      6.690352      6.690352     13.380703
      0.400000      5.615059      5.615059     11.230119
      0.420000      4.632827      4.632827      9.265654
      0.440000      3.843580      3.843580      7.687160
      0.460000      3.337026      3.337026      6.674052
      0.480000      3.183776      3.183776      6.367552
      0.500000      3.422675      3.422675      6.845349
      0.520000      4.047056      4.047056      8.094111
      0.540000      4.994844      4.994844      9.989689
      0.560000      6.147582      6.147582     12.295163
      0.580000      7.342361      7.342361     14.684722
      0.600000      8.398369      8.398369     16.796737
      0.620000      9.155354      9.155354     18.310708
      0.640000      9.515015      9.515015     19.030029
      0.660000      9.470909      9.470909     18.941818
      0.680000      9.112878      9.112878     18.225757
      0.700000      8.600402      8.600402     17.200803
      0.720000      8.112593      8.112593     16.225185
      0.740000      7.793268      7.793268     15.586536
      0.760000      7.711544      7.711544     15.423087
      0.780000      7.851235      7.851235     15.702469
      0.800000      8.130487      8.130487     16.260974
      0.820000      8.442006      8.442006     16.884012
      0.840000      8.697298      8.697298     17.394595
      0.860000      8.856949      8.856949     17.713899
      0.880000      8.934148      8.934148     17.868296
      0.900000      8.970174      8.970174     17.940348
      0.920000      8.995026      8.995026     17.990052
      0.940000      8.996101      8.996101     17.992201
      0.960000      8.915586      8.915586     17.831172
      0.980000      8.681820      8.681820     17.363640
      1.000000      8.259466      8.259466     16.518933
      1.020000      7.690891      7.690891     15.381783
      1.040000      7.104865      7.104865     14.209730
      1.060000      6.686010      6.686010     13.372021
      1.080000      6.617820      6.617820     13.235641
      1.100000      7.022302      7.022302     14.044604
      1.120000      7.917161      7.917161     15.834321
      1.140000      9.201730      9.201730     18.403460
      1.160000     10.672869     10.672869     21.345739
      1.180000     12.065634     12.065634     24.131269
      1.200000     13.110011     13.110011     26.220022
      1.220000     13.592055     13.592055     27.184109
      1.240000     13.404920     13.404920     26.809841
      1.260000     12.574712     12.574712     25.149423
      1.280000     11.250937     11.250937     22.501874
      1.300000      9.662314      9.662314     19.324628
      1.320000      8.051912      8.051912     16.103825
      1.340000      6.614422      6.614422     13.228843
      1.360000      5.457409      5.457409     10.914818
      1.380000      4.597842      4.597842      9.195684
      1.400000      3.990419      3.990419      7.980838
      1.420000      3.572374      3.572374      7.144748
      1.440000      3.304951      3.304951      6.609902
      1.460000      3.195067      3.195067      6.390134
      1.480000      3.289535      3.289535      6.579070
      1.500000      3.645252      3.645252      7.290504
      1.520000      4.288535      4.288535      8.577071
      1.540000      5.181907      5.181907     10.363814
      1.560000      6.214435      6.214435     12.428870
      1.580000      7.222101      7.222101     14.444202
      1.600000      8.031171      8.031171     16.062342
      1.620000      8.506727      8.506727     17.013453
      1.640000      8.586377      8.586377     17.172754
      1.660000      8.286947      8.286947     16.573894
      1.680000      7.685170      7.685170     15.370340
      1.700000      6.884510      6.884510     13.769019
      1.720000      5.983832      5.983832     11.967663
      1.740000      5.059167      5.059167     10.118335
      1.760000      4.161191      4.161191      8.322382
      1.780000      3.323370      3.323370      6.646740
      1.800000      2.572565      2.572565      5.145131
      1.820000      1.935573      1.935573      3.871146
      1.840000      1.439615      1.439615      2.879229
      1.860000      1.108951      1.108951      2.217902
      1.880000      0.961397      0.961397      1.922794
      1.900000      1.007414      1.007414      2.014828
      1.920000      1.251940      1.251940      2.503880
      1.940000      1.696725      1.696725      3.393451
      1.960000      2.339687      2.339687      4.679374
      1.980000      3.168299      3.168299      6.336599
      2.000000      4.147006      4.147006      8.294013
      2.020000      5.203781      5.203781     10.407561
      2.040000      6.225752      6.225752     12.451503
      2.060000      7.073712      7.073712     14.147423
      2.080000      7.617282      7.617282     15.234564
      2.100000      7.779268      7.779268     15.558535
      2.120000      7.567877      7.567877     15.135754
      2.140000      7.077691      7.077691     14.155383
      2.160000      6.455586      6.455586     12.911172
      2.180000      5.847207      5.847207     11.694414
      2.200000      5.350271      5.350271     10.700543
      2.220000      4.995899      4.995899      9.991798
      2.240000      4.762290      4.762290      9.524580
      2.260000      4.607677      4.607677      9.215353
      2.280000      4.501745      4.501745      9.003489
      2.300000      4.439458      4.439458      8.878916
      2.320000      4.433452      4.433452      8.866904
      2.340000      4.493003      4.493003      8.986006
      2.360000      4.603358      4.603358      9.206715
      2.380000      4.717619      4.717619      9.435237
      2.400000      4.766616      4.766616      9.533232
      2.420000      4.683722      4.683722      9.367444
      2.440000      4.434732      4.434732      8.869464
      2.460000      4.040432      4.040432      8.080864
      2.480000      3.582391      3.582391      7.164782
      2.500000      3.189415      3.189415      6.378830
      2.520000      3.009270      3.009270      6.018540
      2.540000      3.174109      3.174109      6.348217
      2.560000      3.767590      3.767590      7.535181
      2.580000      4.799300      4.799300      9.598600
      2.600000      6.191031      6.191031     12.382062
      2.620000      7.780433      7.780433     15.560866
      2.640000      9.347412      9.347412     18.694824
      2.660000     10.663374     10.663374     21.326748
      2.680000     11.552350     11.552350     23.104699
      2.700000     11.942243     11.942243     23.884486
      2.720000     11.883236     11.883236     23.766472
      2.740000     11.523782     11.523782     23.047565
      2.760000     11.056460     11.056460     22.112921
      2.780000     10.661265     10.661265     21.322530
      2.800000     10.470613     10.470613     20.941225
      2.820000     10.560623     10.560623     21.121245
      2.840000     10.953719     10.953719     21.907438
      2.860000     11.614997     11.614997     23.229995
      2.880000     12.440870     12.440870     24.881740
      2.900000     13.257552     13.257552     26.515105
      2.920000     13.849958     13.849958     27.699916
      2.940000     14.023350     14.023350     28.046700
      2.960000     13.674310     13.674310     27.348621
      2.980000     12.834900     12.834900     25.669799
      3.000000     11.664911     11.664911     23.329821
      3.020000     10.394469     10.394469     20.788938
      3.040000      9.244541      9.244541     18.489083
      3.060000      8.360910      8.360910     16.721819
      3.080000      7.785651      7.785651     15.571302
      3.100000      7.468856      7.468856     14.937711
      3.120000      7.305662      7.305662     14.611325
      3.140000      7.177821      7.177821     14.355643
      3.160000      6.984629      6.984629     13.969258
      3.180000      6.658631      6.658631     13.317262
      3.200000      6.169709      6.169709     12.339419
      3.220000      5.523379      5.523379     11.046758
      3.240000      4.756542      4.756542      9.513085
      3.260000      3.930516      3.930516      7.861033
      3.280000      3.120120      3.120120      6.240239
      3.300000      2.399298      2.399298      4.798595
      3.320000      1.826303      1.826303      3.652605
      3.340000      1.432525      1.432525      2.865051
      3.360000      1.218072      1.218072      2.436144
      3.380000      1.154902      1.154902      2.309805
      3.400000      1.196101      1.196101      2.392202
      3.420000      1.288381      1.288381      2.576762
      3.440000      1.384346      1.384346      2.768691
      3.460000      1.451337      1.451337      2.902673
      3.480000      1.474876      1.474876      2.949751
      3.500000      1.456583      1.456583      2.913167
      3.520000      1.408339      1.408339      2.816679
      3.540000      1.345440      1.345440      2.690879
      3.560000      1.281235      1.281235      2.562470
      3.580000      1.224468      1.224468      2.448936
      3.600000      1.179117      1.179117      2.358234
      3.620000      1.145728      1.145728      2.291456
      3.640000      1.123123      1.123123      2.246245
      3.660000      1.109796      1.109796      2.219592
      3.680000      1.104807      1.104807      2.209614
      3.700000      1.108309      1.108309      2.216618
      3.720000      1.121965      1.121965      2.243929
      3.740000      1.149448      1.149448      2.298896
      3.760000      1.197098      1.197098      2.394196
      3.780000      1.274614      1.274614      2.549228
      3.800000      1.395480      1.395480      2.790960
      3.820000      1.576598      1.576598      3.153196
      3.840000      1.836484      1.836484      3.672967
      3.860000      2.191531      2.191531      4.383063
      3.880000      2.650486      2.650486      5.300972
      3.900000      3.208486      3.208486      6.416972
      3.920000      3.843545      3.843545      7.687091
      3.940000      4.519099      4.519099      9.038199
      3.960000      5.194830      5.194830     10.389661
      3.980000      5.843741      5.843741     11.687483
      4.000000      6.467708      6.467708     12.935417
      4.020000      7.100351      7.100351     14.200702
      4.040000      7.789277      7.789277     15.578554
      4.060000      8.560572      8.560572     17.121144
      4.080000      9.381771      9.381771     18.763543
      4.100000     10.146182     10.146182     20.292365
      4.120000     10.694136     10.694136     21.388272
      4.140000     10.867294     10.867294     21.734587
      4.160000     10.572036     10.572036     21.144071
      4.180000      9.820941      9.820941     19.641882
      4.200000      8.732908      8.732908     17.465815
      4.220000      7.495005      7.495005     14.990011
      4.240000      6.307761      6.307761     12.615522
      4.260000      5.339129      5.339129     10.678258
      4.280000      4.701127      4.701127      9.402254
      4.300000      4.446776      4.446776      8.893552
      4.320000      4.574984      4.574984      9.149969
      4.340000      5.032607      5.032607     10.065215
      4.360000      5.713064      5.713064     11.426127
      4.380000      6.461010      6.461010     12.922020
      4.400000      7.094316      7.094316     14.188632
      4.420000      7.445434      7.445434     14.890867
      4.440000      7.409837      7.409837     14.819674
      4.460000      6.980002      6.980002     13.960004
      4.480000      6.247263      6.247263     12.494526
      4.500000      5.369384      5.369384     10.738767
      4.520000      4.518776      4.518776      9.037552
      4.540000      3.833961      3.833961      7.667922
      4.560000      3.391400      3.391400      6.782799
      4.580000      3.201930      3.201930      6.403860
      4.600000      3.224942      3.224942      6.449883
      4.620000      3.389820      3.389820      6.779639
      4.640000      3.617103      3.617103      7.234206
      4.660000      3.836432      3.836432      7.672864
      4.680000      4.000671      4.000671      8.001342
      4.700000      4.094955      4.094955      8.189909
      4.720000      4.137997      4.137997      8.275995
      4.740000      4.173388      4.173388      8.346776
      4.760000      4.251632      4.251632      8.503264
      4.780000      4.408153      4.408153      8.816306
      4.800000      4.645695      4.645695      9.291390
      4.820000      4.929407      4.929407      9.858814
      4.840000      5.198617      5.198617     10.397234
      4.860000      5.392387      5.392387     10.784774
      4.880000      5.479094      5.479094     10.958187
      4.900000      5.476654      5.476654     10.953309
      4.920000      5.451850      5.451850     10.903699
      4.940000      5.494940      5.494940     10.989880
      4.960000      5.677336      5.677336     11.354672
      4.980000      6.010434      6.010434     12.020869
      5.000000      6.426741      6.426741     12.853483
      5.020000      6.796126      6.796126     13.592252
      5.040000      6.972957      6.972957     13.945914
      5.060000      6.852993      6.852993     13.705986
      5.080000      6.412939      6.412939     12.825878
      5.100000      5.715005      5.715005     11.430009
      5.120000      4.877802      4.877802      9.755604
      5.140000      4.031321      4.031321      8.062642
      5.160000      3.278065      3.278065      6.556130
      5.180000      2.674351      2.674351      5.348702
      5.200000      2.232816      2.232816      4.465631
      5.220000      1.937890      1.937890      3.875781
      5.240000      1.764138      1.764138      3.528277
      5.260000      1.690938      1.690938      3.381876
      5.280000      1.711731      1.711731      3.423462
      5.300000      1.838664      1.838664      3.677328
      5.320000      2.103283      2.103283      4.206567
      5.340000      2.552175      2.552175      5.104351
      5.360000      3.235256      3.235256      6.470511
      5.380000      4.185655      4.185655      8.371309
      5.400000      5.394539      5.394539     10.789077
      5.420000      6.790004      6.790004     13.580007
      5.440000      8.232373      8.232373     16.464747
      5.460000      9.534589      9.534589     19.069178
      5.480000     10.505482     10.505482     21.010965
      5.500000     11.000953     11.000953     22.001905
      5.520000     10.962154     10.962154     21.924308
      5.540000     10.426016     10.426016     20.852032
      5.560000      9.508284      9.508284     19.016569
      5.580000      8.372445      8.372445     16.744889
      5.600000      7.200222      7.200222     14.400444
      5.620000      6.170552      6.170552     12.341103
      5.640000      5.442438      5.442438     10.884876
      5.660000      5.132934      5.132934     10.265869
      5.680000      5.288002      5.288002     10.576004
      5.700000      5.856103      5.856103     11.712205
      5.720000      6.682166      6.682166     13.364333
      5.740000      7.535700      7.535700     15.071400
      5.760000      8.171318      8.171318     16.342635
      5.780000      8.401406      8.401406     16.802813
      5.800000      8.150961      8.150961     16.301923
      5.820000      7.471340      7.471340     14.942680
      5.840000      6.509722      6.509722     13.019444
      5.860000      5.452312      5.452312     10.904624
      5.880000      4.469045      4.469045      8.938091
      5.900000      3.681391      3.681391      7.362782
      5.920000      3.158715      3.158715      6.317430
      5.940000      2.933189      2.933189      5.866378
      5.960000      3.016318      3.016318      6.032635
      5.980000      3.403432      3.403432      6.806864
      6.000000      4.062729      4.062729      8.125458
      6.020000      4.917182      4.917182      9.834365
      6.040000      5.835148      5.835148     11.670297
      6.060000      6.644042      6.644042     13.288084
      6.080000      7.170061      7.170061     14.340123
      6.100000      7.290828      7.290828     14.581655
      6.120000      6.976939      6.976939     13.953878
      6.140000      6.301221      6.301221     12.602442
      6.160000      5.410572      5.410572     10.821143
      6.180000      4.474734      4.474734      8.949467
      6.200000      3.636620      3.636620      7.273240
      6.220000      2.984460      2.984460      5.968919
      6.240000      2.551879      2.551879      5.103758
      6.260000      2.338134      2.338134      4.676268
      6.280000      2.334289      2.334289      4.668577
      6.300000      2.542538      2.542538      5.085075
      6.320000      2.981082      2.981082      5.962164
      6.340000      3.672511      3.672511      7.345022
      6.360000      4.619068      4.619068      9.238136
      6.380000      5.774248      5.774248     11.548495
      6.400000      7.025547      7.025547     14.051094
      6.420000      8.203387      8.203387     16.406774
      6.440000      9.122075      9.122075     18.244150
      6.460000      9.641800      9.641800     19.283599
      6.480000      9.725183      9.725183     19.450365
      6.500000      9.459368      9.459368     18.918737
      6.520000      9.029231      9.029231     18.058462
      6.540000      8.651292      8.651292     17.302584
      6.560000      8.496458      8.496458     16.992915
      6.580000      8.632276      8.632276     17.264551
      6.600000      9.003436      9.003436     18.006872
      6.620000      9.452558      9.452558     18.905116
      6.640000      9.770966      9.770966     19.541931
      6.660000      9.763131      9.763131     19.526261
      6.680000      9.306273      9.306273     18.612545
      6.700000      8.387138      8.387138     16.774275
      6.720000      7.103561      7.103561     14.207122
      6.740000      5.630419      5.630419     11.260838
      6.760000      4.163914      4.163914      8.327827
      6.780000      2.866788      2.866788      5.733576
      6.800000      1.834407      1.834407      3.668814
      6.820000      1.089545      1.089545      2.179090
      6.840000      0.600086      0.600086      1.200171
      6.860000      0.306241      0.306241      0.612481
      6.880000      0.144721      0.144721      0.289442
      6.900000      0.063304      0.063304      0.126607
      6.920000      0.025634      0.025634      0.051267
      6.940000      0.009657      0.009657      0.019315
      6.960000      0.003568      0.003568      0.007137
      6.980000      0.001894      0.001894      0.003788
      7.000000      0.002880      0.002880      0.005761
      7.020000      0.007420      0.007420      0.014840
      7.040000      0.019459      0.019459      0.038918
      7.060000      0.047812      0.047812      0.095624
      7.080000      0.109208      0.109208      0.218417
      7.100000      0.231938      0.231938      0.463876
      7.120000      0.458572      0.458572      0.917143
      7.140000      0.845400      0.845400      1.690800
      7.160000      1.456161      1.456161      2.912322
      7.180000      2.349186      2.349186      4.698373
      7.200000      3.560091      3.560091      7.120181
      7.220000      5.085163      5.085163     10.170326
      7.240000      6.871434      6.871434     13.742867
      7.260000      8.816900      8.816900     17.633800
      7.280000     10.780158     10.780158     21.560315
      7.300000     12.596007     12.596007     25.192014
      7.320000     14.094571     14.094571     28.189141
      7.340000     15.124119     15.124119     30.248239
      7.360000     15.577649     15.577649     31.155298
      7.380000     15.418255     15.418255     30.836509
      7.400000     14.692466     14.692466     29.384932
      7.420000     13.521222     13.521222     27.042443
      7.440000     12.068044     12.068044     24.136087
      7.460000     10.497442     10.497442     20.994884
      7.480000      8.942938      8.942938     17.885877
      7.500000      7.497416      7.497416     14.994831
      7.520000      6.223534      6.223534     12.447068
      7.540000      5.170157      5.170157     10.340313
      7.560000      4.380575      4.380575      8.761151
      7.580000      3.888379      3.888379      7.776757
      7.600000      3.708027      3.708027      7.416055
      7.620000      3.830693      3.830693      7.661386
      7.640000      4.229870      4.229870      8.459741
      7.660000      4.871372      4.871372      9.742743
      7.680000      5.716926      5.716926     11.433852
      7.700000      6.714638      6.714638     13.429276
      7.720000      7.780858      7.780858     15.561717
      7.740000      8.788543      8.788543     17.577085
      7.760000      9.578137      9.578137     19.156275
      7.780000      9.995426      9.995426     19.990853
      7.800000      9.942870      9.942870     19.885739
      7.820000      9.418965      9.418965     18.837930
      7.840000      8.523618      8.523618     17.047237
      7.860000      7.425326      7.425326     14.850652
      7.880000      6.306642      6.306642     12.613284
      7.900000      5.314414      5.314414     10.628828
      7.920000      4.535229      4.535229      9.070458
      7.940000      4.000246      4.000246      8.000491
      7.960000      3.708319      3.708319      7.416638
      7.980000      3.650179      3.650179      7.300357
      8.000000      3.820176      3.820176      7.640352
      8.020000      4.211252      4.211252      8.422503
      8.040000      4.798089      4.798089      9.596178
      8.060000      5.519653      5.519653     11.039305
      8.080000      6.273793      6.273793     12.547586
      8.100000      6.932528      6.932528     13.865056
      8.120000      7.377370      7.377370     14.754739
      8.140000      7.542849      7.542849     15.085697
      8.160000      7.448852      7.448852     14.897704
      8.180000      7.203759      7.203759     14.407517
      8.200000      6.971697      6.971697     13.943395
      8.220000      6.913687      6.913687     13.827375
      8.240000      7.125864      7.125864     14.251728
      8.260000      7.601399      7.601399     15.202798
      8.280000      8.233895      8.233895     16.467790
      8.300000      8.862434      8.862434     17.724868
      8.320000      9.339726      9.339726     18.679451
      8.340000      9.593734      9.593734     19.187467
      8.360000      9.655617      9.655617     19.311233
      8.380000      9.642132      9.642132     19.284265
      8.400000      9.701138      9.701138     19.402276
      8.420000      9.944234      9.944234     19.888468
      8.440000     10.394319     10.394319     20.788638
      8.460000     10.968126     10.968126     21.936253
      8.480000     11.499824     11.499824     22.999647
      8.500000     11.797167     11.797167     23.594335
      8.520000     11.710503     11.710503     23.421007
      8.540000     11.190155     11.190155     22.380310
      8.560000     10.311592     10.311592     20.623183
      8.580000      9.259716      9.259716     18.519433
      8.600000      8.278931      8.278931     16.557862
      8.620000      7.607177      7.607177     15.214355
      8.640000      7.415132      7.415132     14.830264
      8.660000      7.766673      7.766673     15.533346
      8.680000      8.607974      8.607974     17.215947
      8.700000      9.784352      9.784352     19.568703
      8.720000     11.077853     11.077853     22.155706
      8.740000     12.254671     12.254671     24.509342
      8.760000     13.110384     13.110384     26.220768
      8.780000     13.503628     13.503628     27.007256
      8.800000     13.374384     13.374384     26.748767
      8.820000     12.748186     12.748186     25.496373
      8.840000     11.728877     11.728877     23.457753
      8.860000     10.480191     10.480191     20.960382
      8.880000      9.194862      9.194862     18.389724
      8.900000      8.053203      8.053203     16.106405
      8.920000      7.180597      7.180597     14.361194
      8.940000      6.618955      6.618955     13.237909
      8.960000      6.324943      6.324943     12.649885
      8.980000      6.197235      6.197235     12.394471
      9.000000      6.121899      6.121899     12.243798
      9.020000      6.017013      6.017013     12.034027
      9.040000      5.858985      5.858985     11.717970
      9.060000      5.682306      5.682306     11.364612
      9.080000      5.556550      5.556550     11.113100
      9.100000      5.553155      5.553155     11.106309
      9.120000      5.716576      5.716576     11.433152
      9.140000      6.049738      6.049738     12.099476
      9.160000      6.515805      6.515805     13.031610
      9.180000      7.051619      7.051619     14.103237
      9.200000      7.585596      7.585596     15.171191
      9.220000      8.054377      8.054377     16.108754
      9.240000      8.415384      8.415384     16.830767
      9.260000      8.654018      8.654018     17.308036
      9.280000      8.784074      8.784074     17.568148
      9.300000      8.840002      8.840002     17.680003
      9.320000      8.862212      8.862212     17.724424
      9.340000      8.881160      8.881160     17.762319
      9.360000      8.908895      8.908895     17.817789
      9.380000      8.944154      8.944154     17.888308
      9.400000      8.988828      8.988828     17.977656
      9.420000      9.064940      9.064940     18.129881
      9.440000      9.219169      9.219169     18.438337
      9.460000      9.509229      9.509229     19.018458
      9.480000      9.978586      9.978586     19.957172
      9.500000     10.634007     10.634007     21.268014
      9.520000     11.438390     11.438390     22.876781
      9.540000     12.320935     12.320935     24.641870
      9.560000     13.196504     13.196504     26.393008
      9.580000     13.983485     13.983485     27.966970
      9.600000     14.615093     14.615093     29.230186
      9.620000     15.046404     15.046404     30.092807
      9.640000     15.261321     15.261321     30.522643
      9.660000     15.278880     15.278880     30.557760
      9.680000     15.152333     15.152333     30.304666
      9.700000     14.954437     14.954437     29.908874
      9.720000     14.750058     14.750058     29.500117
      9.740000     14.567579     14.567579     29.135157
      9.760000     14.385240     14.385240     28.770480
      9.780000     14.142917     14.142917     28.285833
      9.800000     13.776424     13.776424     27.552848
      9.820000     13.258467     13.258467     26.516935
      9.840000     12.625669     12.625669     25.251338
      9.860000     11.977393     11.977393     23.954787
      9.880000     11.445608     11.445608     22.891217
      9.900000     11.148531     11.148531     22.297063
      9.920000     11.147897     11.147897     22.295793
      9.940000     11.427548     11.427548     22.855096
      9.960000     11.901017     11.901017     23.802034
      9.980000     12.442544     12.442544     24.885088
     10.000000     12.926104     12.926104     25.852208
