# EIG2DOS: Utility for SIESTA to obtain the electronic density of states
#  E. Artacho, Apr 1999, A. Garcia, Apr 2012
# ------------------------------------------
# Eigenvalues read from GRP_doping.EIG
# Using smearing parameter:   0.100
# Using   1001 points in energy range
# Selected bands: 1 to: 936
# Emin, emax in file for selected band(s):    -38.2736200    245.1292900
# Nbands, Nspin, Nk   =    936     1   231
# E_F                 =    -5.0618 eV --> (shifted to ZERO)
# Broadening          =     0.1000 eV
#
#        E            N(up)  (=)   N(down)         Ntot
    -10.000000      6.604767      6.604767     13.209534
     -9.980000      6.705779      6.705779     13.411558
     -9.960000      6.687977      6.687977     13.375954
     -9.940000      6.580133      6.580133     13.160267
     -9.920000      6.401508      6.401508     12.803015
     -9.900000      6.168039      6.168039     12.336077
     -9.880000      5.904311      5.904311     11.808623
     -9.860000      5.652040      5.652040     11.304079
     -9.840000      5.467187      5.467187     10.934374
     -9.820000      5.403478      5.403478     10.806956
     -9.800000      5.487377      5.487377     10.974753
     -9.780000      5.695683      5.695683     11.391367
     -9.760000      5.948755      5.948755     11.897511
     -9.740000      6.127807      6.127807     12.255615
     -9.720000      6.114236      6.114236     12.228472
     -9.700000      5.836955      5.836955     11.673911
     -9.680000      5.307407      5.307407     10.614813
     -9.660000      4.625840      4.625840      9.251680
     -9.640000      3.954917      3.954917      7.909835
     -9.620000      3.470324      3.470324      6.940648
     -9.600000      3.305832      3.305832      6.611663
     -9.580000      3.510210      3.510210      7.020420
     -9.560000      4.028694      4.028694      8.057387
     -9.540000      4.715657      4.715657      9.431315
     -9.520000      5.377781      5.377781     10.755562
     -9.500000      5.837045      5.837045     11.674090
     -9.480000      5.992440      5.992440     11.984880
     -9.460000      5.855014      5.855014     11.710028
     -9.440000      5.538929      5.538929     11.077858
     -9.420000      5.210379      5.210379     10.420757
     -9.400000      5.016714      5.016714     10.033428
     -9.380000      5.027854      5.027854     10.055708
     -9.360000      5.215359      5.215359     10.430718
     -9.340000      5.475679      5.475679     10.951358
     -9.320000      5.683629      5.683629     11.367259
     -9.300000      5.750082      5.750082     11.500164
     -9.280000      5.658596      5.658596     11.317192
     -9.260000      5.467065      5.467065     10.934129
     -9.240000      5.276351      5.276351     10.552702
     -9.220000      5.181401      5.181401     10.362802
     -9.200000      5.226450      5.226450     10.452900
     -9.180000      5.383039      5.383039     10.766077
     -9.160000      5.559254      5.559254     11.118507
     -9.140000      5.635488      5.635488     11.270977
     -9.120000      5.511520      5.511520     11.023040
     -9.100000      5.146236      5.146236     10.292473
     -9.080000      4.575891      4.575891      9.151783
     -9.060000      3.906542      3.906542      7.813084
     -9.040000      3.286086      3.286086      6.572172
     -9.020000      2.866724      2.866724      5.733448
     -9.000000      2.768617      2.768617      5.537234
     -8.980000      3.052447      3.052447      6.104894
     -8.960000      3.705964      3.705964      7.411928
     -8.940000      4.648245      4.648245      9.296489
     -8.920000      5.752959      5.752959     11.505917
     -8.900000      6.885732      6.885732     13.771465
     -8.880000      7.942370      7.942370     15.884740
     -8.860000      8.870596      8.870596     17.741192
     -8.840000      9.664159      9.664159     19.328318
     -8.820000     10.333348     10.333348     20.666695
     -8.800000     10.870753     10.870753     21.741506
     -8.780000     11.234681     11.234681     22.469362
     -8.760000     11.361919     11.361919     22.723839
     -8.740000     11.203484     11.203484     22.406969
     -8.720000     10.762734     10.762734     21.525468
     -8.700000     10.112603     10.112603     20.225205
     -8.680000      9.378597      9.378597     18.757193
     -8.660000      8.691830      8.691830     17.383659
     -8.640000      8.133542      8.133542     16.267085
     -8.620000      7.700070      7.700070     15.400141
     -8.600000      7.309048      7.309048     14.618096
     -8.580000      6.846235      6.846235     13.692471
     -8.560000      6.229568      6.229568     12.459137
     -8.540000      5.457254      5.457254     10.914507
     -8.520000      4.616332      4.616332      9.232665
     -8.500000      3.850313      3.850313      7.700627
     -8.480000      3.304663      3.304663      6.609325
     -8.460000      3.075891      3.075891      6.151783
     -8.440000      3.183064      3.183064      6.366128
     -8.420000      3.567420      3.567420      7.134840
     -8.400000      4.114983      4.114983      8.229966
     -8.380000      4.691982      4.691982      9.383964
     -8.360000      5.182260      5.182260     10.364521
     -8.340000      5.516900      5.516900     11.033801
     -8.320000      5.688031      5.688031     11.376062
     -8.300000      5.742110      5.742110     11.484220
     -8.280000      5.753790      5.753790     11.507579
     -8.260000      5.788949      5.788949     11.577898
     -8.240000      5.871387      5.871387     11.742774
     -8.220000      5.967963      5.967963     11.935926
     -8.200000      5.999789      5.999789     11.999578
     -8.180000      5.875035      5.875035     11.750071
     -8.160000      5.528365      5.528365     11.056730
     -8.140000      4.949112      4.949112      9.898225
     -8.120000      4.186698      4.186698      8.373397
     -8.100000      3.333429      3.333429      6.666858
     -8.080000      2.495038      2.495038      4.990076
     -8.060000      1.763017      1.763017      3.526035
     -8.040000      1.199314      1.199314      2.398629
     -8.020000      0.836401      0.836401      1.672801
     -8.000000      0.688442      0.688442      1.376884
     -7.980000      0.765294      0.765294      1.530587
     -7.960000      1.081183      1.081183      2.162366
     -7.940000      1.653290      1.653290      3.306579
     -7.920000      2.490316      2.490316      4.980633
     -7.900000      3.575710      3.575710      7.151421
     -7.880000      4.852834      4.852834      9.705669
     -7.860000      6.219041      6.219041     12.438082
     -7.840000      7.532580      7.532580     15.065161
     -7.820000      8.632087      8.632087     17.264175
     -7.800000      9.364970      9.364970     18.729940
     -7.780000      9.619045      9.619045     19.238090
     -7.760000      9.350791      9.350791     18.701583
     -7.740000      8.603012      8.603012     17.206024
     -7.720000      7.505397      7.505397     15.010795
     -7.700000      6.254849      6.254849     12.509698
     -7.680000      5.078346      5.078346     10.156692
     -7.660000      4.186970      4.186970      8.373940
     -7.640000      3.732211      3.732211      7.464421
     -7.620000      3.774236      3.774236      7.548472
     -7.600000      4.268580      4.268580      8.537160
     -7.580000      5.074967      5.074967     10.149933
     -7.560000      5.989029      5.989029     11.978059
     -7.540000      6.792246      6.792246     13.584492
     -7.520000      7.307577      7.307577     14.615154
     -7.500000      7.442704      7.442704     14.885408
     -7.480000      7.205156      7.205156     14.410313
     -7.460000      6.684902      6.684902     13.369804
     -7.440000      6.014153      6.014153     12.028305
     -7.420000      5.322543      5.322543     10.645086
     -7.400000      4.704110      4.704110      9.408219
     -7.380000      4.203496      4.203496      8.406993
     -7.360000      3.819359      3.819359      7.638719
     -7.340000      3.518178      3.518178      7.036355
     -7.320000      3.251903      3.251903      6.503806
     -7.300000      2.975223      2.975223      5.950446
     -7.280000      2.659861      2.659861      5.319722
     -7.260000      2.303825      2.303825      4.607650
     -7.240000      1.934015      1.934015      3.868030
     -7.220000      1.602097      1.602097      3.204194
     -7.200000      1.375425      1.375425      2.750851
     -7.180000      1.325710      1.325710      2.651421
     -7.160000      1.517317      1.517317      3.034634
     -7.140000      1.995578      1.995578      3.991155
     -7.120000      2.775086      2.775086      5.550172
     -7.100000      3.829368      3.829368      7.658737
     -7.080000      5.085370      5.085370     10.170739
     -7.060000      6.426693      6.426693     12.853385
     -7.040000      7.707503      7.707503     15.415005
     -7.020000      8.775707      8.775707     17.551414
     -7.000000      9.501495      9.501495     19.002989
     -6.980000      9.806120      9.806120     19.612240
     -6.960000      9.684702      9.684702     19.369404
     -6.940000      9.215142      9.215142     18.430283
     -6.920000      8.545275      8.545275     17.090549
     -6.900000      7.855771      7.855771     15.711543
     -6.880000      7.307389      7.307389     14.614778
     -6.860000      6.992208      6.992208     13.984415
     -6.840000      6.910707      6.910707     13.821413
     -6.820000      6.985834      6.985834     13.971669
     -6.800000      7.106589      7.106589     14.213179
     -6.780000      7.178462      7.178462     14.356924
     -6.760000      7.155909      7.155909     14.311818
     -6.740000      7.043811      7.043811     14.087622
     -6.720000      6.872872      6.872872     13.745745
     -6.700000      6.667346      6.667346     13.334692
     -6.680000      6.425380      6.425380     12.850759
     -6.660000      6.122791      6.122791     12.245582
     -6.640000      5.736477      5.736477     11.472955
     -6.620000      5.272271      5.272271     10.544542
     -6.600000      4.779943      4.779943      9.559886
     -6.580000      4.345992      4.345992      8.691984
     -6.560000      4.067936      4.067936      8.135871
     -6.540000      4.024018      4.024018      8.048036
     -6.520000      4.253315      4.253315      8.506631
     -6.500000      4.752823      4.752823      9.505646
     -6.480000      5.486510      5.486510     10.973020
     -6.460000      6.395088      6.395088     12.790176
     -6.440000      7.398912      7.398912     14.797823
     -6.420000      8.396637      8.396637     16.793274
     -6.400000      9.269961      9.269961     18.539922
     -6.380000      9.902691      9.902691     19.805383
     -6.360000     10.211496     10.211496     20.422992
     -6.340000     10.174834     10.174834     20.349667
     -6.320000      9.844765      9.844765     19.689530
     -6.300000      9.334906      9.334906     18.669811
     -6.280000      8.789651      8.789651     17.579302
     -6.260000      8.346549      8.346549     16.693097
     -6.240000      8.102863      8.102863     16.205726
     -6.220000      8.093214      8.093214     16.186429
     -6.200000      8.282618      8.282618     16.565236
     -6.180000      8.578704      8.578704     17.157408
     -6.160000      8.864157      8.864157     17.728314
     -6.140000      9.042520      9.042520     18.085040
     -6.120000      9.080288      9.080288     18.160576
     -6.100000      9.023838      9.023838     18.047677
     -6.080000      8.977969      8.977969     17.955938
     -6.060000      9.052024      9.052024     18.104048
     -6.040000      9.298867      9.298867     18.597734
     -6.020000      9.678048      9.678048     19.356095
     -6.000000     10.062256     10.062256     20.124513
     -5.980000     10.283079     10.283079     20.566157
     -5.960000     10.192936     10.192936     20.385873
     -5.940000      9.715909      9.715909     19.431817
     -5.920000      8.870547      8.870547     17.741093
     -5.900000      7.763344      7.763344     15.526689
     -5.880000      6.562131      6.562131     13.124261
     -5.860000      5.460733      5.460733     10.921465
     -5.840000      4.642887      4.642887      9.285774
     -5.820000      4.249692      4.249692      8.499384
     -5.800000      4.353600      4.353600      8.707199
     -5.780000      4.942481      4.942481      9.884962
     -5.760000      5.917542      5.917542     11.835084
     -5.740000      7.107307      7.107307     14.214615
     -5.720000      8.296657      8.296657     16.593314
     -5.700000      9.266404      9.266404     18.532809
     -5.680000      9.836573      9.836573     19.673146
     -5.660000      9.905516      9.905516     19.811032
     -5.640000      9.476608      9.476608     18.953217
     -5.620000      8.664358      8.664358     17.328716
     -5.600000      7.674091      7.674091     15.348183
     -5.580000      6.755801      6.755801     13.511603
     -5.560000      6.142516      6.142516     12.285033
     -5.540000      5.991997      5.991997     11.983993
     -5.520000      6.351822      6.351822     12.703643
     -5.500000      7.159236      7.159236     14.318471
     -5.480000      8.271923      8.271923     16.543847
     -5.460000      9.512528      9.512528     19.025055
     -5.440000     10.706620     10.706620     21.413241
     -5.420000     11.703266     11.703266     23.406532
     -5.400000     12.382468     12.382468     24.764935
     -5.380000     12.662857     12.662857     25.325714
     -5.360000     12.518440     12.518440     25.036881
     -5.340000     11.998984     11.998984     23.997968
     -5.320000     11.237490     11.237490     22.474980
     -5.300000     10.430554     10.430554     20.861108
     -5.280000      9.792090      9.792090     19.584179
     -5.260000      9.496488      9.496488     18.992977
     -5.240000      9.632563      9.632563     19.265126
     -5.220000     10.182635     10.182635     20.365269
     -5.200000     11.028897     11.028897     22.057795
     -5.180000     11.980521     11.980521     23.961041
     -5.160000     12.813074     12.813074     25.626148
     -5.140000     13.313748     13.313748     26.627496
     -5.120000     13.326494     13.326494     26.652988
     -5.100000     12.788826     12.788826     25.577651
     -5.080000     11.749638     11.749638     23.499276
     -5.060000     10.359948     10.359948     20.719895
     -5.040000      8.837568      8.837568     17.675136
     -5.020000      7.418158      7.418158     14.836316
     -5.000000      6.311072      6.311072     12.622143
     -4.980000      5.674007      5.674007     11.348013
     -4.960000      5.607720      5.607720     11.215441
     -4.940000      6.159399      6.159399     12.318798
     -4.920000      7.319372      7.319372     14.638745
     -4.900000      9.004155      9.004155     18.008311
     -4.880000     11.034877     11.034877     22.069753
     -4.860000     13.133699     13.133699     26.267398
     -4.840000     14.960700     14.960700     29.921400
     -4.820000     16.195235     16.195235     32.390470
     -4.800000     16.636733     16.636733     33.273465
     -4.780000     16.278740     16.278740     32.557480
     -4.760000     15.314865     15.314865     30.629730
     -4.740000     14.068068     14.068068     28.136136
     -4.720000     12.876451     12.876451     25.752903
     -4.700000     11.990992     11.990992     23.981983
     -4.680000     11.528343     11.528343     23.056686
     -4.660000     11.485171     11.485171     22.970342
     -4.640000     11.786492     11.786492     23.572984
     -4.620000     12.331097     12.331097     24.662194
     -4.600000     13.012891     13.012891     26.025782
     -4.580000     13.720917     13.720917     27.441833
     -4.560000     14.334788     14.334788     28.669576
     -4.540000     14.730770     14.730770     29.461541
     -4.520000     14.803011     14.803011     29.606023
     -4.500000     14.493220     14.493220     28.986441
     -4.480000     13.814957     13.814957     27.629915
     -4.460000     12.857320     12.857320     25.714640
     -4.440000     11.759211     11.759211     23.518421
     -4.420000     10.659663     10.659663     21.319326
     -4.400000      9.645756      9.645756     19.291512
     -4.380000      8.725809      8.725809     17.451617
     -4.360000      7.844278      7.844278     15.688555
     -4.340000      6.931058      6.931058     13.862115
     -4.320000      5.957544      5.957544     11.915089
     -4.300000      4.968901      4.968901      9.937802
     -4.280000      4.077300      4.077300      8.154600
     -4.260000      3.422438      3.422438      6.844877
     -4.240000      3.119325      3.119325      6.238651
     -4.220000      3.214157      3.214157      6.428314
     -4.200000      3.661843      3.661843      7.323687
     -4.180000      4.330798      4.330798      8.661595
     -4.160000      5.034454      5.034454     10.068908
     -4.140000      5.582489      5.582489     11.164977
     -4.120000      5.836781      5.836781     11.673562
     -4.100000      5.751698      5.751698     11.503396
     -4.080000      5.381528      5.381528     10.763055
     -4.060000      4.851404      4.851404      9.702808
     -4.040000      4.305383      4.305383      8.610765
     -4.020000      3.855789      3.855789      7.711578
     -4.000000      3.555010      3.555010      7.110019
     -3.980000      3.397055      3.397055      6.794110
     -3.960000      3.340730      3.340730      6.681460
     -3.940000      3.338065      3.338065      6.676129
     -3.920000      3.353689      3.353689      6.707377
     -3.900000      3.369523      3.369523      6.739047
     -3.880000      3.378273      3.378273      6.756545
     -3.860000      3.374110      3.374110      6.748219
     -3.840000      3.348497      3.348497      6.696994
     -3.820000      3.294723      3.294723      6.589446
     -3.800000      3.218981      3.218981      6.437962
     -3.780000      3.151170      3.151170      6.302340
     -3.760000      3.147119      3.147119      6.294237
     -3.740000      3.276911      3.276911      6.553822
     -3.720000      3.600846      3.600846      7.201693
     -3.700000      4.142340      4.142340      8.284681
     -3.680000      4.871153      4.871153      9.742305
     -3.660000      5.707081      5.707081     11.414162
     -3.640000      6.544088      6.544088     13.088176
     -3.620000      7.283282      7.283282     14.566565
     -3.600000      7.858176      7.858176     15.716352
     -3.580000      8.241673      8.241673     16.483346
     -3.560000      8.437737      8.437737     16.875474
     -3.540000      8.471336      8.471336     16.942673
     -3.520000      8.388896      8.388896     16.777791
     -3.500000      8.268257      8.268257     16.536514
     -3.480000      8.223056      8.223056     16.446112
     -3.460000      8.384414      8.384414     16.768827
     -3.440000      8.856941      8.856941     17.713883
     -3.420000      9.666738      9.666738     19.333476
     -3.400000     10.730557     10.730557     21.461114
     -3.380000     11.867889     11.867889     23.735779
     -3.360000     12.855311     12.855311     25.710622
     -3.340000     13.499679     13.499679     26.999358
     -3.320000     13.697908     13.697908     27.395817
     -3.300000     13.460305     13.460305     26.920611
     -3.280000     12.893979     12.893979     25.787958
     -3.260000     12.159855     12.159855     24.319711
     -3.240000     11.422930     11.422930     22.845861
     -3.220000     10.811353     10.811353     21.622706
     -3.200000     10.392324     10.392324     20.784649
     -3.180000     10.166892     10.166892     20.333783
     -3.160000     10.081909     10.081909     20.163817
     -3.140000     10.053799     10.053799     20.107597
     -3.120000      9.995663      9.995663     19.991325
     -3.100000      9.839522      9.839522     19.679045
     -3.080000      9.549995      9.549995     19.099990
     -3.060000      9.130563      9.130563     18.261126
     -3.040000      8.623860      8.623860     17.247720
     -3.020000      8.103271      8.103271     16.206541
     -3.000000      7.651154      7.651154     15.302309
     -2.980000      7.325040      7.325040     14.650081
     -2.960000      7.124756      7.124756     14.249512
     -2.940000      6.980252      6.980252     13.960505
     -2.920000      6.772976      6.772976     13.545952
     -2.900000      6.384890      6.384890     12.769781
     -2.880000      5.751365      5.751365     11.502729
     -2.860000      4.890527      4.890527      9.781053
     -2.840000      3.895376      3.895376      7.790751
     -2.820000      2.896300      2.896300      5.792599
     -2.800000      2.016258      2.016258      4.032516
     -2.780000      1.340656      1.340656      2.681312
     -2.760000      0.911603      0.911603      1.823206
     -2.740000      0.741425      0.741425      1.482849
     -2.720000      0.831581      0.831581      1.663163
     -2.700000      1.183416      1.183416      2.366833
     -2.680000      1.794264      1.794264      3.588529
     -2.660000      2.642110      2.642110      5.284220
     -2.640000      3.669756      3.669756      7.339512
     -2.620000      4.781464      4.781464      9.562928
     -2.600000      5.858973      5.858973     11.717945
     -2.580000      6.791786      6.791786     13.583572
     -2.560000      7.505810      7.505810     15.011621
     -2.540000      7.973588      7.973588     15.947175
     -2.520000      8.201298      8.201298     16.402596
     -2.500000      8.204882      8.204882     16.409763
     -2.480000      7.996476      7.996476     15.992952
     -2.460000      7.594510      7.594510     15.189020
     -2.440000      7.051203      7.051203     14.102407
     -2.420000      6.474982      6.474982     12.949963
     -2.400000      6.025192      6.025192     12.050385
     -2.380000      5.872627      5.872627     11.745254
     -2.360000      6.140008      6.140008     12.280016
     -2.340000      6.848636      6.848636     13.697272
     -2.320000      7.895412      7.895412     15.790824
     -2.300000      9.072196      9.072196     18.144392
     -2.280000     10.123908     10.123908     20.247816
     -2.260000     10.828217     10.828217     21.656434
     -2.240000     11.070815     11.070815     22.141629
     -2.220000     10.888726     10.888726     21.777451
     -2.200000     10.462371     10.462371     20.924741
     -2.180000     10.054885     10.054885     20.109770
     -2.160000      9.918514      9.918514     19.837028
     -2.140000     10.202829     10.202829     20.405658
     -2.120000     10.899856     10.899856     21.799711
     -2.100000     11.846226     11.846226     23.692453
     -2.080000     12.779381     12.779381     25.558763
     -2.060000     13.424538     13.424538     26.849076
     -2.040000     13.579957     13.579957     27.159915
     -2.020000     13.172255     13.172255     26.344509
     -2.000000     12.267435     12.267435     24.534870
     -1.980000     11.040195     11.040195     22.080390
     -1.960000      9.717019      9.717019     19.434039
     -1.940000      8.513694      8.513694     17.027388
     -1.920000      7.584822      7.584822     15.169644
     -1.900000      6.995177      6.995177     13.990354
     -1.880000      6.714969      6.714969     13.429937
     -1.860000      6.636420      6.636420     13.272840
     -1.840000      6.607018      6.607018     13.214036
     -1.820000      6.472756      6.472756     12.945512
     -1.800000      6.121255      6.121255     12.242509
     -1.780000      5.512009      5.512009     11.024018
     -1.760000      4.683152      4.683152      9.366305
     -1.740000      3.732499      3.732499      7.464998
     -1.720000      2.781648      2.781648      5.563297
     -1.700000      1.939031      1.939031      3.878062
     -1.680000      1.276646      1.276646      2.553292
     -1.660000      0.827092      0.827092      1.654185
     -1.640000      0.597573      0.597573      1.195146
     -1.620000      0.591129      0.591129      1.182258
     -1.600000      0.824252      0.824252      1.648505
     -1.580000      1.332899      1.332899      2.665797
     -1.560000      2.163605      2.163605      4.327210
     -1.540000      3.351559      3.351559      6.703119
     -1.520000      4.892427      4.892427      9.784854
     -1.500000      6.718424      6.718424     13.436848
     -1.480000      8.689601      8.689601     17.379201
     -1.460000     10.607253     10.607253     21.214506
     -1.440000     12.248743     12.248743     24.497485
     -1.420000     13.414991     13.414991     26.829982
     -1.400000     13.977245     13.977245     27.954490
     -1.380000     13.909951     13.909951     27.819902
     -1.360000     13.300679     13.300679     26.601359
     -1.340000     12.333686     12.333686     24.667373
     -1.320000     11.249578     11.249578     22.499156
     -1.300000     10.289444     10.289444     20.578888
     -1.280000      9.637467      9.637467     19.274935
     -1.260000      9.379097      9.379097     18.758194
     -1.240000      9.489120      9.489120     18.978239
     -1.220000      9.854079      9.854079     19.708159
     -1.200000     10.319783     10.319783     20.639566
     -1.180000     10.744164     10.744164     21.488328
     -1.160000     11.034762     11.034762     22.069523
     -1.140000     11.159268     11.159268     22.318537
     -1.120000     11.131768     11.131768     22.263536
     -1.100000     10.988486     10.988486     21.976972
     -1.080000     10.769378     10.769378     21.538755
     -1.060000     10.514778     10.514778     21.029556
     -1.040000     10.273947     10.273947     20.547893
     -1.020000     10.112282     10.112282     20.224564
     -1.000000     10.103339     10.103339     20.206678
     -0.980000     10.302169     10.302169     20.604338
     -0.960000     10.711544     10.711544     21.423088
     -0.940000     11.261360     11.261360     22.522720
     -0.920000     11.816691     11.816691     23.633383
     -0.900000     12.214249     12.214249     24.428499
     -0.880000     12.311315     12.311315     24.622631
     -0.860000     12.025998     12.025998     24.051996
     -0.840000     11.354886     11.354886     22.709772
     -0.820000     10.367045     10.367045     20.734090
     -0.800000      9.182806      9.182806     18.365612
     -0.780000      7.947696      7.947696     15.895392
     -0.760000      6.808246      6.808246     13.616491
     -0.740000      5.892102      5.892102     11.784204
     -0.720000      5.292808      5.292808     10.585616
     -0.700000      5.059646      5.059646     10.119292
     -0.680000      5.193371      5.193371     10.386742
     -0.660000      5.648394      5.648394     11.296788
     -0.640000      6.341127      6.341127     12.682254
     -0.620000      7.163320      7.163320     14.326640
     -0.600000      7.998737      7.998737     15.997475
     -0.580000      8.741298      8.741298     17.482596
     -0.560000      9.312503      9.312503     18.625005
     -0.540000      9.675294      9.675294     19.350587
     -0.520000      9.840640      9.840640     19.681280
     -0.500000      9.863073      9.863073     19.726145
     -0.480000      9.823446      9.823446     19.646891
     -0.460000      9.801820      9.801820     19.603640
     -0.440000      9.848935      9.848935     19.697869
     -0.420000      9.967793      9.967793     19.935587
     -0.400000     10.114243     10.114243     20.228487
     -0.380000     10.217106     10.217106     20.434211
     -0.360000     10.208956     10.208956     20.417912
     -0.340000     10.054186     10.054186     20.108372
     -0.320000      9.764375      9.764375     19.528750
     -0.300000      9.399005      9.399005     18.798010
     -0.280000      9.055304      9.055304     18.110609
     -0.260000      8.850827      8.850827     17.701653
     -0.240000      8.899035      8.899035     17.798069
     -0.220000      9.278320      9.278320     18.556639
     -0.200000     10.001273     10.001273     20.002546
     -0.180000     10.998650     10.998650     21.997300
     -0.160000     12.132107     12.132107     24.264213
     -0.140000     13.237125     13.237125     26.474251
     -0.120000     14.178857     14.178857     28.357713
     -0.100000     14.892439     14.892439     29.784878
     -0.080000     15.385908     15.385908     30.771815
     -0.060000     15.705478     15.705478     31.410956
     -0.040000     15.885603     15.885603     31.771206
     -0.020000     15.914384     15.914384     31.828768
      0.000000     15.734024     15.734024     31.468049
      0.020000     15.274536     15.274536     30.549072
      0.040000     14.500814     14.500814     29.001628
      0.060000     13.447732     13.447732     26.895465
      0.080000     12.225310     12.225310     24.450619
      0.100000     10.990503     10.990503     21.981007
      0.120000      9.896783      9.896783     19.793567
      0.140000      9.041991      9.041991     18.083983
      0.160000      8.435890      8.435890     16.871780
      0.180000      8.000867      8.000867     16.001735
      0.200000      7.605575      7.605575     15.211149
      0.220000      7.117711      7.117711     14.235422
      0.240000      6.454889      6.454889     12.909778
      0.260000      5.614616      5.614616     11.229232
      0.280000      4.674576      4.674576      9.349153
      0.300000      3.767174      3.767174      7.534348
      0.320000      3.041342      3.041342      6.082684
      0.340000      2.626025      2.626025      5.252051
      0.360000      2.604446      2.604446      5.208892
      0.380000      3.000991      3.000991      6.001983
      0.400000      3.778326      3.778326      7.556651
      0.420000      4.842504      4.842504      9.685008
      0.440000      6.055989      6.055989     12.111979
      0.460000      7.258826      7.258826     14.517652
      0.480000      8.295810      8.295810     16.591619
      0.500000      9.044497      9.044497     18.088994
      0.520000      9.438315      9.438315     18.876629
      0.540000      9.481005      9.481005     18.962011
      0.560000      9.250680      9.250680     18.501359
      0.580000      8.891500      8.891500     17.783000
      0.600000      8.589936      8.589936     17.179871
      0.620000      8.534426      8.534426     17.068853
      0.640000      8.864292      8.864292     17.728583
      0.660000      9.622528      9.622528     19.245056
      0.680000     10.730951     10.730951     21.461901
      0.700000     12.000223     12.000223     24.000447
      0.720000     13.173737     13.173737     26.347474
      0.740000     13.990691     13.990691     27.981383
      0.760000     14.247860     14.247860     28.495720
      0.780000     13.843252     13.843252     27.686504
      0.800000     12.793971     12.793971     25.587942
      0.820000     11.228757     11.228757     22.457514
      0.840000      9.360237      9.360237     18.720473
      0.860000      7.444010      7.444010     14.888021
      0.880000      5.733421      5.733421     11.466842
      0.900000      4.439663      4.439663      8.879326
      0.920000      3.704575      3.704575      7.409150
      0.940000      3.587819      3.587819      7.175638
      0.960000      4.064596      4.064596      8.129192
      0.980000      5.028994      5.028994     10.057988
      1.000000      6.302427      6.302427     12.604855
      1.020000      7.652222      7.652222     15.304444
      1.040000      8.826044      8.826044     17.652087
      1.060000      9.600885      9.600885     19.201770
      1.080000      9.834566      9.834566     19.669132
      1.100000      9.501234      9.501234     19.002468
      1.120000      8.696217      8.696217     17.392434
      1.140000      7.608419      7.608419     15.216838
      1.160000      6.472058      6.472058     12.944116
      1.180000      5.515243      5.515243     11.030485
      1.200000      4.918380      4.918380      9.836760
      1.220000      4.786283      4.786283      9.572567
      1.240000      5.132132      5.132132     10.264265
      1.260000      5.872790      5.872790     11.745579
      1.280000      6.839825      6.839825     13.679650
      1.300000      7.811719      7.811719     15.623437
      1.320000      8.565753      8.565753     17.131506
      1.340000      8.936124      8.936124     17.872249
      1.360000      8.856739      8.856739     17.713477
      1.380000      8.370878      8.370878     16.741755
      1.400000      7.605284      7.605284     15.210568
      1.420000      6.723787      6.723787     13.447573
      1.440000      5.883468      5.883468     11.766936
      1.460000      5.209398      5.209398     10.418796
      1.480000      4.788114      4.788114      9.576228
      1.500000      4.667529      4.667529      9.335058
      1.520000      4.850983      4.850983      9.701966
      1.540000      5.284725      5.284725     10.569451
      1.560000      5.851251      5.851251     11.702502
      1.580000      6.384187      6.384187     12.768375
      1.600000      6.709754      6.709754     13.419508
      1.620000      6.702034      6.702034     13.404069
      1.640000      6.327430      6.327430     12.654860
      1.660000      5.656991      5.656991     11.313981
      1.680000      4.842085      4.842085      9.684171
      1.700000      4.067369      4.067369      8.134738
      1.720000      3.502940      3.502940      7.005880
      1.740000      3.271401      3.271401      6.542802
      1.760000      3.432376      3.432376      6.864752
      1.780000      3.977827      3.977827      7.955654
      1.800000      4.832250      4.832250      9.664501
      1.820000      5.859116      5.859116     11.718232
      1.840000      6.879987      6.879987     13.759975
      1.860000      7.709213      7.709213     15.418425
      1.880000      8.196664      8.196664     16.393328
      1.900000      8.262499      8.262499     16.524998
      1.920000      7.909329      7.909329     15.818659
      1.940000      7.208678      7.208678     14.417355
      1.960000      6.271755      6.271755     12.543510
      1.980000      5.220087      5.220087     10.440174
      2.000000      4.166742      4.166742      8.333485
      2.020000      3.209468      3.209468      6.418936
      2.040000      2.430483      2.430483      4.860965
      2.060000      1.896939      1.896939      3.793878
      2.080000      1.658772      1.658772      3.317544
      2.100000      1.743169      1.743169      3.486338
      2.120000      2.146392      2.146392      4.292784
      2.140000      2.825640      2.825640      5.651279
      2.160000      3.696463      3.696463      7.392926
      2.180000      4.642433      4.642433      9.284865
      2.200000      5.539852      5.539852     11.079705
      2.220000      6.291181      6.291181     12.582362
      2.240000      6.851903      6.851903     13.703807
      2.260000      7.234724      7.234724     14.469449
      2.280000      7.485880      7.485880     14.971760
      2.300000      7.645671      7.645671     15.291342
      2.320000      7.716995      7.716995     15.433990
      2.340000      7.661898      7.661898     15.323795
      2.360000      7.428306      7.428306     14.856613
      2.380000      6.989685      6.989685     13.979370
      2.400000      6.373369      6.373369     12.746737
      2.420000      5.663176      5.663176     11.326352
      2.440000      4.979728      4.979728      9.959455
      2.460000      4.453898      4.453898      8.907795
      2.480000      4.207422      4.207422      8.414844
      2.500000      4.343489      4.343489      8.686978
      2.520000      4.939601      4.939601      9.879201
      2.540000      6.033279      6.033279     12.066557
      2.560000      7.598985      7.598985     15.197971
      2.580000      9.525657      9.525657     19.051313
      2.600000     11.610514     11.610514     23.221029
      2.620000     13.581529     13.581529     27.163057
      2.640000     15.149104     15.149104     30.298209
      2.660000     16.073292     16.073292     32.146585
      2.680000     16.223668     16.223668     32.447335
      2.700000     15.609969     15.609969     31.219939
      2.720000     14.372592     14.372592     28.745184
      2.740000     12.737837     12.737837     25.475674
      2.760000     10.955898     10.955898     21.911796
      2.780000      9.243816      9.243816     18.487632
      2.800000      7.749907      7.749907     15.499815
      2.820000      6.544719      6.544719     13.089438
      2.840000      5.633089      5.633089     11.266177
      2.860000      4.977035      4.977035      9.954070
      2.880000      4.520104      4.520104      9.040208
      2.900000      4.207399      4.207399      8.414799
      2.920000      3.998834      3.998834      7.997668
      2.940000      3.875159      3.875159      7.750317
      2.960000      3.837558      3.837558      7.675117
      2.980000      3.902306      3.902306      7.804613
      3.000000      4.091924      4.091924      8.183849
      3.020000      4.423505      4.423505      8.847010
      3.040000      4.894581      4.894581      9.789163
      3.060000      5.468692      5.468692     10.937385
      3.080000      6.066439      6.066439     12.132878
      3.100000      6.570378      6.570378     13.140756
      3.120000      6.849333      6.849333     13.698667
      3.140000      6.798551      6.798551     13.597103
      3.160000      6.381112      6.381112     12.762225
      3.180000      5.651344      5.651344     11.302688
      3.200000      4.747736      4.747736      9.495473
      3.220000      3.857819      3.857819      7.715638
      3.240000      3.170810      3.170810      6.341619
      3.260000      2.836745      2.836745      5.673490
      3.280000      2.942699      2.942699      5.885398
      3.300000      3.504925      3.504925      7.009851
      3.320000      4.469488      4.469488      8.938977
      3.340000      5.716589      5.716589     11.433178
      3.360000      7.071284      7.071284     14.142569
      3.380000      8.327705      8.327705     16.655410
      3.400000      9.289855      9.289855     18.579710
      3.420000      9.821206      9.821206     19.642412
      3.440000      9.885250      9.885250     19.770499
      3.460000      9.558075      9.558075     19.116150
      3.480000      9.004220      9.004220     18.008439
      3.500000      8.423264      8.423264     16.846528
      3.520000      7.987715      7.987715     15.975431
      3.540000      7.795932      7.795932     15.591865
      3.560000      7.856113      7.856113     15.712227
      3.580000      8.102881      8.102881     16.205761
      3.600000      8.433775      8.433775     16.867551
      3.620000      8.746122      8.746122     17.492245
      3.640000      8.959081      8.959081     17.918162
      3.660000      9.018478      9.018478     18.036957
      3.680000      8.894092      8.894092     17.788183
      3.700000      8.581047      8.581047     17.162094
      3.720000      8.107688      8.107688     16.215376
      3.740000      7.540377      7.540377     15.080754
      3.760000      6.972795      6.972795     13.945589
      3.780000      6.496972      6.496972     12.993944
      3.800000      6.167916      6.167916     12.335832
      3.820000      5.981251      5.981251     11.962502
      3.840000      5.877646      5.877646     11.755291
      3.860000      5.772959      5.772959     11.545917
      3.880000      5.598886      5.598886     11.197771
      3.900000      5.333772      5.333772     10.667545
      3.920000      5.009144      5.009144     10.018288
      3.940000      4.690335      4.690335      9.380670
      3.960000      4.442398      4.442398      8.884797
      3.980000      4.298830      4.298830      8.597661
      4.000000      4.247868      4.247868      8.495737
      4.020000      4.241114      4.241114      8.482228
      4.040000      4.217752      4.217752      8.435504
      4.060000      4.130810      4.130810      8.261620
      4.080000      3.962908      3.962908      7.925816
      4.100000      3.726277      3.726277      7.452554
      4.120000      3.450661      3.450661      6.901321
      4.140000      3.168099      3.168099      6.336198
      4.160000      2.903208      2.903208      5.806417
      4.180000      2.672571      2.672571      5.345142
      4.200000      2.490813      2.490813      4.981627
      4.220000      2.377401      2.377401      4.754802
      4.240000      2.358770      2.358770      4.717541
      4.260000      2.464093      2.464093      4.928186
      4.280000      2.717013      2.717013      5.434025
      4.300000      3.127796      3.127796      6.255592
      4.320000      3.689851      3.689851      7.379702
      4.340000      4.382491      4.382491      8.764981
      4.360000      5.179189      5.179189     10.358379
      4.380000      6.057683      6.057683     12.115365
      4.400000      7.005679      7.005679     14.011359
      4.420000      8.015614      8.015614     16.031229
      4.440000      9.066335      9.066335     18.132671
      4.460000     10.098690     10.098690     20.197380
      4.480000     11.000442     11.000442     22.000884
      4.500000     11.616185     11.616185     23.232369
      4.520000     11.786563     11.786563     23.573127
      4.540000     11.403616     11.403616     22.807232
      4.560000     10.456971     10.456971     20.913943
      4.580000      9.047848      9.047848     18.095697
      4.600000      7.363507      7.363507     14.727013
      4.620000      5.624008      5.624008     11.248016
      4.640000      4.024610      4.024610      8.049220
      4.660000      2.695571      2.695571      5.391142
      4.680000      1.689880      1.689880      3.379760
      4.700000      0.996234      0.996234      1.992469
      4.720000      0.566254      0.566254      1.132508
      4.740000      0.343651      0.343651      0.687303
      4.760000      0.286755      0.286755      0.573510
      4.780000      0.380472      0.380472      0.760943
      4.800000      0.636772      0.636772      1.273544
      4.820000      1.083918      1.083918      2.167837
      4.840000      1.745967      1.745967      3.491934
      4.860000      2.617338      2.617338      5.234676
      4.880000      3.641954      3.641954      7.283909
      4.900000      4.708879      4.708879      9.417757
      4.920000      5.672319      5.672319     11.344637
      4.940000      6.392629      6.392629     12.785257
      4.960000      6.782112      6.782112     13.564224
      4.980000      6.833884      6.833884     13.667768
      5.000000      6.619163      6.619163     13.238325
      5.020000      6.254568      6.254568     12.509135
      5.040000      5.856045      5.856045     11.712090
      5.060000      5.500550      5.500550     11.001100
      5.080000      5.209563      5.209563     10.419125
      5.100000      4.956325      4.956325      9.912650
      5.120000      4.689352      4.689352      9.378704
      5.140000      4.361624      4.361624      8.723248
      5.160000      3.956375      3.956375      7.912750
      5.180000      3.503364      3.503364      7.006728
      5.200000      3.082249      3.082249      6.164497
      5.220000      2.811977      2.811977      5.623954
      5.240000      2.827019      2.827019      5.654039
      5.260000      3.243072      3.243072      6.486143
      5.280000      4.117398      4.117398      8.234796
      5.300000      5.413212      5.413212     10.826425
      5.320000      6.982189      6.982189     13.964378
      5.340000      8.579864      8.579864     17.159727
      5.360000      9.920320      9.920320     19.840640
      5.380000     10.759273     10.759273     21.518547
      5.400000     10.976549     10.976549     21.953098
      5.420000     10.622269     10.622269     21.244539
      5.440000      9.902872      9.902872     19.805745
      5.460000      9.109047      9.109047     18.218094
      5.480000      8.514023      8.514023     17.028045
      5.500000      8.283306      8.283306     16.566612
      5.520000      8.430143      8.430143     16.860286
      5.540000      8.829314      8.829314     17.658628
      5.560000      9.276712      9.276712     18.553423
      5.580000      9.565296      9.565296     19.130593
      5.600000      9.546476      9.546476     19.092951
      5.620000      9.158587      9.158587     18.317173
      5.640000      8.422495      8.422495     16.844991
      5.660000      7.417687      7.417687     14.835373
      5.680000      6.254711      6.254711     12.509421
      5.700000      5.053599      5.053599     10.107198
      5.720000      3.929893      3.929893      7.859785
      5.740000      2.985813      2.985813      5.971627
      5.760000      2.304357      2.304357      4.608715
      5.780000      1.945629      1.945629      3.891259
      5.800000      1.945118      1.945118      3.890235
      5.820000      2.312831      2.312831      4.625662
      5.840000      3.031890      3.031890      6.063779
      5.860000      4.056037      4.056037      8.112073
      5.880000      5.307096      5.307096     10.614192
      5.900000      6.674781      6.674781     13.349561
      5.920000      8.022081      8.022081     16.044163
      5.940000      9.199469      9.199469     18.398939
      5.960000     10.069171     10.069171     20.138342
      5.980000     10.535814     10.535814     21.071629
      6.000000     10.573234     10.573234     21.146469
      6.020000     10.233930     10.233930     20.467860
      6.040000      9.632516      9.632516     19.265033
      6.060000      8.907181      8.907181     17.814363
      6.080000      8.176264      8.176264     16.352527
      6.100000      7.511017      7.511017     15.022034
      6.120000      6.936457      6.936457     13.872914
      6.140000      6.455333      6.455333     12.910666
      6.160000      6.076646      6.076646     12.153292
      6.180000      5.828275      5.828275     11.656550
      6.200000      5.744073      5.744073     11.488146
      6.220000      5.832716      5.832716     11.665432
      6.240000      6.048857      6.048857     12.097714
      6.260000      6.288737      6.288737     12.577474
      6.280000      6.420282      6.420282     12.840563
      6.300000      6.337701      6.337701     12.675401
      6.320000      6.014234      6.014234     12.028469
      6.340000      5.524368      5.524368     11.048736
      6.360000      5.020845      5.020845     10.041689
      6.380000      4.674284      4.674284      9.348568
      6.400000      4.601630      4.601630      9.203261
      6.420000      4.814886      4.814886      9.629771
      6.440000      5.212449      5.212449     10.424899
      6.460000      5.617019      5.617019     11.234038
      6.480000      5.844440      5.844440     11.688880
      6.500000      5.774900      5.774900     11.549799
      6.520000      5.397242      5.397242     10.794484
      6.540000      4.809813      4.809813      9.619626
      6.560000      4.181304      4.181304      8.362608
      6.580000      3.692016      3.692016      7.384032
      6.600000      3.481060      3.481060      6.962120
      6.620000      3.617100      3.617100      7.234200
      6.640000      4.095863      4.095863      8.191727
      6.660000      4.855783      4.855783      9.711566
      6.680000      5.798990      5.798990     11.597980
      6.700000      6.808204      6.808204     13.616408
      6.720000      7.757136      7.757136     15.514273
      6.740000      8.518642      8.518642     17.037285
      6.760000      8.977641      8.977641     17.955283
      6.780000      9.052997      9.052997     18.105994
      6.800000      8.724758      8.724758     17.449516
      6.820000      8.054682      8.054682     16.109365
      6.840000      7.185124      7.185124     14.370248
      6.860000      6.308106      6.308106     12.616213
      6.880000      5.610488      5.610488     11.220975
      6.900000      5.214614      5.214614     10.429228
      6.920000      5.138534      5.138534     10.277069
      6.940000      5.292759      5.292759     10.585518
      6.960000      5.515459      5.515459     11.030918
      6.980000      5.632370      5.632370     11.264740
      7.000000      5.518352      5.518352     11.036704
      7.020000      5.138093      5.138093     10.276187
      7.040000      4.553074      4.553074      9.106149
      7.060000      3.896001      3.896001      7.792001
      7.080000      3.325979      3.325979      6.651958
      7.100000      2.982515      2.982515      5.965030
      7.120000      2.952950      2.952950      5.905900
      7.140000      3.259689      3.259689      6.519378
      7.160000      3.865488      3.865488      7.730976
      7.180000      4.690441      4.690441      9.380881
      7.200000      5.633136      5.633136     11.266272
      7.220000      6.589410      6.589410     13.178819
      7.240000      7.464452      7.464452     14.928905
      7.260000      8.177939      8.177939     16.355879
      7.280000      8.666447      8.666447     17.332895
      7.300000      8.889532      8.889532     17.779065
      7.320000      8.842138      8.842138     17.684276
      7.340000      8.567309      8.567309     17.134617
      7.360000      8.156114      8.156114     16.312227
      7.380000      7.724222      7.724222     15.448445
      7.400000      7.368380      7.368380     14.736759
      7.420000      7.122584      7.122584     14.245169
      7.440000      6.939926      6.939926     13.879852
      7.460000      6.714607      6.714607     13.429213
      7.480000      6.335707      6.335707     12.671415
      7.500000      5.745080      5.745080     11.490160
      7.520000      4.969550      4.969550      9.939100
      7.540000      4.113392      4.113392      8.226784
      7.560000      3.319431      3.319431      6.638863
      7.580000      2.721707      2.721707      5.443415
      7.600000      2.412066      2.412066      4.824131
      7.620000      2.430702      2.430702      4.861405
      7.640000      2.776037      2.776037      5.552075
      7.660000      3.420683      3.420683      6.841365
      7.680000      4.320710      4.320710      8.641420
      7.700000      5.412881      5.412881     10.825761
      7.720000      6.604420      6.604420     13.208840
      7.740000      7.767206      7.767206     15.534413
      7.760000      8.748730      8.748730     17.497460
      7.780000      9.404569      9.404569     18.809139
      7.800000      9.644330      9.644330     19.288660
      7.820000      9.471964      9.471964     18.943927
      7.840000      8.999357      8.999357     17.998713
      7.860000      8.421756      8.421756     16.843512
      7.880000      7.960808      7.960808     15.921617
      7.900000      7.796543      7.796543     15.593086
      7.920000      8.015139      8.015139     16.030279
      7.940000      8.591857      8.591857     17.183715
      7.960000      9.412136      9.412136     18.824271
      7.980000     10.317060     10.317060     20.634121
      8.000000     11.150632     11.150632     22.301265
      8.020000     11.789729     11.789729     23.579457
      8.040000     12.151045     12.151045     24.302090
      8.060000     12.184413     12.184413     24.368825
      8.080000     11.868998     11.868998     23.737997
      8.100000     11.223049     11.223049     22.446098
      8.120000     10.322874     10.322874     20.645747
      8.140000      9.313615      9.313615     18.627230
      8.160000      8.393377      8.393377     16.786755
      8.180000      7.765586      7.765586     15.531171
      8.200000      7.574010      7.574010     15.148019
      8.220000      7.848151      7.848151     15.696303
      8.240000      8.485173      8.485173     16.970346
      8.260000      9.278836      9.278836     18.557671
      8.280000      9.984813      9.984813     19.969626
      8.300000     10.396452     10.396452     20.792903
      8.320000     10.402776     10.402776     20.805552
      8.340000     10.010783     10.010783     20.021566
      8.360000      9.329970      9.329970     18.659940
      8.380000      8.530190      8.530190     17.060380
      8.400000      7.789626      7.789626     15.579251
      8.420000      7.248426      7.248426     14.496853
      8.440000      6.978803      6.978803     13.957606
      8.460000      6.976834      6.976834     13.953667
      8.480000      7.175783      7.175783     14.351565
      8.500000      7.475241      7.475241     14.950482
      8.520000      7.775856      7.775856     15.551712
      8.540000      8.007811      8.007811     16.015621
      8.560000      8.144115      8.144115     16.288229
      8.580000      8.196364      8.196364     16.392727
      8.600000      8.197662      8.197662     16.395325
      8.620000      8.181333      8.181333     16.362665
      8.640000      8.163604      8.163604     16.327209
      8.660000      8.135461      8.135461     16.270923
      8.680000      8.065845      8.065845     16.131690
      8.700000      7.916344      7.916344     15.832688
      8.720000      7.664820      7.664820     15.329641
      8.740000      7.330962      7.330962     14.661924
      8.760000      6.992079      6.992079     13.984158
      8.780000      6.776878      6.776878     13.553757
      8.800000      6.831653      6.831653     13.663307
      8.820000      7.266170      7.266170     14.532339
      8.840000      8.099427      8.099427     16.198854
      8.860000      9.230826      9.230826     18.461652
      8.880000     10.455363     10.455363     20.910727
      8.900000     11.523744     11.523744     23.047488
      8.920000     12.227295     12.227295     24.454589
      8.940000     12.473880     12.473880     24.947759
      8.960000     12.322553     12.322553     24.645106
      8.980000     11.961587     11.961587     23.923174
      9.000000     11.638459     11.638459     23.276918
      9.020000     11.569411     11.569411     23.138823
      9.040000     11.862291     11.862291     23.724581
      9.060000     12.479211     12.479211     24.958421
      9.080000     13.250608     13.250608     26.501216
      9.100000     13.935408     13.935408     27.870815
      9.120000     14.307099     14.307099     28.614198
      9.140000     14.235651     14.235651     28.471302
      9.160000     13.734461     13.734461     27.468921
      9.180000     12.953116     12.953116     25.906232
      9.200000     12.118380     12.118380     24.236759
      9.220000     11.448300     11.448300     22.896599
      9.240000     11.075925     11.075925     22.151850
      9.260000     11.013320     11.013320     22.026639
      9.280000     11.166605     11.166605     22.333211
      9.300000     11.389461     11.389461     22.778922
      9.320000     11.547426     11.547426     23.094851
      9.340000     11.564663     11.564663     23.129326
      9.360000     11.437026     11.437026     22.874052
      9.380000     11.212929     11.212929     22.425858
      9.400000     10.957643     10.957643     21.915287
      9.420000     10.720771     10.720771     21.441542
      9.440000     10.520356     10.520356     21.040711
      9.460000     10.345599     10.345599     20.691198
      9.480000     10.170987     10.170987     20.341973
      9.500000      9.972402      9.972402     19.944803
      9.520000      9.739407      9.739407     19.478815
      9.540000      9.482403      9.482403     18.964806
      9.560000      9.234919      9.234919     18.469838
      9.580000      9.050213      9.050213     18.100426
      9.600000      8.990901      8.990901     17.981802
      9.620000      9.112842      9.112842     18.225683
      9.640000      9.448460      9.448460     18.896920
      9.660000      9.996432      9.996432     19.992864
      9.680000     10.721970     10.721970     21.443940
      9.700000     11.566245     11.566245     23.132491
      9.720000     12.458709     12.458709     24.917419
      9.740000     13.325509     13.325509     26.651018
      9.760000     14.091220     14.091220     28.182439
      9.780000     14.677165     14.677165     29.354330
      9.800000     15.003736     15.003736     30.007473
      9.820000     15.003399     15.003399     30.006798
      9.840000     14.645053     14.645053     29.290107
      9.860000     13.961877     13.961877     27.923754
      9.880000     13.068507     13.068507     26.137014
      9.900000     12.153652     12.153652     24.307303
      9.920000     11.442324     11.442324     22.884647
      9.940000     11.135049     11.135049     22.270097
      9.960000     11.343742     11.343742     22.687485
      9.980000     12.049131     12.049131     24.098261
     10.000000     13.099009     13.099009     26.198019
