               -670.0432058773
         -0.004992241      -0.000037278       0.000000000
         -0.000037284      -0.017365129       0.000000000
          0.000000000       0.000000000      -0.000004585
          72
  1     5       0.128436935       4.045121984       0.000000000  B
  1     5      -0.591686372       0.015019491       0.000000000  B
  1     5      -0.674149542     -15.445864266       0.000000000  B
  1     5      -0.057042644      -4.199289993       0.000000000  B
  1     5      -0.712648749      15.612014584       0.000000000  B
  1     5      -0.580872913      -0.019926302       0.000000000  B
  1     5       0.018953460      15.951848479       0.000000000  B
  1     5       0.170485725       0.046381796       0.000000000  B
  1     5      -0.132938942      -0.090507658       0.000000000  B
  1     5       0.098161664       0.006687088       0.000000000  B
  1     5      -0.044438464       0.153003048       0.000000000  B
  1     5      -0.100857205      -0.090322936       0.000000000  B
  1     5       0.026748893       0.085269333       0.000000000  B
  1     5      -0.283652183      -0.087355657       0.000000000  B
  1     5      -0.160015224       0.094268027       0.000000000  B
  1     5       0.131401727      -0.133813641       0.000000000  B
  1     5       0.056294375       0.092812903       0.000000000  B
  1     5      -0.608471981       0.057430289       0.000000000  B
  1     5      -0.655351960     -15.540937637       0.000000000  B
  1     5      -0.113755926       0.158863591       0.000000000  B
  1     5      -0.133343920       0.110199673       0.000000000  B
  1     5      -0.087118653       4.205649950       0.000000000  B
  1     5      -0.387322483     -15.196472688       0.000000000  B
  2     6       0.289184479      21.330941967       0.000000000  C
  2     6      -0.433615622      -5.129524826       0.000000000  C
  2     6      -0.587621479     -15.635864414       0.000000000  C
  2     6      -0.309912773       4.729538205       0.000000000  C
  2     6       0.834081479     -21.622009027       0.000000000  C
  2     6       1.018209661       0.211392030       0.000000000  C
  2     6       1.394184010     -21.301368602       0.000000000  C
  2     6       0.063837368       0.001061784       0.000000000  C
  2     6      -0.104789002       0.078573642       0.000000000  C
  2     6       0.084261492       0.073787216       0.000000000  C
  2     6      -0.029735236       0.021890599       0.000000000  C
  2     6       1.065232750      21.497462567       0.000000000  C
  2     6      -0.161316731      -4.991376191       0.000000000  C
  2     6       1.379040502      21.301009088       0.000000000  C
  2     6       0.995728851      -0.194359459       0.000000000  C
  2     6      -0.104974028      -0.085245151       0.000000000  C
  2     6       0.084792888       0.006132724       0.000000000  C
  2     6      -0.030931509      -0.025576102       0.000000000  C
  2     6       0.075717439      -0.076100249       0.000000000  C
  2     6       0.009275189       0.247909300       0.000000000  C
  2     6      -0.019082158      -0.248151367       0.000000000  C
  2     6      -0.658538375      15.724980237       0.000000000  C
  2     6      -0.091962306      -4.640297424       0.000000000  C
  2     6      -0.101281883      15.574212238       0.000000000  C
  2     6       0.494818185      21.667342792       0.000000000  C
  2     6       0.858002964      -0.085591370       0.000000000  C
  2     6      -0.046636261       0.056546773       0.000000000  C
  2     6       0.025439357       0.018174659       0.000000000  C
  2     6      -0.011563025       0.025857412       0.000000000  C
  2     6      -0.008444592      -0.030690658       0.000000000  C
  2     6      -1.199727473      15.777535467       0.000000000  C
  2     6      -0.831321818       0.121938861       0.000000000  C
  2     6       0.072304393       0.058676477       0.000000000  C
  2     6       0.023759138       0.009071815       0.000000000  C
  2     6       0.086838178      -0.080280401       0.000000000  C
  2     6      -0.237914338      -0.109392661       0.000000000  C
  2     6       0.183919873       0.138076633       0.000000000  C
  2     6       0.058026768       0.024612773       0.000000000  C
  2     6      -0.258363257      -0.148360624       0.000000000  C
  2     6      -0.017459579       0.208851675       0.000000000  C
  2     6      -0.108997037      -0.282584427       0.000000000  C
  2     6       0.008244768       0.010296249       0.000000000  C
  2     6      -0.041770736      -0.076356173       0.000000000  C
  2     6      -0.015126764      -0.059505943       0.000000000  C
  2     6      -0.234935039     -21.700045914       0.000000000  C
  2     6       0.864579304       0.295712699       0.000000000  C
  2     6       0.634747706     -21.454699188       0.000000000  C
  2     6      -0.346429364       4.830174731       0.000000000  C
  2     6       0.080480953     -15.894681687       0.000000000  C
