     1  1  0.00295858     146
     2  1  0.00295858     146
     3  1  0.00295858     146
     4  1  0.00295858     146
     5  1  0.00295858     146
     6  1  0.00295858     146
     7  1  0.00295858     147
     8  1  0.00295858     147
     9  1  0.00295858     147
    10  1  0.00295858     147
    11  1  0.00295858     147
    12  1  0.00295858     147
    13  1  0.00147929     147
    14  1  0.00147929     146
    15  1  0.00295858     146
    16  1  0.00295858     146
    17  1  0.00295858     146
    18  1  0.00295858     146
    19  1  0.00295858     146
    20  1  0.00295858     146
    21  1  0.00295858     146
    22  1  0.00295858     146
    23  1  0.00295858     147
    24  1  0.00295858     147
    25  1  0.00295858     147
    26  1  0.00295858     147
    27  1  0.00295858     147
    28  1  0.00295858     147
    29  1  0.00295858     147
    30  1  0.00295858     147
    31  1  0.00295858     147
    32  1  0.00295858     147
    33  1  0.00295858     147
    34  1  0.00295858     147
    35  1  0.00295858     146
    36  1  0.00295858     146
    37  1  0.00295858     146
    38  1  0.00295858     146
    39  1  0.00295858     146
    40  1  0.00295858     146
    41  1  0.00295858     146
    42  1  0.00295858     146
    43  1  0.00295858     146
    44  1  0.00295858     146
    45  1  0.00295858     146
    46  1  0.00295858     146
    47  1  0.00295858     146
    48  1  0.00295858     146
    49  1  0.00295858     146
    50  1  0.00295858     147
    51  1  0.00295858     147
    52  1  0.00295858     147
    53  1  0.00295858     147
    54  1  0.00295858     147
    55  1  0.00295858     147
    56  1  0.00295858     147
    57  1  0.00295858     147
    58  1  0.00295858     147
    59  1  0.00295858     147
    60  1  0.00295858     147
    61  1  0.00295858     147
    62  1  0.00295858     147
    63  1  0.00295858     146
    64  1  0.00295858     146
    65  1  0.00295858     146
    66  1  0.00295858     146
    67  1  0.00295858     146
    68  1  0.00295858     146
    69  1  0.00295858     146
    70  1  0.00295858     146
    71  1  0.00295858     146
    72  1  0.00295858     146
    73  1  0.00295858     146
    74  1  0.00295858     146
    75  1  0.00295858     146
    76  1  0.00295858     146
    77  1  0.00295858     147
    78  1  0.00295858     147
    79  1  0.00295858     147
    80  1  0.00295858     147
    81  1  0.00295858     147
    82  1  0.00295858     147
    83  1  0.00295858     147
    84  1  0.00295858     147
    85  1  0.00295858     147
    86  1  0.00295858     147
    87  1  0.00295858     147
    88  1  0.00295858     147
    89  1  0.00295858     147
    90  1  0.00295858     146
    91  1  0.00295858     146
    92  1  0.00295858     146
    93  1  0.00295858     146
    94  1  0.00295858     146
    95  1  0.00295858     146
    96  1  0.00295858     146
    97  1  0.00295858     146
    98  1  0.00295858     146
    99  1  0.00295858     146
   100  1  0.00295858     146
   101  1  0.00295858     146
   102  1  0.00295858     146
   103  1  0.00295858     146
   104  1  0.00295858     147
   105  1  0.00295858     147
   106  1  0.00295858     147
   107  1  0.00295858     147
   108  1  0.00295858     147
   109  1  0.00295858     147
   110  1  0.00295858     147
   111  1  0.00295858     147
   112  1  0.00295858     147
   113  1  0.00295858     147
   114  1  0.00295858     147
   115  1  0.00295858     147
   116  1  0.00295858     147
   117  1  0.00295858     146
   118  1  0.00295858     146
   119  1  0.00295858     146
   120  1  0.00295858     146
   121  1  0.00295858     146
   122  1  0.00295858     146
   123  1  0.00295858     146
   124  1  0.00295858     146
   125  1  0.00295858     146
   126  1  0.00295858     146
   127  1  0.00295858     146
   128  1  0.00295858     146
   129  1  0.00295858     146
   130  1  0.00295858     146
   131  1  0.00295858     147
   132  1  0.00295858     147
   133  1  0.00295858     147
   134  1  0.00295858     147
   135  1  0.00295858     147
   136  1  0.00295858     147
   137  1  0.00295858     147
   138  1  0.00295858     147
   139  1  0.00295858     147
   140  1  0.00295858     147
   141  1  0.00295858     147
   142  1  0.00295858     147
   143  1  0.00295858     147
   144  1  0.00295858     146
   145  1  0.00295858     146
   146  1  0.00295858     146
   147  1  0.00295858     146
   148  1  0.00295858     146
   149  1  0.00295858     146
   150  1  0.00295858     146
   151  1  0.00295858     146
   152  1  0.00295858     146
   153  1  0.00295858     146
   154  1  0.00295858     146
   155  1  0.00295858     146
   156  1  0.00295858     146
   157  1  0.00295858     147
   158  1  0.00295858     147
   159  1  0.00295858     147
   160  1  0.00295858     147
   161  1  0.00295858     147
   162  1  0.00295858     147
   163  1  0.00295858     147
   164  1  0.00295858     147
   165  1  0.00295858     147
   166  1  0.00295858     147
   167  1  0.00295858     147
   168  1  0.00295858     147
   169  1  0.00295858     147
   170  1  0.00295858     146
   171  1  0.00295858     146
   172  1  0.00295858     146
   173  1  0.00295858     146
   174  1  0.00295858     146
   175  1  0.00295858     146
   176  1  0.00295858     146
   177  1  0.00295858     146
   178  1  0.00295858     146
   179  1  0.00295858     146
   180  1  0.00295858     146
   181  1  0.00295858     146
   182  1  0.00295858     146
   183  1  0.00295858     146
   184  1  0.00295858     147
   185  1  0.00295858     147
   186  1  0.00295858     147
   187  1  0.00295858     147
   188  1  0.00295858     147
   189  1  0.00295858     147
   190  1  0.00295858     147
   191  1  0.00295858     147
   192  1  0.00295858     147
   193  1  0.00295858     147
   194  1  0.00295858     147
   195  1  0.00295858     147
   196  1  0.00295858     146
   197  1  0.00295858     146
   198  1  0.00295858     146
   199  1  0.00295858     146
   200  1  0.00295858     146
   201  1  0.00295858     146
   202  1  0.00295858     146
   203  1  0.00295858     146
   204  1  0.00295858     146
   205  1  0.00295858     146
   206  1  0.00295858     146
   207  1  0.00295858     146
   208  1  0.00295858     146
   209  1  0.00295858     146
   210  1  0.00295858     146
   211  1  0.00295858     147
   212  1  0.00295858     147
   213  1  0.00295858     147
   214  1  0.00295858     147
   215  1  0.00295858     147
   216  1  0.00295858     147
   217  1  0.00295858     147
   218  1  0.00295858     147
   219  1  0.00295858     147
   220  1  0.00295858     147
   221  1  0.00295858     147
   222  1  0.00295858     146
   223  1  0.00295858     146
   224  1  0.00295858     146
   225  1  0.00295858     146
   226  1  0.00295858     146
   227  1  0.00295858     146
   228  1  0.00295858     146
   229  1  0.00295858     146
   230  1  0.00295858     146
   231  1  0.00295858     146
   232  1  0.00295858     146
   233  1  0.00295858     146
   234  1  0.00295858     146
   235  1  0.00295858     146
   236  1  0.00295858     146
   237  1  0.00295858     147
   238  1  0.00295858     147
   239  1  0.00295858     147
   240  1  0.00295858     147
   241  1  0.00295858     147
   242  1  0.00295858     147
   243  1  0.00295858     147
   244  1  0.00295858     147
   245  1  0.00295858     147
   246  1  0.00295858     147
   247  1  0.00295858     146
   248  1  0.00295858     146
   249  1  0.00295858     146
   250  1  0.00295858     146
   251  1  0.00295858     146
   252  1  0.00295858     146
   253  1  0.00295858     146
   254  1  0.00295858     146
   255  1  0.00295858     146
   256  1  0.00295858     146
   257  1  0.00295858     146
   258  1  0.00295858     146
   259  1  0.00295858     146
   260  1  0.00295858     146
   261  1  0.00295858     146
   262  1  0.00295858     146
   263  1  0.00295858     146
   264  1  0.00295858     147
   265  1  0.00295858     147
   266  1  0.00295858     147
   267  1  0.00295858     147
   268  1  0.00295858     147
   269  1  0.00295858     147
   270  1  0.00295858     147
   271  1  0.00295858     147
   272  1  0.00295858     147
   273  1  0.00295858     146
   274  1  0.00295858     146
   275  1  0.00295858     146
   276  1  0.00295858     146
   277  1  0.00295858     146
   278  1  0.00295858     146
   279  1  0.00295858     146
   280  1  0.00295858     146
   281  1  0.00295858     146
   282  1  0.00295858     146
   283  1  0.00295858     146
   284  1  0.00295858     146
   285  1  0.00295858     146
   286  1  0.00295858     146
   287  1  0.00295858     146
   288  1  0.00295858     146
   289  1  0.00295858     146
   290  1  0.00295858     146
   291  1  0.00295858     147
   292  1  0.00295858     147
   293  1  0.00295858     147
   294  1  0.00295858     147
   295  1  0.00295858     147
   296  1  0.00295858     147
   297  1  0.00295858     147
   298  1  0.00295858     146
   299  1  0.00295858     146
   300  1  0.00295858     146
   301  1  0.00295858     146
   302  1  0.00295858     146
   303  1  0.00295858     146
   304  1  0.00295858     146
   305  1  0.00295858     146
   306  1  0.00295858     146
   307  1  0.00295858     146
   308  1  0.00295858     146
   309  1  0.00295858     146
   310  1  0.00295858     146
   311  1  0.00295858     146
   312  1  0.00295858     146
   313  1  0.00295858     146
   314  1  0.00295858     146
   315  1  0.00295858     146
   316  1  0.00295858     146
   317  1  0.00295858     146
   318  1  0.00295858     147
   319  1  0.00295858     147
   320  1  0.00295858     147
   321  1  0.00295858     147
   322  1  0.00295858     146
   323  1  0.00295858     146
   324  1  0.00295858     146
   325  1  0.00295858     146
   326  1  0.00295858     146
   327  1  0.00147929     146
   328  1  0.00147929     146
   329  1  0.00147929     146
   330  1  0.00147929     146
   331  1  0.00147929     146
   332  1  0.00147929     146
   333  1  0.00147929     146
   334  1  0.00147929     146
   335  1  0.00147929     146
   336  1  0.00147929     146
   337  1  0.00147929     146
   338  1  0.00147929     146
   339  1  0.00147929     146
   340  1  0.00147929     146
   341  1  0.00147929     146
   342  1  0.00147929     146
   343  1  0.00147929     146
   344  1  0.00147929     146
   345  1  0.00147929     146
   346  1  0.00147929     146
   347  1  0.00147929     146
   348  1  0.00147929     146
   349  1  0.00147929     146
   350  1  0.00147929     146
   351  1  0.00147929     146
   352  1  0.00147929     146
