              -1013.9154673408
          0.000229999      -0.000001373       0.000000000
         -0.000001373       0.000232274       0.000000000
          0.000000000       0.000000000       0.000001722
          72
  1     6       0.009341601       0.004348198       0.000000000  C
  1     6       0.000363530      -0.011759678       0.000000000  C
  1     6       0.011326186      -0.004431772       0.000000000  C
  1     6      -0.009677524       0.005188585       0.000000000  C
  1     6       0.000806492       0.011508479       0.000000000  C
  1     6      -0.009323283      -0.005651342       0.000000000  C
  1     6      -0.009642228       0.005053611       0.000000000  C
  1     6       0.000434391       0.011446650       0.000000000  C
  1     6      -0.009408851      -0.005621433       0.000000000  C
  1     6      -0.009993729      -0.004611065       0.000000000  C
  1     6      -0.009589660       0.004257938       0.000000000  C
  1     6      -0.000127208       0.011527604       0.000000000  C
  1     6       0.010205083       0.004243703       0.000000000  C
  1     6      -0.009395816       0.004439934       0.000000000  C
  1     6       0.001393811       0.011219785       0.000000000  C
  1     6       0.008728105       0.004406400       0.000000000  C
  1     6      -0.009455933       0.004349666       0.000000000  C
  1     6       0.000348726       0.011410418       0.000000000  C
  1     6      -0.000260889      -0.011708424       0.000000000  C
  1     6       0.010046032      -0.005323150       0.000000000  C
  1     6      -0.009915045      -0.005405753       0.000000000  C
  1     6       0.000472419      -0.011993332       0.000000000  C
  1     6       0.011029591      -0.005502530       0.000000000  C
  1     6      -0.010091389      -0.005456989       0.000000000  C
  1     6       0.000321061      -0.011891672       0.000000000  C
  1     6       0.010064784      -0.005355414       0.000000000  C
  1     6       0.009548057       0.005297409       0.000000000  C
  1     6      -0.009711980       0.005110303       0.000000000  C
  1     6      -0.000183657       0.011673737       0.000000000  C
  1     6       0.010266096       0.005068582       0.000000000  C
  1     6      -0.010638684       0.005275788       0.000000000  C
  1     6      -0.000300964       0.011764772       0.000000000  C
  1     6      -0.000312246      -0.011640251       0.000000000  C
  1     6       0.010038719      -0.005267090       0.000000000  C
  1     6      -0.008686857      -0.005665442       0.000000000  C
  1     6      -0.001334504      -0.011450749       0.000000000  C
  1     6       0.009959559      -0.005361901       0.000000000  C
  1     6       0.009536393       0.005098438       0.000000000  C
  1     6      -0.009573029       0.005110594       0.000000000  C
  1     6       0.001470619       0.011262169       0.000000000  C
  1     6       0.001094343      -0.012008617       0.000000000  C
  1     6       0.011400977      -0.004529472       0.000000000  C
  1     6      -0.010221643      -0.004605306       0.000000000  C
  1     6       0.010069082       0.005040242       0.000000000  C
  1     6      -0.009930511      -0.005419563       0.000000000  C
  1     6       0.008882305       0.005375718       0.000000000  C
  1     6       0.000277207      -0.011875360       0.000000000  C
  1     6       0.010126434      -0.005344418       0.000000000  C
  1     6      -0.009725235       0.005085999       0.000000000  C
  1     6      -0.000118620       0.011627502       0.000000000  C
  1     6       0.000320666      -0.011772620       0.000000000  C
  1     6       0.009966082      -0.004522143       0.000000000  C
  1     6       0.010074683       0.005104063       0.000000000  C
  1     6      -0.010815327      -0.004377371       0.000000000  C
  2     7       0.000811356       0.001484900       0.000000000  N
  2     7       0.000550240      -0.001153317       0.000000000  N
  2     7       0.000538878      -0.001208301       0.000000000  N
  2     7       0.000506260      -0.000989994       0.000000000  N
  2     7       0.000900219       0.001667129       0.000000000  N
  2     7       0.000710588       0.001482925       0.000000000  N
  2     7       0.000502079      -0.001183591       0.000000000  N
  2     7      -0.000845466      -0.000862484       0.000000000  N
  2     7       0.000890651       0.001715645       0.000000000  N
  2     7       0.002236948       0.001387062       0.000000000  N
  2     7       0.000668795      -0.001216902       0.000000000  N
  2     7       0.000798292       0.001793373       0.000000000  N
  2     7      -0.000940938      -0.000859667       0.000000000  N
  2     7       0.000907751       0.001758516       0.000000000  N
  2     7       0.000511647      -0.001239171       0.000000000  N
  2     7       0.000730950       0.001741396       0.000000000  N
  2     7       0.000896649       0.001730381       0.000000000  N
  2     7      -0.000965302      -0.000859455       0.000000000  N
