               -959.2614116954
         -0.004805412       0.000163548       0.000000000
          0.000163552      -0.021344014       0.000000000
          0.000000000       0.000000000      -0.000000183
          72
  1     7      -1.195485589       0.496626913       0.000000000  N
  1     7       0.884295493      25.351576971       0.000000000  N
  1     7       1.270053980      -0.164465340       0.000000000  N
  1     7      -0.142408385      26.180998573       0.000000000  N
  1     7       1.211189308      -0.289857744       0.000000000  N
  1     7       0.006552070      -0.056555612       0.000000000  N
  1     7      -1.335927108      -0.518140417       0.000000000  N
  1     7       0.141526717      26.982258457       0.000000000  N
  1     7      -0.008928388      -0.327461774       0.000000000  N
  1     7       0.075221753       0.036767620       0.000000000  N
  1     7      -0.004185204       0.060873488       0.000000000  N
  1     7       0.040947076      -0.076586389       0.000000000  N
  1     7      -0.078137477       0.107152486       0.000000000  N
  1     7      -0.030538489       0.019597195       0.000000000  N
  1     7       0.075613684      -0.019785195       0.000000000  N
  1     7      -0.111408856       0.028913129       0.000000000  N
  1     7       0.035003393       0.005475365       0.000000000  N
  1     7       0.012024034      -0.060502815       0.000000000  N
  1     7      -0.068864527      -0.144148751       0.000000000  N
  1     7      -0.999499313       0.232590180       0.000000000  N
  1     7       0.385142885     -26.154559569       0.000000000  N
  1     7      -0.039709535       0.005876862       0.000000000  N
  1     7      -0.041354883      -0.154715590       0.000000000  N
  2     6      -0.687979659      21.377052620       0.000000000  C
  2     6      -0.241290334      -4.792474418       0.000000000  C
  2     6      -0.071958928       4.956886555       0.000000000  C
  2     6      -0.662874153     -21.501575747       0.000000000  C
  2     6      -0.046546648       4.709094714       0.000000000  C
  2     6       1.331718961     -25.428697493       0.000000000  C
  2     6       1.011340360       0.212244615       0.000000000  C
  2     6       1.370884787     -25.518140759       0.000000000  C
  2     6       0.090812208      -0.002906592       0.000000000  C
  2     6      -0.103257800       0.055406517       0.000000000  C
  2     6       0.079320839       0.089541604       0.000000000  C
  2     6      -0.045670401       0.013120506       0.000000000  C
  2     6      -0.840373477     -21.375719694       0.000000000  C
  2     6       0.575102987      21.287577666       0.000000000  C
  2     6      -0.205858571      -5.135486992       0.000000000  C
  2     6      -0.085396587      -0.058240877       0.000000000  C
  2     6       0.022195439      -0.004085642       0.000000000  C
  2     6      -0.014175540      -0.021091096       0.000000000  C
  2     6       0.032745487      -0.088316190       0.000000000  C
  2     6       0.002464390       0.264087134       0.000000000  C
  2     6      -0.012418120      -0.270799932       0.000000000  C
  2     6      -1.391156311      25.436698936       0.000000000  C
  2     6      -0.084213036      -4.628980459       0.000000000  C
  2     6       0.206168152      21.309112106       0.000000000  C
  2     6      -0.105386853      -5.049538198       0.000000000  C
  2     6      -0.066866459       0.122798939       0.000000000  C
  2     6      -0.024519482       0.032010276       0.000000000  C
  2     6      -0.044875234      -0.040211126       0.000000000  C
  2     6      -1.351715726      21.495162914       0.000000000  C
  2     6      -1.047494934      -0.199009314       0.000000000  C
  2     6      -0.618987995      21.697310524       0.000000000  C
  2     6       0.082183503      -0.042742302       0.000000000  C
  2     6      -0.043816546       0.002011407       0.000000000  C
  2     6       0.023375068       0.128015681       0.000000000  C
  2     6      -0.007992628       0.029381096       0.000000000  C
  2     6       0.026273753       0.015781215       0.000000000  C
  2     6      -0.067745490      -0.053823318       0.000000000  C
  2     6       0.041547837       0.123495018       0.000000000  C
  2     6       0.063226227      -0.019504616       0.000000000  C
  2     6      -0.000051258       0.012905415       0.000000000  C
  2     6      -0.068501194      -0.130616226       0.000000000  C
  2     6       0.010238397      -0.077751982       0.000000000  C
  2     6       0.786448805     -22.444505119       0.000000000  C
  2     6       0.895924587       0.224348025       0.000000000  C
  2     6       0.894439146     -21.760031651       0.000000000  C
  2     6       0.072239398       4.967563609       0.000000000  C
  2     6       0.100034776     -21.262496028       0.000000000  C
  2     6       0.174425253       4.589039926       0.000000000  C
  2     6      -0.029348000     -24.783979379       0.000000000  C
