               -919.0490766123
         -0.000048306      -0.000002145       0.000000000
         -0.000002145      -0.000068537       0.000000000
          0.000000000       0.000000000       0.000000686
          72
  1     6       0.000238489       0.028117843       0.000000000  C
  1     6      -0.006404934      -0.061629335       0.000000000  C
  1     6       0.004165885       0.011299070       0.000000000  C
  1     6       0.010205004      -0.003390283       0.000000000  C
  1     6       0.019653387       0.019925473       0.000000000  C
  1     6       0.000557707       0.000482846       0.000000000  C
  1     6      -0.001332217       0.003697139       0.000000000  C
  1     6       0.000784489       0.003049877       0.000000000  C
  1     6      -0.000373177      -0.001195672       0.000000000  C
  1     6       0.000361884       0.002833950       0.000000000  C
  1     6       0.004480392      -0.007565512       0.000000000  C
  1     6       0.000224526       0.000622489       0.000000000  C
  1     6       0.008606407       0.020752406       0.000000000  C
  1     6      -0.001182594      -0.061748462       0.000000000  C
  1     6       0.000369412       0.019104037       0.000000000  C
  1     6       0.000026726      -0.052460287       0.000000000  C
  1     6       0.000583425       0.019251686       0.000000000  C
  1     6       0.002609295      -0.061865599       0.000000000  C
  1     6      -0.009276596       0.021037007       0.000000000  C
  1     6       0.005956851      -0.061646638       0.000000000  C
  1     6      -0.000094425       0.028050530       0.000000000  C
  1     6       0.000416216      -0.052151254       0.000000000  C
  1     6      -0.003033851       0.010964699       0.000000000  C
  1     6       0.003554661      -0.009205904       0.000000000  C
  1     6       0.001492995       0.015383142       0.000000000  C
  1     6      -0.001170967      -0.007706994       0.000000000  C
  1     6       0.000489287       0.008128453       0.000000000  C
  1     6       0.002179621      -0.008078232       0.000000000  C
  1     6      -0.002459464       0.015671788       0.000000000  C
  1     6      -0.003839671      -0.009210511       0.000000000  C
  1     6       0.003056405       0.010721506       0.000000000  C
  1     6      -0.004070761      -0.007314023       0.000000000  C
  1     6      -0.001145147       0.003623306       0.000000000  C
  1     6       0.003790498      -0.001364113       0.000000000  C
  1     6      -0.002968536      -0.000570278       0.000000000  C
  1     6      -0.000042111       0.009984754       0.000000000  C
  1     6       0.003588814      -0.000544492       0.000000000  C
  1     6      -0.002398712      -0.001699166       0.000000000  C
  1     6      -0.000005589       0.003731890       0.000000000  C
  1     6       0.000633898      -0.000987819       0.000000000  C
  1     6      -0.005061941       0.004410924       0.000000000  C
  1     6       0.012079104       0.024872328       0.000000000  C
  1     6       0.000470045      -0.016394363       0.000000000  C
  1     6      -0.011058254       0.024348147       0.000000000  C
  1     6       0.003424721       0.004495199       0.000000000  C
  1     6       0.001977313       0.003836197       0.000000000  C
  1     6       0.008047376       0.002791868       0.000000000  C
  1     6      -0.008031006       0.002932483       0.000000000  C
  1     6      -0.017087840       0.019757007       0.000000000  C
  1     6       0.000922301      -0.000981534       0.000000000  C
  1     6       0.017927518       0.022532427       0.000000000  C
  1     6      -0.000176116       0.003055721       0.000000000  C
  1     6      -0.000070922       0.000443634       0.000000000  C
  1     6       0.000019330       0.000549640       0.000000000  C
  1     6      -0.000007009       0.006583553       0.000000000  C
  1     6      -0.010752780      -0.003146314       0.000000000  C
  1     6       0.003124063       0.028284200       0.000000000  C
  1     6       0.000288990      -0.001316887       0.000000000  C
  1     6      -0.000118744       0.006568539       0.000000000  C
  1     6      -0.004692129      -0.001668387       0.000000000  C
  1     6       0.000112926       0.036204976       0.000000000  C
  1     6      -0.003452087       0.011207096       0.000000000  C
  1     6       0.005199784      -0.001602148       0.000000000  C
  1     6      -0.003112597       0.028317593       0.000000000  C
  1     6      -0.019888891       0.022645814       0.000000000  C
  2     7       0.008887234      -0.017157677       0.000000000  N
  2     7      -0.000377309      -0.005125111       0.000000000  N
  2     7       0.000624321       0.041048793       0.000000000  N
  2     7      -0.017414384      -0.037127493       0.000000000  N
  2     7      -0.006773110      -0.017098946       0.000000000  N
  2     7       0.001529110      -0.005042284       0.000000000  N
  2     7       0.019106517      -0.037052965       0.000000000  N
