     1  1  0.00295858     152
     2  1  0.00295858     152
     3  1  0.00295858     151
     4  1  0.00295858     151
     5  1  0.00295858     151
     6  1  0.00295858     151
     7  1  0.00295858     150
     8  1  0.00295858     150
     9  1  0.00295858     150
    10  1  0.00295858     150
    11  1  0.00295858     150
    12  1  0.00295858     150
    13  1  0.00147929     150
    14  1  0.00147929     152
    15  1  0.00295858     152
    16  1  0.00295858     152
    17  1  0.00295858     152
    18  1  0.00295858     152
    19  1  0.00295858     152
    20  1  0.00295858     152
    21  1  0.00295858     151
    22  1  0.00295858     150
    23  1  0.00295858     150
    24  1  0.00295858     150
    25  1  0.00295858     150
    26  1  0.00295858     150
    27  1  0.00295858     150
    28  1  0.00295858     150
    29  1  0.00295858     150
    30  1  0.00295858     150
    31  1  0.00295858     150
    32  1  0.00295858     150
    33  1  0.00295858     150
    34  1  0.00295858     151
    35  1  0.00295858     151
    36  1  0.00295858     151
    37  1  0.00295858     151
    38  1  0.00295858     151
    39  1  0.00295858     151
    40  1  0.00295858     151
    41  1  0.00295858     151
    42  1  0.00295858     151
    43  1  0.00295858     151
    44  1  0.00295858     152
    45  1  0.00295858     152
    46  1  0.00295858     152
    47  1  0.00295858     152
    48  1  0.00295858     151
    49  1  0.00295858     151
    50  1  0.00295858     151
    51  1  0.00295858     151
    52  1  0.00295858     151
    53  1  0.00295858     150
    54  1  0.00295858     150
    55  1  0.00295858     150
    56  1  0.00295858     150
    57  1  0.00295858     150
    58  1  0.00295858     150
    59  1  0.00295858     150
    60  1  0.00295858     150
    61  1  0.00295858     151
    62  1  0.00295858     151
    63  1  0.00295858     151
    64  1  0.00295858     151
    65  1  0.00295858     151
    66  1  0.00295858     151
    67  1  0.00295858     151
    68  1  0.00295858     151
    69  1  0.00295858     151
    70  1  0.00295858     151
    71  1  0.00295858     151
    72  1  0.00295858     152
    73  1  0.00295858     152
    74  1  0.00295858     152
    75  1  0.00295858     151
    76  1  0.00295858     151
    77  1  0.00295858     151
    78  1  0.00295858     151
    79  1  0.00295858     151
    80  1  0.00295858     151
    81  1  0.00295858     150
    82  1  0.00295858     150
    83  1  0.00295858     150
    84  1  0.00295858     150
    85  1  0.00295858     150
    86  1  0.00295858     150
    87  1  0.00295858     151
    88  1  0.00295858     151
    89  1  0.00295858     151
    90  1  0.00295858     151
    91  1  0.00295858     151
    92  1  0.00295858     151
    93  1  0.00295858     151
    94  1  0.00295858     151
    95  1  0.00295858     151
    96  1  0.00295858     151
    97  1  0.00295858     151
    98  1  0.00295858     151
    99  1  0.00295858     151
   100  1  0.00295858     152
   101  1  0.00295858     152
   102  1  0.00295858     151
   103  1  0.00295858     151
   104  1  0.00295858     151
   105  1  0.00295858     151
   106  1  0.00295858     151
   107  1  0.00295858     151
   108  1  0.00295858     150
   109  1  0.00295858     150
   110  1  0.00295858     150
   111  1  0.00295858     150
   112  1  0.00295858     150
   113  1  0.00295858     151
   114  1  0.00295858     151
   115  1  0.00295858     151
   116  1  0.00295858     151
   117  1  0.00295858     151
   118  1  0.00295858     151
   119  1  0.00295858     151
   120  1  0.00295858     151
   121  1  0.00295858     151
   122  1  0.00295858     151
   123  1  0.00295858     151
   124  1  0.00295858     151
   125  1  0.00295858     151
   126  1  0.00295858     151
   127  1  0.00295858     151
   128  1  0.00295858     151
   129  1  0.00295858     151
   130  1  0.00295858     151
   131  1  0.00295858     151
   132  1  0.00295858     151
   133  1  0.00295858     151
   134  1  0.00295858     151
   135  1  0.00295858     150
   136  1  0.00295858     150
   137  1  0.00295858     150
   138  1  0.00295858     150
   139  1  0.00295858     151
   140  1  0.00295858     151
   141  1  0.00295858     151
   142  1  0.00295858     151
   143  1  0.00295858     151
   144  1  0.00295858     151
   145  1  0.00295858     151
   146  1  0.00295858     151
   147  1  0.00295858     151
   148  1  0.00295858     151
   149  1  0.00295858     151
   150  1  0.00295858     151
   151  1  0.00295858     151
   152  1  0.00295858     151
   153  1  0.00295858     151
   154  1  0.00295858     151
   155  1  0.00295858     150
   156  1  0.00295858     150
   157  1  0.00295858     151
   158  1  0.00295858     151
   159  1  0.00295858     151
   160  1  0.00295858     151
   161  1  0.00295858     151
   162  1  0.00295858     150
   163  1  0.00295858     150
   164  1  0.00295858     151
   165  1  0.00295858     151
   166  1  0.00295858     151
   167  1  0.00295858     151
   168  1  0.00295858     151
   169  1  0.00295858     151
   170  1  0.00295858     151
   171  1  0.00295858     151
   172  1  0.00295858     151
   173  1  0.00295858     151
   174  1  0.00295858     151
   175  1  0.00295858     151
   176  1  0.00295858     151
   177  1  0.00295858     151
   178  1  0.00295858     151
   179  1  0.00295858     151
   180  1  0.00295858     151
   181  1  0.00295858     151
   182  1  0.00295858     150
   183  1  0.00295858     150
   184  1  0.00295858     150
   185  1  0.00295858     151
   186  1  0.00295858     151
   187  1  0.00295858     151
   188  1  0.00295858     152
   189  1  0.00295858     151
   190  1  0.00295858     151
   191  1  0.00295858     151
   192  1  0.00295858     151
   193  1  0.00295858     151
   194  1  0.00295858     151
   195  1  0.00295858     151
   196  1  0.00295858     151
   197  1  0.00295858     151
   198  1  0.00295858     151
   199  1  0.00295858     151
   200  1  0.00295858     151
   201  1  0.00295858     151
   202  1  0.00295858     151
   203  1  0.00295858     151
   204  1  0.00295858     151
   205  1  0.00295858     151
   206  1  0.00295858     151
   207  1  0.00295858     151
   208  1  0.00295858     150
   209  1  0.00295858     150
   210  1  0.00295858     150
   211  1  0.00295858     150
   212  1  0.00295858     151
   213  1  0.00295858     152
   214  1  0.00295858     152
   215  1  0.00295858     152
   216  1  0.00295858     152
   217  1  0.00295858     151
   218  1  0.00295858     151
   219  1  0.00295858     151
   220  1  0.00295858     151
   221  1  0.00295858     151
   222  1  0.00295858     151
   223  1  0.00295858     151
   224  1  0.00295858     151
   225  1  0.00295858     151
   226  1  0.00295858     151
   227  1  0.00295858     151
   228  1  0.00295858     151
   229  1  0.00295858     151
   230  1  0.00295858     151
   231  1  0.00295858     151
   232  1  0.00295858     151
   233  1  0.00295858     151
   234  1  0.00295858     151
   235  1  0.00295858     150
   236  1  0.00295858     150
   237  1  0.00295858     151
   238  1  0.00295858     151
   239  1  0.00295858     151
   240  1  0.00295858     152
   241  1  0.00295858     152
   242  1  0.00295858     152
   243  1  0.00295858     152
   244  1  0.00295858     151
   245  1  0.00295858     151
   246  1  0.00295858     151
   247  1  0.00295858     151
   248  1  0.00295858     151
   249  1  0.00295858     151
   250  1  0.00295858     151
   251  1  0.00295858     151
   252  1  0.00295858     151
   253  1  0.00295858     151
   254  1  0.00295858     151
   255  1  0.00295858     151
   256  1  0.00295858     151
   257  1  0.00295858     151
   258  1  0.00295858     151
   259  1  0.00295858     151
   260  1  0.00295858     151
   261  1  0.00295858     152
   262  1  0.00295858     151
   263  1  0.00295858     151
   264  1  0.00295858     151
   265  1  0.00295858     151
   266  1  0.00295858     151
   267  1  0.00295858     151
   268  1  0.00295858     152
   269  1  0.00295858     152
   270  1  0.00295858     152
   271  1  0.00295858     151
   272  1  0.00295858     151
   273  1  0.00295858     151
   274  1  0.00295858     151
   275  1  0.00295858     151
   276  1  0.00295858     151
   277  1  0.00295858     151
   278  1  0.00295858     151
   279  1  0.00295858     151
   280  1  0.00295858     151
   281  1  0.00295858     151
   282  1  0.00295858     151
   283  1  0.00295858     151
   284  1  0.00295858     151
   285  1  0.00295858     151
   286  1  0.00295858     152
   287  1  0.00295858     152
   288  1  0.00295858     151
   289  1  0.00295858     151
   290  1  0.00295858     151
   291  1  0.00295858     151
   292  1  0.00295858     151
   293  1  0.00295858     151
   294  1  0.00295858     151
   295  1  0.00295858     151
   296  1  0.00295858     152
   297  1  0.00295858     152
   298  1  0.00295858     152
   299  1  0.00295858     151
   300  1  0.00295858     151
   301  1  0.00295858     151
   302  1  0.00295858     151
   303  1  0.00295858     151
   304  1  0.00295858     151
   305  1  0.00295858     151
   306  1  0.00295858     151
   307  1  0.00295858     151
   308  1  0.00295858     151
   309  1  0.00295858     151
   310  1  0.00295858     151
   311  1  0.00295858     151
   312  1  0.00295858     152
   313  1  0.00295858     152
   314  1  0.00295858     152
   315  1  0.00295858     151
   316  1  0.00295858     151
   317  1  0.00295858     151
   318  1  0.00295858     151
   319  1  0.00295858     151
   320  1  0.00295858     151
   321  1  0.00295858     151
   322  1  0.00295858     151
   323  1  0.00295858     151
   324  1  0.00295858     152
   325  1  0.00295858     152
   326  1  0.00295858     151
   327  1  0.00147929     151
   328  1  0.00147929     151
   329  1  0.00147929     151
   330  1  0.00147929     151
   331  1  0.00147929     151
   332  1  0.00147929     151
   333  1  0.00147929     151
   334  1  0.00147929     151
   335  1  0.00147929     151
   336  1  0.00147929     151
   337  1  0.00147929     151
   338  1  0.00147929     152
   339  1  0.00147929     152
   340  1  0.00147929     152
   341  1  0.00147929     151
   342  1  0.00147929     151
   343  1  0.00147929     151
   344  1  0.00147929     151
   345  1  0.00147929     151
   346  1  0.00147929     151
   347  1  0.00147929     151
   348  1  0.00147929     151
   349  1  0.00147929     151
   350  1  0.00147929     151
   351  1  0.00147929     151
   352  1  0.00147929     152
