               -683.8529906864
         -0.005546049       0.000031870       0.000000000
          0.000031873      -0.018486397       0.000000000
          0.000000000       0.000000000      -0.000004461
          72
  1     5       0.649858497       0.138936452       0.000000000  B
  1     5       0.351300162      -0.001949408       0.000000000  B
  1     5       0.121379316       0.133379572       0.000000000  B
  1     5       0.011653373      15.919188210       0.000000000  B
  1     5      -0.062151174      -0.035301247       0.000000000  B
  1     5       0.200728437      -0.106017472       0.000000000  B
  1     5      -0.117581074       0.113962809       0.000000000  B
  1     5       0.009311442      -0.209576200       0.000000000  B
  1     5       0.048067307       0.002788098       0.000000000  B
  1     5      -0.186382226       0.106845649       0.000000000  B
  1     5      -0.178067532      -0.290790194       0.000000000  B
  1     5       0.032424581       0.214911485       0.000000000  B
  1     5      -0.235572894       0.171781805       0.000000000  B
  1     5       0.202839726      -0.137983792       0.000000000  B
  1     5      -0.087596992       0.068772094       0.000000000  B
  1     5       0.056420141      -0.000928069       0.000000000  B
  1     5      -0.005725999     -15.877111756       0.000000000  B
  1     5       0.573613556       0.038078748       0.000000000  B
  1     5       0.779127835     -15.624319820       0.000000000  B
  2     6      -0.129415482      15.713682577       0.000000000  C
  2     6       0.214052539      -4.935059446       0.000000000  C
  2     6       0.060661686       4.990668145       0.000000000  C
  2     6      -0.735450013     -21.374306403       0.000000000  C
  2     6       0.033123113       4.913089627       0.000000000  C
  2     6       0.747793412     -21.408112697       0.000000000  C
  2     6       1.022985166     -21.338543201       0.000000000  C
  2     6       0.140347324       0.096920764       0.000000000  C
  2     6       0.015684824      -0.125109109       0.000000000  C
  2     6      -1.003715461       0.158449637       0.000000000  C
  2     6      -1.227532927     -21.358293197       0.000000000  C
  2     6       0.663178158      15.805167632       0.000000000  C
  2     6       0.143967238      -4.880284718       0.000000000  C
  2     6       1.436383898      21.591018315       0.000000000  C
  2     6       1.054760246      -0.250310199       0.000000000  C
  2     6      -0.100868451      -0.061835590       0.000000000  C
  2     6       0.106487219      -0.022612804       0.000000000  C
  2     6      -0.053644850      -0.015836022       0.000000000  C
  2     6       0.104614387      -0.074218923       0.000000000  C
  2     6      -0.002859547       0.290448337       0.000000000  C
  2     6       0.004805395      -0.295649714       0.000000000  C
  2     6      -0.729217638      21.423701975       0.000000000  C
  2     6       0.000375184      -4.971892656       0.000000000  C
  2     6      -0.185893402      21.352644204       0.000000000  C
  2     6      -0.022771372      -4.990757181       0.000000000  C
  2     6       0.803458770      21.683075407       0.000000000  C
  2     6       0.849595880      -0.105268178       0.000000000  C
  2     6      -0.039285951       0.072048428       0.000000000  C
  2     6       0.102549924      -0.086916133       0.000000000  C
  2     6       0.014381658       0.016275809       0.000000000  C
  2     6       0.063545996      -0.095132374       0.000000000  C
  2     6      -1.338828146      21.390582616       0.000000000  C
  2     6      -1.022022567      -0.220348152       0.000000000  C
  2     6      -0.839309561      21.702571786       0.000000000  C
  2     6      -0.881611337      -0.103683565       0.000000000  C
  2     6       0.103812210      -0.064613806       0.000000000  C
  2     6      -0.119353556      -0.072917765       0.000000000  C
  2     6       0.075640508      -0.090031389       0.000000000  C
  2     6       0.107782256      -0.093055537       0.000000000  C
  2     6       0.031596726       0.133564473       0.000000000  C
  2     6       0.024809667      -0.006113016       0.000000000  C
  2     6      -0.122466708       0.073214702       0.000000000  C
  2     6       0.042478027       0.002804825       0.000000000  C
  2     6      -0.129652183       0.071815301       0.000000000  C
  2     6       0.041669259      -0.062400505       0.000000000  C
  2     6      -0.891127574       0.136199986       0.000000000  C
  2     6      -0.943255016     -21.714225921       0.000000000  C
  2     6      -0.095880809       0.035619761       0.000000000  C
  2     6       0.104343178       0.077644620       0.000000000  C
  2     6       0.237184486       4.551895841       0.000000000  C
  2     6       0.078777530     -21.215386137       0.000000000  C
  2     6       0.008652677       4.931233671       0.000000000  C
  2     6       0.001899822     -15.809896087       0.000000000  C
