               -662.3706822357
         -0.005516945      -0.000002758       0.000000000
         -0.000002758      -0.018757691       0.000000000
          0.000000000       0.000000000      -0.000005272
          72
  1     5       0.216649642       0.241757219       0.000000000  B
  1     5       0.179446306      -0.283414525       0.000000000  B
  1     5       0.247469331      -0.082196889       0.000000000  B
  1     5       0.241117979       0.104686760       0.000000000  B
  1     5      -0.000345841      -4.005620259       0.000000000  B
  1     5       0.648804125      15.530281924       0.000000000  B
  1     5       0.774212344       0.024038997       0.000000000  B
  1     5      -0.184166228      -0.100425850       0.000000000  B
  1     5      -0.187802420       0.118269646       0.000000000  B
  1     5      -0.649193950      15.529916891       0.000000000  B
  1     5      -0.774312114       0.023717978       0.000000000  B
  1     5      -0.001092835      16.028207971       0.000000000  B
  1     5      -0.000035441       0.021178069       0.000000000  B
  1     5       0.140725003      -0.142926764       0.000000000  B
  1     5       0.099803893       0.137190095       0.000000000  B
  1     5      -0.141381612      -0.141270254       0.000000000  B
  1     5      -0.099916284       0.136884402       0.000000000  B
  1     5      -0.179173100      -0.282584794       0.000000000  B
  1     5       0.183565840      -0.101308432       0.000000000  B
  1     5       0.187771012       0.118575218       0.000000000  B
  1     5      -0.246400522      -0.082037704       0.000000000  B
  1     5      -0.240066140       0.104338103       0.000000000  B
  1     5      -0.216017637       0.242029497       0.000000000  B
  1     5       0.000102241       0.145645453       0.000000000  B
  2     6      -0.000655915      21.402854580       0.000000000  C
  2     6       0.000470951      -5.024085211       0.000000000  C
  2     6       0.069835952       4.866736261       0.000000000  C
  2     6      -0.623062216     -15.800933199       0.000000000  C
  2     6      -0.070749023       4.866538812       0.000000000  C
  2     6       0.624127071     -15.799883763       0.000000000  C
  2     6       1.046701971       0.267476535       0.000000000  C
  2     6       1.419814883     -21.483361358       0.000000000  C
  2     6       0.122473288       0.064128573       0.000000000  C
  2     6      -0.087204930       0.058556792       0.000000000  C
  2     6      -0.120778341       0.067140242       0.000000000  C
  2     6      -1.047108524       0.267296351       0.000000000  C
  2     6      -1.420798216     -21.482530698       0.000000000  C
  2     6       0.623406090      21.359767370       0.000000000  C
  2     6      -0.063602277      -4.886047087       0.000000000  C
  2     6       1.086199495      21.418045633       0.000000000  C
  2     6       0.964914240       0.013463665       0.000000000  C
  2     6      -0.078510796      -0.101663271       0.000000000  C
  2     6       0.136624572      -0.047910834       0.000000000  C
  2     6      -0.125482260      -0.049774983       0.000000000  C
  2     6      -0.624778426      21.361547330       0.000000000  C
  2     6       0.062247125      -4.887147671       0.000000000  C
  2     6       0.001614289      20.980725916       0.000000000  C
  2     6       0.020223406       0.084049466       0.000000000  C
  2     6       0.019030267      -0.109450854       0.000000000  C
  2     6      -1.085784527      21.418991216       0.000000000  C
  2     6      -0.966736509       0.015358392       0.000000000  C
  2     6       0.078600202      -0.102162113       0.000000000  C
  2     6      -0.136729411      -0.047736223       0.000000000  C
  2     6      -0.022583510       0.089181416       0.000000000  C
  2     6      -0.020303267      -0.109676409       0.000000000  C
  2     6       0.125674076      -0.049574660       0.000000000  C
  2     6       0.121061247       0.066613823       0.000000000  C
  2     6       0.017687987       0.126839859       0.000000000  C
  2     6      -0.056562245      -0.104239951       0.000000000  C
  2     6       0.000609886     -21.822716593       0.000000000  C
  2     6      -0.019287118       0.126973072       0.000000000  C
  2     6       0.055786080      -0.105717847       0.000000000  C
  2     6       0.862299204       0.232828430       0.000000000  C
  2     6       0.878723109     -21.683090500       0.000000000  C
  2     6      -0.863369381       0.231982962       0.000000000  C
  2     6      -0.878814746     -21.682973266       0.000000000  C
  2     6      -0.121055226       0.064472625       0.000000000  C
  2     6       0.087183311       0.059007844       0.000000000  C
  2     6       0.000372822       4.994312499       0.000000000  C
  2     6       0.001114454     -21.354354756       0.000000000  C
  2     6       0.000259746       4.836824355       0.000000000  C
  2     6       0.000266972     -15.887940198       0.000000000  C
