     1  1  0.00453515     145
     2  1  0.00453515     145
     3  1  0.00453515     145
     4  1  0.00453515     145
     5  1  0.00453515     145
     6  1  0.00453515     145
     7  1  0.00453515     145
     8  1  0.00453515     145
     9  1  0.00453515     145
    10  1  0.00453515     145
    11  1  0.00453515     145
    12  1  0.00453515     145
    13  1  0.00453515     145
    14  1  0.00453515     145
    15  1  0.00453515     145
    16  1  0.00453515     145
    17  1  0.00453515     145
    18  1  0.00453515     145
    19  1  0.00453515     145
    20  1  0.00453515     145
    21  1  0.00453515     145
    22  1  0.00453515     145
    23  1  0.00453515     145
    24  1  0.00453515     145
    25  1  0.00453515     145
    26  1  0.00453515     145
    27  1  0.00453515     145
    28  1  0.00453515     145
    29  1  0.00453515     145
    30  1  0.00453515     145
    31  1  0.00453515     145
    32  1  0.00453515     145
    33  1  0.00453515     145
    34  1  0.00453515     145
    35  1  0.00453515     145
    36  1  0.00453515     145
    37  1  0.00453515     145
    38  1  0.00453515     145
    39  1  0.00453515     145
    40  1  0.00453515     145
    41  1  0.00453515     145
    42  1  0.00453515     145
    43  1  0.00453515     145
    44  1  0.00453515     145
    45  1  0.00453515     145
    46  1  0.00453515     145
    47  1  0.00453515     145
    48  1  0.00453515     145
    49  1  0.00453515     145
    50  1  0.00453515     145
    51  1  0.00453515     145
    52  1  0.00453515     145
    53  1  0.00453515     145
    54  1  0.00453515     145
    55  1  0.00453515     145
    56  1  0.00453515     145
    57  1  0.00453515     145
    58  1  0.00453515     145
    59  1  0.00453515     145
    60  1  0.00453515     145
    61  1  0.00453515     145
    62  1  0.00453515     145
    63  1  0.00453515     145
    64  1  0.00453515     145
    65  1  0.00453515     145
    66  1  0.00453515     145
    67  1  0.00453515     145
    68  1  0.00453515     145
    69  1  0.00453515     145
    70  1  0.00453515     145
    71  1  0.00453515     145
    72  1  0.00453515     145
    73  1  0.00453515     145
    74  1  0.00453515     145
    75  1  0.00453515     145
    76  1  0.00453515     145
    77  1  0.00453515     145
    78  1  0.00453515     145
    79  1  0.00453515     145
    80  1  0.00453515     145
    81  1  0.00453515     145
    82  1  0.00453515     145
    83  1  0.00453515     145
    84  1  0.00453515     145
    85  1  0.00453515     145
    86  1  0.00453515     145
    87  1  0.00453515     145
    88  1  0.00453515     145
    89  1  0.00453515     145
    90  1  0.00453515     145
    91  1  0.00453515     145
    92  1  0.00453515     145
    93  1  0.00453515     145
    94  1  0.00453515     145
    95  1  0.00453515     145
    96  1  0.00453515     145
    97  1  0.00453515     145
    98  1  0.00453515     145
    99  1  0.00453515     145
   100  1  0.00453515     145
   101  1  0.00453515     145
   102  1  0.00453515     145
   103  1  0.00453515     145
   104  1  0.00453515     145
   105  1  0.00453515     145
   106  1  0.00453515     145
   107  1  0.00453515     145
   108  1  0.00453515     145
   109  1  0.00453515     145
   110  1  0.00453515     145
   111  1  0.00453515     145
   112  1  0.00453515     145
   113  1  0.00453515     145
   114  1  0.00453515     145
   115  1  0.00453515     145
   116  1  0.00453515     145
   117  1  0.00453515     145
   118  1  0.00453515     145
   119  1  0.00453515     145
   120  1  0.00453515     145
   121  1  0.00453515     145
   122  1  0.00453515     145
   123  1  0.00453515     145
   124  1  0.00453515     145
   125  1  0.00453515     145
   126  1  0.00453515     145
   127  1  0.00453515     145
   128  1  0.00453515     145
   129  1  0.00453515     145
   130  1  0.00453515     145
   131  1  0.00453515     145
   132  1  0.00453515     145
   133  1  0.00453515     145
   134  1  0.00453515     145
   135  1  0.00453515     145
   136  1  0.00453515     145
   137  1  0.00453515     145
   138  1  0.00453515     145
   139  1  0.00453515     145
   140  1  0.00453515     145
   141  1  0.00453515     145
   142  1  0.00453515     145
   143  1  0.00453515     145
   144  1  0.00453515     145
   145  1  0.00453515     145
   146  1  0.00453515     145
   147  1  0.00453515     145
   148  1  0.00453515     145
   149  1  0.00453515     145
   150  1  0.00453515     145
   151  1  0.00453515     145
   152  1  0.00453515     145
   153  1  0.00453515     145
   154  1  0.00453515     145
   155  1  0.00453515     145
   156  1  0.00453515     145
   157  1  0.00453515     145
   158  1  0.00453515     145
   159  1  0.00453515     145
   160  1  0.00453515     145
   161  1  0.00453515     145
   162  1  0.00453515     145
   163  1  0.00453515     145
   164  1  0.00453515     145
   165  1  0.00453515     145
   166  1  0.00453515     145
   167  1  0.00453515     145
   168  1  0.00453515     145
   169  1  0.00453515     145
   170  1  0.00453515     145
   171  1  0.00453515     145
   172  1  0.00453515     145
   173  1  0.00453515     145
   174  1  0.00453515     145
   175  1  0.00453515     145
   176  1  0.00453515     145
   177  1  0.00453515     145
   178  1  0.00453515     145
   179  1  0.00453515     145
   180  1  0.00453515     145
   181  1  0.00453515     145
   182  1  0.00453515     145
   183  1  0.00453515     145
   184  1  0.00453515     145
   185  1  0.00453515     145
   186  1  0.00453515     145
   187  1  0.00453515     145
   188  1  0.00453515     145
   189  1  0.00453515     145
   190  1  0.00453515     145
   191  1  0.00453515     145
   192  1  0.00453515     145
   193  1  0.00453515     145
   194  1  0.00453515     145
   195  1  0.00453515     145
   196  1  0.00453515     145
   197  1  0.00453515     145
   198  1  0.00453515     145
   199  1  0.00453515     145
   200  1  0.00453515     145
   201  1  0.00453515     145
   202  1  0.00453515     145
   203  1  0.00453515     145
   204  1  0.00453515     145
   205  1  0.00453515     145
   206  1  0.00453515     145
   207  1  0.00453515     145
   208  1  0.00453515     145
   209  1  0.00453515     145
   210  1  0.00453515     145
   211  1  0.00226757     145
   212  1  0.00226757     145
   213  1  0.00226757     145
   214  1  0.00226757     145
   215  1  0.00226757     145
   216  1  0.00226757     145
   217  1  0.00226757     145
   218  1  0.00226757     145
   219  1  0.00226757     145
   220  1  0.00226757     145
   221  1  0.00226757     145
   222  1  0.00226757     145
   223  1  0.00226757     145
   224  1  0.00226757     145
   225  1  0.00226757     145
   226  1  0.00226757     145
   227  1  0.00226757     145
   228  1  0.00226757     145
   229  1  0.00226757     145
   230  1  0.00226757     145
   231  1  0.00226757     145
