     1  1  0.00453515     159
     2  1  0.00453515     159
     3  1  0.00453515     159
     4  1  0.00453515     159
     5  1  0.00453515     159
     6  1  0.00453515     160
     7  1  0.00453515     160
     8  1  0.00453515     160
     9  1  0.00453515     160
    10  1  0.00453515     160
    11  1  0.00453515     160
    12  1  0.00453515     160
    13  1  0.00453515     160
    14  1  0.00453515     160
    15  1  0.00453515     160
    16  1  0.00453515     159
    17  1  0.00453515     159
    18  1  0.00453515     159
    19  1  0.00453515     159
    20  1  0.00453515     159
    21  1  0.00453515     159
    22  1  0.00453515     159
    23  1  0.00453515     159
    24  1  0.00453515     159
    25  1  0.00453515     159
    26  1  0.00453515     159
    27  1  0.00453515     160
    28  1  0.00453515     160
    29  1  0.00453515     160
    30  1  0.00453515     160
    31  1  0.00453515     160
    32  1  0.00453515     160
    33  1  0.00453515     160
    34  1  0.00453515     160
    35  1  0.00453515     160
    36  1  0.00453515     160
    37  1  0.00453515     160
    38  1  0.00453515     159
    39  1  0.00453515     159
    40  1  0.00453515     159
    41  1  0.00453515     159
    42  1  0.00453515     159
    43  1  0.00453515     159
    44  1  0.00453515     159
    45  1  0.00453515     159
    46  1  0.00453515     159
    47  1  0.00453515     159
    48  1  0.00453515     160
    49  1  0.00453515     160
    50  1  0.00453515     160
    51  1  0.00453515     160
    52  1  0.00453515     160
    53  1  0.00453515     160
    54  1  0.00453515     160
    55  1  0.00453515     160
    56  1  0.00453515     160
    57  1  0.00453515     160
    58  1  0.00453515     160
    59  1  0.00453515     160
    60  1  0.00453515     159
    61  1  0.00453515     159
    62  1  0.00453515     159
    63  1  0.00453515     159
    64  1  0.00453515     159
    65  1  0.00453515     159
    66  1  0.00453515     159
    67  1  0.00453515     159
    68  1  0.00453515     159
    69  1  0.00453515     160
    70  1  0.00453515     160
    71  1  0.00453515     160
    72  1  0.00453515     160
    73  1  0.00453515     160
    74  1  0.00453515     160
    75  1  0.00453515     160
    76  1  0.00453515     160
    77  1  0.00453515     160
    78  1  0.00453515     160
    79  1  0.00453515     160
    80  1  0.00453515     160
    81  1  0.00453515     160
    82  1  0.00453515     159
    83  1  0.00453515     159
    84  1  0.00453515     159
    85  1  0.00453515     159
    86  1  0.00453515     159
    87  1  0.00453515     159
    88  1  0.00453515     159
    89  1  0.00453515     159
    90  1  0.00453515     160
    91  1  0.00453515     160
    92  1  0.00453515     160
    93  1  0.00453515     160
    94  1  0.00453515     160
    95  1  0.00453515     160
    96  1  0.00453515     160
    97  1  0.00453515     160
    98  1  0.00453515     160
    99  1  0.00453515     160
   100  1  0.00453515     160
   101  1  0.00453515     160
   102  1  0.00453515     160
   103  1  0.00453515     159
   104  1  0.00453515     159
   105  1  0.00453515     159
   106  1  0.00453515     159
   107  1  0.00453515     159
   108  1  0.00453515     159
   109  1  0.00453515     159
   110  1  0.00453515     159
   111  1  0.00453515     160
   112  1  0.00453515     160
   113  1  0.00453515     160
   114  1  0.00453515     160
   115  1  0.00453515     160
   116  1  0.00453515     160
   117  1  0.00453515     160
   118  1  0.00453515     160
   119  1  0.00453515     160
   120  1  0.00453515     160
   121  1  0.00453515     160
   122  1  0.00453515     160
   123  1  0.00453515     160
   124  1  0.00453515     160
   125  1  0.00453515     159
   126  1  0.00453515     159
   127  1  0.00453515     159
   128  1  0.00453515     159
   129  1  0.00453515     159
   130  1  0.00453515     159
   131  1  0.00453515     159
   132  1  0.00453515     159
   133  1  0.00453515     160
   134  1  0.00453515     160
   135  1  0.00453515     160
   136  1  0.00453515     160
   137  1  0.00453515     160
   138  1  0.00453515     160
   139  1  0.00453515     160
   140  1  0.00453515     160
   141  1  0.00453515     160
   142  1  0.00453515     160
   143  1  0.00453515     160
   144  1  0.00453515     160
   145  1  0.00453515     160
   146  1  0.00453515     160
   147  1  0.00453515     159
   148  1  0.00453515     160
   149  1  0.00453515     160
   150  1  0.00453515     160
   151  1  0.00453515     160
   152  1  0.00453515     160
   153  1  0.00453515     160
   154  1  0.00453515     161
   155  1  0.00453515     161
   156  1  0.00453515     161
   157  1  0.00453515     161
   158  1  0.00453515     161
   159  1  0.00453515     161
   160  1  0.00453515     161
   161  1  0.00453515     161
   162  1  0.00453515     161
   163  1  0.00453515     161
   164  1  0.00453515     161
   165  1  0.00453515     161
   166  1  0.00453515     161
   167  1  0.00453515     161
   168  1  0.00453515     161
   169  1  0.00453515     160
   170  1  0.00453515     160
   171  1  0.00453515     160
   172  1  0.00453515     160
   173  1  0.00453515     160
   174  1  0.00453515     160
   175  1  0.00453515     160
   176  1  0.00453515     161
   177  1  0.00453515     161
   178  1  0.00453515     161
   179  1  0.00453515     161
   180  1  0.00453515     161
   181  1  0.00453515     161
   182  1  0.00453515     161
   183  1  0.00453515     161
   184  1  0.00453515     161
   185  1  0.00453515     161
   186  1  0.00453515     161
   187  1  0.00453515     161
   188  1  0.00453515     161
   189  1  0.00453515     161
   190  1  0.00453515     161
   191  1  0.00453515     161
   192  1  0.00453515     160
   193  1  0.00453515     160
   194  1  0.00453515     160
   195  1  0.00453515     160
   196  1  0.00453515     161
   197  1  0.00453515     161
   198  1  0.00453515     161
   199  1  0.00453515     161
   200  1  0.00453515     161
   201  1  0.00453515     161
   202  1  0.00453515     161
   203  1  0.00453515     161
   204  1  0.00453515     161
   205  1  0.00453515     161
   206  1  0.00453515     161
   207  1  0.00453515     161
   208  1  0.00453515     161
   209  1  0.00453515     161
   210  1  0.00453515     161
   211  1  0.00226757     160
   212  1  0.00226757     160
   213  1  0.00226757     160
   214  1  0.00226757     160
   215  1  0.00226757     160
   216  1  0.00226757     160
   217  1  0.00226757     160
   218  1  0.00226757     160
   219  1  0.00226757     160
   220  1  0.00226757     160
   221  1  0.00226757     160
   222  1  0.00226757     160
   223  1  0.00226757     160
   224  1  0.00226757     160
   225  1  0.00226757     160
   226  1  0.00226757     160
   227  1  0.00226757     160
   228  1  0.00226757     160
   229  1  0.00226757     160
   230  1  0.00226757     160
   231  1  0.00226757     160
