     1  1  0.00295858     152
     2  1  0.00295858     152
     3  1  0.00295858     152
     4  1  0.00295858     152
     5  1  0.00295858     152
     6  1  0.00295858     152
     7  1  0.00295858     152
     8  1  0.00295858     152
     9  1  0.00295858     152
    10  1  0.00295858     152
    11  1  0.00295858     152
    12  1  0.00295858     152
    13  1  0.00147929     152
    14  1  0.00147929     152
    15  1  0.00295858     152
    16  1  0.00295858     152
    17  1  0.00295858     152
    18  1  0.00295858     152
    19  1  0.00295858     152
    20  1  0.00295858     152
    21  1  0.00295858     152
    22  1  0.00295858     152
    23  1  0.00295858     152
    24  1  0.00295858     152
    25  1  0.00295858     152
    26  1  0.00295858     152
    27  1  0.00295858     152
    28  1  0.00295858     152
    29  1  0.00295858     152
    30  1  0.00295858     152
    31  1  0.00295858     152
    32  1  0.00295858     152
    33  1  0.00295858     152
    34  1  0.00295858     152
    35  1  0.00295858     152
    36  1  0.00295858     152
    37  1  0.00295858     152
    38  1  0.00295858     152
    39  1  0.00295858     152
    40  1  0.00295858     152
    41  1  0.00295858     152
    42  1  0.00295858     152
    43  1  0.00295858     152
    44  1  0.00295858     152
    45  1  0.00295858     152
    46  1  0.00295858     152
    47  1  0.00295858     152
    48  1  0.00295858     152
    49  1  0.00295858     152
    50  1  0.00295858     152
    51  1  0.00295858     152
    52  1  0.00295858     152
    53  1  0.00295858     152
    54  1  0.00295858     152
    55  1  0.00295858     152
    56  1  0.00295858     152
    57  1  0.00295858     152
    58  1  0.00295858     152
    59  1  0.00295858     152
    60  1  0.00295858     152
    61  1  0.00295858     152
    62  1  0.00295858     152
    63  1  0.00295858     152
    64  1  0.00295858     152
    65  1  0.00295858     152
    66  1  0.00295858     152
    67  1  0.00295858     152
    68  1  0.00295858     152
    69  1  0.00295858     152
    70  1  0.00295858     152
    71  1  0.00295858     152
    72  1  0.00295858     152
    73  1  0.00295858     152
    74  1  0.00295858     152
    75  1  0.00295858     152
    76  1  0.00295858     152
    77  1  0.00295858     152
    78  1  0.00295858     152
    79  1  0.00295858     152
    80  1  0.00295858     152
    81  1  0.00295858     152
    82  1  0.00295858     152
    83  1  0.00295858     152
    84  1  0.00295858     152
    85  1  0.00295858     152
    86  1  0.00295858     152
    87  1  0.00295858     152
    88  1  0.00295858     152
    89  1  0.00295858     152
    90  1  0.00295858     152
    91  1  0.00295858     152
    92  1  0.00295858     152
    93  1  0.00295858     152
    94  1  0.00295858     152
    95  1  0.00295858     152
    96  1  0.00295858     152
    97  1  0.00295858     152
    98  1  0.00295858     152
    99  1  0.00295858     152
   100  1  0.00295858     152
   101  1  0.00295858     152
   102  1  0.00295858     152
   103  1  0.00295858     152
   104  1  0.00295858     152
   105  1  0.00295858     152
   106  1  0.00295858     152
   107  1  0.00295858     152
   108  1  0.00295858     152
   109  1  0.00295858     152
   110  1  0.00295858     152
   111  1  0.00295858     152
   112  1  0.00295858     152
   113  1  0.00295858     152
   114  1  0.00295858     152
   115  1  0.00295858     152
   116  1  0.00295858     152
   117  1  0.00295858     152
   118  1  0.00295858     152
   119  1  0.00295858     153
   120  1  0.00295858     153
   121  1  0.00295858     153
   122  1  0.00295858     153
   123  1  0.00295858     153
   124  1  0.00295858     153
   125  1  0.00295858     153
   126  1  0.00295858     153
   127  1  0.00295858     153
   128  1  0.00295858     153
   129  1  0.00295858     153
   130  1  0.00295858     153
   131  1  0.00295858     153
   132  1  0.00295858     153
   133  1  0.00295858     153
   134  1  0.00295858     153
   135  1  0.00295858     153
   136  1  0.00295858     153
   137  1  0.00295858     153
   138  1  0.00295858     153
   139  1  0.00295858     153
   140  1  0.00295858     153
   141  1  0.00295858     153
   142  1  0.00295858     153
   143  1  0.00295858     153
   144  1  0.00295858     153
   145  1  0.00295858     153
   146  1  0.00295858     153
   147  1  0.00295858     153
   148  1  0.00295858     153
   149  1  0.00295858     153
   150  1  0.00295858     153
   151  1  0.00295858     153
   152  1  0.00295858     153
   153  1  0.00295858     153
   154  1  0.00295858     153
   155  1  0.00295858     153
   156  1  0.00295858     153
   157  1  0.00295858     153
   158  1  0.00295858     153
   159  1  0.00295858     153
   160  1  0.00295858     153
   161  1  0.00295858     153
   162  1  0.00295858     153
   163  1  0.00295858     153
   164  1  0.00295858     153
   165  1  0.00295858     153
   166  1  0.00295858     153
   167  1  0.00295858     153
   168  1  0.00295858     153
   169  1  0.00295858     153
   170  1  0.00295858     153
   171  1  0.00295858     153
   172  1  0.00295858     153
   173  1  0.00295858     153
   174  1  0.00295858     153
   175  1  0.00295858     153
   176  1  0.00295858     153
   177  1  0.00295858     153
   178  1  0.00295858     153
   179  1  0.00295858     153
   180  1  0.00295858     153
   181  1  0.00295858     153
   182  1  0.00295858     153
   183  1  0.00295858     153
   184  1  0.00295858     153
   185  1  0.00295858     153
   186  1  0.00295858     153
   187  1  0.00295858     153
   188  1  0.00295858     153
   189  1  0.00295858     153
   190  1  0.00295858     153
   191  1  0.00295858     153
   192  1  0.00295858     153
   193  1  0.00295858     153
   194  1  0.00295858     153
   195  1  0.00295858     153
   196  1  0.00295858     153
   197  1  0.00295858     153
   198  1  0.00295858     153
   199  1  0.00295858     153
   200  1  0.00295858     153
   201  1  0.00295858     153
   202  1  0.00295858     153
   203  1  0.00295858     153
   204  1  0.00295858     153
   205  1  0.00295858     153
   206  1  0.00295858     153
   207  1  0.00295858     153
   208  1  0.00295858     153
   209  1  0.00295858     153
   210  1  0.00295858     153
   211  1  0.00295858     153
   212  1  0.00295858     153
   213  1  0.00295858     153
   214  1  0.00295858     153
   215  1  0.00295858     153
   216  1  0.00295858     153
   217  1  0.00295858     153
   218  1  0.00295858     153
   219  1  0.00295858     153
   220  1  0.00295858     153
   221  1  0.00295858     153
   222  1  0.00295858     153
   223  1  0.00295858     153
   224  1  0.00295858     153
   225  1  0.00295858     153
   226  1  0.00295858     153
   227  1  0.00295858     153
