# EIG2DOS: Utility for SIESTA to obtain the electronic density of states
#
#                                                  Emilio Artacho, Apr. 1999
# --------------------------------------------------------------------------
# Nbands, Nspin, Nk   =    936     1   352
# E_F                 =    -4.0128 eV
# Broadening          =     0.0500 eV
# Number of electrons =   314.0341  314.4278 per cell
#
#        E            N
# --------------------------------------------------------------------------
    -10.000000      7.500933
     -9.980000      7.434890
     -9.960000      7.320531
     -9.940000      7.260719
     -9.920000      7.313346
     -9.900000      7.449934
     -9.880000      7.600320
     -9.860000      7.732322
     -9.840000      7.833274
     -9.820000      7.826021
     -9.800000      7.647158
     -9.780000      7.355961
     -9.760000      7.044086
     -9.740000      6.778338
     -9.720000      6.663644
     -9.700000      6.752295
     -9.680000      6.901780
     -9.660000      6.905884
     -9.640000      6.755609
     -9.620000      6.646341
     -9.600000      6.729448
     -9.580000      6.948072
     -9.560000      7.135055
     -9.540000      7.202810
     -9.520000      7.192433
     -9.500000      7.171299
     -9.480000      7.142106
     -9.460000      7.060886
     -9.440000      6.902202
     -9.420000      6.700792
     -9.400000      6.550522
     -9.380000      6.519029
     -9.360000      6.559566
     -9.340000      6.588453
     -9.320000      6.607081
     -9.300000      6.644861
     -9.280000      6.659593
     -9.260000      6.613054
     -9.240000      6.581621
     -9.220000      6.681734
     -9.200000      6.928158
     -9.180000      7.233000
     -9.160000      7.484070
     -9.140000      7.592010
     -9.120000      7.545595
     -9.100000      7.441514
     -9.080000      7.385052
     -9.060000      7.360820
     -9.040000      7.268227
     -9.020000      7.077034
     -9.000000      6.885065
     -8.980000      6.824544
     -8.960000      6.952491
     -8.940000      7.237545
     -8.920000      7.624957
     -8.900000      8.057141
     -8.880000      8.426043
     -8.860000      8.601211
     -8.840000      8.558265
     -8.820000      8.441574
     -8.800000      8.451251
     -8.780000      8.627464
     -8.760000      8.761362
     -8.740000      8.599265
     -8.720000      8.146862
     -8.700000      7.702843
     -8.680000      7.621980
     -8.660000      8.182843
     -8.640000      9.723209
     -8.620000     12.587252
     -8.600000     16.323493
     -8.580000     19.014094
     -8.560000     18.608984
     -8.540000     15.288838
     -8.520000     11.362928
     -8.500000      8.784384
     -8.480000      7.812034
     -8.460000      7.769691
     -8.440000      8.050543
     -8.420000      8.366023
     -8.400000      8.633425
     -8.380000      8.909883
     -8.360000      9.297309
     -8.340000      9.755175
     -8.320000     10.065273
     -8.300000     10.071904
     -8.280000      9.892704
     -8.260000      9.764655
     -8.240000      9.701119
     -8.220000      9.464906
     -8.200000      8.926411
     -8.180000      8.265022
     -8.160000      7.717848
     -8.140000      7.339000
     -8.120000      7.141427
     -8.100000      7.266991
     -8.080000      7.827930
     -8.060000      8.650634
     -8.040000      9.309934
     -8.020000      9.483300
     -8.000000      9.275503
     -7.980000      9.122600
     -7.960000      9.347079
     -7.940000      9.933831
     -7.920000     10.795649
     -7.900000     12.022864
     -7.880000     13.651989
     -7.860000     15.294093
     -7.840000     16.221345
     -7.820000     15.936625
     -7.800000     14.639546
     -7.780000     13.073642
     -7.760000     11.961377
     -7.740000     11.609764
     -7.720000     11.894805
     -7.700000     12.466363
     -7.680000     12.971016
     -7.660000     13.177742
     -7.640000     13.024343
     -7.620000     12.590967
     -7.600000     12.003306
     -7.580000     11.391311
     -7.560000     10.918602
     -7.540000     10.765160
     -7.520000     11.089183
     -7.500000     12.014447
     -7.480000     13.570646
     -7.460000     15.546627
     -7.440000     17.400441
     -7.420000     18.505090
     -7.400000     18.659427
     -7.380000     18.271970
     -7.360000     17.932519
     -7.340000     17.886175
     -7.320000     17.979268
     -7.300000     18.013585
     -7.280000     18.016742
     -7.260000     18.091759
     -7.240000     18.104774
     -7.220000     17.745586
     -7.200000     16.925816
     -7.180000     15.980482
     -7.160000     15.490463
     -7.140000     15.964520
     -7.120000     17.540514
     -7.100000     19.783184
     -7.080000     21.712942
     -7.060000     22.250583
     -7.040000     21.066124
     -7.020000     19.020490
     -7.000000     17.389710
     -6.980000     16.703102
     -6.960000     16.576385
     -6.940000     16.405870
     -6.920000     15.937589
     -6.900000     15.307044
     -6.880000     14.752420
     -6.860000     14.396926
     -6.840000     14.302603
     -6.820000     14.590756
     -6.800000     15.363576
     -6.780000     16.494309
     -6.760000     17.590596
     -6.740000     18.234601
     -6.720000     18.267014
     -6.700000     17.894982
     -6.680000     17.521040
     -6.660000     17.329962
     -6.640000     17.075073
     -6.620000     16.437591
     -6.600000     15.518197
     -6.580000     14.777957
     -6.560000     14.549217
     -6.540000     14.764042
     -6.520000     15.113187
     -6.500000     15.320189
     -6.480000     15.254807
     -6.460000     14.909172
     -6.440000     14.352412
     -6.420000     13.708854
     -6.400000     13.140532
     -6.380000     12.767041
     -6.360000     12.578529
     -6.340000     12.504327
     -6.320000     12.542981
     -6.300000     12.714522
     -6.280000     12.943462
     -6.260000     13.109768
     -6.240000     13.156394
     -6.220000     13.075682
     -6.200000     12.880443
     -6.180000     12.658337
     -6.160000     12.575744
     -6.140000     12.754709
     -6.120000     13.163174
     -6.100000     13.637094
     -6.080000     13.977323
     -6.060000     14.017088
     -6.040000     13.670965
     -6.020000     13.003176
     -6.000000     12.213364
     -5.980000     11.489159
     -5.960000     10.911245
     -5.940000     10.501499
     -5.920000     10.267147
     -5.900000     10.201724
     -5.880000     10.321094
     -5.860000     10.673339
     -5.840000     11.257070
     -5.820000     11.963963
     -5.800000     12.625868
     -5.780000     13.084816
     -5.760000     13.231052
     -5.740000     13.039270
     -5.720000     12.603672
     -5.700000     12.115427
     -5.680000     11.778177
     -5.660000     11.737036
     -5.640000     12.028502
     -5.620000     12.527156
     -5.600000     12.977712
     -5.580000     13.162265
     -5.560000     13.056929
     -5.540000     12.790902
     -5.520000     12.461774
     -5.500000     12.077369
     -5.480000     11.682259
     -5.460000     11.387523
     -5.440000     11.203072
     -5.420000     10.991564
     -5.400000     10.665812
     -5.380000     10.303261
     -5.360000     10.018959
     -5.340000      9.820072
     -5.320000      9.647535
     -5.300000      9.530655
     -5.280000      9.579079
     -5.260000      9.766061
     -5.240000      9.899386
     -5.220000      9.918606
     -5.200000      9.996318
     -5.180000     10.250090
     -5.160000     10.600823
     -5.140000     10.942221
     -5.120000     11.234574
     -5.100000     11.459788
     -5.080000     11.593027
     -5.060000     11.615065
     -5.040000     11.589262
     -5.020000     11.644907
     -5.000000     11.754941
     -4.980000     11.681580
     -4.960000     11.267447
     -4.940000     10.607832
     -4.920000      9.887064
     -4.900000      9.235888
     -4.880000      8.786233
     -4.860000      8.700129
     -4.840000      9.015845
     -4.820000      9.504603
     -4.800000      9.818175
     -4.780000      9.807466
     -4.760000      9.628341
     -4.740000      9.551670
     -4.720000      9.730233
     -4.700000     10.121757
     -4.680000     10.543695
     -4.660000     10.796704
     -4.640000     10.842140
     -4.620000     10.846734
     -4.600000     10.923073
     -4.580000     10.900288
     -4.560000     10.508993
     -4.540000      9.734678
     -4.520000      8.909878
     -4.500000      8.457659
     -4.480000      8.538345
     -4.460000      8.987133
     -4.440000      9.567840
     -4.420000     10.177283
     -4.400000     10.776580
     -4.380000     11.189643
     -4.360000     11.130398
     -4.340000     10.557029
     -4.320000      9.861707
     -4.300000      9.514906
     -4.280000      9.607267
     -4.260000      9.892287
     -4.240000     10.185547
     -4.220000     10.532361
     -4.200000     10.957331
     -4.180000     11.232964
     -4.160000     11.088515
     -4.140000     10.567017
     -4.120000      9.961155
     -4.100000      9.469022
     -4.080000      9.113921
     -4.060000      8.907427
     -4.040000      8.882212
     -4.020000      9.000364
     -4.000000      9.206555
     -3.980000      9.562152
     -3.960000     10.153442
     -3.940000     10.857933
     -3.920000     11.374867
     -3.900000     11.535800
     -3.880000     11.455524
     -3.860000     11.333897
     -3.840000     11.190417
     -3.820000     10.857768
     -3.800000     10.254957
     -3.780000      9.549076
     -3.760000      8.920061
     -3.740000      8.305683
     -3.720000      7.545223
     -3.700000      6.667063
     -3.680000      5.906622
     -3.660000      5.500040
     -3.640000      5.511065
     -3.620000      5.805983
     -3.600000      6.182481
     -3.580000      6.534909
     -3.560000      6.839504
     -3.540000      7.012168
     -3.520000      6.934887
     -3.500000      6.627506
     -3.480000      6.251305
     -3.460000      5.929860
     -3.440000      5.675553
     -3.420000      5.491812
     -3.400000      5.414344
     -3.380000      5.420659
     -3.360000      5.461622
     -3.340000      5.638724
     -3.320000      6.180059
     -3.300000      7.184511
     -3.280000      8.443924
     -3.260000      9.460156
     -3.240000      9.737304
     -3.220000      9.236261
     -3.200000      8.387819
     -3.180000      7.598290
     -3.160000      6.996970
     -3.140000      6.607686
     -3.120000      6.439313
     -3.100000      6.429131
     -3.080000      6.542453
     -3.060000      6.911415
     -3.040000      7.671119
     -3.020000      8.605726
     -3.000000      9.101089
     -2.980000      8.621376
     -2.960000      7.259882
     -2.940000      5.732234
     -2.920000      4.858950
     -2.900000      5.125659
     -2.880000      6.527686
     -2.860000      8.540252
     -2.840000     10.344623
     -2.820000     11.373580
     -2.800000     11.608992
     -2.780000     11.289634
     -2.760000     10.625945
     -2.740000      9.865123
     -2.720000      9.198410
     -2.700000      8.552095
     -2.680000      7.845188
     -2.660000      7.287735
     -2.640000      7.073248
     -2.620000      7.082520
     -2.600000      7.157323
     -2.580000      7.282254
     -2.560000      7.327014
     -2.540000      7.046721
     -2.520000      6.487449
     -2.500000      6.002158
     -2.480000      5.749712
     -2.460000      5.520198
     -2.440000      5.152462
     -2.420000      4.808947
     -2.400000      4.692271
     -2.380000      4.719369
     -2.360000      4.672796
     -2.340000      4.564026
     -2.320000      4.598104
     -2.300000      4.776787
     -2.280000      4.847611
     -2.260000      4.730122
     -2.240000      4.623078
     -2.220000      4.580346
     -2.200000      4.402453
     -2.180000      4.051635
     -2.160000      3.759260
     -2.140000      3.647931
     -2.120000      3.586031
     -2.100000      3.454428
     -2.080000      3.311932
     -2.060000      3.261204
     -2.040000      3.323426
     -2.020000      3.482747
     -2.000000      3.716302
     -1.980000      3.943511
     -1.960000      4.034094
     -1.940000      3.906214
     -1.920000      3.627708
     -1.900000      3.408704
     -1.880000      3.419296
     -1.860000      3.581264
     -1.840000      3.603434
     -1.820000      3.289907
     -1.800000      2.780887
     -1.780000      2.410257
     -1.760000      2.370204
     -1.740000      2.600052
     -1.720000      2.923763
     -1.700000      3.184308
     -1.680000      3.288985
     -1.660000      3.220200
     -1.640000      3.030559
     -1.620000      2.817375
     -1.600000      2.666590
     -1.580000      2.584218
     -1.560000      2.501071
     -1.540000      2.369143
     -1.520000      2.221940
     -1.500000      2.117858
     -1.480000      2.057288
     -1.460000      1.991594
     -1.440000      1.904741
     -1.420000      1.836558
     -1.400000      1.805344
     -1.380000      1.766157
     -1.360000      1.689840
     -1.340000      1.619698
     -1.320000      1.589916
     -1.300000      1.558692
     -1.280000      1.489315
     -1.260000      1.420837
     -1.240000      1.390312
     -1.220000      1.361155
     -1.200000      1.296872
     -1.180000      1.231730
     -1.160000      1.200581
     -1.140000      1.171490
     -1.120000      1.111035
     -1.100000      1.048281
     -1.080000      1.015420
     -1.060000      0.986476
     -1.040000      0.930943
     -1.020000      0.870391
     -1.000000      0.832355
     -0.980000      0.801371
     -0.960000      0.753894
     -0.940000      0.697959
     -0.920000      0.651284
     -0.900000      0.612514
     -0.880000      0.567626
     -0.860000      0.505615
     -0.840000      0.430521
     -0.820000      0.361753
     -0.800000      0.312020
     -0.780000      0.273241
     -0.760000      0.235280
     -0.740000      0.205471
     -0.720000      0.193639
     -0.700000      0.189059
     -0.680000      0.173176
     -0.660000      0.146444
     -0.640000      0.123499
     -0.620000      0.111123
     -0.600000      0.107984
     -0.580000      0.119623
     -0.560000      0.157573
     -0.540000      0.222356
     -0.520000      0.296833
     -0.500000      0.361000
     -0.480000      0.411514
     -0.460000      0.460992
     -0.440000      0.518077
     -0.420000      0.578815
     -0.400000      0.638190
     -0.380000      0.699638
     -0.360000      0.770966
     -0.340000      0.852643
     -0.320000      0.936048
     -0.300000      1.020032
     -0.280000      1.117442
     -0.260000      1.237308
     -0.240000      1.379037
     -0.220000      1.554925
     -0.200000      1.803160
     -0.180000      2.162495
     -0.160000      2.623943
     -0.140000      3.102808
     -0.120000      3.483832
     -0.100000      3.729084
     -0.080000      3.927007
     -0.060000      4.189647
     -0.040000      4.480466
     -0.020000      4.566804
      0.000000      4.199572
      0.020000      3.371439
      0.040000      2.369198
      0.060000      1.540691
      0.080000      1.036300
      0.100000      0.799474
      0.120000      0.726265
      0.140000      0.743902
      0.160000      0.788996
      0.180000      0.816804
      0.200000      0.832622
      0.220000      0.865349
      0.240000      0.919602
      0.260000      0.974559
      0.280000      1.014826
      0.300000      1.051591
      0.320000      1.110989
      0.340000      1.196564
      0.360000      1.281644
      0.380000      1.354477
      0.400000      1.443876
      0.420000      1.584972
      0.440000      1.799015
      0.460000      2.152480
      0.480000      2.806501
      0.500000      3.886380
      0.520000      5.222739
      0.540000      6.307529
      0.560000      6.642926
      0.580000      6.155133
      0.600000      5.224462
      0.620000      4.332242
      0.640000      3.739940
      0.660000      3.478683
      0.680000      3.506350
      0.700000      3.778920
      0.720000      4.191888
      0.740000      4.527359
      0.760000      4.557338
      0.780000      4.251660
      0.800000      3.808870
      0.820000      3.445033
      0.840000      3.251727
      0.860000      3.263569
      0.880000      3.524871
      0.900000      4.027464
      0.920000      4.627239
      0.940000      5.073881
      0.960000      5.168609
      0.980000      4.936397
      1.000000      4.641824
      1.020000      4.589497
      1.040000      4.883989
      1.060000      5.408882
      1.080000      6.046028
      1.100000      6.815754
      1.120000      7.751384
      1.140000      8.781454
      1.160000      9.786958
      1.180000     10.623599
      1.200000     11.086618
      1.220000     10.995718
      1.240000     10.347087
      1.260000      9.366006
      1.280000      8.388163
      1.300000      7.650601
      1.320000      7.197561
      1.340000      6.950933
      1.360000      6.775229
      1.380000      6.498682
      1.400000      6.040839
      1.420000      5.569654
      1.440000      5.378482
      1.460000      5.542647
      1.480000      5.862462
      1.500000      6.212227
      1.520000      6.724855
      1.540000      7.508117
      1.560000      8.378630
      1.580000      9.005120
      1.600000      9.173100
      1.620000      8.863782
      1.640000      8.227400
      1.660000      7.515645
      1.680000      6.935283
      1.700000      6.528503
      1.720000      6.227669
      1.740000      6.019017
      1.760000      5.981447
      1.780000      6.124214
      1.800000      6.274285
      1.820000      6.250357
      1.840000      6.101311
      1.860000      6.021593
      1.880000      6.072237
      1.900000      6.131620
      1.920000      6.070172
      1.940000      5.868247
      1.960000      5.634824
      1.980000      5.554770
      2.000000      5.698909
      2.020000      5.877591
      2.040000      5.829070
      2.060000      5.550107
      2.080000      5.292430
      2.100000      5.233402
      2.120000      5.289978
      2.140000      5.258252
      2.160000      5.020264
      2.180000      4.617594
      2.200000      4.206128
      2.220000      3.959466
      2.240000      3.979055
      2.260000      4.243867
      2.280000      4.623255
      2.300000      4.964528
      2.320000      5.203193
      2.340000      5.389812
      2.360000      5.575161
      2.380000      5.685066
      2.400000      5.598907
      2.420000      5.346104
      2.440000      5.111690
      2.460000      5.027698
      2.480000      5.029565
      2.500000      4.960277
      2.520000      4.784521
      2.540000      4.621223
      2.560000      4.582433
      2.580000      4.672448
      2.600000      4.819372
      2.620000      4.921123
      2.640000      4.881782
      2.660000      4.683938
      2.680000      4.435412
      2.700000      4.288845
      2.720000      4.307481
      2.740000      4.437278
      2.760000      4.577842
      2.780000      4.647193
      2.800000      4.618008
      2.820000      4.521920
      2.840000      4.399900
      2.860000      4.257260
      2.880000      4.090351
      2.900000      3.931746
      2.920000      3.844899
      2.940000      3.884354
      2.960000      4.058645
      2.980000      4.308346
      3.000000      4.512746
      3.020000      4.548987
      3.040000      4.379288
      3.060000      4.087658
      3.080000      3.821780
      3.100000      3.674204
      3.120000      3.617925
      3.140000      3.585149
      3.160000      3.578174
      3.180000      3.659855
      3.200000      3.882212
      3.220000      4.232577
      3.240000      4.583805
      3.260000      4.748224
      3.280000      4.660159
      3.300000      4.431542
      3.320000      4.207183
      3.340000      4.075703
      3.360000      4.076862
      3.380000      4.162228
      3.400000      4.201466
      3.420000      4.119329
      3.440000      3.984279
      3.460000      3.911286
      3.480000      3.907097
      3.500000      3.871857
      3.520000      3.752416
      3.540000      3.605647
      3.560000      3.487739
      3.580000      3.392545
      3.600000      3.327874
      3.620000      3.332735
      3.640000      3.395686
      3.660000      3.448928
      3.680000      3.451019
      3.700000      3.439688
      3.720000      3.508413
      3.740000      3.703666
      3.760000      3.939363
      3.780000      4.086413
      3.800000      4.134855
      3.820000      4.156061
      3.840000      4.128297
      3.860000      3.943030
      3.880000      3.603085
      3.900000      3.310702
      3.920000      3.305968
      3.940000      3.625991
      3.960000      4.034486
      3.980000      4.224464
      4.000000      4.106703
      4.020000      3.854589
      4.040000      3.675174
      4.060000      3.616843
      4.080000      3.602313
      4.100000      3.561732
      4.120000      3.490398
      4.140000      3.421609
      4.160000      3.390548
      4.180000      3.408131
      4.200000      3.441269
      4.220000      3.428837
      4.240000      3.331784
      4.260000      3.173532
      4.280000      3.036044
      4.300000      3.003735
      4.320000      3.096248
      4.340000      3.244541
      4.360000      3.335262
      4.380000      3.318099
      4.400000      3.272880
      4.420000      3.316242
      4.440000      3.448556
      4.460000      3.555061
      4.480000      3.547304
      4.500000      3.448272
      4.520000      3.343021
      4.540000      3.282188
      4.560000      3.253066
      4.580000      3.236013
      4.600000      3.241764
      4.620000      3.274517
      4.640000      3.298945
      4.660000      3.273308
      4.680000      3.227361
      4.700000      3.308609
      4.720000      3.733505
      4.740000      4.692543
      4.760000      6.275486
      4.780000      8.387237
      4.800000     10.609862
      4.820000     12.103590
      4.840000     11.938740
      4.860000      9.966246
      4.880000      7.205726
      4.900000      4.955187
      4.920000      3.709212
      4.940000      3.163260
      4.960000      2.894016
      4.980000      2.743684
      5.000000      2.733453
      5.020000      2.857019
      5.040000      3.013168
      5.060000      3.082976
      5.080000      3.017530
      5.100000      2.858527
      5.120000      2.712206
      5.140000      2.682742
      5.160000      2.779610
      5.180000      2.901394
      5.200000      2.946472
      5.220000      2.910517
      5.240000      2.848530
      5.260000      2.794983
      5.280000      2.755601
      5.300000      2.730325
      5.320000      2.712483
      5.340000      2.685279
      5.360000      2.638135
      5.380000      2.597989
      5.400000      2.633084
      5.420000      2.791433
      5.440000      3.031432
      5.460000      3.232671
      5.480000      3.289911
      5.500000      3.206159
      5.520000      3.084635
      5.540000      3.021472
      5.560000      3.026849
      5.580000      3.050394
      5.600000      3.041990
      5.620000      2.983641
      5.640000      2.896456
      5.660000      2.816586
      5.680000      2.764365
      5.700000      2.754614
      5.720000      2.794576
      5.740000      2.834437
      5.760000      2.785584
      5.780000      2.634180
      5.800000      2.479823
      5.820000      2.431204
      5.840000      2.508817
      5.860000      2.655822
      5.880000      2.795055
      5.900000      2.872293
      5.920000      2.881489
      5.940000      2.856845
      5.960000      2.830551
      5.980000      2.803712
      6.000000      2.769805
      6.020000      2.746038
      6.040000      2.750851
      6.060000      2.764662
      6.080000      2.738205
      6.100000      2.650518
      6.120000      2.563948
      6.140000      2.574466
      6.160000      2.665664
      6.180000      2.687169
      6.200000      2.548549
      6.220000      2.363587
      6.240000      2.321460
      6.260000      2.452595
      6.280000      2.592173
      6.300000      2.584208
      6.320000      2.475192
      6.340000      2.457209
      6.360000      2.640726
      6.380000      2.967330
      6.400000      3.418938
      6.420000      4.300537
      6.440000      6.134880
      6.460000      9.016187
      6.480000     12.068936
      6.500000     13.886015
      6.520000     13.726778
      6.540000     12.189766
      6.560000     10.661283
      6.580000     10.169331
      6.600000     10.664181
      6.620000     11.233694
      6.640000     11.016359
      6.660000      9.974219
      6.680000      8.816033
      6.700000      8.269341
      6.720000      8.509260
      6.740000      9.172409
      6.760000      9.702769
      6.780000      9.684658
      6.800000      9.063539
      6.820000      8.133291
      6.840000      7.255854
      6.860000      6.646267
      6.880000      6.435083
      6.900000      6.739828
      6.920000      7.575072
      6.940000      8.775804
      6.960000      9.973326
      6.980000     10.617623
      7.000000     10.278163
      7.020000      9.087049
      7.040000      7.695224
      7.060000      6.697444
      7.080000      6.228019
      7.100000      6.111894
      7.120000      6.241063
      7.140000      6.630116
      7.160000      7.128216
      7.180000      7.437973
      7.200000      7.618959
      7.220000      8.165258
      7.240000      9.271883
      7.260000     10.411710
      7.280000     10.918942
      7.300000     10.650216
      7.320000      9.927972
      7.340000      9.176575
      7.360000      8.748175
      7.380000      8.861516
      7.400000      9.516486
      7.420000     10.479694
      7.440000     11.414562
      7.460000     12.080797
      7.480000     12.449373
      7.500000     12.595724
      7.520000     12.527653
      7.540000     12.228406
      7.560000     11.777518
      7.580000     11.329687
      7.600000     11.056192
      7.620000     11.057936
      7.640000     11.303993
      7.660000     11.860873
      7.680000     13.060982
      7.700000     15.039924
      7.720000     17.235487
      7.740000     18.773252
      7.760000     19.302092
      7.780000     19.199778
      7.800000     19.059787
      7.820000     19.230861
      7.840000     19.866384
      7.860000     21.117964
      7.880000     22.913502
      7.900000     24.576837
      7.920000     25.112555
      7.940000     24.078710
      7.960000     21.948563
      7.980000     19.549545
      8.000000     17.445407
      8.020000     15.906262
      8.040000     15.061060
      8.060000     14.841985
      8.080000     14.978299
      8.100000     15.152238
      8.120000     15.099267
      8.140000     14.716285
      8.160000     14.191635
      8.180000     13.867567
      8.200000     13.918730
      8.220000     14.243116
      8.240000     14.626191
      8.260000     14.909796
      8.280000     15.006882
      8.300000     14.910448
      8.320000     14.735892
      8.340000     14.594896
      8.360000     14.451520
      8.380000     14.244472
      8.400000     14.024519
      8.420000     13.824997
      8.440000     13.543404
      8.460000     13.106787
      8.480000     12.629824
      8.500000     12.274135
      8.520000     12.081304
      8.540000     12.036456
      8.560000     12.158634
      8.580000     12.481696
      8.600000     13.017409
      8.620000     13.672843
      8.640000     14.187817
      8.660000     14.323072
      8.680000     14.159165
      8.700000     14.069998
      8.720000     14.319876
      8.740000     14.744113
      8.760000     14.915795
      8.780000     14.628068
      8.800000     14.119868
      8.820000     13.801405
      8.840000     13.875388
      8.860000     14.235608
      8.880000     14.573426
      8.900000     14.616157
      8.920000     14.406924
      8.940000     14.249613
      8.960000     14.318237
      8.980000     14.486329
      9.000000     14.532976
      9.020000     14.351215
      9.040000     13.980335
      9.060000     13.567511
      9.080000     13.309131
      9.100000     13.321207
      9.120000     13.502707
      9.140000     13.593597
      9.160000     13.392338
      9.180000     12.852045
      9.200000     12.046823
      9.220000     11.171505
      9.240000     10.489131
      9.260000     10.174303
      9.280000     10.213696
      9.300000     10.439774
      9.320000     10.687171
      9.340000     11.010521
      9.360000     11.664045
      9.380000     12.731263
      9.400000     13.922072
      9.420000     14.836892
      9.440000     15.249580
      9.460000     15.113406
      9.480000     14.518819
      9.500000     13.725511
      9.520000     13.089774
      9.540000     12.815715
      9.560000     12.816319
      9.580000     12.900152
      9.600000     12.969305
      9.620000     12.963646
      9.640000     12.833987
      9.660000     12.663328
      9.680000     12.633039
      9.700000     12.824038
      9.720000     13.131974
      9.740000     13.355105
      9.760000     13.318566
      9.780000     12.960674
      9.800000     12.407573
      9.820000     11.934282
      9.840000     11.720215
      9.860000     11.695564
      9.880000     11.689028
      9.900000     11.580081
      9.920000     11.295841
      9.940000     10.850746
      9.960000     10.408250
      9.980000     10.173587
     10.000000     10.211489
