# EIG2DOS: Utility for SIESTA to obtain the electronic density of states
#
#                                                  Emilio Artacho, Apr. 1999
# --------------------------------------------------------------------------
# Nbands, Nspin, Nk   =    936     1   352
# E_F                 =    -3.4430 eV
# Broadening          =     0.0500 eV
# Number of electrons =   321.7841  322.1825 per cell
#
#        E            N
# --------------------------------------------------------------------------
    -10.000000      6.925312
     -9.980000      7.185334
     -9.960000      7.700287
     -9.940000      8.275263
     -9.920000      8.605832
     -9.900000      8.460218
     -9.880000      7.936148
     -9.860000      7.415847
     -9.840000      7.202757
     -9.820000      7.285920
     -9.800000      7.452304
     -9.780000      7.537783
     -9.760000      7.549721
     -9.740000      7.589483
     -9.720000      7.707855
     -9.700000      7.859779
     -9.680000      7.977811
     -9.660000      8.060364
     -9.640000      8.176470
     -9.620000      8.375243
     -9.600000      8.599959
     -9.580000      8.727051
     -9.560000      8.695319
     -9.540000      8.563654
     -9.520000      8.438522
     -9.500000      8.378591
     -9.480000      8.374577
     -9.460000      8.378012
     -9.440000      8.334987
     -9.420000      8.247256
     -9.400000      8.211793
     -9.380000      8.346029
     -9.360000      8.699293
     -9.340000      9.274514
     -9.320000     10.058977
     -9.300000     10.973833
     -9.280000     11.821026
     -9.260000     12.340406
     -9.240000     12.407198
     -9.220000     12.199316
     -9.200000     12.144796
     -9.180000     12.694207
     -9.160000     14.010584
     -9.140000     15.758038
     -9.120000     17.294781
     -9.100000     18.103374
     -9.080000     17.935177
     -9.060000     16.696428
     -9.040000     14.523203
     -9.020000     12.028138
     -9.000000     10.190269
     -8.980000      9.693876
     -8.960000     10.354656
     -8.940000     11.345804
     -8.920000     11.975372
     -8.900000     12.152307
     -8.880000     12.202450
     -8.860000     12.441481
     -8.840000     12.992183
     -8.820000     13.898252
     -8.800000     15.164972
     -8.780000     16.508868
     -8.760000     17.281585
     -8.740000     17.027057
     -8.720000     16.071944
     -8.700000     15.223864
     -8.680000     14.909003
     -8.660000     14.911917
     -8.640000     14.881894
     -8.620000     14.700856
     -8.600000     14.355406
     -8.580000     13.874492
     -8.560000     13.546041
     -8.540000     13.844512
     -8.520000     14.919179
     -8.500000     16.350430
     -8.480000     17.489161
     -8.460000     17.855232
     -8.440000     17.240455
     -8.420000     15.722786
     -8.400000     13.722721
     -8.380000     11.864018
     -8.360000     10.586660
     -8.340000      9.949861
     -8.320000      9.864624
     -8.300000     10.341416
     -8.280000     11.358132
     -8.260000     12.604137
     -8.240000     13.581760
     -8.220000     14.018783
     -8.200000     14.091278
     -8.180000     14.242257
     -8.160000     14.864081
     -8.140000     16.081531
     -8.120000     17.674081
     -8.100000     19.207780
     -8.080000     20.370311
     -8.060000     21.227345
     -8.040000     22.092972
     -8.020000     23.104749
     -8.000000     23.937547
     -7.980000     23.955796
     -7.960000     22.735930
     -7.940000     20.519890
     -7.920000     18.067652
     -7.900000     16.046200
     -7.880000     14.657451
     -7.860000     13.710163
     -7.840000     12.866317
     -7.820000     11.926613
     -7.800000     10.971917
     -7.780000     10.198194
     -7.760000      9.708210
     -7.740000      9.538100
     -7.720000      9.754970
     -7.700000     10.409571
     -7.680000     11.429504
     -7.660000     12.624998
     -7.640000     13.784947
     -7.620000     14.716879
     -7.600000     15.217879
     -7.580000     15.081408
     -7.560000     14.184618
     -7.540000     12.633515
     -7.520000     10.841068
     -7.500000      9.332276
     -7.480000      8.372732
     -7.460000      7.858043
     -7.440000      7.605066
     -7.420000      7.656172
     -7.400000      8.224572
     -7.380000      9.383404
     -7.360000     10.880393
     -7.340000     12.266057
     -7.320000     13.189132
     -7.300000     13.579760
     -7.280000     13.586391
     -7.260000     13.426230
     -7.240000     13.301841
     -7.220000     13.263746
     -7.200000     13.098706
     -7.180000     12.561154
     -7.160000     11.746423
     -7.140000     11.086277
     -7.120000     10.966413
     -7.100000     11.384674
     -7.080000     11.914831
     -7.060000     11.990417
     -7.040000     11.341745
     -7.020000     10.212770
     -7.000000      9.137249
     -6.980000      8.552154
     -6.960000      8.603409
     -6.940000      9.147033
     -6.920000      9.855275
     -6.900000     10.447576
     -6.880000     10.916657
     -6.860000     11.461885
     -6.840000     12.151105
     -6.820000     12.713795
     -6.800000     12.725996
     -6.780000     12.000442
     -6.760000     10.789247
     -6.740000      9.607424
     -6.720000      8.844010
     -6.700000      8.510726
     -6.680000      8.344524
     -6.660000      8.145309
     -6.640000      7.993256
     -6.620000      8.120744
     -6.600000      8.625210
     -6.580000      9.398056
     -6.560000     10.341461
     -6.540000     11.557895
     -6.520000     13.207499
     -6.500000     15.116356
     -6.480000     16.619758
     -6.460000     17.028715
     -6.440000     16.306468
     -6.420000     15.055767
     -6.400000     13.826209
     -6.380000     12.720285
     -6.360000     11.663640
     -6.340000     10.740961
     -6.320000     10.187670
     -6.300000     10.181195
     -6.280000     10.643993
     -6.260000     11.215357
     -6.240000     11.507774
     -6.220000     11.469878
     -6.200000     11.428322
     -6.180000     11.698113
     -6.160000     12.197079
     -6.140000     12.507511
     -6.120000     12.300954
     -6.100000     11.633321
     -6.080000     10.827654
     -6.060000     10.207955
     -6.040000      9.991117
     -6.020000     10.255748
     -6.000000     10.897205
     -5.980000     11.674081
     -5.960000     12.332591
     -5.940000     12.664014
     -5.920000     12.491642
     -5.900000     11.751348
     -5.880000     10.685604
     -5.860000      9.835299
     -5.840000      9.654513
     -5.820000     10.145284
     -5.800000     10.907252
     -5.780000     11.448143
     -5.760000     11.462158
     -5.740000     10.975578
     -5.720000     10.283386
     -5.700000      9.696411
     -5.680000      9.355210
     -5.660000      9.264543
     -5.640000      9.384508
     -5.620000      9.638838
     -5.600000      9.908340
     -5.580000     10.096273
     -5.560000     10.218858
     -5.540000     10.385335
     -5.520000     10.665262
     -5.500000     10.998226
     -5.480000     11.200078
     -5.460000     11.048334
     -5.440000     10.476640
     -5.420000      9.718108
     -5.400000      9.156389
     -5.380000      9.033458
     -5.360000      9.357820
     -5.340000      9.994494
     -5.320000     10.713349
     -5.300000     11.224252
     -5.280000     11.306437
     -5.260000     10.939872
     -5.240000     10.320828
     -5.220000      9.749878
     -5.200000      9.458365
     -5.180000      9.492567
     -5.160000      9.701430
     -5.140000      9.815732
     -5.120000      9.646692
     -5.100000      9.276435
     -5.080000      8.995874
     -5.060000      9.057274
     -5.040000      9.512883
     -5.020000     10.209116
     -5.000000     10.891874
     -4.980000     11.361154
     -4.960000     11.546703
     -4.940000     11.481517
     -4.920000     11.256343
     -4.900000     10.976238
     -4.880000     10.716238
     -4.860000     10.478029
     -4.840000     10.161126
     -4.820000      9.621142
     -4.800000      8.812134
     -4.780000      7.862227
     -4.760000      7.002763
     -4.740000      6.436934
     -4.720000      6.236921
     -4.700000      6.306513
     -4.680000      6.441252
     -4.660000      6.454090
     -4.640000      6.266665
     -4.620000      5.930434
     -4.600000      5.607658
     -4.580000      5.501703
     -4.560000      5.721323
     -4.540000      6.162432
     -4.520000      6.561132
     -4.500000      6.745764
     -4.480000      6.823750
     -4.460000      7.019212
     -4.440000      7.350680
     -4.420000      7.580745
     -4.400000      7.458744
     -4.380000      6.930906
     -4.360000      6.141955
     -4.340000      5.311839
     -4.320000      4.620245
     -4.300000      4.152956
     -4.280000      3.909999
     -4.260000      3.844702
     -4.240000      3.895464
     -4.220000      3.997424
     -4.200000      4.087956
     -4.180000      4.129757
     -4.160000      4.136587
     -4.140000      4.157807
     -4.120000      4.232402
     -4.100000      4.360804
     -4.080000      4.503459
     -4.060000      4.592981
     -4.040000      4.567389
     -4.020000      4.418901
     -4.000000      4.222220
     -3.980000      4.115193
     -3.960000      4.216283
     -3.940000      4.521638
     -3.920000      4.899450
     -3.900000      5.220394
     -3.880000      5.497634
     -3.860000      5.854472
     -3.840000      6.328514
     -3.820000      6.789917
     -3.800000      7.126601
     -3.780000      7.433858
     -3.760000      7.898311
     -3.740000      8.520143
     -3.720000      9.113288
     -3.700000      9.595953
     -3.680000     10.073728
     -3.660000     10.598563
     -3.640000     11.066673
     -3.620000     11.425798
     -3.600000     11.804537
     -3.580000     12.280583
     -3.560000     12.611007
     -3.540000     12.423549
     -3.520000     11.665831
     -3.500000     10.664256
     -3.480000      9.761587
     -3.460000      9.057396
     -3.440000      8.483328
     -3.420000      7.994896
     -3.400000      7.624288
     -3.380000      7.397053
     -3.360000      7.267650
     -3.340000      7.119913
     -3.320000      6.823804
     -3.300000      6.343192
     -3.280000      5.783587
     -3.260000      5.311886
     -3.240000      5.048883
     -3.220000      5.017558
     -3.200000      5.134692
     -3.180000      5.251148
     -3.160000      5.251267
     -3.140000      5.123396
     -3.120000      4.919662
     -3.100000      4.693325
     -3.080000      4.510054
     -3.060000      4.441748
     -3.040000      4.489696
     -3.020000      4.574084
     -3.000000      4.617050
     -2.980000      4.597503
     -2.960000      4.575351
     -2.940000      4.674559
     -2.920000      4.912634
     -2.900000      5.023991
     -2.880000      4.626177
     -2.860000      3.635000
     -2.840000      2.396045
     -2.820000      1.377286
     -2.800000      0.847305
     -2.780000      0.834344
     -2.760000      1.217534
     -2.740000      1.781797
     -2.720000      2.280379
     -2.700000      2.546355
     -2.680000      2.579796
     -2.660000      2.528981
     -2.640000      2.570600
     -2.620000      2.805762
     -2.600000      3.239711
     -2.580000      3.761322
     -2.560000      4.141794
     -2.540000      4.192088
     -2.520000      3.950840
     -2.500000      3.620113
     -2.480000      3.336650
     -2.460000      3.099633
     -2.440000      2.876323
     -2.420000      2.673743
     -2.400000      2.509985
     -2.380000      2.378547
     -2.360000      2.262820
     -2.340000      2.161878
     -2.320000      2.082737
     -2.300000      2.017174
     -2.280000      1.946523
     -2.260000      1.869963
     -2.240000      1.803389
     -2.220000      1.747465
     -2.200000      1.687304
     -2.180000      1.622032
     -2.160000      1.562946
     -2.140000      1.509772
     -2.120000      1.454425
     -2.100000      1.397176
     -2.080000      1.342659
     -2.060000      1.290566
     -2.040000      1.238689
     -2.020000      1.186522
     -2.000000      1.134195
     -1.980000      1.083273
     -1.960000      1.034487
     -1.940000      0.984387
     -1.920000      0.931674
     -1.900000      0.877959
     -1.880000      0.815514
     -1.860000      0.731958
     -1.840000      0.629248
     -1.820000      0.523381
     -1.800000      0.431365
     -1.780000      0.363875
     -1.760000      0.319262
     -1.740000      0.283903
     -1.720000      0.243632
     -1.700000      0.191918
     -1.680000      0.131622
     -1.660000      0.074615
     -1.640000      0.033576
     -1.620000      0.011681
     -1.600000      0.003092
     -1.580000      0.000617
     -1.560000      0.000103
     -1.540000      0.000115
     -1.520000      0.000695
     -1.500000      0.003442
     -1.480000      0.012857
     -1.460000      0.036578
     -1.440000      0.080641
     -1.420000      0.141647
     -1.400000      0.206542
     -1.380000      0.263003
     -1.360000      0.307344
     -1.340000      0.343322
     -1.320000      0.376912
     -1.300000      0.410585
     -1.280000      0.444278
     -1.260000      0.481476
     -1.240000      0.528427
     -1.220000      0.592833
     -1.200000      0.684469
     -1.180000      0.803092
     -1.160000      0.929671
     -1.140000      1.043626
     -1.120000      1.140159
     -1.100000      1.224896
     -1.080000      1.304951
     -1.060000      1.387305
     -1.040000      1.475954
     -1.020000      1.571113
     -1.000000      1.674566
     -0.980000      1.790727
     -0.960000      1.923288
     -0.940000      2.079040
     -0.920000      2.275651
     -0.900000      2.547999
     -0.880000      2.955328
     -0.860000      3.557830
     -0.840000      4.318822
     -0.820000      5.006689
     -0.800000      5.272873
     -0.780000      4.912671
     -0.760000      4.045088
     -0.740000      3.012505
     -0.720000      2.130507
     -0.700000      1.537476
     -0.680000      1.216210
     -0.660000      1.087285
     -0.640000      1.069979
     -0.620000      1.101140
     -0.600000      1.148093
     -0.580000      1.208963
     -0.560000      1.292374
     -0.540000      1.418867
     -0.520000      1.654302
     -0.500000      2.122557
     -0.480000      2.953798
     -0.460000      4.169661
     -0.440000      5.581132
     -0.420000      6.819830
     -0.400000      7.544890
     -0.380000      7.703898
     -0.360000      7.564739
     -0.340000      7.368970
     -0.320000      6.986880
     -0.300000      6.106135
     -0.280000      4.777100
     -0.260000      3.562557
     -0.240000      3.057613
     -0.220000      3.372069
     -0.200000      4.107123
     -0.180000      4.754011
     -0.160000      5.138148
     -0.140000      5.519899
     -0.120000      6.214802
     -0.100000      7.167813
     -0.080000      8.045170
     -0.060000      8.636424
     -0.040000      8.921990
     -0.020000      8.868590
      0.000000      8.446938
      0.020000      7.787047
      0.040000      7.128765
      0.060000      6.657620
      0.080000      6.449006
      0.100000      6.492097
      0.120000      6.695606
      0.140000      6.891407
      0.160000      6.904705
      0.180000      6.678531
      0.200000      6.316558
      0.220000      5.979294
      0.240000      5.762310
      0.260000      5.664310
      0.280000      5.615201
      0.300000      5.518604
      0.320000      5.298856
      0.340000      4.954909
      0.360000      4.583043
      0.380000      4.305837
      0.400000      4.178140
      0.420000      4.183546
      0.440000      4.275368
      0.460000      4.420117
      0.480000      4.649004
      0.500000      5.038947
      0.520000      5.619767
      0.540000      6.294725
      0.560000      6.826126
      0.580000      6.978684
      0.600000      6.759118
      0.620000      6.418234
      0.640000      6.180322
      0.660000      6.070446
      0.680000      5.961244
      0.700000      5.688582
      0.720000      5.177078
      0.740000      4.523481
      0.760000      3.956244
      0.780000      3.714117
      0.800000      3.958180
      0.820000      4.729346
      0.840000      5.883526
      0.860000      7.052096
      0.880000      7.776229
      0.900000      7.786836
      0.920000      7.181187
      0.940000      6.326246
      0.960000      5.571252
      0.980000      5.028741
      1.000000      4.621444
      1.020000      4.281244
      1.040000      4.043405
      1.060000      3.988954
      1.080000      4.151994
      1.100000      4.474323
      1.120000      4.842275
      1.140000      5.180160
      1.160000      5.485516
      1.180000      5.749764
      1.200000      5.887850
      1.220000      5.784211
      1.240000      5.380954
      1.260000      4.734560
      1.280000      4.043442
      1.300000      3.582186
      1.320000      3.518658
      1.340000      3.789410
      1.360000      4.179408
      1.380000      4.496735
      1.400000      4.668018
      1.420000      4.731850
      1.440000      4.789969
      1.460000      4.959272
      1.480000      5.328309
      1.500000      5.881795
      1.520000      6.427425
      1.540000      6.680842
      1.560000      6.519504
      1.580000      6.111925
      1.600000      5.740538
      1.620000      5.566722
      1.640000      5.602892
      1.660000      5.791787
      1.680000      6.028970
      1.700000      6.181522
      1.720000      6.160064
      1.740000      5.965147
      1.760000      5.657524
      1.780000      5.314250
      1.800000      5.023346
      1.820000      4.871954
      1.840000      4.878085
      1.860000      4.941776
      1.880000      4.928774
      1.900000      4.808806
      1.920000      4.650867
      1.940000      4.496766
      1.960000      4.323862
      1.980000      4.135329
      2.000000      4.021129
      2.020000      4.100346
      2.040000      4.402963
      2.060000      4.803994
      2.080000      5.082480
      2.100000      5.082085
      2.120000      4.850874
      2.140000      4.599017
      2.160000      4.475115
      2.180000      4.419851
      2.200000      4.274464
      2.220000      3.985913
      2.240000      3.681816
      2.260000      3.570243
      2.280000      3.760865
      2.300000      4.168603
      2.320000      4.596424
      2.340000      4.889918
      2.360000      4.985658
      2.380000      4.868397
      2.400000      4.566756
      2.420000      4.183742
      2.440000      3.881291
      2.460000      3.798337
      2.480000      3.951572
      2.500000      4.215536
      2.520000      4.412226
      2.540000      4.426329
      2.560000      4.270278
      2.580000      4.071071
      2.600000      3.974507
      2.620000      4.036765
      2.640000      4.211030
      2.660000      4.424792
      2.680000      4.618459
      2.700000      4.695742
      2.720000      4.527585
      2.740000      4.089757
      2.760000      3.542371
      2.780000      3.102037
      2.800000      2.874054
      2.820000      2.831397
      2.840000      2.895154
      2.860000      2.995538
      2.880000      3.079036
      2.900000      3.103461
      2.920000      3.052479
      2.940000      2.951864
      2.960000      2.865652
      2.980000      2.860962
      3.000000      2.958062
      3.020000      3.126367
      3.040000      3.324041
      3.060000      3.507732
      3.080000      3.629997
      3.100000      3.679048
      3.120000      3.697340
      3.140000      3.726670
      3.160000      3.771117
      3.180000      3.834896
      3.200000      3.935373
      3.220000      4.051236
      3.240000      4.122158
      3.260000      4.125312
      3.280000      4.103083
      3.300000      4.097573
      3.320000      4.094648
      3.340000      4.056155
      3.360000      3.974825
      3.380000      3.870958
      3.400000      3.776159
      3.420000      3.736602
      3.440000      3.778852
      3.460000      3.859335
      3.480000      3.889807
      3.500000      3.817669
      3.520000      3.667588
      3.540000      3.533665
      3.560000      3.547346
      3.580000      3.800058
      3.600000      4.252939
      3.620000      4.758495
      3.640000      5.196288
      3.660000      5.547419
      3.680000      5.848401
      3.700000      6.144210
      3.720000      6.492041
      3.740000      6.961372
      3.760000      7.582249
      3.780000      8.228799
      3.800000      8.545440
      3.820000      8.137911
      3.840000      6.978798
      3.860000      5.535184
      3.880000      4.370341
      3.900000      3.698417
      3.920000      3.379286
      3.940000      3.192336
      3.960000      3.023148
      3.980000      2.877284
      4.000000      2.796736
      4.020000      2.783838
      4.040000      2.811480
      4.060000      2.867372
      4.080000      2.944244
      4.100000      3.005566
      4.120000      2.998006
      4.140000      2.904779
      4.160000      2.770558
      4.180000      2.649531
      4.200000      2.532459
      4.220000      2.364421
      4.240000      2.142584
      4.260000      1.953190
      4.280000      1.898171
      4.300000      2.016318
      4.320000      2.307277
      4.340000      2.862973
      4.360000      3.930495
      4.380000      5.649821
      4.400000      7.632890
      4.420000      9.061526
      4.440000      9.425080
      4.460000      8.949686
      4.480000      8.139365
      4.500000      7.196799
      4.520000      6.120934
      4.540000      5.077232
      4.560000      4.333892
      4.580000      3.941396
      4.600000      3.706380
      4.620000      3.451005
      4.640000      3.172949
      4.660000      2.962607
      4.680000      2.866800
      4.700000      2.884156
      4.720000      3.058779
      4.740000      3.540953
      4.760000      4.551303
      4.780000      6.237724
      4.800000      8.449743
      4.820000     10.608191
      4.840000     11.927914
      4.860000     11.942055
      4.880000     10.870396
      4.900000      9.490458
      4.920000      8.672691
      4.940000      8.910632
      4.960000     10.038077
      4.980000     11.340589
      5.000000     12.076380
      5.020000     11.904748
      5.040000     10.875003
      5.060000      9.277448
      5.080000      7.569274
      5.100000      6.207971
      5.120000      5.412987
      5.140000      5.094694
      5.160000      5.001327
      5.180000      4.929361
      5.200000      4.842614
      5.220000      4.821808
      5.240000      4.930259
      5.260000      5.186394
      5.280000      5.616055
      5.300000      6.217065
      5.320000      6.915034
      5.340000      7.627353
      5.360000      8.279742
      5.380000      8.714371
      5.400000      8.712478
      5.420000      8.189343
      5.440000      7.307555
      5.460000      6.353223
      5.480000      5.531982
      5.500000      4.887300
      5.520000      4.351755
      5.540000      3.868569
      5.560000      3.531300
      5.580000      3.619914
      5.600000      4.447299
      5.620000      6.080776
      5.640000      8.115637
      5.660000      9.788423
      5.680000     10.535850
      5.700000     10.510703
      5.720000     10.421427
      5.740000     10.781865
      5.760000     11.343787
      5.780000     11.357126
      5.800000     10.390639
      5.820000      8.729606
      5.840000      6.981149
      5.860000      5.572065
      5.880000      4.679559
      5.900000      4.351859
      5.920000      4.512455
      5.940000      4.957240
      5.960000      5.486607
      5.980000      6.033508
      6.000000      6.612193
      6.020000      7.193977
      6.040000      7.738491
      6.060000      8.317893
      6.080000      9.078719
      6.100000     10.066305
      6.120000     11.155789
      6.140000     12.112480
      6.160000     12.643182
      6.180000     12.522702
      6.200000     11.875244
      6.220000     11.247681
      6.240000     11.186932
      6.260000     11.770127
      6.280000     12.695829
      6.300000     13.739891
      6.320000     14.855049
      6.340000     15.884153
      6.360000     16.570698
      6.380000     16.863834
      6.400000     16.866182
      6.420000     16.570606
      6.440000     15.932837
      6.460000     15.074938
      6.480000     14.261811
      6.500000     13.707509
      6.520000     13.396504
      6.540000     13.166037
      6.560000     13.010011
      6.580000     13.103439
      6.600000     13.440002
      6.620000     13.707090
      6.640000     13.668492
      6.660000     13.491075
      6.680000     13.605682
      6.700000     14.303490
      6.720000     15.391288
      6.740000     16.193165
      6.760000     16.072949
      6.780000     15.068498
      6.800000     13.859683
      6.820000     13.080311
      6.840000     12.835096
      6.860000     12.854660
      6.880000     12.915055
      6.900000     13.028605
      6.920000     13.281797
      6.940000     13.638487
      6.960000     14.027380
      6.980000     14.450926
      7.000000     14.803730
      7.020000     14.817938
      7.040000     14.429038
      7.060000     13.965453
      7.080000     13.761330
      7.100000     13.727591
      7.120000     13.464525
      7.140000     12.752607
      7.160000     11.800018
      7.180000     11.021790
      7.200000     10.741600
      7.220000     11.068868
      7.240000     11.836653
      7.260000     12.626431
      7.280000     13.020805
      7.300000     12.940494
      7.320000     12.674215
      7.340000     12.494691
      7.360000     12.348128
      7.380000     12.047154
      7.400000     11.652242
      7.420000     11.480214
      7.440000     11.715464
      7.460000     12.115475
      7.480000     12.223293
      7.500000     11.849143
      7.520000     11.197600
      7.540000     10.554736
      7.560000     10.045778
      7.580000      9.683623
      7.600000      9.459702
      7.620000      9.359152
      7.640000      9.363299
      7.660000      9.432882
      7.680000      9.517807
      7.700000      9.611819
      7.720000      9.712699
      7.740000      9.729787
      7.760000      9.555224
      7.780000      9.223503
      7.800000      8.902210
      7.820000      8.724918
      7.840000      8.689672
      7.860000      8.728309
      7.880000      8.827192
      7.900000      9.042565
      7.920000      9.412397
      7.940000      9.876548
      7.960000     10.289026
      7.980000     10.515465
      8.000000     10.527367
      8.020000     10.397952
      8.040000     10.216861
      8.060000     10.031658
      8.080000      9.848162
      8.100000      9.649360
      8.120000      9.445165
      8.140000      9.347314
      8.160000      9.557250
      8.180000     10.239186
      8.200000     11.396972
      8.220000     12.811095
      8.240000     14.068506
      8.260000     14.761403
      8.280000     14.752779
      8.300000     14.237015
      8.320000     13.524611
      8.340000     12.834137
      8.360000     12.338116
      8.380000     12.247056
      8.400000     12.646945
      8.420000     13.346986
      8.440000     14.047997
      8.460000     14.581816
      8.480000     14.931547
      8.500000     15.152564
      8.520000     15.323812
      8.540000     15.446882
      8.560000     15.349294
      8.580000     14.851392
      8.600000     14.096872
      8.620000     13.528204
      8.640000     13.415651
      8.660000     13.548056
      8.680000     13.510744
      8.700000     13.180377
      8.720000     12.837938
      8.740000     12.826774
      8.760000     13.176460
      8.780000     13.589662
      8.800000     13.777040
      8.820000     13.745270
      8.840000     13.717240
      8.860000     13.858375
      8.880000     14.175542
      8.900000     14.578468
      8.920000     14.903648
      8.940000     14.924414
      8.960000     14.464422
      8.980000     13.581728
      9.000000     12.619571
      9.020000     11.990017
      9.040000     11.885810
      9.060000     12.202937
      9.080000     12.693980
      9.100000     13.152172
      9.120000     13.443523
      9.140000     13.459774
      9.160000     13.179574
      9.180000     12.755993
      9.200000     12.435158
      9.220000     12.370492
      9.240000     12.521234
      9.260000     12.709118
      9.280000     12.784700
      9.300000     12.745505
      9.320000     12.685212
      9.340000     12.682505
      9.360000     12.796646
      9.380000     13.101402
      9.400000     13.606373
      9.420000     14.157692
      9.440000     14.527693
      9.460000     14.650471
      9.480000     14.677673
      9.500000     14.709734
      9.520000     14.590678
      9.540000     14.124341
      9.560000     13.377049
      9.580000     12.608995
      9.600000     12.008577
      9.620000     11.594422
      9.640000     11.279767
      9.660000     10.977961
      9.680000     10.677832
      9.700000     10.392059
      9.720000     10.062646
      9.740000      9.620065
      9.760000      9.115290
      9.780000      8.686494
      9.800000      8.400303
      9.820000      8.225285
      9.840000      8.164219
      9.860000      8.286064
      9.880000      8.584416
      9.900000      8.908748
      9.920000      9.089687
      9.940000      9.110697
      9.960000      9.165688
      9.980000      9.522111
     10.000000     10.240534
