               -977.5915968479
         -0.004342234       0.000109270       0.000000000
          0.000109265      -0.022483597       0.000000000
          0.000000000       0.000000000      -0.000000062
          72
  1     7      -0.034576397       4.272994963       0.000000000  N
  1     7      -0.672467255     -25.824635325       0.000000000  N
  1     7       0.072294758       0.096076733       0.000000000  N
  1     7      -0.039444154      -0.072006509       0.000000000  N
  1     7      -1.103060301       0.197331006       0.000000000  N
  1     7      -0.860974626     -25.585068522       0.000000000  N
  1     7      -0.975854307      25.338014881       0.000000000  N
  1     7       0.157953850      -4.310056297       0.000000000  N
  1     7       0.026948108      25.909586810       0.000000000  N
  1     7       0.003901323      -4.172667540       0.000000000  N
  1     7       0.216078289      26.369717641       0.000000000  N
  1     7       1.321315730      -0.185777081       0.000000000  N
  1     7       0.100916194       0.079837724       0.000000000  N
  1     7      -0.102296779       0.093989123       0.000000000  N
  1     7       0.041777422      -0.009244219       0.000000000  N
  1     7      -0.080921729       0.001419622       0.000000000  N
  1     7      -0.007728296       0.012076314       0.000000000  N
  1     7       0.062295497       0.129755645       0.000000000  N
  1     7      -0.001009838      -0.086281805       0.000000000  N
  1     7       0.115789343      -0.012132333       0.000000000  N
  1     7      -0.042520132       0.022291238       0.000000000  N
  1     7       0.061271456      -0.022955046       0.000000000  N
  1     7      -0.036017532      -0.141505674       0.000000000  N
  1     7      -0.076395353       4.307516569       0.000000000  N
  1     7       0.176050151     -25.232205077       0.000000000  N
  2     6       0.079047913      21.355079832       0.000000000  C
  2     6      -0.188755648      -5.058558558       0.000000000  C
  2     6      -0.040596681       4.599092293       0.000000000  C
  2     6       0.557001496     -25.745096410       0.000000000  C
  2     6       1.007398883       0.182051942       0.000000000  C
  2     6       1.272102871     -21.392477958       0.000000000  C
  2     6       0.049553431      -0.022061682       0.000000000  C
  2     6      -0.083759009       0.032032266       0.000000000  C
  2     6       0.543385318      21.267069489       0.000000000  C
  2     6       0.031418371      -4.992538640       0.000000000  C
  2     6       1.141948025      21.343334732       0.000000000  C
  2     6       1.052738255      -0.308706526       0.000000000  C
  2     6      -0.100900235      -0.009769448       0.000000000  C
  2     6       0.089471418      -0.040714331       0.000000000  C
  2     6      -0.056467435       0.008166171       0.000000000  C
  2     6       0.033170236      -0.042857329       0.000000000  C
  2     6      -0.030494277       0.147757180       0.000000000  C
  2     6      -0.048874983      -0.079952623       0.000000000  C
  2     6      -0.989416548      25.790660478       0.000000000  C
  2     6      -1.079421054      -0.099783636       0.000000000  C
  2     6      -0.225536828      26.829021111       0.000000000  C
  2     6      -1.002342242      -0.063892230       0.000000000  C
  2     6      -0.614084523      26.655186211       0.000000000  C
  2     6       0.034319873       0.013260212       0.000000000  C
  2     6       0.071633329      -0.075825991       0.000000000  C
  2     6       0.046334502       0.023469394       0.000000000  C
  2     6       0.125853285      -0.049483909       0.000000000  C
  2     6      -0.082141271      -0.004157300       0.000000000  C
  2     6       0.079138901       0.104815779       0.000000000  C
  2     6      -0.007335999       0.032552424       0.000000000  C
  2     6      -0.019537193       0.025476987       0.000000000  C
  2     6      -0.000330970       0.009783020       0.000000000  C
  2     6      -0.056181038       0.012454517       0.000000000  C
  2     6      -0.003973516       0.019634072       0.000000000  C
  2     6      -0.014099058       0.007296483       0.000000000  C
  2     6      -0.000853822      -0.026304158       0.000000000  C
  2     6      -0.029169790      -0.096202221       0.000000000  C
  2     6      -0.040720260      -0.040868144       0.000000000  C
  2     6      -0.077537698     -22.042697590       0.000000000  C
  2     6      -0.021289193      -0.019874944       0.000000000  C
  2     6       0.026094721      -0.072364439       0.000000000  C
  2     6       0.867280565       0.252877926       0.000000000  C
  2     6       0.907079198     -21.710715704       0.000000000  C
  2     6      -0.927634456       0.267514998       0.000000000  C
  2     6      -0.011209839     -26.740128516       0.000000000  C
  2     6      -0.015755240       4.778888491       0.000000000  C
  2     6      -0.570241369     -26.206869277       0.000000000  C
