               -662.0183687359
         -0.005025336      -0.000104791       0.000000000
         -0.000104794      -0.017426985       0.000000000
          0.000000000       0.000000000      -0.000005323
          72
  1     5      -0.047175623       4.221667272       0.000000000  B
  1     5      -0.166441420     -11.329585907       0.000000000  B
  1     5       0.367932474      -0.041165465       0.000000000  B
  1     5      -0.037462405       0.231734617       0.000000000  B
  1     5      -0.684602983       0.007147571       0.000000000  B
  1     5      -0.902758969     -11.008959283       0.000000000  B
  1     5      -0.880121139      11.055035183       0.000000000  B
  1     5      -0.775728661       0.076164764       0.000000000  B
  1     5      -0.773167348      11.532478804       0.000000000  B
  1     5      -0.735966594       0.036460992       0.000000000  B
  1     5      -0.053464592      11.626626997       0.000000000  B
  1     5      -0.168507536       0.147219428       0.000000000  B
  1     5       0.233946608      -0.145308963       0.000000000  B
  1     5      -0.243365036       0.177122475       0.000000000  B
  1     5      -0.107741809      -0.137211344       0.000000000  B
  1     5      -0.253236435       0.125710147       0.000000000  B
  1     5      -0.013405744      -0.070141915       0.000000000  B
  1     5      -0.212124138       0.094794705       0.000000000  B
  1     5       0.208360476      -0.148535797       0.000000000  B
  1     5      -0.235085512       0.118569595       0.000000000  B
  1     5       0.016950348      -0.025445265       0.000000000  B
  1     5       0.046576364       0.025597919       0.000000000  B
  1     5      -0.126793088       0.152662744       0.000000000  B
  1     5       0.243952354       4.072584422       0.000000000  B
  1     5       0.131437531     -11.256616802       0.000000000  B
  2     6      -0.016776627      21.465125133       0.000000000  C
  2     6      -0.045519147      -5.030341682       0.000000000  C
  2     6      -0.076633304       5.000786688       0.000000000  C
  2     6       0.011718783     -21.126094529       0.000000000  C
  2     6       0.876008669       0.246590441       0.000000000  C
  2     6       1.217090188     -21.389042649       0.000000000  C
  2     6       0.143608791       0.041892286       0.000000000  C
  2     6      -0.012904468      -0.062586277       0.000000000  C
  2     6       0.466628063      21.255502067       0.000000000  C
  2     6       0.029776948      -4.915652994       0.000000000  C
  2     6       1.266406887      21.389820169       0.000000000  C
  2     6       1.039760038      -0.139076367       0.000000000  C
  2     6      -0.081018551      -0.069925156       0.000000000  C
  2     6       0.090441810      -0.020951527       0.000000000  C
  2     6      -0.035001686      -0.020216867       0.000000000  C
  2     6       0.081676918      -0.074025421       0.000000000  C
  2     6       0.031733047       0.230289883       0.000000000  C
  2     6      -0.021191145      -0.235877101       0.000000000  C
  2     6      -0.246428415      21.220504225       0.000000000  C
  2     6      -0.283948859      -4.763442489       0.000000000  C
  2     6       0.144246335      21.506232636       0.000000000  C
  2     6      -0.651493907      -4.798698836       0.000000000  C
  2     6       1.187189763      21.931781225       0.000000000  C
  2     6       0.795210378      -0.190570626       0.000000000  C
  2     6      -0.013376022       0.060440619       0.000000000  C
  2     6       0.074898123      -0.080916071       0.000000000  C
  2     6       0.033705477       0.037501709       0.000000000  C
  2     6       0.093581470      -0.102856115       0.000000000  C
  2     6      -0.045909691       0.034660663       0.000000000  C
  2     6      -0.076960012      -0.092018994       0.000000000  C
  2     6      -0.029336968       0.076712323       0.000000000  C
  2     6      -0.012025598       0.009485471       0.000000000  C
  2     6      -0.069365003       0.028116737       0.000000000  C
  2     6       0.082909286      -0.037575802       0.000000000  C
  2     6      -0.021513579       0.050967461       0.000000000  C
  2     6       0.019119315      -0.168371077       0.000000000  C
  2     6       0.033750526       0.056342040       0.000000000  C
  2     6       0.013211101      -0.171615289       0.000000000  C
  2     6      -0.082449705       0.022290791       0.000000000  C
  2     6      -0.024750691     -22.038692887       0.000000000  C
  2     6       0.147294797       0.048203879       0.000000000  C
  2     6       0.782268016       0.248985235       0.000000000  C
  2     6       1.056176941     -21.628901309       0.000000000  C
  2     6      -0.866487061       0.212357490       0.000000000  C
  2     6      -1.237704759     -21.488243229       0.000000000  C
  2     6      -0.064027711       5.025433315       0.000000000  C
  2     6      -0.543134347     -21.100056053       0.000000000  C
