               -967.4024478380
         -0.004761270       0.000149445       0.000000000
          0.000149445      -0.021347949       0.000000000
          0.000000000       0.000000000      -0.000000415
          72
  1     7       0.139518224       0.144834395       0.000000000  N
  1     7      -0.013460863      -4.770446548       0.000000000  N
  1     7       0.302405139      26.230307847       0.000000000  N
  1     7       1.297837569      -0.415901896       0.000000000  N
  1     7       0.061491810       0.058984708       0.000000000  N
  1     7       0.007019671       0.022277638       0.000000000  N
  1     7       0.021037139       0.023187768       0.000000000  N
  1     7      -0.138827894      -0.059721511       0.000000000  N
  1     7      -0.499588915      26.675518543       0.000000000  N
  1     7      -0.041195140      -0.238422356       0.000000000  N
  1     7       0.072503013      -0.019460308       0.000000000  N
  1     7       0.102287265      -0.026431246       0.000000000  N
  1     7      -0.099931476       0.024280774       0.000000000  N
  1     7      -0.070938196       0.021550265       0.000000000  N
  1     7      -0.140310782      -0.144480510       0.000000000  N
  1     7       0.139243052       0.060868294       0.000000000  N
  1     7      -0.020402655      -0.024058111       0.000000000  N
  1     7       0.039883123       0.238380542       0.000000000  N
  1     7       0.497757545     -26.676085856       0.000000000  N
  1     7      -0.007389010      -0.022325648       0.000000000  N
  1     7      -0.063796821      -0.058994182       0.000000000  N
  1     7      -1.293355231       0.417497715       0.000000000  N
  1     7      -0.296222520     -26.232437884       0.000000000  N
  1     7       0.009176145       4.769557982       0.000000000  N
  2     6      -0.307458677      25.027850313       0.000000000  C
  2     6       0.077823246      -4.524576786       0.000000000  C
  2     6       0.056142472       4.790256957       0.000000000  C
  2     6      -0.014353203     -21.231517379       0.000000000  C
  2     6      -0.000586789       4.605881935       0.000000000  C
  2     6       0.642609180     -25.447671484       0.000000000  C
  2     6       1.020651989       0.228283892       0.000000000  C
  2     6       1.337090198     -21.374975345       0.000000000  C
  2     6       0.049258167       0.008888343       0.000000000  C
  2     6      -0.103241199       0.041110112       0.000000000  C
  2     6       0.016229336      -0.082976440       0.000000000  C
  2     6      -1.025228461       0.396019579       0.000000000  C
  2     6      -1.281431168     -21.350209548       0.000000000  C
  2     6       0.015741212      21.230614219       0.000000000  C
  2     6      -0.056601404      -4.790177535       0.000000000  C
  2     6       1.280703064      21.351036152       0.000000000  C
  2     6       1.024243153      -0.396659133       0.000000000  C
  2     6      -0.102216122      -0.019159228       0.000000000  C
  2     6       0.079656729      -0.020555680       0.000000000  C
  2     6      -0.053402210       0.003811462       0.000000000  C
  2     6       0.056335462      -0.051055702       0.000000000  C
  2     6      -0.039221585       0.165906945       0.000000000  C
  2     6      -0.069958905      -0.109097356       0.000000000  C
  2     6      -0.641812767      25.447639001       0.000000000  C
  2     6       0.000152973      -4.606171133       0.000000000  C
  2     6       0.371634469      20.819540441       0.000000000  C
  2     6      -1.337171787      21.374263555       0.000000000  C
  2     6      -1.022055379      -0.226881713       0.000000000  C
  2     6      -1.013741919      21.902034257       0.000000000  C
  2     6      -1.034327425      -0.362609481       0.000000000  C
  2     6       0.102838767      -0.041214634       0.000000000  C
  2     6      -0.048712857      -0.009050676       0.000000000  C
  2     6       0.077334888       0.141864166       0.000000000  C
  2     6      -0.020886404       0.014018858       0.000000000  C
  2     6      -0.015864902       0.083199973       0.000000000  C
  2     6       0.070183947       0.109325204       0.000000000  C
  2     6       0.039320547      -0.165945008       0.000000000  C
  2     6      -0.056346660       0.050499383       0.000000000  C
  2     6       0.053410401      -0.003759321       0.000000000  C
  2     6       0.020450526      -0.014115237       0.000000000  C
  2     6      -0.078698168      -0.139493441       0.000000000  C
  2     6       1.034060382       0.362538656       0.000000000  C
  2     6       1.013241473     -21.902739269       0.000000000  C
  2     6      -0.079336907       0.020026481       0.000000000  C
  2     6       0.102341838       0.019540274       0.000000000  C
  2     6      -0.369359671     -20.820073456       0.000000000  C
  2     6      -0.078188016       4.524170006       0.000000000  C
  2     6       0.306436308     -25.026922235       0.000000000  C
