               -677.5022333910
         -0.005741634      -0.000003671       0.000000000
         -0.000003671      -0.019038795       0.000000000
          0.000000000       0.000000000      -0.000004811
          72
  1     5       0.000467432      15.718639273       0.000000000  B
  1     5      -0.019730392      -0.173439274       0.000000000  B
  1     5       0.107044032      -0.091591114       0.000000000  B
  1     5       0.107522623       0.091721559       0.000000000  B
  1     5      -0.002175152      -0.134408858       0.000000000  B
  1     5      -0.021356567       0.019639204       0.000000000  B
  1     5      -0.021043448      -0.020235698       0.000000000  B
  1     5       0.022737989      -0.193397440       0.000000000  B
  1     5       0.016020022       0.024185389       0.000000000  B
  1     5       0.016382998      -0.023594995       0.000000000  B
  1     5      -0.189532858      -0.261424063       0.000000000  B
  1     5       0.045216393       0.004218341       0.000000000  B
  1     5       0.045152946      -0.004452842       0.000000000  B
  1     5      -0.237598537      -0.100731167       0.000000000  B
  1     5      -0.237753880       0.100667905       0.000000000  B
  1     5      -0.189516955       0.261945479       0.000000000  B
  1     5      -0.019466019       0.173550149       0.000000000  B
  1     5      -0.001972398       0.134698618       0.000000000  B
  1     5       0.022575536       0.193346686       0.000000000  B
  1     5       0.001891994     -15.718681958       0.000000000  B
  2     6      -0.003456953      -4.936277358       0.000000000  C
  2     6       0.066145453       4.970859316       0.000000000  C
  2     6      -0.655490915     -21.321933037       0.000000000  C
  2     6      -0.059698377       4.973470468       0.000000000  C
  2     6       0.655549134     -21.312832574       0.000000000  C
  2     6       1.018539831       0.191355656       0.000000000  C
  2     6       1.267056318     -21.348330774       0.000000000  C
  2     6       0.099602456       0.039126231       0.000000000  C
  2     6      -0.078089191       0.062872814       0.000000000  C
  2     6       0.260581045       0.137441906       0.000000000  C
  2     6      -0.066876248       0.006353854       0.000000000  C
  2     6      -1.024757416       0.194695942       0.000000000  C
  2     6      -1.270379007     -21.352457901       0.000000000  C
  2     6       0.655831428      21.312060109       0.000000000  C
  2     6      -0.059367851      -4.973383938       0.000000000  C
  2     6       1.267585229      21.348081948       0.000000000  C
  2     6       1.018448070      -0.192118021       0.000000000  C
  2     6      -0.077997569      -0.062712435       0.000000000  C
  2     6       0.099025585      -0.039250633       0.000000000  C
  2     6      -0.066839679      -0.006312160       0.000000000  C
  2     6       0.260303625      -0.137524526       0.000000000  C
  2     6      -0.012902088       0.216136440       0.000000000  C
  2     6      -0.013156907      -0.216046397       0.000000000  C
  2     6      -0.655795112      21.321853801       0.000000000  C
  2     6       0.066226583      -4.970943536       0.000000000  C
  2     6      -0.005239329      21.254956034       0.000000000  C
  2     6      -0.000070207      -4.892692309       0.000000000  C
  2     6       0.963208488      21.672834910       0.000000000  C
  2     6       0.933274694      -0.134955327       0.000000000  C
  2     6      -0.060722146      -0.091122964       0.000000000  C
  2     6      -1.269943766      21.353147740       0.000000000  C
  2     6      -1.025618970      -0.194208293       0.000000000  C
  2     6      -0.955202340      21.696433277       0.000000000  C
  2     6      -0.935377345      -0.140563667       0.000000000  C
  2     6      -0.000954444      15.872322452       0.000000000  C
  2     6       0.094204095      -0.061882818       0.000000000  C
  2     6      -0.118371620      -0.078334457       0.000000000  C
  2     6       0.058212672      -0.070973502       0.000000000  C
  2     6       0.109114561      -0.064475426       0.000000000  C
  2     6       0.108966437       0.064316008       0.000000000  C
  2     6      -0.061148297       0.091396710       0.000000000  C
  2     6       0.000010165     -15.872422157       0.000000000  C
  2     6       0.058278957       0.071032937       0.000000000  C
  2     6       0.933956305       0.134941011       0.000000000  C
  2     6       0.962707918     -21.673188643       0.000000000  C
  2     6      -0.935178259       0.140789854       0.000000000  C
  2     6      -0.954936313     -21.696346604       0.000000000  C
  2     6      -0.117899445       0.078407811       0.000000000  C
  2     6       0.094391345       0.062198875       0.000000000  C
  2     6      -0.001419718       4.891396641       0.000000000  C
  2     6      -0.005960934     -21.256534571       0.000000000  C
  2     6      -0.003941849       4.935300319       0.000000000  C
