     1  1  0.00453515     139
     2  1  0.00453515     139
     3  1  0.00453515     139
     4  1  0.00453515     139
     5  1  0.00453515     140
     6  1  0.00453515     140
     7  1  0.00453515     141
     8  1  0.00453515     141
     9  1  0.00453515     141
    10  1  0.00453515     141
    11  1  0.00453515     141
    12  1  0.00453515     141
    13  1  0.00453515     141
    14  1  0.00453515     141
    15  1  0.00453515     141
    16  1  0.00453515     140
    17  1  0.00453515     139
    18  1  0.00453515     139
    19  1  0.00453515     139
    20  1  0.00453515     139
    21  1  0.00453515     139
    22  1  0.00453515     139
    23  1  0.00453515     139
    24  1  0.00453515     139
    25  1  0.00453515     140
    26  1  0.00453515     140
    27  1  0.00453515     140
    28  1  0.00453515     140
    29  1  0.00453515     140
    30  1  0.00453515     141
    31  1  0.00453515     141
    32  1  0.00453515     141
    33  1  0.00453515     141
    34  1  0.00453515     141
    35  1  0.00453515     141
    36  1  0.00453515     140
    37  1  0.00453515     140
    38  1  0.00453515     140
    39  1  0.00453515     140
    40  1  0.00453515     139
    41  1  0.00453515     139
    42  1  0.00453515     139
    43  1  0.00453515     139
    44  1  0.00453515     139
    45  1  0.00453515     140
    46  1  0.00453515     140
    47  1  0.00453515     140
    48  1  0.00453515     140
    49  1  0.00453515     140
    50  1  0.00453515     140
    51  1  0.00453515     140
    52  1  0.00453515     140
    53  1  0.00453515     141
    54  1  0.00453515     141
    55  1  0.00453515     141
    56  1  0.00453515     140
    57  1  0.00453515     140
    58  1  0.00453515     140
    59  1  0.00453515     140
    60  1  0.00453515     140
    61  1  0.00453515     140
    62  1  0.00453515     140
    63  1  0.00453515     140
    64  1  0.00453515     140
    65  1  0.00453515     140
    66  1  0.00453515     140
    67  1  0.00453515     140
    68  1  0.00453515     140
    69  1  0.00453515     140
    70  1  0.00453515     140
    71  1  0.00453515     140
    72  1  0.00453515     140
    73  1  0.00453515     140
    74  1  0.00453515     140
    75  1  0.00453515     140
    76  1  0.00453515     140
    77  1  0.00453515     140
    78  1  0.00453515     140
    79  1  0.00453515     140
    80  1  0.00453515     140
    81  1  0.00453515     140
    82  1  0.00453515     140
    83  1  0.00453515     140
    84  1  0.00453515     140
    85  1  0.00453515     140
    86  1  0.00453515     140
    87  1  0.00453515     140
    88  1  0.00453515     140
    89  1  0.00453515     140
    90  1  0.00453515     140
    91  1  0.00453515     140
    92  1  0.00453515     140
    93  1  0.00453515     140
    94  1  0.00453515     140
    95  1  0.00453515     140
    96  1  0.00453515     140
    97  1  0.00453515     140
    98  1  0.00453515     140
    99  1  0.00453515     140
   100  1  0.00453515     140
   101  1  0.00453515     140
   102  1  0.00453515     140
   103  1  0.00453515     140
   104  1  0.00453515     140
   105  1  0.00453515     140
   106  1  0.00453515     140
   107  1  0.00453515     140
   108  1  0.00453515     140
   109  1  0.00453515     140
   110  1  0.00453515     140
   111  1  0.00453515     140
   112  1  0.00453515     140
   113  1  0.00453515     140
   114  1  0.00453515     140
   115  1  0.00453515     140
   116  1  0.00453515     140
   117  1  0.00453515     140
   118  1  0.00453515     140
   119  1  0.00453515     140
   120  1  0.00453515     140
   121  1  0.00453515     140
   122  1  0.00453515     140
   123  1  0.00453515     140
   124  1  0.00453515     140
   125  1  0.00453515     140
   126  1  0.00453515     140
   127  1  0.00453515     140
   128  1  0.00453515     140
   129  1  0.00453515     140
   130  1  0.00453515     140
   131  1  0.00453515     140
   132  1  0.00453515     140
   133  1  0.00453515     140
   134  1  0.00453515     140
   135  1  0.00453515     140
   136  1  0.00453515     140
   137  1  0.00453515     140
   138  1  0.00453515     140
   139  1  0.00453515     140
   140  1  0.00453515     140
   141  1  0.00453515     140
   142  1  0.00453515     140
   143  1  0.00453515     140
   144  1  0.00453515     140
   145  1  0.00453515     140
   146  1  0.00453515     140
   147  1  0.00453515     140
   148  1  0.00453515     140
   149  1  0.00453515     140
   150  1  0.00453515     140
   151  1  0.00453515     140
   152  1  0.00453515     140
   153  1  0.00453515     140
   154  1  0.00453515     140
   155  1  0.00453515     140
   156  1  0.00453515     140
   157  1  0.00453515     140
   158  1  0.00453515     140
   159  1  0.00453515     140
   160  1  0.00453515     140
   161  1  0.00453515     140
   162  1  0.00453515     140
   163  1  0.00453515     140
   164  1  0.00453515     140
   165  1  0.00453515     140
   166  1  0.00453515     140
   167  1  0.00453515     140
   168  1  0.00453515     140
   169  1  0.00453515     141
   170  1  0.00453515     141
   171  1  0.00453515     141
   172  1  0.00453515     140
   173  1  0.00453515     140
   174  1  0.00453515     141
   175  1  0.00453515     141
   176  1  0.00453515     141
   177  1  0.00453515     141
   178  1  0.00453515     141
   179  1  0.00453515     141
   180  1  0.00453515     141
   181  1  0.00453515     141
   182  1  0.00453515     141
   183  1  0.00453515     141
   184  1  0.00453515     141
   185  1  0.00453515     141
   186  1  0.00453515     141
   187  1  0.00453515     141
   188  1  0.00453515     141
   189  1  0.00453515     141
   190  1  0.00453515     141
   191  1  0.00453515     141
   192  1  0.00453515     141
   193  1  0.00453515     141
   194  1  0.00453515     141
   195  1  0.00453515     141
   196  1  0.00453515     141
   197  1  0.00453515     141
   198  1  0.00453515     141
   199  1  0.00453515     141
   200  1  0.00453515     141
   201  1  0.00453515     141
   202  1  0.00453515     141
   203  1  0.00453515     141
   204  1  0.00453515     141
   205  1  0.00453515     141
   206  1  0.00453515     141
   207  1  0.00453515     141
   208  1  0.00453515     141
   209  1  0.00453515     141
   210  1  0.00453515     141
   211  1  0.00226757     140
   212  1  0.00226757     140
   213  1  0.00226757     140
   214  1  0.00226757     140
   215  1  0.00226757     140
   216  1  0.00226757     140
   217  1  0.00226757     140
   218  1  0.00226757     140
   219  1  0.00226757     140
   220  1  0.00226757     140
   221  1  0.00226757     140
   222  1  0.00226757     140
   223  1  0.00226757     140
   224  1  0.00226757     140
   225  1  0.00226757     140
   226  1  0.00226757     140
   227  1  0.00226757     140
   228  1  0.00226757     140
   229  1  0.00226757     140
   230  1  0.00226757     140
   231  1  0.00226757     140
