# EIG2DOS: Utility for SIESTA to obtain the electronic density of states
#
#                                                  Emilio Artacho, Apr. 1999
# --------------------------------------------------------------------------
# Nbands, Nspin, Nk   =    936     1   352
# E_F                 =    -3.4339 eV
# Broadening          =     0.0500 eV
# Number of electrons =   321.7216  321.9983 per cell
#
#        E            N
# --------------------------------------------------------------------------
    -10.000000      7.729941
     -9.980000      7.156415
     -9.960000      6.610900
     -9.940000      6.339028
     -9.920000      6.431912
     -9.900000      6.760542
     -9.880000      7.081569
     -9.860000      7.201994
     -9.840000      7.086898
     -9.820000      6.849790
     -9.800000      6.656130
     -9.780000      6.643345
     -9.760000      6.866715
     -9.740000      7.254728
     -9.720000      7.669317
     -9.700000      8.034169
     -9.680000      8.349620
     -9.660000      8.620458
     -9.640000      8.822435
     -9.620000      8.888263
     -9.600000      8.747485
     -9.580000      8.444804
     -9.560000      8.144731
     -9.540000      7.981115
     -9.520000      7.968381
     -9.500000      8.035798
     -9.480000      8.097726
     -9.460000      8.119111
     -9.440000      8.128466
     -9.420000      8.169171
     -9.400000      8.265790
     -9.380000      8.432772
     -9.360000      8.683965
     -9.340000      9.030194
     -9.320000      9.470265
     -9.300000      9.991245
     -9.280000     10.586490
     -9.260000     11.254286
     -9.240000     11.998610
     -9.220000     12.894823
     -9.200000     14.127515
     -9.180000     15.829271
     -9.160000     17.811399
     -9.140000     19.484442
     -9.120000     20.074951
     -9.100000     19.103511
     -9.080000     16.888398
     -9.060000     14.446235
     -9.040000     12.708274
     -9.020000     11.941443
     -9.000000     11.860876
     -8.980000     12.070756
     -8.960000     12.477539
     -8.940000     13.384203
     -8.920000     15.044420
     -8.900000     17.138766
     -8.880000     18.864138
     -8.860000     19.499644
     -8.840000     18.894526
     -8.820000     17.597107
     -8.800000     16.399784
     -8.780000     15.591174
     -8.760000     14.891702
     -8.740000     14.111603
     -8.720000     13.384407
     -8.700000     12.738404
     -8.680000     11.945246
     -8.660000     10.909222
     -8.640000      9.919153
     -8.620000      9.412383
     -8.600000      9.594580
     -8.580000     10.338542
     -8.560000     11.453599
     -8.540000     13.011110
     -8.520000     15.221575
     -8.500000     17.842915
     -8.480000     19.885957
     -8.460000     20.257227
     -8.440000     18.742133
     -8.420000     16.160730
     -8.400000     13.625867
     -8.380000     11.837486
     -8.360000     10.954163
     -8.340000     10.820677
     -8.320000     11.201059
     -8.300000     11.898065
     -8.280000     12.759114
     -8.260000     13.633025
     -8.240000     14.360020
     -8.220000     14.788591
     -8.200000     14.854373
     -8.180000     14.752567
     -8.160000     14.916908
     -8.140000     15.590698
     -8.120000     16.500497
     -8.100000     17.189316
     -8.080000     17.618537
     -8.060000     18.318840
     -8.040000     20.000924
     -8.020000     22.926713
     -8.000000     26.409880
     -7.980000     29.004491
     -7.960000     29.557676
     -7.940000     28.148819
     -7.920000     25.802457
     -7.900000     23.440241
     -7.880000     21.356324
     -7.860000     19.428556
     -7.840000     17.467809
     -7.820000     15.454470
     -7.800000     13.655722
     -7.780000     12.457403
     -7.760000     11.929435
     -7.740000     11.601306
     -7.720000     10.837132
     -7.700000      9.455536
     -7.680000      7.844496
     -7.660000      6.497273
     -7.640000      5.623663
     -7.620000      5.173673
     -7.600000      5.015913
     -7.580000      5.027358
     -7.560000      5.128210
     -7.540000      5.348182
     -7.520000      5.859934
     -7.500000      6.852516
     -7.480000      8.276225
     -7.460000      9.714015
     -7.440000     10.646248
     -7.420000     10.976288
     -7.400000     11.222925
     -7.380000     12.020160
     -7.360000     13.421402
     -7.340000     14.804595
     -7.320000     15.441723
     -7.300000     15.069200
     -7.280000     13.925104
     -7.260000     12.366362
     -7.240000     10.591624
     -7.220000      8.735380
     -7.200000      7.031025
     -7.180000      5.725774
     -7.160000      4.910025
     -7.140000      4.513306
     -7.120000      4.392307
     -7.100000      4.386191
     -7.080000      4.386818
     -7.060000      4.415478
     -7.040000      4.586653
     -7.020000      4.974830
     -7.000000      5.567932
     -6.980000      6.351993
     -6.960000      7.312605
     -6.940000      8.290019
     -6.920000      9.001060
     -6.900000      9.333313
     -6.880000      9.488513
     -6.860000      9.753339
     -6.840000     10.248517
     -6.820000     10.918295
     -6.800000     11.625974
     -6.780000     12.217686
     -6.760000     12.573457
     -6.740000     12.664036
     -6.720000     12.560168
     -6.700000     12.358428
     -6.680000     12.113168
     -6.660000     11.855413
     -6.640000     11.614728
     -6.620000     11.393997
     -6.600000     11.184463
     -6.580000     11.024956
     -6.560000     11.034479
     -6.540000     11.395021
     -6.520000     12.220186
     -6.500000     13.351268
     -6.480000     14.361603
     -6.460000     14.863520
     -6.440000     14.799462
     -6.420000     14.425456
     -6.400000     14.059067
     -6.380000     13.860476
     -6.360000     13.812087
     -6.340000     13.849735
     -6.320000     13.956415
     -6.300000     14.101736
     -6.280000     14.170553
     -6.260000     14.037431
     -6.240000     13.680588
     -6.220000     13.212010
     -6.200000     12.818479
     -6.180000     12.605901
     -6.160000     12.477004
     -6.140000     12.244865
     -6.120000     11.873963
     -6.100000     11.551031
     -6.080000     11.514189
     -6.060000     11.808773
     -6.040000     12.209323
     -6.020000     12.415175
     -6.000000     12.304945
     -5.980000     11.975893
     -5.960000     11.606728
     -5.940000     11.331480
     -5.920000     11.186069
     -5.900000     11.124394
     -5.880000     11.109754
     -5.860000     11.168904
     -5.840000     11.279527
     -5.820000     11.271108
     -5.800000     10.967466
     -5.780000     10.393360
     -5.760000      9.781886
     -5.740000      9.424840
     -5.720000      9.502373
     -5.700000      9.971219
     -5.680000     10.612350
     -5.660000     11.206620
     -5.640000     11.622895
     -5.620000     11.780517
     -5.600000     11.668393
     -5.580000     11.410011
     -5.560000     11.189122
     -5.540000     11.076699
     -5.520000     10.990292
     -5.500000     10.826273
     -5.480000     10.565924
     -5.460000     10.251399
     -5.440000      9.943232
     -5.420000      9.731732
     -5.400000      9.743506
     -5.380000     10.071197
     -5.360000     10.635883
     -5.340000     11.169862
     -5.320000     11.427093
     -5.300000     11.363216
     -5.280000     11.101568
     -5.260000     10.854070
     -5.240000     10.841778
     -5.220000     11.107728
     -5.200000     11.416597
     -5.180000     11.463394
     -5.160000     11.146315
     -5.140000     10.572330
     -5.120000      9.927198
     -5.100000      9.426540
     -5.080000      9.236437
     -5.060000      9.354628
     -5.040000      9.637986
     -5.020000      9.931211
     -5.000000     10.133330
     -4.980000     10.203832
     -4.960000     10.153155
     -4.940000     10.023106
     -4.920000      9.877669
     -4.900000      9.779172
     -4.880000      9.731371
     -4.860000      9.664706
     -4.840000      9.495022
     -4.820000      9.184850
     -4.800000      8.766220
     -4.780000      8.324530
     -4.760000      7.936106
     -4.740000      7.617117
     -4.720000      7.358517
     -4.700000      7.181835
     -4.680000      7.115937
     -4.660000      7.140704
     -4.640000      7.182476
     -4.620000      7.139322
     -4.600000      6.899087
     -4.580000      6.403940
     -4.560000      5.753159
     -4.540000      5.190199
     -4.520000      4.943991
     -4.500000      5.103580
     -4.480000      5.621490
     -4.460000      6.362979
     -4.440000      7.133457
     -4.420000      7.715977
     -4.400000      7.948637
     -4.380000      7.778241
     -4.360000      7.213025
     -4.340000      6.250696
     -4.320000      4.963864
     -4.300000      3.661108
     -4.280000      2.767823
     -4.260000      2.472743
     -4.240000      2.621188
     -4.220000      2.952116
     -4.200000      3.326492
     -4.180000      3.749254
     -4.160000      4.266516
     -4.140000      4.864599
     -4.120000      5.426990
     -4.100000      5.765027
     -4.080000      5.733972
     -4.060000      5.363530
     -4.040000      4.869240
     -4.020000      4.530509
     -4.000000      4.521939
     -3.980000      4.789230
     -3.960000      5.099467
     -3.940000      5.273787
     -3.920000      5.341767
     -3.900000      5.427225
     -3.880000      5.558084
     -3.860000      5.674671
     -3.840000      5.770361
     -3.820000      5.914933
     -3.800000      6.167233
     -3.780000      6.572053
     -3.760000      7.210083
     -3.740000      8.112873
     -3.720000      9.119675
     -3.700000      9.944320
     -3.680000     10.425836
     -3.660000     10.637311
     -3.640000     10.738562
     -3.620000     10.815152
     -3.600000     10.892065
     -3.580000     11.006674
     -3.560000     11.187163
     -3.540000     11.373249
     -3.520000     11.401269
     -3.500000     11.124522
     -3.480000     10.571426
     -3.460000      9.937315
     -3.440000      9.386860
     -3.420000      8.895206
     -3.400000      8.335904
     -3.380000      7.681276
     -3.360000      7.017911
     -3.340000      6.419201
     -3.320000      5.909962
     -3.300000      5.504363
     -3.280000      5.201769
     -3.260000      4.991650
     -3.240000      4.891549
     -3.220000      4.924018
     -3.200000      5.056406
     -3.180000      5.201804
     -3.160000      5.253224
     -3.140000      5.133237
     -3.120000      4.872580
     -3.100000      4.609405
     -3.080000      4.475315
     -3.060000      4.494031
     -3.040000      4.557434
     -3.020000      4.503998
     -3.000000      4.284864
     -2.980000      4.050044
     -2.960000      4.025954
     -2.940000      4.268309
     -2.920000      4.522096
     -2.900000      4.397106
     -2.880000      3.751334
     -2.860000      2.876842
     -2.840000      2.293197
     -2.820000      2.351747
     -2.800000      2.936579
     -2.780000      3.505289
     -2.760000      3.541970
     -2.740000      3.010127
     -2.720000      2.290260
     -2.700000      1.749937
     -2.680000      1.511760
     -2.660000      1.580326
     -2.640000      1.990395
     -2.620000      2.701130
     -2.600000      3.437662
     -2.580000      3.846504
     -2.560000      3.828034
     -2.540000      3.569779
     -2.520000      3.276496
     -2.500000      3.012871
     -2.480000      2.776137
     -2.460000      2.578331
     -2.440000      2.428168
     -2.420000      2.306720
     -2.400000      2.199835
     -2.380000      2.115119
     -2.360000      2.049619
     -2.340000      1.983534
     -2.320000      1.912121
     -2.300000      1.846951
     -2.280000      1.790214
     -2.260000      1.733263
     -2.240000      1.672855
     -2.220000      1.614555
     -2.200000      1.561979
     -2.180000      1.510204
     -2.160000      1.454847
     -2.140000      1.400777
     -2.120000      1.351855
     -2.100000      1.302488
     -2.080000      1.249705
     -2.060000      1.199145
     -2.040000      1.152558
     -2.020000      1.104378
     -2.000000      1.053317
     -1.980000      1.003952
     -1.960000      0.953896
     -1.940000      0.890737
     -1.920000      0.806696
     -1.900000      0.706194
     -1.880000      0.600130
     -1.860000      0.504856
     -1.840000      0.436400
     -1.820000      0.394291
     -1.800000      0.364027
     -1.780000      0.336667
     -1.760000      0.310681
     -1.740000      0.281333
     -1.720000      0.241724
     -1.700000      0.189017
     -1.680000      0.127965
     -1.660000      0.071317
     -1.640000      0.031457
     -1.620000      0.010705
     -1.600000      0.002767
     -1.580000      0.000538
     -1.560000      0.000081
     -1.540000      0.000041
     -1.520000      0.000256
     -1.500000      0.001491
     -1.480000      0.006526
     -1.460000      0.021584
     -1.440000      0.054686
     -1.420000      0.108450
     -1.400000      0.174081
     -1.380000      0.236751
     -1.360000      0.287071
     -1.340000      0.325256
     -1.320000      0.357402
     -1.300000      0.388624
     -1.280000      0.420314
     -1.260000      0.457080
     -1.240000      0.509454
     -1.220000      0.586073
     -1.200000      0.688310
     -1.180000      0.806109
     -1.160000      0.918027
     -1.140000      1.008973
     -1.120000      1.083445
     -1.100000      1.151361
     -1.080000      1.216150
     -1.060000      1.281818
     -1.040000      1.351728
     -1.020000      1.423584
     -1.000000      1.498090
     -0.980000      1.579047
     -0.960000      1.664701
     -0.940000      1.754438
     -0.920000      1.854440
     -0.900000      1.967166
     -0.880000      2.091025
     -0.860000      2.234206
     -0.840000      2.414575
     -0.820000      2.656303
     -0.800000      3.008720
     -0.780000      3.548771
     -0.760000      4.287778
     -0.740000      5.004984
     -0.720000      5.253188
     -0.700000      4.722968
     -0.680000      3.607738
     -0.660000      2.446368
     -0.640000      1.638888
     -0.620000      1.243264
     -0.600000      1.126583
     -0.580000      1.138448
     -0.560000      1.185860
     -0.540000      1.256130
     -0.520000      1.377212
     -0.500000      1.550787
     -0.480000      1.751657
     -0.460000      1.979496
     -0.440000      2.272598
     -0.420000      2.651998
     -0.400000      3.037084
     -0.380000      3.248725
     -0.360000      3.199880
     -0.340000      3.117141
     -0.320000      3.485597
     -0.300000      4.670291
     -0.280000      6.500534
     -0.260000      8.254124
     -0.240000      9.219455
     -0.220000      9.258665
     -0.200000      8.691930
     -0.180000      7.836047
     -0.160000      6.897039
     -0.140000      6.109844
     -0.120000      5.731474
     -0.100000      5.979438
     -0.080000      7.032955
     -0.060000      8.865528
     -0.040000     10.946591
     -0.020000     12.380295
      0.000000     12.617939
      0.020000     11.921706
      0.040000     10.957375
      0.060000     10.098528
      0.080000      9.285702
      0.100000      8.369208
      0.120000      7.372250
      0.140000      6.454372
      0.160000      5.748481
      0.180000      5.290066
      0.200000      5.056676
      0.220000      5.009682
      0.240000      5.121078
      0.260000      5.394934
      0.280000      5.818717
      0.300000      6.275722
      0.320000      6.558664
      0.340000      6.504022
      0.360000      6.121008
      0.380000      5.583327
      0.400000      5.083919
      0.420000      4.717772
      0.440000      4.495846
      0.460000      4.404020
      0.480000      4.415773
      0.500000      4.483008
      0.520000      4.574142
      0.540000      4.743042
      0.560000      5.093735
      0.580000      5.613875
      0.600000      6.112886
      0.620000      6.388582
      0.640000      6.366813
      0.660000      6.049119
      0.680000      5.454515
      0.700000      4.676722
      0.720000      3.938507
      0.740000      3.517397
      0.760000      3.575879
      0.780000      4.060510
      0.800000      4.759616
      0.820000      5.433040
      0.840000      5.909838
      0.860000      6.152858
      0.880000      6.278693
      0.900000      6.434834
      0.920000      6.591640
      0.940000      6.540164
      0.960000      6.153676
      0.980000      5.558284
      1.000000      5.006917
      1.020000      4.670314
      1.040000      4.561851
      1.060000      4.588442
      1.080000      4.638793
      1.100000      4.637681
      1.120000      4.560503
      1.140000      4.434625
      1.160000      4.304637
      1.180000      4.174209
      1.200000      4.013900
      1.220000      3.834553
      1.240000      3.710715
      1.260000      3.724411
      1.280000      3.918865
      1.300000      4.283418
      1.320000      4.728688
      1.340000      5.099536
      1.360000      5.270680
      1.380000      5.232397
      1.400000      5.068019
      1.420000      4.878733
      1.440000      4.754364
      1.460000      4.773539
      1.480000      4.987968
      1.500000      5.383271
      1.520000      5.831805
      1.540000      6.126712
      1.560000      6.125626
      1.580000      5.873261
      1.600000      5.585341
      1.620000      5.480004
      1.640000      5.596418
      1.660000      5.809712
      1.680000      5.985561
      1.700000      6.056483
      1.720000      6.017664
      1.740000      5.913187
      1.760000      5.797501
      1.780000      5.706684
      1.800000      5.650512
      1.820000      5.591863
      1.840000      5.466177
      1.860000      5.251016
      1.880000      4.994120
      1.900000      4.762514
      1.920000      4.577002
      1.940000      4.418337
      1.960000      4.284553
      1.980000      4.200273
      2.000000      4.172577
      2.020000      4.186730
      2.040000      4.256642
      2.060000      4.422025
      2.080000      4.668933
      2.100000      4.901997
      2.120000      5.022485
      2.140000      5.004236
      2.160000      4.876301
      2.180000      4.650257
      2.200000      4.295160
      2.220000      3.825979
      2.240000      3.413492
      2.260000      3.309937
      2.280000      3.608578
      2.300000      4.131899
      2.320000      4.576478
      2.340000      4.735376
      2.360000      4.617046
      2.380000      4.398445
      2.400000      4.255679
      2.420000      4.239890
      2.440000      4.304027
      2.460000      4.380031
      2.480000      4.397736
      2.500000      4.299532
      2.520000      4.120281
      2.540000      4.025062
      2.560000      4.154347
      2.580000      4.423413
      2.600000      4.592540
      2.620000      4.530994
      2.640000      4.300770
      2.660000      4.029152
      2.680000      3.817932
      2.700000      3.743811
      2.720000      3.857577
      2.740000      4.152420
      2.760000      4.514541
      2.780000      4.721852
      2.800000      4.581471
      2.820000      4.109435
      2.840000      3.524332
      2.860000      3.063449
      2.880000      2.833664
      2.900000      2.787012
      2.920000      2.792582
      2.940000      2.758996
      2.960000      2.702847
      2.980000      2.689016
      3.000000      2.731551
      3.020000      2.799720
      3.040000      2.912376
      3.060000      3.147103
      3.080000      3.522262
      3.100000      3.939912
      3.120000      4.285984
      3.140000      4.522596
      3.160000      4.644529
      3.180000      4.624512
      3.200000      4.469038
      3.220000      4.295363
      3.240000      4.319490
      3.260000      4.750546
      3.280000      5.641551
      3.300000      6.830400
      3.320000      8.061639
      3.340000      9.127379
      3.360000      9.862958
      3.380000     10.114270
      3.400000      9.790094
      3.420000      8.911916
      3.440000      7.621599
      3.460000      6.192882
      3.480000      4.972039
      3.500000      4.175777
      3.520000      3.737795
      3.540000      3.428091
      3.560000      3.110104
      3.580000      2.829281
      3.600000      2.688775
      3.620000      2.712272
      3.640000      2.829489
      3.660000      2.945154
      3.680000      3.003651
      3.700000      3.004280
      3.720000      2.965387
      3.740000      2.891533
      3.760000      2.786816
      3.780000      2.682237
      3.800000      2.638194
      3.820000      2.705967
      3.840000      2.868588
      3.860000      3.034608
      3.880000      3.104597
      3.900000      3.032232
      3.920000      2.835985
      3.940000      2.587177
      3.960000      2.371211
      3.980000      2.230055
      4.000000      2.153457
      4.020000      2.126730
      4.040000      2.163608
      4.060000      2.294137
      4.080000      2.546656
      4.100000      2.949964
      4.120000      3.517800
      4.140000      4.193826
      4.160000      4.840242
      4.180000      5.341359
      4.200000      5.718830
      4.220000      6.101537
      4.240000      6.569451
      4.260000      7.031176
      4.280000      7.259953
      4.300000      7.087489
      4.320000      6.584856
      4.340000      6.009481
      4.360000      5.552339
      4.380000      5.190877
      4.400000      4.805929
      4.420000      4.352991
      4.440000      3.870403
      4.460000      3.428607
      4.480000      3.160667
      4.500000      3.237277
      4.520000      3.693793
      4.540000      4.346752
      4.560000      4.958831
      4.580000      5.426835
      4.600000      5.770671
      4.620000      6.022683
      4.640000      6.196519
      4.660000      6.314484
      4.680000      6.388675
      4.700000      6.391811
      4.720000      6.300806
      4.740000      6.146149
      4.760000      5.983167
      4.780000      5.850860
      4.800000      5.756624
      4.820000      5.642428
      4.840000      5.414484
      4.860000      5.114455
      4.880000      5.032151
      4.900000      5.529154
      4.920000      6.723678
      4.940000      8.397520
      4.960000     10.161641
      4.980000     11.599353
      5.000000     12.318630
      5.020000     12.114837
      5.040000     11.183255
      5.060000     10.018929
      5.080000      9.026481
      5.100000      8.308544
      5.120000      7.792613
      5.140000      7.411742
      5.160000      7.137511
      5.180000      6.938380
      5.200000      6.777961
      5.220000      6.640304
      5.240000      6.539192
      5.260000      6.511691
      5.280000      6.576757
      5.300000      6.676339
      5.320000      6.700049
      5.340000      6.592444
      5.360000      6.388803
      5.380000      6.127686
      5.400000      5.787515
      5.420000      5.371958
      5.440000      5.038528
      5.460000      5.048196
      5.480000      5.532477
      5.500000      6.342984
      5.520000      7.176449
      5.540000      7.804458
      5.560000      8.094346
      5.580000      7.897220
      5.600000      7.125587
      5.620000      5.939482
      5.640000      4.696175
      5.660000      3.704276
      5.680000      3.116406
      5.700000      3.016564
      5.720000      3.471180
      5.740000      4.471863
      5.760000      5.920324
      5.780000      7.673355
      5.800000      9.490239
      5.820000     10.944748
      5.840000     11.628479
      5.860000     11.574184
      5.880000     11.235725
      5.900000     10.887639
      5.920000     10.296346
      5.940000      9.140287
      5.960000      7.603146
      5.980000      6.451126
      6.000000      6.489069
      6.020000      7.860731
      6.040000      9.827219
      6.060000     11.250563
      6.080000     11.428811
      6.100000     10.606474
      6.120000      9.701276
      6.140000      9.472030
      6.160000      9.902570
      6.180000     10.421164
      6.200000     10.662244
      6.220000     10.815586
      6.240000     11.178231
      6.260000     11.585666
      6.280000     11.540220
      6.300000     10.891383
      6.320000     10.162858
      6.340000     10.117499
      6.360000     11.059256
      6.380000     12.524062
      6.400000     13.619147
      6.420000     13.752484
      6.440000     13.039747
      6.460000     12.014920
      6.480000     11.168653
      6.500000     10.806261
      6.520000     11.015936
      6.540000     11.621312
      6.560000     12.350596
      6.580000     13.085185
      6.600000     13.805346
      6.620000     14.378384
      6.640000     14.615099
      6.660000     14.510179
      6.680000     14.311433
      6.700000     14.458460
      6.720000     15.426764
      6.740000     17.254656
      6.760000     19.170169
      6.780000     20.098802
      6.800000     19.645648
      6.820000     18.366645
      6.840000     17.124627
      6.860000     16.353766
      6.880000     15.949138
      6.900000     15.709045
      6.920000     15.614400
      6.940000     15.657599
      6.960000     15.743252
      6.980000     15.839934
      7.000000     15.985512
      7.020000     16.116236
      7.040000     16.009034
      7.060000     15.442681
      7.080000     14.463732
      7.100000     13.447971
      7.120000     12.804316
      7.140000     12.656254
      7.160000     12.835743
      7.180000     13.074782
      7.200000     13.176567
      7.220000     13.117952
      7.240000     13.029307
      7.260000     13.040424
      7.280000     13.163538
      7.300000     13.301964
      7.320000     13.302704
      7.340000     13.052077
      7.360000     12.595753
      7.380000     12.103083
      7.400000     11.646231
      7.420000     11.105933
      7.440000     10.393990
      7.460000      9.677432
      7.480000      9.271575
      7.500000      9.348389
      7.520000      9.784407
      7.540000     10.261846
      7.560000     10.511760
      7.580000     10.478623
      7.600000     10.284586
      7.620000     10.075146
      7.640000      9.887681
      7.660000      9.647645
      7.680000      9.293055
      7.700000      8.871878
      7.720000      8.506817
      7.740000      8.313974
      7.760000      8.366947
      7.780000      8.671140
      7.800000      9.130278
      7.820000      9.588163
      7.840000      9.933937
      7.860000     10.121595
      7.880000     10.098683
      7.900000      9.824146
      7.920000      9.404731
      7.940000      9.110219
      7.960000      9.142829
      7.980000      9.407852
      8.000000      9.564600
      8.020000      9.319202
      8.040000      8.677812
      8.060000      7.923852
      8.080000      7.388756
      8.100000      7.288542
      8.120000      7.697230
      8.140000      8.533993
      8.160000      9.573707
      8.180000     10.542036
      8.200000     11.240219
      8.220000     11.641741
      8.240000     11.908342
      8.260000     12.267960
      8.280000     12.836958
      8.300000     13.551332
      8.320000     14.226941
      8.340000     14.660427
      8.360000     14.753639
      8.380000     14.620046
      8.400000     14.495230
      8.420000     14.463867
      8.440000     14.384713
      8.460000     14.175467
      8.480000     14.004747
      8.500000     14.035172
      8.520000     14.131005
      8.540000     14.064738
      8.560000     13.917926
      8.580000     13.985097
      8.600000     14.307600
      8.620000     14.583704
      8.640000     14.566310
      8.660000     14.328526
      8.680000     14.094554
      8.700000     13.986943
      8.720000     13.993508
      8.740000     14.055181
      8.760000     14.124606
      8.780000     14.178569
      8.800000     14.210347
      8.820000     14.235343
      8.840000     14.303427
      8.860000     14.475698
      8.880000     14.772909
      8.900000     15.140089
      8.920000     15.447671
      8.940000     15.540131
      8.960000     15.323439
      8.980000     14.841979
      9.000000     14.289982
      9.020000     13.905916
      9.040000     13.779074
      9.060000     13.756775
      9.080000     13.595676
      9.100000     13.202032
      9.120000     12.681828
      9.140000     12.204616
      9.160000     11.915198
      9.180000     11.920043
      9.200000     12.201947
      9.220000     12.552403
      9.240000     12.736508
      9.260000     12.754438
      9.280000     12.845932
      9.300000     13.240601
      9.320000     13.964443
      9.340000     14.829407
      9.360000     15.509020
      9.380000     15.654732
      9.400000     15.074310
      9.420000     13.886393
      9.440000     12.484381
      9.460000     11.285376
      9.480000     10.485557
      9.500000     10.048517
      9.520000      9.853775
      9.540000      9.792285
      9.560000      9.801237
      9.580000      9.903820
      9.600000     10.164639
      9.620000     10.549151
      9.640000     10.883917
      9.660000     11.002345
      9.680000     10.891494
      9.700000     10.666466
      9.720000     10.427889
      9.740000     10.165784
      9.760000      9.812461
      9.780000      9.393222
      9.800000      9.070042
      9.820000      8.981296
      9.840000      9.080246
      9.860000      9.199245
      9.880000      9.247352
      9.900000      9.270523
      9.920000      9.336376
      9.940000      9.419162
      9.960000      9.376581
      9.980000      9.078460
     10.000000      8.653281
