     1  1  0.00453515     154
     2  1  0.00453515     154
     3  1  0.00453515     154
     4  1  0.00453515     154
     5  1  0.00453515     154
     6  1  0.00453515     154
     7  1  0.00453515     154
     8  1  0.00453515     154
     9  1  0.00453515     154
    10  1  0.00453515     154
    11  1  0.00453515     154
    12  1  0.00453515     154
    13  1  0.00453515     154
    14  1  0.00453515     154
    15  1  0.00453515     154
    16  1  0.00453515     154
    17  1  0.00453515     154
    18  1  0.00453515     154
    19  1  0.00453515     154
    20  1  0.00453515     154
    21  1  0.00453515     154
    22  1  0.00453515     154
    23  1  0.00453515     154
    24  1  0.00453515     154
    25  1  0.00453515     154
    26  1  0.00453515     154
    27  1  0.00453515     154
    28  1  0.00453515     154
    29  1  0.00453515     154
    30  1  0.00453515     154
    31  1  0.00453515     154
    32  1  0.00453515     154
    33  1  0.00453515     154
    34  1  0.00453515     154
    35  1  0.00453515     154
    36  1  0.00453515     154
    37  1  0.00453515     154
    38  1  0.00453515     154
    39  1  0.00453515     154
    40  1  0.00453515     154
    41  1  0.00453515     154
    42  1  0.00453515     154
    43  1  0.00453515     154
    44  1  0.00453515     154
    45  1  0.00453515     154
    46  1  0.00453515     154
    47  1  0.00453515     154
    48  1  0.00453515     154
    49  1  0.00453515     154
    50  1  0.00453515     154
    51  1  0.00453515     154
    52  1  0.00453515     154
    53  1  0.00453515     154
    54  1  0.00453515     154
    55  1  0.00453515     154
    56  1  0.00453515     154
    57  1  0.00453515     154
    58  1  0.00453515     154
    59  1  0.00453515     154
    60  1  0.00453515     154
    61  1  0.00453515     154
    62  1  0.00453515     154
    63  1  0.00453515     154
    64  1  0.00453515     154
    65  1  0.00453515     154
    66  1  0.00453515     154
    67  1  0.00453515     154
    68  1  0.00453515     154
    69  1  0.00453515     154
    70  1  0.00453515     154
    71  1  0.00453515     154
    72  1  0.00453515     154
    73  1  0.00453515     154
    74  1  0.00453515     154
    75  1  0.00453515     154
    76  1  0.00453515     154
    77  1  0.00453515     154
    78  1  0.00453515     154
    79  1  0.00453515     154
    80  1  0.00453515     154
    81  1  0.00453515     154
    82  1  0.00453515     154
    83  1  0.00453515     154
    84  1  0.00453515     154
    85  1  0.00453515     154
    86  1  0.00453515     154
    87  1  0.00453515     154
    88  1  0.00453515     154
    89  1  0.00453515     154
    90  1  0.00453515     154
    91  1  0.00453515     154
    92  1  0.00453515     154
    93  1  0.00453515     154
    94  1  0.00453515     154
    95  1  0.00453515     154
    96  1  0.00453515     154
    97  1  0.00453515     154
    98  1  0.00453515     154
    99  1  0.00453515     154
   100  1  0.00453515     154
   101  1  0.00453515     154
   102  1  0.00453515     154
   103  1  0.00453515     154
   104  1  0.00453515     154
   105  1  0.00453515     154
   106  1  0.00453515     154
   107  1  0.00453515     154
   108  1  0.00453515     154
   109  1  0.00453515     154
   110  1  0.00453515     154
   111  1  0.00453515     154
   112  1  0.00453515     154
   113  1  0.00453515     154
   114  1  0.00453515     154
   115  1  0.00453515     154
   116  1  0.00453515     154
   117  1  0.00453515     154
   118  1  0.00453515     154
   119  1  0.00453515     154
   120  1  0.00453515     154
   121  1  0.00453515     154
   122  1  0.00453515     154
   123  1  0.00453515     154
   124  1  0.00453515     154
   125  1  0.00453515     154
   126  1  0.00453515     154
   127  1  0.00453515     154
   128  1  0.00453515     154
   129  1  0.00453515     154
   130  1  0.00453515     154
   131  1  0.00453515     154
   132  1  0.00453515     154
   133  1  0.00453515     154
   134  1  0.00453515     154
   135  1  0.00453515     154
   136  1  0.00453515     154
   137  1  0.00453515     154
   138  1  0.00453515     154
   139  1  0.00453515     154
   140  1  0.00453515     154
   141  1  0.00453515     154
   142  1  0.00453515     154
   143  1  0.00453515     154
   144  1  0.00453515     154
   145  1  0.00453515     154
   146  1  0.00453515     154
   147  1  0.00453515     154
   148  1  0.00453515     154
   149  1  0.00453515     154
   150  1  0.00453515     154
   151  1  0.00453515     154
   152  1  0.00453515     154
   153  1  0.00453515     154
   154  1  0.00453515     154
   155  1  0.00453515     154
   156  1  0.00453515     155
   157  1  0.00453515     155
   158  1  0.00453515     155
   159  1  0.00453515     155
   160  1  0.00453515     155
   161  1  0.00453515     155
   162  1  0.00453515     155
   163  1  0.00453515     155
   164  1  0.00453515     155
   165  1  0.00453515     155
   166  1  0.00453515     155
   167  1  0.00453515     155
   168  1  0.00453515     154
   169  1  0.00453515     155
   170  1  0.00453515     155
   171  1  0.00453515     154
   172  1  0.00453515     154
   173  1  0.00453515     154
   174  1  0.00453515     154
   175  1  0.00453515     155
   176  1  0.00453515     155
   177  1  0.00453515     155
   178  1  0.00453515     155
   179  1  0.00453515     155
   180  1  0.00453515     155
   181  1  0.00453515     155
   182  1  0.00453515     155
   183  1  0.00453515     155
   184  1  0.00453515     155
   185  1  0.00453515     155
   186  1  0.00453515     155
   187  1  0.00453515     155
   188  1  0.00453515     155
   189  1  0.00453515     155
   190  1  0.00453515     155
   191  1  0.00453515     155
   192  1  0.00453515     155
   193  1  0.00453515     155
   194  1  0.00453515     155
   195  1  0.00453515     155
   196  1  0.00453515     155
   197  1  0.00453515     155
   198  1  0.00453515     155
   199  1  0.00453515     155
   200  1  0.00453515     155
   201  1  0.00453515     155
   202  1  0.00453515     155
   203  1  0.00453515     155
   204  1  0.00453515     155
   205  1  0.00453515     155
   206  1  0.00453515     155
   207  1  0.00453515     155
   208  1  0.00453515     155
   209  1  0.00453515     155
   210  1  0.00453515     155
   211  1  0.00226757     155
   212  1  0.00226757     155
   213  1  0.00226757     155
   214  1  0.00226757     155
   215  1  0.00226757     155
   216  1  0.00226757     155
   217  1  0.00226757     155
   218  1  0.00226757     155
   219  1  0.00226757     155
   220  1  0.00226757     155
   221  1  0.00226757     155
   222  1  0.00226757     155
   223  1  0.00226757     155
   224  1  0.00226757     155
   225  1  0.00226757     155
   226  1  0.00226757     155
   227  1  0.00226757     155
   228  1  0.00226757     155
   229  1  0.00226757     155
   230  1  0.00226757     155
   231  1  0.00226757     155
