     1  1  0.00295858     147
     2  1  0.00295858     147
     3  1  0.00295858     147
     4  1  0.00295858     147
     5  1  0.00295858     147
     6  1  0.00295858     147
     7  1  0.00295858     147
     8  1  0.00295858     147
     9  1  0.00295858     146
    10  1  0.00295858     146
    11  1  0.00295858     146
    12  1  0.00295858     146
    13  1  0.00147929     146
    14  1  0.00147929     146
    15  1  0.00295858     147
    16  1  0.00295858     147
    17  1  0.00295858     147
    18  1  0.00295858     147
    19  1  0.00295858     147
    20  1  0.00295858     147
    21  1  0.00295858     147
    22  1  0.00295858     147
    23  1  0.00295858     147
    24  1  0.00295858     146
    25  1  0.00295858     146
    26  1  0.00295858     146
    27  1  0.00295858     146
    28  1  0.00295858     146
    29  1  0.00295858     146
    30  1  0.00295858     146
    31  1  0.00295858     146
    32  1  0.00295858     146
    33  1  0.00295858     147
    34  1  0.00295858     147
    35  1  0.00295858     147
    36  1  0.00295858     147
    37  1  0.00295858     147
    38  1  0.00295858     147
    39  1  0.00295858     147
    40  1  0.00295858     147
    41  1  0.00295858     147
    42  1  0.00295858     147
    43  1  0.00295858     147
    44  1  0.00295858     147
    45  1  0.00295858     147
    46  1  0.00295858     147
    47  1  0.00295858     147
    48  1  0.00295858     147
    49  1  0.00295858     147
    50  1  0.00295858     147
    51  1  0.00295858     147
    52  1  0.00295858     147
    53  1  0.00295858     146
    54  1  0.00295858     146
    55  1  0.00295858     146
    56  1  0.00295858     146
    57  1  0.00295858     146
    58  1  0.00295858     146
    59  1  0.00295858     147
    60  1  0.00295858     147
    61  1  0.00295858     147
    62  1  0.00295858     147
    63  1  0.00295858     147
    64  1  0.00295858     147
    65  1  0.00295858     147
    66  1  0.00295858     147
    67  1  0.00295858     147
    68  1  0.00295858     147
    69  1  0.00295858     147
    70  1  0.00295858     147
    71  1  0.00295858     147
    72  1  0.00295858     147
    73  1  0.00295858     147
    74  1  0.00295858     147
    75  1  0.00295858     147
    76  1  0.00295858     147
    77  1  0.00295858     147
    78  1  0.00295858     147
    79  1  0.00295858     147
    80  1  0.00295858     147
    81  1  0.00295858     147
    82  1  0.00295858     147
    83  1  0.00295858     147
    84  1  0.00295858     147
    85  1  0.00295858     147
    86  1  0.00295858     147
    87  1  0.00295858     147
    88  1  0.00295858     147
    89  1  0.00295858     147
    90  1  0.00295858     147
    91  1  0.00295858     147
    92  1  0.00295858     147
    93  1  0.00295858     147
    94  1  0.00295858     147
    95  1  0.00295858     147
    96  1  0.00295858     147
    97  1  0.00295858     147
    98  1  0.00295858     147
    99  1  0.00295858     147
   100  1  0.00295858     147
   101  1  0.00295858     147
   102  1  0.00295858     147
   103  1  0.00295858     147
   104  1  0.00295858     147
   105  1  0.00295858     147
   106  1  0.00295858     147
   107  1  0.00295858     147
   108  1  0.00295858     147
   109  1  0.00295858     147
   110  1  0.00295858     147
   111  1  0.00295858     147
   112  1  0.00295858     147
   113  1  0.00295858     147
   114  1  0.00295858     147
   115  1  0.00295858     147
   116  1  0.00295858     147
   117  1  0.00295858     147
   118  1  0.00295858     147
   119  1  0.00295858     147
   120  1  0.00295858     147
   121  1  0.00295858     147
   122  1  0.00295858     147
   123  1  0.00295858     147
   124  1  0.00295858     147
   125  1  0.00295858     147
   126  1  0.00295858     147
   127  1  0.00295858     147
   128  1  0.00295858     147
   129  1  0.00295858     147
   130  1  0.00295858     147
   131  1  0.00295858     147
   132  1  0.00295858     147
   133  1  0.00295858     147
   134  1  0.00295858     147
   135  1  0.00295858     147
   136  1  0.00295858     147
   137  1  0.00295858     147
   138  1  0.00295858     147
   139  1  0.00295858     147
   140  1  0.00295858     147
   141  1  0.00295858     147
   142  1  0.00295858     147
   143  1  0.00295858     147
   144  1  0.00295858     147
   145  1  0.00295858     147
   146  1  0.00295858     147
   147  1  0.00295858     147
   148  1  0.00295858     147
   149  1  0.00295858     147
   150  1  0.00295858     147
   151  1  0.00295858     147
   152  1  0.00295858     147
   153  1  0.00295858     147
   154  1  0.00295858     147
   155  1  0.00295858     147
   156  1  0.00295858     147
   157  1  0.00295858     147
   158  1  0.00295858     147
   159  1  0.00295858     147
   160  1  0.00295858     147
   161  1  0.00295858     147
   162  1  0.00295858     147
   163  1  0.00295858     147
   164  1  0.00295858     147
   165  1  0.00295858     147
   166  1  0.00295858     147
   167  1  0.00295858     147
   168  1  0.00295858     147
   169  1  0.00295858     147
   170  1  0.00295858     147
   171  1  0.00295858     147
   172  1  0.00295858     147
   173  1  0.00295858     147
   174  1  0.00295858     147
   175  1  0.00295858     147
   176  1  0.00295858     147
   177  1  0.00295858     147
   178  1  0.00295858     147
   179  1  0.00295858     147
   180  1  0.00295858     147
   181  1  0.00295858     147
   182  1  0.00295858     147
   183  1  0.00295858     147
   184  1  0.00295858     147
   185  1  0.00295858     147
   186  1  0.00295858     147
   187  1  0.00295858     147
   188  1  0.00295858     147
   189  1  0.00295858     147
   190  1  0.00295858     147
   191  1  0.00295858     147
   192  1  0.00295858     147
   193  1  0.00295858     147
   194  1  0.00295858     147
   195  1  0.00295858     147
   196  1  0.00295858     147
   197  1  0.00295858     147
   198  1  0.00295858     147
   199  1  0.00295858     147
   200  1  0.00295858     147
   201  1  0.00295858     147
   202  1  0.00295858     147
   203  1  0.00295858     147
   204  1  0.00295858     147
   205  1  0.00295858     147
   206  1  0.00295858     147
   207  1  0.00295858     147
   208  1  0.00295858     147
   209  1  0.00295858     147
   210  1  0.00295858     147
   211  1  0.00295858     147
   212  1  0.00295858     147
   213  1  0.00295858     147
   214  1  0.00295858     147
   215  1  0.00295858     147
   216  1  0.00295858     147
   217  1  0.00295858     147
   218  1  0.00295858     147
   219  1  0.00295858     147
   220  1  0.00295858     147
   221  1  0.00295858     147
   222  1  0.00295858     147
   223  1  0.00295858     147
   224  1  0.00295858     147
   225  1  0.00295858     147
   226  1  0.00295858     147
   227  1  0.00295858     147
   228  1  0.00295858     147
   229  1  0.00295858     147
   230  1  0.00295858     147
   231  1  0.00295858     147
   232  1  0.00295858     147
   233  1  0.00295858     147
   234  1  0.00295858     147
   235  1  0.00295858     147
   236  1  0.00295858     147
   237  1  0.00295858     147
   238  1  0.00295858     147
   239  1  0.00295858     147
   240  1  0.00295858     147
   241  1  0.00295858     147
   242  1  0.00295858     147
   243  1  0.00295858     147
   244  1  0.00295858     147
   245  1  0.00295858     147
   246  1  0.00295858     147
   247  1  0.00295858     147
   248  1  0.00295858     147
   249  1  0.00295858     147
   250  1  0.00295858     147
   251  1  0.00295858     147
   252  1  0.00295858     147
   253  1  0.00295858     147
   254  1  0.00295858     147
   255  1  0.00295858     147
   256  1  0.00295858     147
   257  1  0.00295858     147
   258  1  0.00295858     147
   259  1  0.00295858     147
   260  1  0.00295858     147
   261  1  0.00295858     147
   262  1  0.00295858     147
   263  1  0.00295858     147
   264  1  0.00295858     147
   265  1  0.00295858     147
   266  1  0.00295858     147
   267  1  0.00295858     147
   268  1  0.00295858     147
   269  1  0.00295858     147
   270  1  0.00295858     147
   271  1  0.00295858     147
   272  1  0.00295858     147
   273  1  0.00295858     147
   274  1  0.00295858     147
   275  1  0.00295858     147
   276  1  0.00295858     147
   277  1  0.00295858     147
   278  1  0.00295858     147
   279  1  0.00295858     147
   280  1  0.00295858     147
   281  1  0.00295858     148
   282  1  0.00295858     147
   283  1  0.00295858     147
   284  1  0.00295858     147
   285  1  0.00295858     147
   286  1  0.00295858     147
   287  1  0.00295858     147
   288  1  0.00295858     147
   289  1  0.00295858     147
   290  1  0.00295858     147
   291  1  0.00295858     147
   292  1  0.00295858     147
   293  1  0.00295858     147
   294  1  0.00295858     147
   295  1  0.00295858     147
   296  1  0.00295858     147
   297  1  0.00295858     147
   298  1  0.00295858     147
   299  1  0.00295858     147
   300  1  0.00295858     147
   301  1  0.00295858     148
   302  1  0.00295858     148
   303  1  0.00295858     148
   304  1  0.00295858     148
   305  1  0.00295858     148
   306  1  0.00295858     148
   307  1  0.00295858     148
   308  1  0.00295858     148
   309  1  0.00295858     148
   310  1  0.00295858     147
   311  1  0.00295858     147
   312  1  0.00295858     147
   313  1  0.00295858     147
   314  1  0.00295858     147
   315  1  0.00295858     147
   316  1  0.00295858     147
   317  1  0.00295858     147
   318  1  0.00295858     147
   319  1  0.00295858     147
   320  1  0.00295858     147
   321  1  0.00295858     147
   322  1  0.00295858     147
   323  1  0.00295858     147
   324  1  0.00295858     147
   325  1  0.00295858     147
   326  1  0.00295858     147
   327  1  0.00147929     148
   328  1  0.00147929     148
   329  1  0.00147929     148
   330  1  0.00147929     148
   331  1  0.00147929     147
   332  1  0.00147929     147
   333  1  0.00147929     147
   334  1  0.00147929     147
   335  1  0.00147929     147
   336  1  0.00147929     147
   337  1  0.00147929     147
   338  1  0.00147929     147
   339  1  0.00147929     147
   340  1  0.00147929     147
   341  1  0.00147929     147
   342  1  0.00147929     147
   343  1  0.00147929     147
   344  1  0.00147929     147
   345  1  0.00147929     147
   346  1  0.00147929     147
   347  1  0.00147929     147
   348  1  0.00147929     148
   349  1  0.00147929     148
   350  1  0.00147929     148
   351  1  0.00147929     148
   352  1  0.00147929     148
