               -674.4176267461
         -0.005128325      -0.000006423       0.000000000
         -0.000006425      -0.017497605       0.000000000
          0.000000000       0.000000000      -0.000004554
          72
  1     5      -0.136103521       4.108156813       0.000000000  B
  1     5       0.628425806       0.077862759       0.000000000  B
  1     5       0.684030633     -15.219062702       0.000000000  B
  1     5       0.114460841      -0.016408961       0.000000000  B
  1     5      -0.613460706      -0.113797558       0.000000000  B
  1     5      -0.001797049      16.097318480       0.000000000  B
  1     5      -0.000208973      -0.181589910       0.000000000  B
  1     5      -0.116038063      -0.150635849       0.000000000  B
  1     5       0.193743371       0.129329235       0.000000000  B
  1     5      -0.120873948      -0.118798490       0.000000000  B
  1     5      -0.136371948       0.107446721       0.000000000  B
  1     5       0.135746994      -0.067909706       0.000000000  B
  1     5       0.090829698       0.123066439       0.000000000  B
  1     5      -0.134958958      -0.034159411       0.000000000  B
  1     5      -0.033648271     -15.940028392       0.000000000  B
  1     5       0.242613147      -0.134722999       0.000000000  B
  1     5      -0.175162111       0.134459214       0.000000000  B
  1     5       0.574104222       0.089598116       0.000000000  B
  1     5      -0.526492572       0.000342316       0.000000000  B
  1     5      -0.595641413     -15.515172655       0.000000000  B
  1     5      -0.165952147       4.215745482       0.000000000  B
  1     5       0.244211898     -14.991489186       0.000000000  B
  2     6      -0.020869337      15.759898253       0.000000000  C
  2     6       0.030642974      -4.815781388       0.000000000  C
  2     6       0.304599140       4.507108934       0.000000000  C
  2     6      -0.554586889     -21.510414644       0.000000000  C
  2     6       0.657978312     -21.260744770       0.000000000  C
  2     6       0.304654833       0.005877326       0.000000000  C
  2     6       0.114775643       0.065847756       0.000000000  C
  2     6      -0.060143822       0.013113500       0.000000000  C
  2     6      -0.960355792       0.026219943       0.000000000  C
  2     6      -1.209108167     -21.365156947       0.000000000  C
  2     6       0.684383704      21.597996292       0.000000000  C
  2     6       0.233530021      -5.046216845       0.000000000  C
  2     6       1.323368081      15.483775639       0.000000000  C
  2     6       0.877780970       0.012391055       0.000000000  C
  2     6      -0.126030062      -0.114152686       0.000000000  C
  2     6       0.086595653      -0.002148078       0.000000000  C
  2     6      -0.038368472      -0.026206337       0.000000000  C
  2     6       0.082486347      -0.070008702       0.000000000  C
  2     6       0.001503940       0.269809656       0.000000000  C
  2     6      -0.013455103      -0.273889420       0.000000000  C
  2     6      -0.799712071      15.743667406       0.000000000  C
  2     6       0.082256683      -4.792998383       0.000000000  C
  2     6      -0.011950597      15.745511079       0.000000000  C
  2     6       0.069949722      -4.873513076       0.000000000  C
  2     6       1.049643193      21.924603935       0.000000000  C
  2     6       0.852634527      -0.115346251       0.000000000  C
  2     6      -0.037804999       0.063192120       0.000000000  C
  2     6      -0.011908328      -0.027325105       0.000000000  C
  2     6       0.017228128       0.036796253       0.000000000  C
  2     6       0.074343634      -0.109826402       0.000000000  C
  2     6      -1.417395630      21.407218682       0.000000000  C
  2     6      -1.025159897      -0.147075709       0.000000000  C
  2     6      -1.005716052      21.677730754       0.000000000  C
  2     6       0.020744720       0.108219937       0.000000000  C
  2     6      -0.011436161      -0.132611175       0.000000000  C
  2     6       0.119221437      -0.078029804       0.000000000  C
  2     6      -0.242054515      -0.084282940       0.000000000  C
  2     6       0.127880008      -0.007276044       0.000000000  C
  2     6       0.003345161      -0.083665993       0.000000000  C
  2     6       0.070419972      -0.002896136       0.000000000  C
  2     6      -0.220049980      -0.118299735       0.000000000  C
  2     6      -0.043184349       0.229988293       0.000000000  C
  2     6       0.017300998      -0.236264715       0.000000000  C
  2     6      -0.261292364       0.138624968       0.000000000  C
  2     6       0.063041834      -0.017008110       0.000000000  C
  2     6       0.797199136     -21.367237373       0.000000000  C
  2     6      -0.218948891       0.108181081       0.000000000  C
  2     6       0.090500628       0.075527685       0.000000000  C
  2     6      -0.097793175       4.897249284       0.000000000  C
  2     6       0.079795675     -15.820941370       0.000000000  C
