               -901.6828970801
         -0.000143933      -0.000001098       0.000000000
         -0.000001098      -0.000140686       0.000000000
          0.000000000       0.000000000       0.000000442
          72
  1     6      -0.003253352      -0.002730310       0.000000000  C
  1     6       0.003880431       0.002176756       0.000000000  C
  1     6       0.004772778      -0.001553059       0.000000000  C
  1     6       0.000631473      -0.004638974       0.000000000  C
  1     6       0.001304921       0.004140747       0.000000000  C
  1     6      -0.004131914       0.002043944       0.000000000  C
  1     6       0.003370316      -0.002002856       0.000000000  C
  1     6       0.001919024      -0.003130828       0.000000000  C
  1     6      -0.001369815      -0.014418052       0.000000000  C
  1     6       0.000022586       0.003189053       0.000000000  C
  1     6       0.003608819       0.009941445       0.000000000  C
  1     6      -0.001717495       0.002355394       0.000000000  C
  1     6       0.000446290       0.003234933       0.000000000  C
  1     6      -0.002079959       0.003634553       0.000000000  C
  1     6      -0.000075675       0.003511947       0.000000000  C
  1     6      -0.004315107       0.002067496       0.000000000  C
  1     6       0.002698078      -0.000642538       0.000000000  C
  1     6      -0.000199934      -0.002162038       0.000000000  C
  1     6      -0.001071014      -0.002997245       0.000000000  C
  1     6       0.014187459       0.000848264       0.000000000  C
  1     6      -0.001431728       0.001527501       0.000000000  C
  1     6      -0.013242425      -0.001063563       0.000000000  C
  1     6       0.003238221      -0.001133406       0.000000000  C
  1     6       0.000438013      -0.003625521       0.000000000  C
  1     6       0.003587258      -0.002963294       0.000000000  C
  1     6      -0.000407178      -0.004624928       0.000000000  C
  1     6      -0.004095072      -0.002948434       0.000000000  C
  1     6       0.001713486       0.001142414       0.000000000  C
  1     6      -0.006035375       0.011148635       0.000000000  C
  1     6       0.000269321       0.038201409       0.000000000  C
  1     6       0.032285879       0.015711829       0.000000000  C
  1     6      -0.007182353      -0.011500103       0.000000000  C
  1     6      -0.027231277       0.019979501       0.000000000  C
  1     6       0.002443768       0.029894748       0.000000000  C
  1     6       0.001376918       0.001460848       0.000000000  C
  1     6      -0.001934842       0.000975628       0.000000000  C
  1     6       0.006919440      -0.011849602       0.000000000  C
  1     6       0.032826570      -0.019995043       0.000000000  C
  1     6      -0.013721216      -0.008596541       0.000000000  C
  1     6      -0.002616042      -0.000616407       0.000000000  C
  1     6       0.007120744       0.010601200       0.000000000  C
  1     6       0.030974690       0.020774128       0.000000000  C
  1     6      -0.012766786      -0.000213145       0.000000000  C
  1     6       0.001979318      -0.001927085       0.000000000  C
  1     6      -0.007454116      -0.010814388       0.000000000  C
  1     6       0.004286927      -0.034320127       0.000000000  C
  1     6       0.028668321      -0.012950822       0.000000000  C
  1     6       0.002469047       0.001945376       0.000000000  C
  1     6      -0.001533098       0.002414799       0.000000000  C
  1     6       0.009348961      -0.002348691       0.000000000  C
  1     6       0.000716219      -0.002343918       0.000000000  C
  1     6       0.000004996      -0.022962664       0.000000000  C
  1     6      -0.031349422       0.001990594       0.000000000  C
  1     6      -0.057488375      -0.033795551       0.000000000  C
  1     6      -0.004300571      -0.002485646       0.000000000  C
  1     6      -0.020521376       0.011053644       0.000000000  C
  1     6      -0.014097714      -0.027971531       0.000000000  C
  1     6       0.000029072       0.008230103       0.000000000  C
  1     6      -0.006999336       0.001912917       0.000000000  C
  1     6       0.007689847      -0.004823245       0.000000000  C
  1     6      -0.002037246      -0.006985320       0.000000000  C
  1     6      -0.012679559       0.005136872       0.000000000  C
  1     6       0.002517094      -0.001143388       0.000000000  C
  1     6       0.000733965      -0.000136742       0.000000000  C
  1     6       0.000769651       0.000525933       0.000000000  C
  1     6      -0.005574949      -0.002483925       0.000000000  C
  1     6       0.000635114       0.001993491       0.000000000  C
  2     7       0.024811416       0.013825851       0.000000000  N
  2     7       0.027162880       0.005094964       0.000000000  N
  2     7      -0.037417351       0.057792810       0.000000000  N
  2     7       0.018587432       0.021211170       0.000000000  N
  2     7       0.030254865      -0.059417294       0.000000000  N
