               -675.1822085464
         -0.005285536      -0.000025324       0.000000000
         -0.000025325      -0.018479190       0.000000000
          0.000000000       0.000000000      -0.000004512
          72
  1     5      -0.299358497      -4.103215758       0.000000000  B
  1     5       0.199193831      14.898798613       0.000000000  B
  1     5      -0.053968927      -3.997896091       0.000000000  B
  1     5       0.739402897      15.672825305       0.000000000  B
  1     5       0.149098718      -0.073535064       0.000000000  B
  1     5       0.125902188      -0.114412645       0.000000000  B
  1     5      -0.697743212      15.481048722       0.000000000  B
  1     5       0.007407992      -0.161681895       0.000000000  B
  1     5      -0.047563351       0.006091835       0.000000000  B
  1     5      -0.017262325      -0.021482336       0.000000000  B
  1     5       0.019463053      -0.172406857       0.000000000  B
  1     5       0.002050312       0.008231159       0.000000000  B
  1     5       0.000012979       0.026388951       0.000000000  B
  1     5      -0.095297011      -0.105032330       0.000000000  B
  1     5      -0.104525919       0.107462212       0.000000000  B
  1     5      -0.022325390       0.181318077       0.000000000  B
  1     5       0.019866061       0.165191673       0.000000000  B
  1     5       0.039919103      -0.052351321       0.000000000  B
  1     5       0.203827197       0.118277763       0.000000000  B
  1     5      -0.351707025      -0.022379600       0.000000000  B
  1     5       0.038395838       0.225571536       0.000000000  B
  2     6       0.063362706      21.493068545       0.000000000  C
  2     6       0.014256132      -4.926026839       0.000000000  C
  2     6       0.042054129       4.803232392       0.000000000  C
  2     6      -0.674922104     -15.578864286       0.000000000  C
  2     6       0.090819469       4.865179952       0.000000000  C
  2     6       0.625280236     -15.839158764       0.000000000  C
  2     6       0.956784075       0.195446589       0.000000000  C
  2     6       1.447470361     -21.369862254       0.000000000  C
  2     6       0.099368443       0.043297602       0.000000000  C
  2     6      -0.110461141       0.084454651       0.000000000  C
  2     6       0.250656697       0.161866649       0.000000000  C
  2     6      -0.053413977       0.010229918       0.000000000  C
  2     6      -0.896832586       0.273739619       0.000000000  C
  2     6      -1.400144767     -21.425111633       0.000000000  C
  2     6       0.462948125      21.211070605       0.000000000  C
  2     6       0.899996521      21.190165891       0.000000000  C
  2     6       0.956829973       0.001505342       0.000000000  C
  2     6      -0.076211246      -0.091408189       0.000000000  C
  2     6       0.091127095      -0.011813326       0.000000000  C
  2     6      -0.044554297      -0.033488612       0.000000000  C
  2     6       0.085833680      -0.053434117       0.000000000  C
  2     6       0.034884621       0.192439749       0.000000000  C
  2     6      -0.035365315      -0.219938252       0.000000000  C
  2     6      -0.461682889      21.347284052       0.000000000  C
  2     6       0.283718099      -4.502577600       0.000000000  C
  2     6       0.876523178      -0.187687079       0.000000000  C
  2     6      -0.071903977      -0.079494897       0.000000000  C
  2     6       0.096327886      -0.054997602       0.000000000  C
  2     6      -1.165897953      21.377001267       0.000000000  C
  2     6      -0.977654285       0.011152544       0.000000000  C
  2     6      -0.869528605      -0.193928074       0.000000000  C
  2     6      -0.000527321      21.731360356       0.000000000  C
  2     6       0.088414086      -0.078252780       0.000000000  C
  2     6      -0.073760255      -0.040039282       0.000000000  C
  2     6       0.055029164      -0.061612722       0.000000000  C
  2     6       0.060549798       0.004302919       0.000000000  C
  2     6      -0.264054465      -0.145653151       0.000000000  C
  2     6       0.014748327       0.225905334       0.000000000  C
  2     6       0.026813878      -0.214287469       0.000000000  C
  2     6      -0.322848144       0.135370877       0.000000000  C
  2     6       0.010000839      -0.080407899       0.000000000  C
  2     6      -0.069807046       0.087372265       0.000000000  C
  2     6      -0.019650362     -21.887188053       0.000000000  C
  2     6       0.861007616       0.231423256       0.000000000  C
  2     6       1.030987465     -21.868574086       0.000000000  C
  2     6      -0.777603473       0.223513833       0.000000000  C
  2     6      -1.070063122     -21.730401414       0.000000000  C
  2     6       0.097300403       4.885157886       0.000000000  C
  2     6      -0.066193228     -15.647300253       0.000000000  C
  2     6       0.020179925       4.982616366       0.000000000  C
  2     6       0.001862457     -21.519745816       0.000000000  C
