               -941.8037144627
         -0.004691398       0.000043459       0.000000000
          0.000043459      -0.020786533       0.000000000
          0.000000000       0.000000000      -0.000000217
          72
  1     7      -0.071636365       0.004088280       0.000000000  N
  1     7       0.023567093       0.047818948       0.000000001  N
  1     7       0.118890754      -0.078275183       0.000000000  N
  1     7       0.004568871      -4.837230379       0.000000254  N
  1     7       0.541587752      26.398160749      -0.000000152  N
  1     7       0.034658584      -0.060440834       0.000000001  N
  1     7      -0.077814127       0.023916652       0.000000000  N
  1     7       0.009156987      -0.014428317       0.000000001  N
  1     7      -0.584916848      26.381625642      -0.000000176  N
  1     7       0.006861359      -0.255865486      -0.000000004  N
  1     7       0.039342192      -0.049933842       0.000000001  N
  1     7       0.132092175       0.032383960       0.000000000  N
  1     7      -0.022759343      -0.049242156       0.000000003  N
  1     7      -0.057029908      -0.041277732       0.000000000  N
  1     7      -0.126759931       0.040717565       0.000000000  N
  1     7       0.016665093       0.015925143       0.000000000  N
  1     7       0.017617036      -0.020063400       0.000000001  N
  1     7       0.000130722       0.015744657       0.000000000  N
  1     7      -0.003294544       0.217838001      -0.000000001  N
  1     7       0.001779556     -26.474237181       0.000000000  N
  1     7      -0.018414629       0.026159768       0.000000001  N
  2     6      -0.014154689      25.117496527       0.000000000  C
  2     6      -0.000944740      -4.587072795       0.000000028  C
  2     6       0.000617688       4.599864650       0.000000034  C
  2     6      -0.316620681     -25.366620344      -0.000000015  C
  2     6      -0.017900390       4.555897870       0.000000183  C
  2     6       0.384337622     -25.406004289      -0.000000169  C
  2     6       1.008791941       0.249364240       0.000000042  C
  2     6       1.360396030     -21.404135071      -0.000000075  C
  2     6       0.070010587       0.006699038       0.000000007  C
  2     6      -0.119150580       0.059213810      -0.000000041  C
  2     6       0.078740314       0.071177954       0.000000001  C
  2     6      -0.030669864      -0.034419603      -0.000000004  C
  2     6      -1.009018966       0.235689859       0.000000063  C
  2     6      -1.358936215     -21.386767728      -0.000000182  C
  2     6       0.556038763      21.323473043       0.000000068  C
  2     6      -0.115451359      -4.903446666      -0.000000038  C
  2     6       1.294792547      21.374293920       0.000000007  C
  2     6       1.020276300      -0.389972275       0.000000112  C
  2     6      -0.034600751       0.060889550      -0.000000003  C
  2     6      -0.079371557       0.041508659       0.000000000  C
  2     6      -0.046479036      -0.125924426      -0.000000003  C
  2     6      -0.590262319      21.349936424      -0.000000217  C
  2     6       0.102355207      -4.922083419      -0.000000091  C
  2     6      -0.010278458      20.938129794      -0.000000111  C
  2     6       0.876410753      -0.163702953      -0.000000002  C
  2     6      -0.007705003       0.075075635      -0.000000017  C
  2     6      -1.288084752      21.354848926       0.000000260  C
  2     6      -1.037030499      -0.425763432       0.000000006  C
  2     6      -0.892411403      -0.134134785       0.000000033  C
  2     6      -0.017539952      22.217318781      -0.000000005  C
  2     6       0.095558910      -0.035775681      -0.000000004  C
  2     6      -0.062198832      -0.017464761       0.000000006  C
  2     6       0.066610666       0.100081657      -0.000000012  C
  2     6       0.020620837       0.022134082      -0.000000003  C
  2     6      -0.066102094      -0.072711004       0.000000001  C
  2     6       0.032701680       0.171592265       0.000000001  C
  2     6       0.042039627      -0.166705564      -0.000000001  C
  2     6      -0.063509464       0.059992145       0.000000000  C
  2     6       0.028751782      -0.010921538       0.000000001  C
  2     6      -0.044729204      -0.110024587       0.000000000  C
  2     6       0.061771670      -0.107410804       0.000000002  C
  2     6       1.047861562       0.346150272      -0.000000008  C
  2     6       0.808390074     -21.770376668      -0.000000014  C
  2     6      -1.051315114       0.333654484      -0.000000014  C
  2     6      -0.777417085     -21.776275320       0.000000151  C
  2     6      -0.072827423      -0.006021028      -0.000000003  C
  2     6       0.125789462       0.071768120      -0.000000034  C
  2     6       0.007694459       5.016217143      -0.000000023  C
  2     6       0.005772243     -21.357044704       0.000000028  C
  2     6       0.004115848       4.785686172       0.000000126  C
  2     6       0.036636604     -21.186701291      -0.000000002  C
