     1  1  0.00453515     139
     2  1  0.00453515     139
     3  1  0.00453515     138
     4  1  0.00453515     138
     5  1  0.00453515     138
     6  1  0.00453515     138
     7  1  0.00453515     138
     8  1  0.00453515     138
     9  1  0.00453515     138
    10  1  0.00453515     138
    11  1  0.00453515     138
    12  1  0.00453515     138
    13  1  0.00453515     138
    14  1  0.00453515     138
    15  1  0.00453515     138
    16  1  0.00453515     138
    17  1  0.00453515     138
    18  1  0.00453515     138
    19  1  0.00453515     138
    20  1  0.00453515     139
    21  1  0.00453515     139
    22  1  0.00453515     138
    23  1  0.00453515     138
    24  1  0.00453515     138
    25  1  0.00453515     138
    26  1  0.00453515     138
    27  1  0.00453515     138
    28  1  0.00453515     138
    29  1  0.00453515     138
    30  1  0.00453515     138
    31  1  0.00453515     138
    32  1  0.00453515     138
    33  1  0.00453515     138
    34  1  0.00453515     138
    35  1  0.00453515     138
    36  1  0.00453515     138
    37  1  0.00453515     138
    38  1  0.00453515     138
    39  1  0.00453515     138
    40  1  0.00453515     138
    41  1  0.00453515     138
    42  1  0.00453515     138
    43  1  0.00453515     138
    44  1  0.00453515     138
    45  1  0.00453515     138
    46  1  0.00453515     138
    47  1  0.00453515     138
    48  1  0.00453515     138
    49  1  0.00453515     138
    50  1  0.00453515     138
    51  1  0.00453515     138
    52  1  0.00453515     138
    53  1  0.00453515     138
    54  1  0.00453515     138
    55  1  0.00453515     138
    56  1  0.00453515     138
    57  1  0.00453515     138
    58  1  0.00453515     138
    59  1  0.00453515     138
    60  1  0.00453515     138
    61  1  0.00453515     138
    62  1  0.00453515     138
    63  1  0.00453515     138
    64  1  0.00453515     138
    65  1  0.00453515     138
    66  1  0.00453515     138
    67  1  0.00453515     138
    68  1  0.00453515     138
    69  1  0.00453515     138
    70  1  0.00453515     138
    71  1  0.00453515     138
    72  1  0.00453515     138
    73  1  0.00453515     138
    74  1  0.00453515     138
    75  1  0.00453515     138
    76  1  0.00453515     138
    77  1  0.00453515     138
    78  1  0.00453515     138
    79  1  0.00453515     138
    80  1  0.00453515     138
    81  1  0.00453515     138
    82  1  0.00453515     138
    83  1  0.00453515     138
    84  1  0.00453515     138
    85  1  0.00453515     138
    86  1  0.00453515     138
    87  1  0.00453515     138
    88  1  0.00453515     138
    89  1  0.00453515     138
    90  1  0.00453515     138
    91  1  0.00453515     138
    92  1  0.00453515     138
    93  1  0.00453515     138
    94  1  0.00453515     138
    95  1  0.00453515     138
    96  1  0.00453515     138
    97  1  0.00453515     138
    98  1  0.00453515     138
    99  1  0.00453515     138
   100  1  0.00453515     138
   101  1  0.00453515     138
   102  1  0.00453515     138
   103  1  0.00453515     138
   104  1  0.00453515     138
   105  1  0.00453515     138
   106  1  0.00453515     138
   107  1  0.00453515     138
   108  1  0.00453515     138
   109  1  0.00453515     138
   110  1  0.00453515     138
   111  1  0.00453515     138
   112  1  0.00453515     138
   113  1  0.00453515     138
   114  1  0.00453515     138
   115  1  0.00453515     138
   116  1  0.00453515     138
   117  1  0.00453515     138
   118  1  0.00453515     138
   119  1  0.00453515     138
   120  1  0.00453515     138
   121  1  0.00453515     138
   122  1  0.00453515     138
   123  1  0.00453515     138
   124  1  0.00453515     138
   125  1  0.00453515     138
   126  1  0.00453515     138
   127  1  0.00453515     138
   128  1  0.00453515     138
   129  1  0.00453515     138
   130  1  0.00453515     138
   131  1  0.00453515     138
   132  1  0.00453515     138
   133  1  0.00453515     138
   134  1  0.00453515     138
   135  1  0.00453515     138
   136  1  0.00453515     138
   137  1  0.00453515     138
   138  1  0.00453515     138
   139  1  0.00453515     138
   140  1  0.00453515     138
   141  1  0.00453515     138
   142  1  0.00453515     138
   143  1  0.00453515     138
   144  1  0.00453515     138
   145  1  0.00453515     138
   146  1  0.00453515     138
   147  1  0.00453515     138
   148  1  0.00453515     137
   149  1  0.00453515     137
   150  1  0.00453515     137
   151  1  0.00453515     137
   152  1  0.00453515     137
   153  1  0.00453515     137
   154  1  0.00453515     137
   155  1  0.00453515     137
   156  1  0.00453515     137
   157  1  0.00453515     137
   158  1  0.00453515     137
   159  1  0.00453515     137
   160  1  0.00453515     137
   161  1  0.00453515     137
   162  1  0.00453515     137
   163  1  0.00453515     137
   164  1  0.00453515     137
   165  1  0.00453515     137
   166  1  0.00453515     137
   167  1  0.00453515     137
   168  1  0.00453515     137
   169  1  0.00453515     137
   170  1  0.00453515     137
   171  1  0.00453515     137
   172  1  0.00453515     137
   173  1  0.00453515     137
   174  1  0.00453515     137
   175  1  0.00453515     137
   176  1  0.00453515     137
   177  1  0.00453515     137
   178  1  0.00453515     137
   179  1  0.00453515     137
   180  1  0.00453515     137
   181  1  0.00453515     137
   182  1  0.00453515     137
   183  1  0.00453515     137
   184  1  0.00453515     137
   185  1  0.00453515     137
   186  1  0.00453515     137
   187  1  0.00453515     137
   188  1  0.00453515     137
   189  1  0.00453515     137
   190  1  0.00453515     136
   191  1  0.00453515     136
   192  1  0.00453515     136
   193  1  0.00453515     136
   194  1  0.00453515     136
   195  1  0.00453515     136
   196  1  0.00453515     136
   197  1  0.00453515     136
   198  1  0.00453515     136
   199  1  0.00453515     136
   200  1  0.00453515     136
   201  1  0.00453515     136
   202  1  0.00453515     136
   203  1  0.00453515     136
   204  1  0.00453515     136
   205  1  0.00453515     136
   206  1  0.00453515     136
   207  1  0.00453515     136
   208  1  0.00453515     136
   209  1  0.00453515     136
   210  1  0.00453515     136
   211  1  0.00226757     136
   212  1  0.00226757     136
   213  1  0.00226757     136
   214  1  0.00226757     136
   215  1  0.00226757     136
   216  1  0.00226757     136
   217  1  0.00226757     136
   218  1  0.00226757     136
   219  1  0.00226757     136
   220  1  0.00226757     136
   221  1  0.00226757     136
   222  1  0.00226757     136
   223  1  0.00226757     136
   224  1  0.00226757     136
   225  1  0.00226757     136
   226  1  0.00226757     136
   227  1  0.00226757     136
   228  1  0.00226757     136
   229  1  0.00226757     136
   230  1  0.00226757     136
   231  1  0.00226757     136
