               -943.0938234364
         -0.004414922       0.000123427       0.000000000
          0.000123426      -0.021060919       0.000000000
          0.000000000       0.000000000      -0.000000396
          72
  1     7       0.150038762       4.950754222       0.000000000  N
  1     7      -1.308077586       0.195082717       0.000000000  N
  1     7      -0.999475545     -25.488135741       0.000000000  N
  1     7       0.033389577      -0.096656043       0.000000000  N
  1     7       0.025039192      -0.034438727       0.000000000  N
  1     7      -0.007327803      -0.002338086       0.000000000  N
  1     7       0.005642054      -0.079331993       0.000000000  N
  1     7      -0.057242116      -0.028130882       0.000000000  N
  1     7      -0.045006105       0.023830969       0.000000000  N
  1     7      -0.054795088      -0.121357094       0.000000000  N
  1     7       0.039178590       0.057165218       0.000000000  N
  1     7       0.066478626      -0.058293939       0.000000000  N
  1     7       0.066574594       0.111065292       0.000000000  N
  1     7       0.055448004      -0.117557333       0.000000000  N
  1     7      -0.044508684       0.150968070       0.000000000  N
  1     7       0.066493099       0.187652192       0.000000000  N
  1     7       0.017743340       0.096167407       0.000000000  N
  1     7      -1.012288144       0.137308528       0.000000000  N
  1     7       0.101330693     -26.351688281       0.000000000  N
  1     7       0.097318201       4.264521335       0.000000000  N
  1     7       0.122329558     -25.735273089       0.000000000  N
  2     6      -0.710948006      21.158112234       0.000000000  C
  2     6      -0.020102036      -4.714150044       0.000000000  C
  2     6      -0.303168183     -21.172767145       0.000000000  C
  2     6       0.003049709       4.949369674       0.000000000  C
  2     6       0.648017237     -21.208912328       0.000000000  C
  2     6       1.059094809       0.190132770       0.000000000  C
  2     6       1.271414523     -21.354074762       0.000000000  C
  2     6       0.092047497      -0.001783417       0.000000000  C
  2     6      -0.108230305       0.073260407       0.000000000  C
  2     6       0.076506855       0.086396252       0.000000000  C
  2     6      -0.064556912       0.011046904       0.000000000  C
  2     6      -0.261658784      21.221001856       0.000000000  C
  2     6      -0.138751713      -4.719533144       0.000000000  C
  2     6       1.259838288      21.353608387       0.000000000  C
  2     6       1.013095834      -0.186635935       0.000000000  C
  2     6      -0.097155417      -0.078648099       0.000000000  C
  2     6       0.097875173       0.002394771       0.000000000  C
  2     6      -0.066893436      -0.016843149       0.000000000  C
  2     6       0.071851449      -0.086379362       0.000000000  C
  2     6      -0.006074065       0.278701076       0.000000000  C
  2     6      -0.011162453      -0.276870924       0.000000000  C
  2     6      -0.948805783      25.514569394       0.000000000  C
  2     6       0.041598324      -4.459753710       0.000000000  C
  2     6      -0.528763767      25.932592923       0.000000000  C
  2     6      -0.138182221      -4.676032255       0.000000000  C
  2     6       0.910542347      21.618440845       0.000000000  C
  2     6       0.848363639      -0.252049636       0.000000000  C
  2     6      -0.091512181       0.126751216       0.000000000  C
  2     6      -0.028090184      -0.041038909       0.000000000  C
  2     6      -0.010197069       0.041244991       0.000000000  C
  2     6      -0.013399111      -0.045763632       0.000000000  C
  2     6      -1.029424403      25.512211122       0.000000000  C
  2     6      -1.085005513      -0.148707403       0.000000000  C
  2     6      -0.819253527      21.785073470       0.000000000  C
  2     6      -0.914841572      -0.164176899       0.000000000  C
  2     6      -0.024463229      22.025203268       0.000000000  C
  2     6       0.079534720      -0.021362640       0.000000000  C
  2     6      -0.045238680       0.021273686       0.000000000  C
  2     6       0.080596333       0.122367361       0.000000000  C
  2     6      -0.037477750       0.092346144       0.000000000  C
  2     6      -0.057258586      -0.113005659       0.000000000  C
  2     6      -0.024226939       0.030826160       0.000000000  C
  2     6      -0.082928702      -0.132112020       0.000000000  C
  2     6       0.672347301     -22.372850355       0.000000000  C
  2     6       0.058745021      -0.141589202       0.000000000  C
  2     6       0.924875059       0.202009736       0.000000000  C
  2     6       1.129267467     -21.836131794       0.000000000  C
  2     6       0.013729943       0.018222683       0.000000000  C
  2     6       0.068736402       0.028894811       0.000000000  C
  2     6      -0.113967856       4.916108562       0.000000000  C
  2     6       0.034624322     -21.160460623       0.000000000  C
