     1  1  0.00453515     140
     2  1  0.00453515     140
     3  1  0.00453515     139
     4  1  0.00453515     139
     5  1  0.00453515     139
     6  1  0.00453515     139
     7  1  0.00453515     139
     8  1  0.00453515     139
     9  1  0.00453515     139
    10  1  0.00453515     139
    11  1  0.00453515     139
    12  1  0.00453515     139
    13  1  0.00453515     139
    14  1  0.00453515     139
    15  1  0.00453515     139
    16  1  0.00453515     139
    17  1  0.00453515     139
    18  1  0.00453515     139
    19  1  0.00453515     140
    20  1  0.00453515     140
    21  1  0.00453515     140
    22  1  0.00453515     140
    23  1  0.00453515     140
    24  1  0.00453515     140
    25  1  0.00453515     139
    26  1  0.00453515     139
    27  1  0.00453515     139
    28  1  0.00453515     139
    29  1  0.00453515     139
    30  1  0.00453515     139
    31  1  0.00453515     139
    32  1  0.00453515     139
    33  1  0.00453515     139
    34  1  0.00453515     139
    35  1  0.00453515     139
    36  1  0.00453515     139
    37  1  0.00453515     139
    38  1  0.00453515     139
    39  1  0.00453515     139
    40  1  0.00453515     140
    41  1  0.00453515     140
    42  1  0.00453515     140
    43  1  0.00453515     140
    44  1  0.00453515     140
    45  1  0.00453515     140
    46  1  0.00453515     140
    47  1  0.00453515     139
    48  1  0.00453515     139
    49  1  0.00453515     139
    50  1  0.00453515     139
    51  1  0.00453515     139
    52  1  0.00453515     139
    53  1  0.00453515     139
    54  1  0.00453515     139
    55  1  0.00453515     139
    56  1  0.00453515     139
    57  1  0.00453515     139
    58  1  0.00453515     139
    59  1  0.00453515     139
    60  1  0.00453515     139
    61  1  0.00453515     140
    62  1  0.00453515     140
    63  1  0.00453515     140
    64  1  0.00453515     140
    65  1  0.00453515     140
    66  1  0.00453515     140
    67  1  0.00453515     140
    68  1  0.00453515     140
    69  1  0.00453515     140
    70  1  0.00453515     139
    71  1  0.00453515     139
    72  1  0.00453515     139
    73  1  0.00453515     139
    74  1  0.00453515     139
    75  1  0.00453515     139
    76  1  0.00453515     139
    77  1  0.00453515     139
    78  1  0.00453515     139
    79  1  0.00453515     139
    80  1  0.00453515     139
    81  1  0.00453515     139
    82  1  0.00453515     140
    83  1  0.00453515     140
    84  1  0.00453515     140
    85  1  0.00453515     140
    86  1  0.00453515     140
    87  1  0.00453515     140
    88  1  0.00453515     140
    89  1  0.00453515     140
    90  1  0.00453515     140
    91  1  0.00453515     140
    92  1  0.00453515     139
    93  1  0.00453515     139
    94  1  0.00453515     139
    95  1  0.00453515     139
    96  1  0.00453515     139
    97  1  0.00453515     139
    98  1  0.00453515     139
    99  1  0.00453515     139
   100  1  0.00453515     139
   101  1  0.00453515     139
   102  1  0.00453515     139
   103  1  0.00453515     140
   104  1  0.00453515     140
   105  1  0.00453515     140
   106  1  0.00453515     140
   107  1  0.00453515     140
   108  1  0.00453515     140
   109  1  0.00453515     140
   110  1  0.00453515     140
   111  1  0.00453515     140
   112  1  0.00453515     140
   113  1  0.00453515     140
   114  1  0.00453515     139
   115  1  0.00453515     139
   116  1  0.00453515     139
   117  1  0.00453515     139
   118  1  0.00453515     139
   119  1  0.00453515     139
   120  1  0.00453515     139
   121  1  0.00453515     139
   122  1  0.00453515     139
   123  1  0.00453515     139
   124  1  0.00453515     140
   125  1  0.00453515     140
   126  1  0.00453515     140
   127  1  0.00453515     140
   128  1  0.00453515     140
   129  1  0.00453515     140
   130  1  0.00453515     140
   131  1  0.00453515     140
   132  1  0.00453515     140
   133  1  0.00453515     140
   134  1  0.00453515     140
   135  1  0.00453515     139
   136  1  0.00453515     139
   137  1  0.00453515     139
   138  1  0.00453515     139
   139  1  0.00453515     139
   140  1  0.00453515     139
   141  1  0.00453515     139
   142  1  0.00453515     139
   143  1  0.00453515     139
   144  1  0.00453515     140
   145  1  0.00453515     140
   146  1  0.00453515     140
   147  1  0.00453515     140
   148  1  0.00453515     140
   149  1  0.00453515     140
   150  1  0.00453515     140
   151  1  0.00453515     140
   152  1  0.00453515     140
   153  1  0.00453515     140
   154  1  0.00453515     140
   155  1  0.00453515     140
   156  1  0.00453515     140
   157  1  0.00453515     139
   158  1  0.00453515     139
   159  1  0.00453515     139
   160  1  0.00453515     139
   161  1  0.00453515     139
   162  1  0.00453515     139
   163  1  0.00453515     139
   164  1  0.00453515     139
   165  1  0.00453515     140
   166  1  0.00453515     140
   167  1  0.00453515     140
   168  1  0.00453515     140
   169  1  0.00453515     140
   170  1  0.00453515     140
   171  1  0.00453515     140
   172  1  0.00453515     140
   173  1  0.00453515     140
   174  1  0.00453515     140
   175  1  0.00453515     140
   176  1  0.00453515     140
   177  1  0.00453515     139
   178  1  0.00453515     139
   179  1  0.00453515     139
   180  1  0.00453515     139
   181  1  0.00453515     139
   182  1  0.00453515     139
   183  1  0.00453515     139
   184  1  0.00453515     139
   185  1  0.00453515     139
   186  1  0.00453515     140
   187  1  0.00453515     140
   188  1  0.00453515     140
   189  1  0.00453515     140
   190  1  0.00453515     141
   191  1  0.00453515     141
   192  1  0.00453515     141
   193  1  0.00453515     141
   194  1  0.00453515     141
   195  1  0.00453515     140
   196  1  0.00453515     140
   197  1  0.00453515     140
   198  1  0.00453515     140
   199  1  0.00453515     140
   200  1  0.00453515     140
   201  1  0.00453515     140
   202  1  0.00453515     140
   203  1  0.00453515     140
   204  1  0.00453515     140
   205  1  0.00453515     140
   206  1  0.00453515     140
   207  1  0.00453515     141
   208  1  0.00453515     141
   209  1  0.00453515     141
   210  1  0.00453515     141
   211  1  0.00226757     139
   212  1  0.00226757     139
   213  1  0.00226757     139
   214  1  0.00226757     139
   215  1  0.00226757     139
   216  1  0.00226757     139
   217  1  0.00226757     139
   218  1  0.00226757     139
   219  1  0.00226757     139
   220  1  0.00226757     139
   221  1  0.00226757     139
   222  1  0.00226757     139
   223  1  0.00226757     139
   224  1  0.00226757     139
   225  1  0.00226757     139
   226  1  0.00226757     139
   227  1  0.00226757     139
   228  1  0.00226757     139
   229  1  0.00226757     139
   230  1  0.00226757     139
   231  1  0.00226757     139
