               -943.0471886508
         -0.004359032       0.000062893       0.000000000
          0.000062897      -0.021113770       0.000000000
          0.000000000       0.000000000      -0.000000269
          72
  1     7       0.041692252       4.117001354       0.000000000  N
  1     7       0.532030215     -25.225662718       0.000000000  N
  1     7       0.056087541       0.086697835       0.000000000  N
  1     7      -0.043021522      -0.058684051       0.000000000  N
  1     7       0.070371367      -0.106540192       0.000000000  N
  1     7      -0.081060065       0.091517122       0.000000000  N
  1     7       0.060264870       0.014091656       0.000000000  N
  1     7      -0.013628562       0.080002774       0.000000000  N
  1     7      -0.044554425      -0.018933856       0.000000000  N
  1     7      -0.064457026      -0.058041819       0.000000000  N
  1     7       0.027764404       0.036707692       0.000000000  N
  1     7       0.038410397      -0.034596865       0.000000000  N
  1     7       0.037461009      -0.200063338       0.000000000  N
  1     7       0.092923216       0.127799867       0.000000000  N
  1     7      -0.031084082      -0.049277427       0.000000000  N
  1     7      -0.033799790      -0.083132554       0.000000000  N
  1     7       1.102929453       0.304304065       0.000000000  N
  1     7      -1.052851043       0.207963577       0.000000000  N
  1     7      -0.372798409     -26.143943571       0.000000000  N
  1     7       0.107347162       4.151955962       0.000000000  N
  1     7      -0.214597745     -25.605013717       0.000000000  N
  2     6      -0.247976672      21.548519754       0.000000000  C
  2     6       0.047828428      -4.673894533       0.000000000  C
  2     6      -0.017776848       5.003752090       0.000000000  C
  2     6      -0.559167636     -21.390853001       0.000000000  C
  2     6       1.020604217       0.176839193       0.000000000  C
  2     6       1.177669444     -21.512739932       0.000000000  C
  2     6      -0.057068171      -0.091619380       0.000000000  C
  2     6       0.027303674       0.155503928       0.000000000  C
  2     6      -1.038682089       0.368435526       0.000000000  C
  2     6      -1.168543749     -21.402938927       0.000000000  C
  2     6       0.106670898      21.315145369       0.000000000  C
  2     6       0.062783409      -4.699063964       0.000000000  C
  2     6       0.837117045      21.443416374       0.000000000  C
  2     6       1.062908444      -0.177644656       0.000000000  C
  2     6      -0.104636056      -0.021110598       0.000000000  C
  2     6       0.045617810       0.002441746       0.000000000  C
  2     6       0.020999954       0.063331065       0.000000000  C
  2     6      -0.061460354       0.182653606       0.000000000  C
  2     6      -0.011129561      -0.207310748       0.000000000  C
  2     6      -0.474605000      25.550343351       0.000000000  C
  2     6       0.082028616      -4.626689332       0.000000000  C
  2     6       0.429368735      26.065266835       0.000000000  C
  2     6      -0.009867666      -4.855516848       0.000000000  C
  2     6       0.760890025      26.375985900       0.000000000  C
  2     6       0.929725209      -0.257640288       0.000000000  C
  2     6      -0.045298510       0.114561506       0.000000000  C
  2     6       0.070097689      -0.006207198       0.000000000  C
  2     6      -0.008399761      -0.083092910       0.000000000  C
  2     6      -1.302003399      21.450906083       0.000000000  C
  2     6      -1.001070973      -0.266052078       0.000000000  C
  2     6      -0.635614233      21.840532221       0.000000000  C
  2     6      -0.909566002      -0.262969436       0.000000000  C
  2     6      -0.031157119      21.952660986       0.000000000  C
  2     6       0.015532154       0.028722066       0.000000000  C
  2     6      -0.037621095       0.014645918       0.000000000  C
  2     6      -0.009143574       0.020005100       0.000000000  C
  2     6       0.120930868      -0.026544388       0.000000000  C
  2     6      -0.069613968       0.010615333       0.000000000  C
  2     6       0.040441487       0.006547084       0.000000000  C
  2     6      -0.072936708      -0.079981579       0.000000000  C
  2     6       0.046141382       0.181835461       0.000000000  C
  2     6       0.035383707      -0.189653058       0.000000000  C
  2     6      -0.076922659       0.088311681       0.000000000  C
  2     6       0.052621672      -0.019844592       0.000000000  C
  2     6      -0.035320074       0.029404650       0.000000000  C
  2     6       0.232440787     -22.901739940       0.000000000  C
  2     6       0.659947133     -21.803543567       0.000000000  C
  2     6      -0.060406636       0.032549956       0.000000000  C
  2     6       0.092165661      -0.003384956       0.000000000  C
  2     6      -0.154731778       5.214380963       0.000000000  C
  2     6      -0.004543329     -21.314588783       0.000000000  C
