# EIG2DOS: Utility for SIESTA to obtain the electronic density of states
#
#                                                  Emilio Artacho, Apr. 1999
# --------------------------------------------------------------------------
# Nbands, Nspin, Nk   =    936     1   352
# E_F                 =    -3.4103 eV
# Broadening          =     0.0500 eV
# Number of electrons =   321.9148  322.3425 per cell
#
#        E            N
# --------------------------------------------------------------------------
    -10.000000      8.371640
     -9.980000      7.947701
     -9.960000      7.476057
     -9.940000      7.075089
     -9.920000      6.865595
     -9.900000      6.915608
     -9.880000      7.160415
     -9.860000      7.405125
     -9.840000      7.466931
     -9.820000      7.338921
     -9.800000      7.195571
     -9.780000      7.206940
     -9.760000      7.375217
     -9.740000      7.577720
     -9.720000      7.697719
     -9.700000      7.678238
     -9.680000      7.533157
     -9.660000      7.341970
     -9.640000      7.196085
     -9.620000      7.158338
     -9.600000      7.273339
     -9.580000      7.558147
     -9.560000      7.947665
     -9.540000      8.293089
     -9.520000      8.494781
     -9.500000      8.620095
     -9.480000      8.810393
     -9.460000      9.104595
     -9.440000      9.416726
     -9.420000      9.646474
     -9.400000      9.770981
     -9.380000      9.853026
     -9.360000      9.982219
     -9.340000     10.199419
     -9.320000     10.461495
     -9.300000     10.670248
     -9.280000     10.745056
     -9.260000     10.699331
     -9.240000     10.686856
     -9.220000     10.958907
     -9.200000     11.691081
     -9.180000     12.828941
     -9.160000     14.163926
     -9.140000     15.567737
     -9.120000     17.028019
     -9.100000     18.312313
     -9.080000     18.745271
     -9.060000     17.715379
     -9.040000     15.474631
     -9.020000     13.109642
     -9.000000     11.666625
     -8.980000     11.532805
     -8.960000     12.551436
     -8.940000     14.363289
     -8.920000     16.488149
     -8.900000     18.224639
     -8.880000     18.843995
     -8.860000     18.186994
     -8.840000     16.928932
     -8.820000     15.948530
     -8.800000     15.503693
     -8.780000     15.254294
     -8.760000     14.917127
     -8.740000     14.530472
     -8.720000     14.140268
     -8.700000     13.596773
     -8.680000     12.783470
     -8.660000     11.872348
     -8.640000     11.188483
     -8.620000     10.865852
     -8.600000     10.782972
     -8.580000     10.819171
     -8.560000     11.032724
     -8.540000     11.593662
     -8.520000     12.656739
     -8.500000     14.252772
     -8.480000     16.086052
     -8.460000     17.420195
     -8.440000     17.513396
     -8.420000     16.386342
     -8.400000     14.920582
     -8.380000     14.000418
     -8.360000     13.745859
     -8.340000     13.725015
     -8.320000     13.664161
     -8.300000     13.674832
     -8.280000     13.909337
     -8.260000     14.288303
     -8.240000     14.622835
     -8.220000     14.855836
     -8.200000     15.086962
     -8.180000     15.431479
     -8.160000     15.956539
     -8.140000     16.701640
     -8.120000     17.637891
     -8.100000     18.616635
     -8.080000     19.481752
     -8.060000     20.254550
     -8.040000     21.070187
     -8.020000     21.939432
     -8.000000     22.735631
     -7.980000     23.273108
     -7.960000     23.175894
     -7.940000     21.985428
     -7.920000     19.800484
     -7.900000     17.607834
     -7.880000     16.556597
     -7.860000     16.865933
     -7.840000     17.648845
     -7.820000     17.798366
     -7.800000     16.866482
     -7.780000     15.143223
     -7.760000     13.199553
     -7.740000     11.491004
     -7.720000     10.257856
     -7.700000      9.687812
     -7.680000     10.082904
     -7.660000     11.646694
     -7.640000     13.990743
     -7.620000     16.076026
     -7.600000     16.948867
     -7.580000     16.505494
     -7.560000     15.333577
     -7.540000     13.981693
     -7.520000     12.693331
     -7.500000     11.636841
     -7.480000     10.941255
     -7.460000     10.466896
     -7.440000      9.822994
     -7.420000      8.771663
     -7.400000      7.547235
     -7.380000      6.680231
     -7.360000      6.495977
     -7.340000      6.839669
     -7.320000      7.300076
     -7.300000      7.560318
     -7.280000      7.467962
     -7.260000      6.980353
     -7.240000      6.216666
     -7.220000      5.445409
     -7.200000      4.891171
     -7.180000      4.596292
     -7.160000      4.494323
     -7.140000      4.553014
     -7.120000      4.813409
     -7.100000      5.322093
     -7.080000      6.053866
     -7.060000      6.883510
     -7.040000      7.626102
     -7.020000      8.160988
     -7.000000      8.556544
     -6.980000      9.015970
     -6.960000      9.653565
     -6.940000     10.382862
     -6.920000     11.038376
     -6.900000     11.524893
     -6.880000     11.860842
     -6.860000     12.151722
     -6.840000     12.496874
     -6.820000     12.890028
     -6.800000     13.208140
     -6.780000     13.260686
     -6.760000     12.896277
     -6.740000     12.159400
     -6.720000     11.303597
     -6.700000     10.575401
     -6.680000     10.017462
     -6.660000      9.527865
     -6.640000      9.091035
     -6.620000      8.891120
     -6.600000      9.162115
     -6.580000      9.971417
     -6.560000     11.199188
     -6.540000     12.644740
     -6.520000     14.045842
     -6.500000     15.085430
     -6.480000     15.545894
     -6.460000     15.460560
     -6.440000     15.066049
     -6.420000     14.619620
     -6.400000     14.237664
     -6.380000     13.874036
     -6.360000     13.452512
     -6.340000     12.974903
     -6.320000     12.475140
     -6.300000     11.980077
     -6.280000     11.587035
     -6.260000     11.447771
     -6.240000     11.595671
     -6.220000     11.891481
     -6.200000     12.159738
     -6.180000     12.288483
     -6.160000     12.209239
     -6.140000     11.882551
     -6.120000     11.372396
     -6.100000     10.919900
     -6.080000     10.834035
     -6.060000     11.216163
     -6.040000     11.809325
     -6.020000     12.164920
     -6.000000     11.999559
     -5.980000     11.429766
     -5.960000     10.846838
     -5.940000     10.566674
     -5.920000     10.627174
     -5.900000     10.847547
     -5.880000     10.981675
     -5.860000     10.835793
     -5.840000     10.345863
     -5.820000      9.621224
     -5.800000      8.903044
     -5.780000      8.447185
     -5.760000      8.421118
     -5.740000      8.837905
     -5.720000      9.538517
     -5.700000     10.277620
     -5.680000     10.858385
     -5.660000     11.187863
     -5.640000     11.277219
     -5.620000     11.255294
     -5.600000     11.300613
     -5.580000     11.484105
     -5.560000     11.721267
     -5.540000     11.869925
     -5.520000     11.825039
     -5.500000     11.592693
     -5.480000     11.347154
     -5.460000     11.337414
     -5.440000     11.665067
     -5.420000     12.170257
     -5.400000     12.518762
     -5.380000     12.405289
     -5.360000     11.777533
     -5.340000     10.935516
     -5.320000     10.340074
     -5.300000     10.190982
     -5.280000     10.212346
     -5.260000      9.991772
     -5.240000      9.475486
     -5.220000      8.975141
     -5.200000      8.776409
     -5.180000      8.910102
     -5.160000      9.253373
     -5.140000      9.674172
     -5.120000     10.047735
     -5.100000     10.265568
     -5.080000     10.307148
     -5.060000     10.298308
     -5.040000     10.447466
     -5.020000     10.826817
     -5.000000     11.220288
     -4.980000     11.282124
     -4.960000     10.855458
     -4.940000     10.101266
     -4.920000      9.322767
     -4.900000      8.690867
     -4.880000      8.173665
     -4.860000      7.702060
     -4.840000      7.300859
     -4.820000      7.038036
     -4.800000      6.926169
     -4.780000      6.901621
     -4.760000      6.878347
     -4.740000      6.836661
     -4.720000      6.862964
     -4.700000      7.074146
     -4.680000      7.498073
     -4.660000      8.019040
     -4.640000      8.416955
     -4.620000      8.484884
     -4.600000      8.163952
     -4.580000      7.590041
     -4.560000      6.998279
     -4.540000      6.559940
     -4.520000      6.296260
     -4.500000      6.126097
     -4.480000      5.970488
     -4.460000      5.808496
     -4.440000      5.656119
     -4.420000      5.532062
     -4.400000      5.448372
     -4.380000      5.395361
     -4.360000      5.339275
     -4.340000      5.268675
     -4.320000      5.219093
     -4.300000      5.219142
     -4.280000      5.251892
     -4.260000      5.293739
     -4.240000      5.349219
     -4.220000      5.428761
     -4.200000      5.505346
     -4.180000      5.512519
     -4.160000      5.414724
     -4.140000      5.269600
     -4.120000      5.174650
     -4.100000      5.148342
     -4.080000      5.126054
     -4.060000      5.119008
     -4.040000      5.275668
     -4.020000      5.649077
     -4.000000      6.007298
     -3.980000      6.061348
     -3.960000      5.822941
     -3.940000      5.597337
     -3.920000      5.646419
     -3.900000      5.946786
     -3.880000      6.288422
     -3.860000      6.531685
     -3.840000      6.714654
     -3.820000      6.972521
     -3.800000      7.413402
     -3.780000      8.027968
     -3.760000      8.643914
     -3.740000      8.976608
     -3.720000      8.842302
     -3.700000      8.383173
     -3.680000      7.992156
     -3.660000      7.969656
     -3.640000      8.311808
     -3.620000      8.819359
     -3.600000      9.348853
     -3.580000      9.934411
     -3.560000     10.609097
     -3.540000     11.129244
     -3.520000     11.093987
     -3.500000     10.419977
     -3.480000      9.486641
     -3.460000      8.734534
     -3.440000      8.281952
     -3.420000      7.948789
     -3.400000      7.510281
     -3.380000      6.894075
     -3.360000      6.190899
     -3.340000      5.539156
     -3.320000      5.035912
     -3.300000      4.712398
     -3.280000      4.539510
     -3.260000      4.472047
     -3.240000      4.492767
     -3.220000      4.575826
     -3.200000      4.644972
     -3.180000      4.653384
     -3.160000      4.653896
     -3.140000      4.712243
     -3.120000      4.822470
     -3.100000      4.939830
     -3.080000      5.020654
     -3.060000      5.013253
     -3.040000      4.837243
     -3.020000      4.423618
     -3.000000      3.855795
     -2.980000      3.430484
     -2.960000      3.432618
     -2.940000      3.819830
     -2.920000      4.209245
     -2.900000      4.200995
     -2.880000      3.704604
     -2.860000      2.985458
     -2.840000      2.440337
     -2.820000      2.324094
     -2.800000      2.627810
     -2.780000      3.125883
     -2.760000      3.515118
     -2.740000      3.590801
     -2.720000      3.350419
     -2.700000      2.938042
     -2.680000      2.542951
     -2.660000      2.349031
     -2.640000      2.455773
     -2.620000      2.786698
     -2.600000      3.127724
     -2.580000      3.291659
     -2.560000      3.247725
     -2.540000      3.097018
     -2.520000      2.940192
     -2.500000      2.798148
     -2.480000      2.650863
     -2.460000      2.497464
     -2.440000      2.356177
     -2.420000      2.236466
     -2.400000      2.137727
     -2.380000      2.059755
     -2.360000      1.995639
     -2.340000      1.932136
     -2.320000      1.867977
     -2.300000      1.810019
     -2.280000      1.754163
     -2.260000      1.695196
     -2.240000      1.639169
     -2.220000      1.587437
     -2.200000      1.533016
     -2.180000      1.477816
     -2.160000      1.427593
     -2.140000      1.378053
     -2.120000      1.324533
     -2.100000      1.269614
     -2.080000      1.211040
     -2.060000      1.134165
     -2.040000      1.026905
     -2.020000      0.899467
     -2.000000      0.778507
     -1.980000      0.683248
     -1.960000      0.616857
     -1.940000      0.574940
     -1.920000      0.548788
     -1.900000      0.525960
     -1.880000      0.499825
     -1.860000      0.474314
     -1.840000      0.453176
     -1.820000      0.431989
     -1.800000      0.406847
     -1.780000      0.381819
     -1.760000      0.360638
     -1.740000      0.339407
     -1.720000      0.314647
     -1.700000      0.290068
     -1.680000      0.268421
     -1.660000      0.245998
     -1.640000      0.220185
     -1.620000      0.191796
     -1.600000      0.158403
     -1.580000      0.117048
     -1.560000      0.072981
     -1.540000      0.036895
     -1.520000      0.014880
     -1.500000      0.005601
     -1.480000      0.005895
     -1.460000      0.016767
     -1.440000      0.043749
     -1.420000      0.090452
     -1.400000      0.151120
     -1.380000      0.212486
     -1.360000      0.264686
     -1.340000      0.307020
     -1.320000      0.343559
     -1.300000      0.379337
     -1.280000      0.421009
     -1.260000      0.477629
     -1.240000      0.558528
     -1.220000      0.663468
     -1.200000      0.775454
     -1.180000      0.874294
     -1.160000      0.954109
     -1.140000      1.020245
     -1.120000      1.078933
     -1.100000      1.135096
     -1.080000      1.192323
     -1.060000      1.251942
     -1.040000      1.312540
     -1.020000      1.372428
     -1.000000      1.434192
     -0.980000      1.500695
     -0.960000      1.568412
     -0.940000      1.634711
     -0.920000      1.704670
     -0.900000      1.781555
     -0.880000      1.860637
     -0.860000      1.939234
     -0.840000      2.023854
     -0.820000      2.119953
     -0.800000      2.222546
     -0.780000      2.329822
     -0.760000      2.456981
     -0.740000      2.623209
     -0.720000      2.843422
     -0.700000      3.140903
     -0.680000      3.529641
     -0.660000      3.952082
     -0.640000      4.245784
     -0.620000      4.215324
     -0.600000      3.788546
     -0.580000      3.115123
     -0.560000      2.494028
     -0.540000      2.205820
     -0.520000      2.387931
     -0.500000      2.966699
     -0.480000      3.643703
     -0.460000      4.028261
     -0.440000      3.899033
     -0.420000      3.370128
     -0.400000      2.803030
     -0.380000      2.543723
     -0.360000      2.699805
     -0.340000      3.124529
     -0.320000      3.556441
     -0.300000      3.769369
     -0.280000      3.723510
     -0.260000      3.682211
     -0.240000      4.097605
     -0.220000      5.214262
     -0.200000      6.735865
     -0.180000      8.014483
     -0.160000      8.672025
     -0.140000      8.928821
     -0.120000      9.265394
     -0.100000      9.885750
     -0.080000     10.525845
     -0.060000     10.707552
     -0.040000     10.204617
     -0.020000      9.259304
      0.000000      8.296291
      0.020000      7.527432
      0.040000      6.947526
      0.060000      6.604813
      0.080000      6.702183
      0.100000      7.378822
      0.120000      8.423128
      0.140000      9.301297
      0.160000      9.555100
      0.180000      9.118109
      0.200000      8.223579
      0.220000      7.160384
      0.240000      6.180700
      0.260000      5.483411
      0.280000      5.154382
      0.300000      5.136124
      0.320000      5.286708
      0.340000      5.471338
      0.360000      5.617487
      0.380000      5.702918
      0.400000      5.718761
      0.420000      5.688634
      0.440000      5.701021
      0.460000      5.832369
      0.480000      6.018165
      0.500000      6.105845
      0.520000      6.100475
      0.540000      6.210317
      0.560000      6.527521
      0.580000      6.815202
      0.600000      6.713774
      0.620000      6.077875
      0.640000      5.135244
      0.660000      4.382914
      0.680000      4.264188
      0.700000      4.838992
      0.720000      5.728753
      0.740000      6.416999
      0.760000      6.615696
      0.780000      6.350754
      0.800000      5.817668
      0.820000      5.259177
      0.840000      4.917618
      0.860000      4.980270
      0.880000      5.482209
      0.900000      6.225743
      0.920000      6.839864
      0.940000      7.007125
      0.960000      6.685072
      0.980000      6.100078
      1.000000      5.520940
      1.020000      5.087663
      1.040000      4.835298
      1.060000      4.732932
      1.080000      4.663708
      1.100000      4.488651
      1.120000      4.172420
      1.140000      3.800518
      1.160000      3.482268
      1.180000      3.280988
      1.200000      3.227777
      1.220000      3.336012
      1.240000      3.578433
      1.260000      3.900920
      1.280000      4.267194
      1.300000      4.640833
      1.320000      4.937738
      1.340000      5.069375
      1.360000      5.051236
      1.380000      5.021024
      1.400000      5.123217
      1.420000      5.390730
      1.440000      5.725085
      1.460000      5.959340
      1.480000      5.978220
      1.500000      5.819957
      1.520000      5.629601
      1.540000      5.509570
      1.560000      5.459189
      1.580000      5.444611
      1.600000      5.457405
      1.620000      5.484584
      1.640000      5.482448
      1.660000      5.421017
      1.680000      5.329065
      1.700000      5.258553
      1.720000      5.199912
      1.740000      5.086590
      1.760000      4.907858
      1.780000      4.735006
      1.800000      4.621177
      1.820000      4.564886
      1.840000      4.544532
      1.860000      4.512902
      1.880000      4.404762
      1.900000      4.184728
      1.920000      3.865862
      1.940000      3.508855
      1.960000      3.226604
      1.980000      3.162009
      2.000000      3.437060
      2.020000      4.082907
      2.040000      4.941682
      2.060000      5.663663
      2.080000      5.946257
      2.100000      5.791411
      2.120000      5.435897
      2.140000      5.068083
      2.160000      4.695654
      2.180000      4.264038
      2.200000      3.824834
      2.220000      3.522155
      2.240000      3.438453
      2.260000      3.547860
      2.280000      3.794555
      2.300000      4.100038
      2.320000      4.329174
      2.340000      4.371522
      2.360000      4.240483
      2.380000      4.039253
      2.400000      3.870031
      2.420000      3.783991
      2.440000      3.769510
      2.460000      3.786664
      2.480000      3.807427
      2.500000      3.804952
      2.520000      3.757706
      2.540000      3.702873
      2.560000      3.742954
      2.580000      3.963825
      2.600000      4.341011
      2.620000      4.718991
      2.640000      4.892224
      2.660000      4.743851
      2.680000      4.322103
      2.700000      3.779035
      2.720000      3.274267
      2.740000      2.954401
      2.760000      2.943874
      2.780000      3.276651
      2.800000      3.834552
      2.820000      4.381617
      2.840000      4.693525
      2.860000      4.696745
      2.880000      4.498638
      2.900000      4.250482
      2.920000      3.984865
      2.940000      3.652651
      2.960000      3.294107
      2.980000      3.045279
      3.000000      2.965881
      3.020000      2.979786
      3.040000      3.005179
      3.060000      3.050025
      3.080000      3.155548
      3.100000      3.325251
      3.120000      3.544906
      3.140000      3.805450
      3.160000      4.071631
      3.180000      4.275131
      3.200000      4.362739
      3.220000      4.339539
      3.240000      4.262275
      3.260000      4.184631
      3.280000      4.109153
      3.300000      4.006691
      3.320000      3.870569
      3.340000      3.723345
      3.360000      3.576880
      3.380000      3.421750
      3.400000      3.267599
      3.420000      3.164677
      3.440000      3.161924
      3.460000      3.245244
      3.480000      3.336265
      3.500000      3.375189
      3.520000      3.373426
      3.540000      3.351641
      3.560000      3.295365
      3.580000      3.209303
      3.600000      3.138866
      3.620000      3.117568
      3.640000      3.140180
      3.660000      3.174003
      3.680000      3.171563
      3.700000      3.104339
      3.720000      2.994312
      3.740000      2.875547
      3.760000      2.748787
      3.780000      2.629131
      3.800000      2.584151
      3.820000      2.654809
      3.840000      2.796196
      3.860000      2.938530
      3.880000      3.046096
      3.900000      3.126519
      3.920000      3.242013
      3.940000      3.459311
      3.960000      3.750109
      3.980000      4.010598
      4.000000      4.186900
      4.020000      4.311727
      4.040000      4.428464
      4.060000      4.544892
      4.080000      4.663631
      4.100000      4.804589
      4.120000      4.968772
      4.140000      5.120686
      4.160000      5.252653
      4.180000      5.441336
      4.200000      5.791346
      4.220000      6.304471
      4.240000      6.805964
      4.260000      7.024008
      4.280000      6.774351
      4.300000      6.070609
      4.320000      5.072604
      4.340000      3.987421
      4.360000      3.015689
      4.380000      2.301503
      4.400000      1.894521
      4.420000      1.792474
      4.440000      2.009060
      4.460000      2.573409
      4.480000      3.504828
      4.500000      4.820889
      4.520000      6.500755
      4.540000      8.331799
      4.560000      9.824651
      4.580000     10.475567
      4.600000     10.191313
      4.620000      9.354630
      4.640000      8.482279
      4.660000      7.915383
      4.680000      7.791260
      4.700000      8.142580
      4.720000      8.850161
      4.740000      9.527477
      4.760000      9.735081
      4.780000      9.409682
      4.800000      8.894777
      4.820000      8.560350
      4.840000      8.552709
      4.860000      8.819087
      4.880000      9.227026
      4.900000      9.709005
      4.920000     10.283091
      4.940000     10.831514
      4.960000     10.974023
      4.980000     10.381876
      5.000000      9.191128
      5.020000      7.934222
      5.040000      7.058593
      5.060000      6.616052
      5.080000      6.394483
      5.100000      6.229537
      5.120000      6.146752
      5.140000      6.246491
      5.160000      6.500562
      5.180000      6.699043
      5.200000      6.662748
      5.220000      6.500496
      5.240000      6.485931
      5.260000      6.638292
      5.280000      6.656087
      5.300000      6.331222
      5.320000      5.804943
      5.340000      5.390262
      5.360000      5.346069
      5.380000      5.816875
      5.400000      6.789102
      5.420000      7.987202
      5.440000      8.859779
      5.460000      8.870113
      5.480000      7.968306
      5.500000      6.698993
      5.520000      5.765067
      5.540000      5.598529
      5.560000      6.283152
      5.580000      7.557605
      5.600000      8.820715
      5.620000      9.433391
      5.640000      9.219352
      5.660000      8.594671
      5.680000      8.117697
      5.700000      7.953554
      5.720000      7.795316
      5.740000      7.227852
      5.760000      6.138857
      5.780000      4.844926
      5.800000      3.869988
      5.820000      3.591545
      5.840000      4.052220
      5.860000      5.029806
      5.880000      6.206954
      5.900000      7.273650
      5.920000      8.026034
      5.940000      8.537994
      5.960000      9.151609
      5.980000     10.113022
      6.000000     11.251529
      6.020000     12.117189
      6.040000     12.355931
      6.060000     11.887838
      6.080000     10.888439
      6.100000      9.764440
      6.120000      9.056856
      6.140000      9.157455
      6.160000     10.017518
      6.180000     11.180402
      6.200000     12.165462
      6.220000     12.821716
      6.240000     13.320541
      6.260000     13.854369
      6.280000     14.371013
      6.300000     14.605824
      6.320000     14.384395
      6.340000     13.872523
      6.360000     13.488408
      6.380000     13.533912
      6.400000     13.829786
      6.420000     13.773102
      6.440000     13.016927
      6.460000     12.070855
      6.480000     11.856104
      6.500000     12.628917
      6.520000     13.691502
      6.540000     14.195380
      6.560000     13.931898
      6.580000     13.330725
      6.600000     12.970584
      6.620000     13.107895
      6.640000     13.458317
      6.660000     13.465733
      6.680000     12.955809
      6.700000     12.441582
      6.720000     12.626551
      6.740000     13.695677
      6.760000     15.205649
      6.780000     16.513787
      6.800000     17.216201
      6.820000     17.369393
      6.840000     17.352110
      6.860000     17.351845
      6.880000     17.068913
      6.900000     16.133787
      6.920000     14.703865
      6.940000     13.404312
      6.960000     12.697606
      6.980000     12.528747
      7.000000     12.613689
      7.020000     12.788077
      7.040000     12.995823
      7.060000     13.220705
      7.080000     13.474927
      7.100000     13.674530
      7.120000     13.610787
      7.140000     13.189952
      7.160000     12.599390
      7.180000     12.130564
      7.200000     11.909210
      7.220000     11.883409
      7.240000     12.032231
      7.260000     12.445603
      7.280000     13.103994
      7.300000     13.675866
      7.320000     13.743486
      7.340000     13.261663
      7.360000     12.613194
      7.380000     12.191065
      7.400000     12.085298
      7.420000     12.125286
      7.440000     12.071238
      7.460000     11.816097
      7.480000     11.476099
      7.500000     11.227774
      7.520000     11.069128
      7.540000     10.851260
      7.560000     10.535754
      7.580000     10.291476
      7.600000     10.282302
      7.620000     10.421863
      7.640000     10.413492
      7.660000     10.056097
      7.680000      9.461155
      7.700000      8.921306
      7.720000      8.643902
      7.740000      8.668982
      7.760000      8.935518
      7.780000      9.335278
      7.800000      9.733472
      7.820000     10.008026
      7.840000     10.122902
      7.860000     10.136620
      7.880000     10.087762
      7.900000      9.933723
      7.920000      9.664432
      7.940000      9.383253
      7.960000      9.197634
      7.980000      9.102173
      8.000000      9.016139
      8.020000      8.894030
      8.040000      8.792533
      8.060000      8.842752
      8.080000      9.123763
      8.100000      9.549645
      8.120000      9.932551
      8.140000     10.186172
      8.160000     10.431045
      8.180000     10.865600
      8.200000     11.528106
      8.220000     12.219686
      8.240000     12.719016
      8.260000     13.019972
      8.280000     13.262683
      8.300000     13.515171
      8.320000     13.720028
      8.340000     13.782733
      8.360000     13.692833
      8.380000     13.596925
      8.400000     13.679139
      8.420000     13.966843
      8.440000     14.341685
      8.460000     14.663272
      8.480000     14.772222
      8.500000     14.505704
      8.520000     13.885608
      8.540000     13.226414
      8.560000     12.910714
      8.580000     13.041897
      8.600000     13.366563
      8.620000     13.562735
      8.640000     13.574808
      8.660000     13.600533
      8.680000     13.754071
      8.700000     13.852848
      8.720000     13.626620
      8.740000     13.056028
      8.760000     12.392739
      8.780000     11.933578
      8.800000     11.864446
      8.820000     12.203369
      8.840000     12.776102
      8.860000     13.290944
      8.880000     13.512353
      8.900000     13.420249
      8.920000     13.250892
      8.940000     13.327417
      8.960000     13.759571
      8.980000     14.315974
      9.000000     14.634454
      9.020000     14.541660
      9.040000     14.122405
      9.060000     13.533386
      9.080000     12.882733
      9.100000     12.290850
      9.120000     11.928765
      9.140000     11.923574
      9.160000     12.240823
      9.180000     12.682475
      9.200000     13.052961
      9.220000     13.317569
      9.240000     13.519439
      9.260000     13.612421
      9.280000     13.502849
      9.300000     13.211536
      9.320000     12.893788
      9.340000     12.681633
      9.360000     12.550732
      9.380000     12.380203
      9.400000     12.108884
      9.420000     11.797018
      9.440000     11.565426
      9.460000     11.491537
      9.480000     11.545854
      9.500000     11.633001
      9.520000     11.698511
      9.540000     11.796934
      9.560000     12.061172
      9.580000     12.541913
      9.600000     13.047047
      9.620000     13.258461
      9.640000     13.064198
      9.660000     12.662719
      9.680000     12.304196
      9.700000     12.048838
      9.720000     11.797091
      9.740000     11.413543
      9.760000     10.803080
      9.780000     10.006885
      9.800000      9.234631
      9.820000      8.711669
      9.840000      8.520090
      9.860000      8.622288
      9.880000      8.939815
      9.900000      9.334402
      9.920000      9.615550
      9.940000      9.682878
      9.960000      9.623958
      9.980000      9.637497
     10.000000      9.884655
