     1  1  0.00453515     137
     2  1  0.00453515     137
     3  1  0.00453515     137
     4  1  0.00453515     137
     5  1  0.00453515     138
     6  1  0.00453515     138
     7  1  0.00453515     138
     8  1  0.00453515     138
     9  1  0.00453515     138
    10  1  0.00453515     138
    11  1  0.00453515     138
    12  1  0.00453515     138
    13  1  0.00453515     138
    14  1  0.00453515     138
    15  1  0.00453515     138
    16  1  0.00453515     138
    17  1  0.00453515     137
    18  1  0.00453515     137
    19  1  0.00453515     137
    20  1  0.00453515     137
    21  1  0.00453515     137
    22  1  0.00453515     137
    23  1  0.00453515     137
    24  1  0.00453515     137
    25  1  0.00453515     137
    26  1  0.00453515     137
    27  1  0.00453515     138
    28  1  0.00453515     138
    29  1  0.00453515     138
    30  1  0.00453515     138
    31  1  0.00453515     138
    32  1  0.00453515     138
    33  1  0.00453515     138
    34  1  0.00453515     138
    35  1  0.00453515     138
    36  1  0.00453515     138
    37  1  0.00453515     138
    38  1  0.00453515     138
    39  1  0.00453515     137
    40  1  0.00453515     137
    41  1  0.00453515     137
    42  1  0.00453515     137
    43  1  0.00453515     137
    44  1  0.00453515     137
    45  1  0.00453515     137
    46  1  0.00453515     137
    47  1  0.00453515     137
    48  1  0.00453515     136
    49  1  0.00453515     136
    50  1  0.00453515     136
    51  1  0.00453515     136
    52  1  0.00453515     136
    53  1  0.00453515     136
    54  1  0.00453515     136
    55  1  0.00453515     136
    56  1  0.00453515     136
    57  1  0.00453515     136
    58  1  0.00453515     136
    59  1  0.00453515     136
    60  1  0.00453515     138
    61  1  0.00453515     137
    62  1  0.00453515     137
    63  1  0.00453515     137
    64  1  0.00453515     136
    65  1  0.00453515     136
    66  1  0.00453515     136
    67  1  0.00453515     136
    68  1  0.00453515     137
    69  1  0.00453515     137
    70  1  0.00453515     136
    71  1  0.00453515     136
    72  1  0.00453515     136
    73  1  0.00453515     136
    74  1  0.00453515     136
    75  1  0.00453515     136
    76  1  0.00453515     136
    77  1  0.00453515     136
    78  1  0.00453515     136
    79  1  0.00453515     136
    80  1  0.00453515     136
    81  1  0.00453515     137
    82  1  0.00453515     137
    83  1  0.00453515     137
    84  1  0.00453515     136
    85  1  0.00453515     136
    86  1  0.00453515     136
    87  1  0.00453515     136
    88  1  0.00453515     136
    89  1  0.00453515     137
    90  1  0.00453515     137
    91  1  0.00453515     137
    92  1  0.00453515     136
    93  1  0.00453515     136
    94  1  0.00453515     136
    95  1  0.00453515     136
    96  1  0.00453515     136
    97  1  0.00453515     136
    98  1  0.00453515     136
    99  1  0.00453515     136
   100  1  0.00453515     136
   101  1  0.00453515     136
   102  1  0.00453515     136
   103  1  0.00453515     137
   104  1  0.00453515     137
   105  1  0.00453515     137
   106  1  0.00453515     136
   107  1  0.00453515     136
   108  1  0.00453515     136
   109  1  0.00453515     136
   110  1  0.00453515     136
   111  1  0.00453515     137
   112  1  0.00453515     137
   113  1  0.00453515     137
   114  1  0.00453515     136
   115  1  0.00453515     136
   116  1  0.00453515     136
   117  1  0.00453515     136
   118  1  0.00453515     136
   119  1  0.00453515     136
   120  1  0.00453515     136
   121  1  0.00453515     136
   122  1  0.00453515     136
   123  1  0.00453515     136
   124  1  0.00453515     137
   125  1  0.00453515     137
   126  1  0.00453515     137
   127  1  0.00453515     136
   128  1  0.00453515     136
   129  1  0.00453515     136
   130  1  0.00453515     136
   131  1  0.00453515     136
   132  1  0.00453515     137
   133  1  0.00453515     137
   134  1  0.00453515     137
   135  1  0.00453515     137
   136  1  0.00453515     136
   137  1  0.00453515     136
   138  1  0.00453515     136
   139  1  0.00453515     136
   140  1  0.00453515     136
   141  1  0.00453515     136
   142  1  0.00453515     136
   143  1  0.00453515     136
   144  1  0.00453515     136
   145  1  0.00453515     137
   146  1  0.00453515     137
   147  1  0.00453515     137
   148  1  0.00453515     138
   149  1  0.00453515     137
   150  1  0.00453515     137
   151  1  0.00453515     137
   152  1  0.00453515     137
   153  1  0.00453515     137
   154  1  0.00453515     138
   155  1  0.00453515     138
   156  1  0.00453515     138
   157  1  0.00453515     137
   158  1  0.00453515     137
   159  1  0.00453515     137
   160  1  0.00453515     137
   161  1  0.00453515     137
   162  1  0.00453515     137
   163  1  0.00453515     137
   164  1  0.00453515     137
   165  1  0.00453515     137
   166  1  0.00453515     138
   167  1  0.00453515     138
   168  1  0.00453515     138
   169  1  0.00453515     138
   170  1  0.00453515     137
   171  1  0.00453515     137
   172  1  0.00453515     137
   173  1  0.00453515     137
   174  1  0.00453515     137
   175  1  0.00453515     137
   176  1  0.00453515     138
   177  1  0.00453515     138
   178  1  0.00453515     138
   179  1  0.00453515     137
   180  1  0.00453515     137
   181  1  0.00453515     137
   182  1  0.00453515     137
   183  1  0.00453515     137
   184  1  0.00453515     137
   185  1  0.00453515     137
   186  1  0.00453515     137
   187  1  0.00453515     138
   188  1  0.00453515     138
   189  1  0.00453515     138
   190  1  0.00453515     138
   191  1  0.00453515     137
   192  1  0.00453515     137
   193  1  0.00453515     137
   194  1  0.00453515     137
   195  1  0.00453515     137
   196  1  0.00453515     137
   197  1  0.00453515     138
   198  1  0.00453515     138
   199  1  0.00453515     138
   200  1  0.00453515     138
   201  1  0.00453515     137
   202  1  0.00453515     137
   203  1  0.00453515     137
   204  1  0.00453515     137
   205  1  0.00453515     137
   206  1  0.00453515     137
   207  1  0.00453515     137
   208  1  0.00453515     138
   209  1  0.00453515     138
   210  1  0.00453515     138
   211  1  0.00226757     138
   212  1  0.00226757     137
   213  1  0.00226757     137
   214  1  0.00226757     137
   215  1  0.00226757     137
   216  1  0.00226757     137
   217  1  0.00226757     137
   218  1  0.00226757     137
   219  1  0.00226757     137
   220  1  0.00226757     138
   221  1  0.00226757     138
   222  1  0.00226757     137
   223  1  0.00226757     137
   224  1  0.00226757     137
   225  1  0.00226757     137
   226  1  0.00226757     137
   227  1  0.00226757     137
   228  1  0.00226757     137
   229  1  0.00226757     137
   230  1  0.00226757     138
   231  1  0.00226757     138
