               -687.6035806182
         -0.004860948      -0.000036432       0.000000000
         -0.000036424      -0.017226127       0.000000000
          0.000000000       0.000000000      -0.000004312
          72
  1     5       0.206931816       3.874474358       0.000000000  B
  1     5       0.158626448     -11.362789513       0.000000000  B
  1     5       0.596561698       0.045386981       0.000000000  B
  1     5       0.820503475     -15.409427029       0.000000000  B
  1     5       0.149586970      -0.079809855       0.000000000  B
  1     5       0.125614958       0.178845572       0.000000000  B
  1     5      -0.037258020      -4.004763342       0.000000000  B
  1     5       0.821853670       0.047294674       0.000000000  B
  1     5       0.127348189      15.267727750       0.000000000  B
  1     5      -0.148397937      -4.323808244       0.000000000  B
  1     5       0.856344114      11.652189411       0.000000000  B
  1     5       0.128789882      -0.051865750       0.000000000  B
  1     5      -0.014509443      -0.143129485       0.000000000  B
  1     5       0.138838896       0.040652435       0.000000000  B
  1     5      -0.134905860      -0.093473151       0.000000000  B
  1     5       0.171884956       0.097622459       0.000000000  B
  1     5      -0.336671599       0.142291890       0.000000000  B
  1     5      -0.142446121      -0.014928422       0.000000000  B
  1     5      -0.021277697     -15.930740298       0.000000000  B
  2     6      -0.024030499      15.842211569       0.000000000  C
  2     6       0.052868935      -4.818968706       0.000000000  C
  2     6       0.154773652       5.097000664       0.000000000  C
  2     6      -1.070311612     -21.495458939       0.000000000  C
  2     6       0.122965334       0.096864247       0.000000000  C
  2     6       0.045334234      -0.100071135       0.000000000  C
  2     6      -1.030552089       0.131446604       0.000000000  C
  2     6      -1.308684479     -21.328588163       0.000000000  C
  2     6       0.371168242      21.248588478       0.000000000  C
  2     6       0.768268133      15.494682840       0.000000000  C
  2     6       0.021573675       0.005084258       0.000000000  C
  2     6       0.078937266      -0.059987162       0.000000000  C
  2     6      -0.010445718       0.014651670       0.000000000  C
  2     6       0.082488193      -0.099991715       0.000000000  C
  2     6      -0.003219977       0.297459800       0.000000000  C
  2     6       0.002354554      -0.302429768       0.000000000  C
  2     6      -0.455494506      21.327331982       0.000000000  C
  2     6       0.196729844      -4.576154083       0.000000000  C
  2     6       0.883335670      -0.050073508       0.000000000  C
  2     6      -0.071329867       0.072489223       0.000000000  C
  2     6      -0.007797048      -0.013679593       0.000000000  C
  2     6       0.000086163       0.055529923       0.000000000  C
  2     6      -0.002278056      -0.031702842       0.000000000  C
  2     6      -1.398711972      21.294283966       0.000000000  C
  2     6      -1.020806611      -0.253567716       0.000000000  C
  2     6      -0.357807331      21.446775963       0.000000000  C
  2     6      -0.874096817      -0.262659126       0.000000000  C
  2     6       0.125274793      21.833706188       0.000000000  C
  2     6       0.102468172      -0.027564569       0.000000000  C
  2     6       0.017201877      -0.184403553       0.000000000  C
  2     6       0.098307413      -0.050562270       0.000000000  C
  2     6      -0.071082422      -0.067565538       0.000000000  C
  2     6       0.047324691      -0.071009506       0.000000000  C
  2     6      -0.077980677       0.121931113       0.000000000  C
  2     6       0.038064658       0.026893516       0.000000000  C
  2     6      -0.227159173      -0.164619617       0.000000000  C
  2     6      -0.039550521       0.206178933       0.000000000  C
  2     6      -0.100030376      -0.294578173       0.000000000  C
  2     6       0.119108356       0.116301964       0.000000000  C
  2     6       0.089835356       0.057833445       0.000000000  C
  2     6      -0.136348004      -0.112530564       0.000000000  C
  2     6       0.120957403       0.034634024       0.000000000  C
  2     6       0.073911816      -0.033006185       0.000000000  C
  2     6       0.815776565       0.091493401       0.000000000  C
  2     6       1.293995709     -21.627280247       0.000000000  C
  2     6      -0.856447806       0.071857765       0.000000000  C
  2     6      -1.094703285     -21.669262004       0.000000000  C
  2     6      -0.093638387       0.051941290       0.000000000  C
  2     6       0.101962173       0.086425712       0.000000000  C
  2     6       0.140694168       4.968181079       0.000000000  C
  2     6       0.468772878     -15.679859512       0.000000000  C
  2     6       0.515894371       4.808467750       0.000000000  C
  2     6      -0.090977787     -21.449364960       0.000000000  C
