     1  1  0.00453515     139
     2  1  0.00453515     139
     3  1  0.00453515     139
     4  1  0.00453515     139
     5  1  0.00453515     139
     6  1  0.00453515     139
     7  1  0.00453515     139
     8  1  0.00453515     139
     9  1  0.00453515     139
    10  1  0.00453515     139
    11  1  0.00453515     139
    12  1  0.00453515     139
    13  1  0.00453515     139
    14  1  0.00453515     139
    15  1  0.00453515     139
    16  1  0.00453515     139
    17  1  0.00453515     139
    18  1  0.00453515     139
    19  1  0.00453515     139
    20  1  0.00453515     139
    21  1  0.00453515     139
    22  1  0.00453515     139
    23  1  0.00453515     139
    24  1  0.00453515     139
    25  1  0.00453515     139
    26  1  0.00453515     139
    27  1  0.00453515     139
    28  1  0.00453515     139
    29  1  0.00453515     139
    30  1  0.00453515     139
    31  1  0.00453515     139
    32  1  0.00453515     139
    33  1  0.00453515     139
    34  1  0.00453515     139
    35  1  0.00453515     139
    36  1  0.00453515     139
    37  1  0.00453515     139
    38  1  0.00453515     139
    39  1  0.00453515     139
    40  1  0.00453515     139
    41  1  0.00453515     139
    42  1  0.00453515     139
    43  1  0.00453515     138
    44  1  0.00453515     139
    45  1  0.00453515     139
    46  1  0.00453515     139
    47  1  0.00453515     139
    48  1  0.00453515     139
    49  1  0.00453515     139
    50  1  0.00453515     139
    51  1  0.00453515     139
    52  1  0.00453515     139
    53  1  0.00453515     139
    54  1  0.00453515     139
    55  1  0.00453515     139
    56  1  0.00453515     139
    57  1  0.00453515     139
    58  1  0.00453515     138
    59  1  0.00453515     138
    60  1  0.00453515     138
    61  1  0.00453515     138
    62  1  0.00453515     138
    63  1  0.00453515     138
    64  1  0.00453515     138
    65  1  0.00453515     138
    66  1  0.00453515     138
    67  1  0.00453515     139
    68  1  0.00453515     139
    69  1  0.00453515     139
    70  1  0.00453515     139
    71  1  0.00453515     139
    72  1  0.00453515     139
    73  1  0.00453515     139
    74  1  0.00453515     139
    75  1  0.00453515     139
    76  1  0.00453515     139
    77  1  0.00453515     139
    78  1  0.00453515     139
    79  1  0.00453515     138
    80  1  0.00453515     138
    81  1  0.00453515     138
    82  1  0.00453515     138
    83  1  0.00453515     138
    84  1  0.00453515     138
    85  1  0.00453515     138
    86  1  0.00453515     138
    87  1  0.00453515     138
    88  1  0.00453515     138
    89  1  0.00453515     139
    90  1  0.00453515     139
    91  1  0.00453515     139
    92  1  0.00453515     139
    93  1  0.00453515     139
    94  1  0.00453515     139
    95  1  0.00453515     139
    96  1  0.00453515     139
    97  1  0.00453515     139
    98  1  0.00453515     139
    99  1  0.00453515     138
   100  1  0.00453515     138
   101  1  0.00453515     138
   102  1  0.00453515     138
   103  1  0.00453515     138
   104  1  0.00453515     138
   105  1  0.00453515     138
   106  1  0.00453515     138
   107  1  0.00453515     138
   108  1  0.00453515     138
   109  1  0.00453515     138
   110  1  0.00453515     138
   111  1  0.00453515     139
   112  1  0.00453515     139
   113  1  0.00453515     139
   114  1  0.00453515     139
   115  1  0.00453515     139
   116  1  0.00453515     139
   117  1  0.00453515     139
   118  1  0.00453515     139
   119  1  0.00453515     139
   120  1  0.00453515     138
   121  1  0.00453515     138
   122  1  0.00453515     138
   123  1  0.00453515     138
   124  1  0.00453515     138
   125  1  0.00453515     138
   126  1  0.00453515     138
   127  1  0.00453515     138
   128  1  0.00453515     138
   129  1  0.00453515     138
   130  1  0.00453515     138
   131  1  0.00453515     138
   132  1  0.00453515     139
   133  1  0.00453515     139
   134  1  0.00453515     139
   135  1  0.00453515     139
   136  1  0.00453515     139
   137  1  0.00453515     139
   138  1  0.00453515     139
   139  1  0.00453515     139
   140  1  0.00453515     139
   141  1  0.00453515     139
   142  1  0.00453515     138
   143  1  0.00453515     138
   144  1  0.00453515     138
   145  1  0.00453515     138
   146  1  0.00453515     138
   147  1  0.00453515     138
   148  1  0.00453515     138
   149  1  0.00453515     138
   150  1  0.00453515     138
   151  1  0.00453515     138
   152  1  0.00453515     138
   153  1  0.00453515     138
   154  1  0.00453515     139
   155  1  0.00453515     139
   156  1  0.00453515     139
   157  1  0.00453515     139
   158  1  0.00453515     139
   159  1  0.00453515     139
   160  1  0.00453515     139
   161  1  0.00453515     139
   162  1  0.00453515     139
   163  1  0.00453515     138
   164  1  0.00453515     138
   165  1  0.00453515     138
   166  1  0.00453515     138
   167  1  0.00453515     138
   168  1  0.00453515     138
   169  1  0.00453515     138
   170  1  0.00453515     138
   171  1  0.00453515     138
   172  1  0.00453515     138
   173  1  0.00453515     138
   174  1  0.00453515     138
   175  1  0.00453515     139
   176  1  0.00453515     139
   177  1  0.00453515     139
   178  1  0.00453515     139
   179  1  0.00453515     139
   180  1  0.00453515     139
   181  1  0.00453515     139
   182  1  0.00453515     139
   183  1  0.00453515     139
   184  1  0.00453515     138
   185  1  0.00453515     138
   186  1  0.00453515     138
   187  1  0.00453515     138
   188  1  0.00453515     138
   189  1  0.00453515     138
   190  1  0.00453515     138
   191  1  0.00453515     138
   192  1  0.00453515     138
   193  1  0.00453515     138
   194  1  0.00453515     138
   195  1  0.00453515     138
   196  1  0.00453515     139
   197  1  0.00453515     139
   198  1  0.00453515     139
   199  1  0.00453515     139
   200  1  0.00453515     139
   201  1  0.00453515     139
   202  1  0.00453515     139
   203  1  0.00453515     139
   204  1  0.00453515     138
   205  1  0.00453515     138
   206  1  0.00453515     138
   207  1  0.00453515     138
   208  1  0.00453515     138
   209  1  0.00453515     138
   210  1  0.00453515     138
   211  1  0.00226757     138
   212  1  0.00226757     138
   213  1  0.00226757     138
   214  1  0.00226757     138
   215  1  0.00226757     138
   216  1  0.00226757     138
   217  1  0.00226757     138
   218  1  0.00226757     139
   219  1  0.00226757     139
   220  1  0.00226757     139
   221  1  0.00226757     139
   222  1  0.00226757     139
   223  1  0.00226757     139
   224  1  0.00226757     138
   225  1  0.00226757     138
   226  1  0.00226757     138
   227  1  0.00226757     138
   228  1  0.00226757     138
   229  1  0.00226757     138
   230  1  0.00226757     138
   231  1  0.00226757     138
