               -823.1769721581
         -0.004845431       0.000001423       0.000000000
          0.000001423      -0.020394131       0.000000000
          0.000000000       0.000000000      -0.000001139
          72
  1     7      -0.062178959      28.944590726       0.000000000  N
  1     7      -0.068002570       0.023398486       0.000000000  N
  1     7      -1.524960647      25.412291012       0.000000000  N
  1     7       0.058998239       0.029240058       0.000000000  N
  1     7      -0.014503982      -0.171401800       0.000000000  N
  1     7       0.004695418     -30.275707137       0.000000000  N
  1     7      -0.010735095       4.598690587       0.000000000  N
  2     6      -0.008763381      -4.289838695       0.000000000  C
  2     6       0.129948402       5.055786841       0.000000000  C
  2     6      -0.827890379     -21.417641780       0.000000000  C
  2     6      -0.030554013       4.965802424       0.000000000  C
  2     6       0.671362638     -21.339735438       0.000000000  C
  2     6       1.036827850       0.257562535       0.000000000  C
  2     6       1.309504834     -21.363110467       0.000000000  C
  2     6       0.064455906       0.010691984       0.000000000  C
  2     6      -0.113089852       0.038419206       0.000000000  C
  2     6       0.069720841       0.093043639       0.000000000  C
  2     6      -0.067874023       0.009251298       0.000000000  C
  2     6      -1.022885202       0.238076261       0.000000000  C
  2     6      -1.206809211     -25.348105759       0.000000000  C
  2     6       0.303378433      21.340121330       0.000000000  C
  2     6      -0.009685294      -4.862239649       0.000000000  C
  2     6       1.332554599      21.379606303       0.000000000  C
  2     6       1.039206914      -0.244176489       0.000000000  C
  2     6      -0.083387241      -0.069142951       0.000000000  C
  2     6       0.088982251       0.077609088       0.000000000  C
  2     6       0.040371037      -0.164086990       0.000000000  C
  2     6      -0.007570975       0.273866213       0.000000000  C
  2     6      -0.005562933      -0.311148195       0.000000000  C
  2     6      -0.287181818      21.340754462       0.000000000  C
  2     6       0.239140946      -5.043687764       0.000000000  C
  2     6      -0.116200270      21.218984727       0.000000000  C
  2     6      -0.032421671      -4.899060350       0.000000000  C
  2     6       0.843827229      21.710245308       0.000000000  C
  2     6       0.870584424      -0.251503981       0.000000000  C
  2     6      -0.030621061       0.098235322       0.000000000  C
  2     6       0.037778511      -0.014761155       0.000000000  C
  2     6      -0.020605681       0.025217428       0.000000000  C
  2     6      -0.003247954      -0.018901501       0.000000000  C
  2     6      -0.953614448      -0.190399215       0.000000000  C
  2     6      -0.639263486      21.812459963       0.000000000  C
  2     6      -0.887290280      -0.228160972       0.000000000  C
  2     6      -0.024474871      21.866146343       0.000000000  C
  2     6       0.018320439       0.044969529       0.000000000  C
  2     6      -0.035870830       0.002060297       0.000000000  C
  2     6       0.052905227       0.031948106       0.000000000  C
  2     6       0.092410212      -0.078883739       0.000000000  C
  2     6      -0.085519632       0.060432499       0.000000000  C
  2     6       0.040052812       0.096796006       0.000000000  C
  2     6      -0.034251751      -0.005575606       0.000000000  C
  2     6       0.016548232       0.025135830       0.000000000  C
  2     6      -0.037460123      -0.004411432       0.000000000  C
  2     6      -0.045952129      -0.176257083       0.000000000  C
  2     6       0.019794014       0.033230900       0.000000000  C
  2     6       0.006333386      -0.034604220       0.000000000  C
  2     6       0.010140089       0.285262025       0.000000000  C
  2     6       0.004374692      -0.320177396       0.000000000  C
  2     6      -0.074777132       0.096746235       0.000000000  C
  2     6       0.052665567      -0.014057947       0.000000000  C
  2     6       0.007009198       0.035618261       0.000000000  C
  2     6      -0.007409343      -0.023467858       0.000000000  C
  2     6      -0.016919671       0.018739645       0.000000000  C
  2     6       0.025390734      -0.148516443       0.000000000  C
  2     6       1.236052274       0.344901344       0.000000000  C
  2     6       0.715064311     -21.909060050       0.000000000  C
  2     6      -1.172535557       0.357801384       0.000000000  C
  2     6      -0.735082446     -21.961942268       0.000000000  C
  2     6      -0.060060914       0.019930720       0.000000000  C
  2     6       0.114174008       0.072491844       0.000000000  C
  2     6      -0.170301803     -20.884652067       0.000000000  C
  2     6      -0.056577930       5.026497634       0.000000000  C
  2     6       0.023905969     -21.311485280       0.000000000  C
