               -680.1025428817
         -0.005359619      -0.000049405       0.000000000
         -0.000049402      -0.018545998       0.000000000
          0.000000000       0.000000000      -0.000004463
          72
  1     5       0.330557636       0.130321502       0.000000000  B
  1     5      -0.111958091      -4.179385628       0.000000000  B
  1     5      -0.813238775      15.453993368       0.000000000  B
  1     5      -0.741987057       0.090665620       0.000000000  B
  1     5      -0.630456195      15.446678830       0.000000000  B
  1     5      -0.577928787      -0.011928469       0.000000000  B
  1     5      -0.047458949      16.100900177       0.000000000  B
  1     5      -0.135539355      -0.029768305       0.000000000  B
  1     5      -0.099214451      -0.116481299       0.000000000  B
  1     5       0.193651535       0.110028347       0.000000000  B
  1     5      -0.134625255      -0.116179469       0.000000000  B
  1     5       0.009293048       0.045985869       0.000000000  B
  1     5      -0.087688925      -0.157986893       0.000000000  B
  1     5      -0.242468425       0.155221909       0.000000000  B
  1     5      -0.179288809      -0.019581796       0.000000000  B
  1     5      -0.198357852       0.053273946       0.000000000  B
  1     5       0.158750974      -0.102522642       0.000000000  B
  1     5      -0.221582410       0.114401017       0.000000000  B
  1     5       0.161903810       0.063970538       0.000000000  B
  1     5       0.051969982       0.135131791       0.000000000  B
  2     6      -0.029400295      21.412483910       0.000000000  C
  2     6      -0.035430714      -5.034475715       0.000000000  C
  2     6      -0.051093955       4.862106451       0.000000000  C
  2     6      -0.644593622     -15.608935409       0.000000000  C
  2     6      -0.044415187       5.108687246       0.000000000  C
  2     6       0.968925835     -21.571682307       0.000000000  C
  2     6       1.053181232       0.205847753       0.000000000  C
  2     6       1.313839444     -21.380577785       0.000000000  C
  2     6      -0.155450845       0.190698163       0.000000000  C
  2     6       0.127244425       0.059807069       0.000000000  C
  2     6       0.022911010      -0.090228672       0.000000000  C
  2     6      -1.027426832      -0.064857284       0.000000000  C
  2     6      -1.420260397     -15.769193325       0.000000000  C
  2     6       0.627734257      21.306414656       0.000000000  C
  2     6      -0.059967432      -4.883365232       0.000000000  C
  2     6       1.259551502      21.329362436       0.000000000  C
  2     6       0.988098363      -0.189405493       0.000000000  C
  2     6      -0.091642085      -0.079204458       0.000000000  C
  2     6       0.080537887      -0.015337447       0.000000000  C
  2     6      -0.028154818      -0.011923939       0.000000000  C
  2     6       0.089638535      -0.083680572       0.000000000  C
  2     6      -0.003274425       0.240503574       0.000000000  C
  2     6      -0.005220203      -0.236402137       0.000000000  C
  2     6      -0.718088373      21.338079711       0.000000000  C
  2     6      -0.236439073      -4.493220338       0.000000000  C
  2     6      -0.160014636      21.078630752       0.000000000  C
  2     6       0.559791297      21.596374444       0.000000000  C
  2     6       0.877317141      -0.136977725       0.000000000  C
  2     6      -0.039159793       0.075906806       0.000000000  C
  2     6      -0.000117519      -0.026932391       0.000000000  C
  2     6       0.006826848       0.049609237       0.000000000  C
  2     6       0.068275972      -0.103791357       0.000000000  C
  2     6       0.036001652       0.113897313       0.000000000  C
  2     6      -0.034879115      -0.142765175       0.000000000  C
  2     6      -0.002121498       0.017429803       0.000000000  C
  2     6      -0.262061877      -0.157854439       0.000000000  C
  2     6       0.158748676       0.028852725       0.000000000  C
  2     6       0.144267288      -0.000297138       0.000000000  C
  2     6       0.037190315       0.086317654       0.000000000  C
  2     6      -0.140456005      -0.242945127       0.000000000  C
  2     6      -0.116976539       0.000329496       0.000000000  C
  2     6      -0.008452201     -21.951914000       0.000000000  C
  2     6       0.147392131       0.046073357       0.000000000  C
  2     6       0.788092308       0.225185786       0.000000000  C
  2     6       0.893069949     -21.608195453       0.000000000  C
  2     6      -0.866540496       0.216664724       0.000000000  C
  2     6      -0.866923311     -21.750949677       0.000000000  C
  2     6       0.159975056       0.249480372       0.000000000  C
  2     6      -0.012255553       5.039689860       0.000000000  C
  2     6       0.181392551     -21.524346018       0.000000000  C
  2     6      -0.310587535       4.972983738       0.000000000  C
  2     6       0.094708150     -15.863204690       0.000000000  C
