               -969.7598247606
         -0.004161591       0.000063384       0.000000000
          0.000063384      -0.022604086       0.000000000
          0.000000000       0.000000000      -0.000000076
          72
  1     7      -0.133832166      -4.800323714       0.000000000  N
  1     7      -0.059283900       4.214535158       0.000000000  N
  1     7      -0.676907104     -25.649957861       0.000000000  N
  1     7      -0.071598992       0.046053445       0.000000000  N
  1     7      -1.159887071       0.191132363       0.000000000  N
  1     7      -0.849083887     -25.578962403       0.000000000  N
  1     7      -0.140055627      -4.748615699       0.000000000  N
  1     7       1.249751405      -0.336813902       0.000000000  N
  1     7       0.040497334      -0.069540187       0.000000000  N
  1     7      -0.014477273      -0.114741688       0.000000000  N
  1     7       0.005583606      -0.159359092       0.000000000  N
  1     7      -1.172408149      25.569590470       0.000000000  N
  1     7      -0.232168333      26.001028579       0.000000000  N
  1     7      -0.286061368      26.644677164       0.000000000  N
  1     7      -0.070902646       0.171344095       0.000000000  N
  1     7      -0.065793819       0.057984603       0.000000000  N
  1     7       0.064307390       0.124472588       0.000000000  N
  1     7       0.001457613      -0.080786842       0.000000000  N
  1     7       0.109017574      -0.010190666       0.000000000  N
  1     7      -0.051098335       0.002729950       0.000000000  N
  1     7       0.075685847      -0.027874833       0.000000000  N
  1     7      -0.074857798      -0.164113832       0.000000000  N
  1     7       0.042685771       4.307516443       0.000000000  N
  1     7       0.094556975     -25.151687504       0.000000000  N
  2     6      -0.021763472      21.280985012       0.000000000  C
  2     6       0.206853169       4.355852114       0.000000000  C
  2     6       1.022710585     -25.628273613       0.000000000  C
  2     6       1.065406030       0.112085673       0.000000000  C
  2     6       0.978429679     -21.305118535       0.000000000  C
  2     6       0.041620600      -0.002000621       0.000000000  C
  2     6      -0.104466857       0.044024885       0.000000000  C
  2     6       0.024797149      -0.095822503       0.000000000  C
  2     6       0.317718241      21.220863446       0.000000000  C
  2     6       0.960350219      21.461380521       0.000000000  C
  2     6      -0.028429981       0.077038109       0.000000000  C
  2     6       0.012223869       0.054630714       0.000000000  C
  2     6       0.015658095       0.141622898       0.000000000  C
  2     6       0.001591962      -4.477084223       0.000000000  C
  2     6       0.012089734      -4.549746989       0.000000000  C
  2     6       0.927223213      -0.249323136       0.000000000  C
  2     6       0.030245514       0.009257302       0.000000000  C
  2     6       0.020717052      -0.020059371       0.000000000  C
  2     6      -0.885106409      25.645181768       0.000000000  C
  2     6      -1.074381714      -0.110292055       0.000000000  C
  2     6      -0.156623853      26.686040916       0.000000000  C
  2     6      -0.984942347      -0.141744488       0.000000000  C
  2     6      -0.113263560      26.644217283       0.000000000  C
  2     6      -0.010086431       0.001107851       0.000000000  C
  2     6       0.055724289      -0.034208519       0.000000000  C
  2     6      -0.037603632       0.016535153       0.000000000  C
  2     6       0.103848505      -0.051394521       0.000000000  C
  2     6      -0.065883140      -0.004120753       0.000000000  C
  2     6       0.064760013       0.133477876       0.000000000  C
  2     6      -0.020528283       0.009198802       0.000000000  C
  2     6      -0.009420289       0.004687946       0.000000000  C
  2     6      -0.024568402      -0.006963250       0.000000000  C
  2     6       0.010093491      -0.001164923       0.000000000  C
  2     6      -0.075557585       0.022303922       0.000000000  C
  2     6       0.000954080       0.009781442       0.000000000  C
  2     6      -0.028828578       0.021626287       0.000000000  C
  2     6       0.057239685      -0.023397691       0.000000000  C
  2     6      -0.057268971      -0.079052615       0.000000000  C
  2     6       0.040421959      -0.043703008       0.000000000  C
  2     6       0.018560302     -22.254035325       0.000000000  C
  2     6      -0.041891573      -0.021797363       0.000000000  C
  2     6       0.005576001      -0.029153687       0.000000000  C
  2     6       0.936345328       0.121430838       0.000000000  C
  2     6       0.610512966     -21.750725988       0.000000000  C
  2     6      -0.939434977       0.173974919       0.000000000  C
  2     6       0.249309423     -26.528398993       0.000000000  C
  2     6       0.200824457       4.703098236       0.000000000  C
  2     6       0.055598634     -25.989937365       0.000000000  C
