# EIG2DOS: Utility for SIESTA to obtain the electronic density of states
#  E. Artacho, Apr 1999, A. Garcia, Apr 2012
# ------------------------------------------
# Eigenvalues read from GRP_doping.EIG
# Using smearing parameter:   0.100
# Using   1001 points in energy range
# Selected bands: 1 to: 936
# Emin, emax in file for selected band(s):    -28.4155000    251.7139700
# Nbands, Nspin, Nk   =    936     1   231
# E_F                 =    -3.9742 eV --> (shifted to ZERO)
# Broadening          =     0.1000 eV
#
#        E            N(up)  (=)   N(down)         Ntot
    -10.000000      7.319293      7.319293     14.638585
     -9.980000      7.531781      7.531781     15.063561
     -9.960000      7.697071      7.697071     15.394142
     -9.940000      7.800296      7.800296     15.600592
     -9.920000      7.833437      7.833437     15.666874
     -9.900000      7.796503      7.796503     15.593007
     -9.880000      7.697675      7.697675     15.395350
     -9.860000      7.551862      7.551862     15.103724
     -9.840000      7.377943      7.377943     14.755887
     -9.820000      7.195707      7.195707     14.391414
     -9.800000      7.023584      7.023584     14.047169
     -9.780000      6.877543      6.877543     13.755087
     -9.760000      6.770600      6.770600     13.541199
     -9.740000      6.712061      6.712061     13.424122
     -9.720000      6.706095      6.706095     13.412190
     -9.700000      6.750103      6.750103     13.500206
     -9.680000      6.833928      6.833928     13.667857
     -9.660000      6.940730      6.940730     13.881459
     -9.640000      7.049531      7.049531     14.099062
     -9.620000      7.138706      7.138706     14.277412
     -9.600000      7.189455      7.189455     14.378910
     -9.580000      7.188791      7.188791     14.377583
     -9.560000      7.132277      7.132277     14.264554
     -9.540000      7.027141      7.027141     14.054283
     -9.520000      6.896117      6.896117     13.792235
     -9.500000      6.781162      6.781162     13.562325
     -9.480000      6.744590      6.744590     13.489180
     -9.460000      6.863794      6.863794     13.727587
     -9.440000      7.216026      7.216026     14.432052
     -9.420000      7.852901      7.852901     15.705803
     -9.400000      8.770429      8.770429     17.540858
     -9.380000      9.886987      9.886987     19.773974
     -9.360000     11.043921     11.043921     22.087841
     -9.340000     12.037138     12.037138     24.074276
     -9.320000     12.673759     12.673759     25.347519
     -9.300000     12.832732     12.832732     25.665464
     -9.280000     12.502646     12.502646     25.005292
     -9.260000     11.779334     11.779334     23.558669
     -9.240000     10.825713     10.825713     21.651427
     -9.220000      9.814475      9.814475     19.628950
     -9.200000      8.879741      8.879741     17.759481
     -9.180000      8.094886      8.094886     16.189772
     -9.160000      7.478029      7.478029     14.956059
     -9.140000      7.014327      7.014327     14.028655
     -9.120000      6.680661      6.680661     13.361322
     -9.100000      6.462374      6.462374     12.924747
     -9.080000      6.358512      6.358512     12.717025
     -9.060000      6.377431      6.377431     12.754862
     -9.040000      6.527095      6.527095     13.054190
     -9.020000      6.804659      6.804659     13.609317
     -9.000000      7.189081      7.189081     14.378162
     -8.980000      7.639311      7.639311     15.278623
     -8.960000      8.099051      8.099051     16.198102
     -8.940000      8.507209      8.507209     17.014419
     -8.920000      8.811251      8.811251     17.622501
     -8.900000      8.979320      8.979320     17.958640
     -8.880000      9.006986      9.006986     18.013972
     -8.860000      8.916009      8.916009     17.832018
     -8.840000      8.745430      8.745430     17.490861
     -8.820000      8.538466      8.538466     17.076932
     -8.800000      8.330610      8.330610     16.661220
     -8.780000      8.143724      8.143724     16.287448
     -8.760000      7.987683      7.987683     15.975367
     -8.740000      7.867011      7.867011     15.734021
     -8.720000      7.787332      7.787332     15.574665
     -8.700000      7.757114      7.757114     15.514228
     -8.680000      7.783540      7.783540     15.567080
     -8.660000      7.865411      7.865411     15.730823
     -8.640000      7.987964      7.987964     15.975928
     -8.620000      8.123515      8.123515     16.247029
     -8.600000      8.238582      8.238582     16.477165
     -8.580000      8.304677      8.304677     16.609354
     -8.560000      8.308138      8.308138     16.616276
     -8.540000      8.254993      8.254993     16.509987
     -8.520000      8.169160      8.169160     16.338320
     -8.500000      8.085081      8.085081     16.170162
     -8.480000      8.037707      8.037707     16.075414
     -8.460000      8.053045      8.053045     16.106090
     -8.440000      8.141608      8.141608     16.283216
     -8.420000      8.295867      8.295867     16.591735
     -8.400000      8.491865      8.491865     16.983730
     -8.380000      8.694573      8.694573     17.389146
     -8.360000      8.866050      8.866050     17.732101
     -8.340000      8.974635      8.974635     17.949269
     -8.320000      9.002562      9.002562     18.005124
     -8.300000      8.949312      8.949312     17.898624
     -8.280000      8.829277      8.829277     17.658554
     -8.260000      8.664876      8.664876     17.329753
     -8.240000      8.478634      8.478634     16.957269
     -8.220000      8.288333      8.288333     16.576665
     -8.200000      8.107392      8.107392     16.214783
     -8.180000      7.949219      7.949219     15.898438
     -8.160000      7.831732      7.831732     15.663464
     -8.140000      7.778454      7.778454     15.556909
     -8.120000      7.815271      7.815271     15.630541
     -8.100000      7.964972      7.964972     15.929945
     -8.080000      8.242700      8.242700     16.485401
     -8.060000      8.653687      8.653687     17.307375
     -8.040000      9.192070      9.192070     18.384140
     -8.020000      9.838582      9.838582     19.677164
     -8.000000     10.556861     10.556861     21.113722
     -7.980000     11.291424     11.291424     22.582847
     -7.960000     11.971941     11.971941     23.943882
     -7.940000     12.526273     12.526273     25.052547
     -7.920000     12.899519     12.899519     25.799038
     -7.900000     13.071596     13.071596     26.143192
     -7.880000     13.064880     13.064880     26.129760
     -7.860000     12.937251     12.937251     25.874502
     -7.840000     12.762500     12.762500     25.525000
     -7.820000     12.605972     12.605972     25.211945
     -7.800000     12.505484     12.505484     25.010967
     -7.780000     12.464963     12.464963     24.929927
     -7.760000     12.462288     12.462288     24.924576
     -7.740000     12.466434     12.466434     24.932868
     -7.720000     12.455613     12.455613     24.911226
     -7.700000     12.428861     12.428861     24.857722
     -7.680000     12.407533     12.407533     24.815066
     -7.660000     12.427729     12.427729     24.855458
     -7.640000     12.527621     12.527621     25.055243
     -7.620000     12.734449     12.734449     25.468899
     -7.600000     13.055214     13.055214     26.110428
     -7.580000     13.473512     13.473512     26.947024
     -7.560000     13.952915     13.952915     27.905831
     -7.540000     14.445272     14.445272     28.890544
     -7.520000     14.901143     14.901143     29.802286
     -7.500000     15.279820     15.279820     30.559639
     -7.480000     15.557474     15.557474     31.114949
     -7.460000     15.732672     15.732672     31.465344
     -7.440000     15.827976     15.827976     31.655952
     -7.420000     15.885577     15.885577     31.771154
     -7.400000     15.955702     15.955702     31.911403
     -7.380000     16.079863     16.079863     32.159727
     -7.360000     16.275231     16.275231     32.550462
     -7.340000     16.528163     16.528163     33.056325
     -7.320000     16.801897     16.801897     33.603793
     -7.300000     17.056244     17.056244     34.112488
     -7.280000     17.269877     17.269877     34.539755
     -7.260000     17.453111     17.453111     34.906223
     -7.240000     17.643099     17.643099     35.286198
     -7.220000     17.882361     17.882361     35.764722
     -7.200000     18.190686     18.190686     36.381372
     -7.180000     18.544689     18.544689     37.089377
     -7.160000     18.876317     18.876317     37.752635
     -7.140000     19.092693     19.092693     38.185385
     -7.120000     19.109388     19.109388     38.218777
     -7.100000     18.882755     18.882755     37.765510
     -7.080000     18.427477     18.427477     36.854954
     -7.060000     17.812790     17.812790     35.625581
     -7.040000     17.140665     17.140665     34.281330
     -7.020000     16.516469     16.516469     33.032939
     -7.000000     16.023709     16.023709     32.047417
     -6.980000     15.709947     15.709947     31.419894
     -6.960000     15.584641     15.584641     31.169282
     -6.940000     15.625348     15.625348     31.250696
     -6.920000     15.788089     15.788089     31.576178
     -6.900000     16.019100     16.019100     32.038200
     -6.880000     16.266452     16.266452     32.532904
     -6.860000     16.489931     16.489931     32.979863
     -6.840000     16.667041     16.667041     33.334082
     -6.820000     16.793381     16.793381     33.586762
     -6.800000     16.877528     16.877528     33.755055
     -6.780000     16.932764     16.932764     33.865528
     -6.760000     16.969214     16.969214     33.938428
     -6.740000     16.989254     16.989254     33.978507
     -6.720000     16.987106     16.987106     33.974213
     -6.700000     16.951501     16.951501     33.903003
     -6.680000     16.869330     16.869330     33.738661
     -6.660000     16.728683     16.728683     33.457365
     -6.640000     16.520829     16.520829     33.041658
     -6.620000     16.241662     16.241662     32.483325
     -6.600000     15.893220     15.893220     31.786440
     -6.580000     15.485265     15.485265     30.970529
     -6.560000     15.036243     15.036243     30.072487
     -6.540000     14.572731     14.572731     29.145462
     -6.520000     14.126813     14.126813     28.253626
     -6.500000     13.731489     13.731489     27.462978
     -6.480000     13.414783     13.414783     26.829567
     -6.460000     13.193823     13.193823     26.387647
     -6.440000     13.070519     13.070519     26.141039
     -6.420000     13.030532     13.030532     26.061064
     -6.400000     13.046532     13.046532     26.093064
     -6.380000     13.085354     13.085354     26.170708
     -6.360000     13.116996     13.116996     26.233992
     -6.340000     13.122404     13.122404     26.244808
     -6.320000     13.097295     13.097295     26.194590
     -6.300000     13.050896     13.050896     26.101793
     -6.280000     13.000535     13.000535     26.001069
     -6.260000     12.964378     12.964378     25.928756
     -6.240000     12.954775     12.954775     25.909551
     -6.220000     12.973835     12.973835     25.947670
     -6.200000     13.012005     13.012005     26.024009
     -6.180000     13.049940     13.049940     26.099880
     -6.160000     13.063627     13.063627     26.127253
     -6.140000     13.031915     13.031915     26.063831
     -6.120000     12.944280     12.944280     25.888560
     -6.100000     12.805601     12.805601     25.611201
     -6.080000     12.635351     12.635351     25.270701
     -6.060000     12.461035     12.461035     24.922070
     -6.040000     12.308789     12.308789     24.617578
     -6.020000     12.195600     12.195600     24.391200
     -6.000000     12.126456     12.126456     24.252912
     -5.980000     12.096642     12.096642     24.193283
     -5.960000     12.096574     12.096574     24.193148
     -5.940000     12.115981     12.115981     24.231962
     -5.920000     12.145831     12.145831     24.291662
     -5.900000     12.178644     12.178644     24.357287
     -5.880000     12.208774     12.208774     24.417548
     -5.860000     12.233413     12.233413     24.466825
     -5.840000     12.253554     12.253554     24.507107
     -5.820000     12.273549     12.273549     24.547098
     -5.800000     12.298734     12.298734     24.597468
     -5.780000     12.332100     12.332100     24.664200
     -5.760000     12.371815     12.371815     24.743631
     -5.740000     12.410838     12.410838     24.821677
     -5.720000     12.438531     12.438531     24.877062
     -5.700000     12.443108     12.443108     24.886216
     -5.680000     12.413682     12.413682     24.827363
     -5.660000     12.341413     12.341413     24.682827
     -5.640000     12.220166     12.220166     24.440333
     -5.620000     12.047424     12.047424     24.094848
     -5.600000     11.825863     11.825863     23.651726
     -5.580000     11.565139     11.565139     23.130277
     -5.560000     11.282745     11.282745     22.565491
     -5.540000     11.002782     11.002782     22.005564
     -5.520000     10.752224     10.752224     21.504449
     -5.500000     10.555482     10.555482     21.110964
     -5.480000     10.428892     10.428892     20.857784
     -5.460000     10.376956     10.376956     20.753911
     -5.440000     10.391472     10.391472     20.782943
     -5.420000     10.453732     10.453732     20.907464
     -5.400000     10.539007     10.539007     21.078014
     -5.380000     10.622019     10.622019     21.244038
     -5.360000     10.682044     10.682044     21.364088
     -5.340000     10.706635     10.706635     21.413270
     -5.320000     10.693463     10.693463     21.386925
     -5.300000     10.650170     10.650170     21.300340
     -5.280000     10.592273     10.592273     21.184546
     -5.260000     10.539242     10.539242     21.078483
     -5.240000     10.509291     10.509291     21.018582
     -5.220000     10.514124     10.514124     21.028248
     -5.200000     10.555387     10.555387     21.110774
     -5.180000     10.624241     10.624241     21.248481
     -5.160000     10.704080     10.704080     21.408159
     -5.140000     10.774926     10.774926     21.549853
     -5.120000     10.817516     10.817516     21.635033
     -5.100000     10.816025     10.816025     21.632050
     -5.080000     10.759836     10.759836     21.519672
     -5.060000     10.645394     10.645394     21.290789
     -5.040000     10.478390     10.478390     20.956780
     -5.020000     10.275182     10.275182     20.550364
     -5.000000     10.061838     10.061838     20.123675
     -4.980000      9.870121      9.870121     19.740243
     -4.960000      9.731522      9.731522     19.463043
     -4.940000      9.671545      9.671545     19.343090
     -4.920000      9.706179      9.706179     19.412358
     -4.900000      9.840872      9.840872     19.681744
     -4.880000     10.070802     10.070802     20.141604
     -4.860000     10.380796     10.380796     20.761592
     -4.840000     10.744274     10.744274     21.488549
     -4.820000     11.122339     11.122339     22.244678
     -4.800000     11.465186     11.465186     22.930373
     -4.780000     11.717605     11.717605     23.435209
     -4.760000     11.828513     11.828513     23.657025
     -4.740000     11.762310     11.762310     23.524620
     -4.720000     11.508401     11.508401     23.016801
     -4.700000     11.085373     11.085373     22.170745
     -4.680000     10.538049     10.538049     21.076097
     -4.660000      9.928303      9.928303     19.856606
     -4.640000      9.323005      9.323005     18.646009
     -4.620000      8.783339      8.783339     17.566679
     -4.600000      8.358469      8.358469     16.716938
     -4.580000      8.083700      8.083700     16.167401
     -4.560000      7.980797      7.980797     15.961594
     -4.540000      8.057465      8.057465     16.114930
     -4.520000      8.304763      8.304763     16.609526
     -4.500000      8.693996      8.693996     17.387991
     -4.480000      9.176475      9.176475     18.352950
     -4.460000      9.688952      9.688952     19.377903
     -4.440000     10.164736     10.164736     20.329472
     -4.420000     10.547336     10.547336     21.094672
     -4.400000     10.801883     10.801883     21.603766
     -4.380000     10.920592     10.920592     21.841185
     -4.360000     10.921192     10.921192     21.842383
     -4.340000     10.839749     10.839749     21.679499
     -4.320000     10.720433     10.720433     21.440867
     -4.300000     10.604436     10.604436     21.208872
     -4.280000     10.519815     10.519815     21.039630
     -4.260000     10.474141     10.474141     20.948283
     -4.240000     10.452347     10.452347     20.904694
     -4.220000     10.421731     10.421731     20.843461
     -4.200000     10.343920     10.343920     20.687841
     -4.180000     10.190316     10.190316     20.380631
     -4.160000      9.955247      9.955247     19.910494
     -4.140000      9.661537      9.661537     19.323073
     -4.120000      9.356401      9.356401     18.712803
     -4.100000      9.099690      9.099690     18.199381
     -4.080000      8.948986      8.948986     17.897973
     -4.060000      8.946004      8.946004     17.892009
     -4.040000      9.106962      9.106962     18.213925
     -4.020000      9.417926      9.417926     18.835853
     -4.000000      9.835547      9.835547     19.671094
     -3.980000     10.293659     10.293659     20.587317
     -3.960000     10.715599     10.715599     21.431198
     -3.940000     11.030245     11.030245     22.060491
     -3.920000     11.187450     11.187450     22.374901
     -3.900000     11.167571     11.167571     22.335141
     -3.880000     10.981427     10.981427     21.962853
     -3.860000     10.660916     10.660916     21.321832
     -3.840000     10.244699     10.244699     20.489398
     -3.820000      9.765488      9.765488     19.530975
     -3.800000      9.244237      9.244237     18.488473
     -3.780000      8.692667      8.692667     17.385334
     -3.760000      8.121229      8.121229     16.242458
     -3.740000      7.547218      7.547218     15.094437
     -3.720000      6.998346      6.998346     13.996692
     -3.700000      6.509935      6.509935     13.019871
     -3.680000      6.117230      6.117230     12.234461
     -3.660000      5.846363      5.846363     11.692725
     -3.640000      5.707732      5.707732     11.415464
     -3.620000      5.694283      5.694283     11.388566
     -3.600000      5.785132      5.785132     11.570265
     -3.580000      5.952941      5.952941     11.905881
     -3.560000      6.171857      6.171857     12.343714
     -3.540000      6.422562      6.422562     12.845125
     -3.520000      6.692225      6.692225     13.384450
     -3.500000      6.969772      6.969772     13.939544
     -3.480000      7.239502      7.239502     14.479004
     -3.460000      7.477147      7.477147     14.954293
     -3.440000      7.651309      7.651309     15.302619
     -3.420000      7.730350      7.730350     15.460700
     -3.400000      7.691943      7.691943     15.383886
     -3.380000      7.531246      7.531246     15.062493
     -3.360000      7.264410      7.264410     14.528821
     -3.340000      6.926321      6.926321     13.852641
     -3.320000      6.563720      6.563720     13.127440
     -3.300000      6.226255      6.226255     12.452511
     -3.280000      5.958190      5.958190     11.916380
     -3.260000      5.792725      5.792725     11.585450
     -3.240000      5.749541      5.749541     11.499083
     -3.220000      5.834787      5.834787     11.669575
     -3.200000      6.041869      6.041869     12.083739
     -3.180000      6.351442      6.351442     12.702884
     -3.160000      6.730086      6.730086     13.460172
     -3.140000      7.128933      7.128933     14.257867
     -3.120000      7.485087      7.485087     14.970175
     -3.100000      7.728943      7.728943     15.457886
     -3.080000      7.798666      7.798666     15.597333
     -3.060000      7.659442      7.659442     15.318884
     -3.040000      7.321245      7.321245     14.642489
     -3.020000      6.847183      6.847183     13.694366
     -3.000000      6.346440      6.346440     12.692879
     -2.980000      5.951178      5.951178     11.902357
     -2.960000      5.783266      5.783266     11.566532
     -2.940000      5.921166      5.921166     11.842331
     -2.920000      6.377834      6.377834     12.755668
     -2.900000      7.096685      7.096685     14.193370
     -2.880000      7.966418      7.966418     15.932836
     -2.860000      8.849412      8.849412     17.698824
     -2.840000      9.614631      9.614631     19.229262
     -2.820000     10.165555     10.165555     20.331110
     -2.800000     10.456053     10.456053     20.912105
     -2.780000     10.491212     10.491212     20.982423
     -2.760000     10.314685     10.314685     20.629369
     -2.740000      9.988018      9.988018     19.976037
     -2.720000      9.569677      9.569677     19.139355
     -2.700000      9.101034      9.101034     18.202068
     -2.680000      8.603229      8.603229     17.206458
     -2.660000      8.083771      8.083771     16.167543
     -2.640000      7.547566      7.547566     15.095132
     -2.620000      7.005906      7.005906     14.011813
     -2.600000      6.479269      6.479269     12.958537
     -2.580000      5.993689      5.993689     11.987378
     -2.560000      5.573716      5.573716     11.147432
     -2.540000      5.235919      5.235919     10.471838
     -2.520000      4.985816      4.985816      9.971632
     -2.500000      4.818871      4.818871      9.637742
     -2.480000      4.724175      4.724175      9.448351
     -2.460000      4.688415      4.688415      9.376831
     -2.440000      4.698174      4.698174      9.396348
     -2.420000      4.740077      4.740077      9.480155
     -2.400000      4.799818      4.799818      9.599636
     -2.380000      4.861613      4.861613      9.723226
     -2.360000      4.909064      4.909064      9.818128
     -2.340000      4.927305      4.927305      9.854611
     -2.320000      4.905606      4.905606      9.811211
     -2.300000      4.839495      4.839495      9.678989
     -2.280000      4.731724      4.731724      9.463447
     -2.260000      4.591713      4.591713      9.183426
     -2.240000      4.433555      4.433555      8.867109
     -2.220000      4.273148      4.273148      8.546295
     -2.200000      4.125407      4.125407      8.250813
     -2.180000      4.002287      4.002287      8.004574
     -2.160000      3.911732      3.911732      7.823463
     -2.140000      3.857063      3.857063      7.714127
     -2.120000      3.836322      3.836322      7.672643
     -2.100000      3.841653      3.841653      7.683305
     -2.080000      3.859520      3.859520      7.719039
     -2.060000      3.872639      3.872639      7.745278
     -2.040000      3.863907      3.863907      7.727814
     -2.020000      3.821356      3.821356      7.642713
     -2.000000      3.742127      3.742127      7.484254
     -1.980000      3.633351      3.633351      7.266702
     -1.960000      3.509143      3.509143      7.018285
     -1.940000      3.385028      3.385028      6.770057
     -1.920000      3.272771      3.272771      6.545543
     -1.900000      3.178339      3.178339      6.356677
     -1.880000      3.103710      3.103710      6.207419
     -1.860000      3.050625      3.050625      6.101249
     -1.840000      3.023106      3.023106      6.046212
     -1.820000      3.026522      3.026522      6.053044
     -1.800000      3.063452      3.063452      6.126904
     -1.780000      3.128915      3.128915      6.257830
     -1.760000      3.208157      3.208157      6.416314
     -1.740000      3.278869      3.278869      6.557738
     -1.720000      3.317270      3.317270      6.634540
     -1.700000      3.305445      3.305445      6.610889
     -1.680000      3.236696      3.236696      6.473392
     -1.660000      3.116764      3.116764      6.233528
     -1.640000      2.960808      2.960808      5.921616
     -1.620000      2.787903      2.787903      5.575806
     -1.600000      2.615540      2.615540      5.231080
     -1.580000      2.456037      2.456037      4.912075
     -1.560000      2.315506      2.315506      4.631012
     -1.540000      2.194837      2.194837      4.389673
     -1.520000      2.091643      2.091643      4.183286
     -1.500000      2.002193      2.002193      4.004385
     -1.480000      1.922775      1.922775      3.845549
     -1.460000      1.850380      1.850380      3.700759
     -1.440000      1.782852      1.782852      3.565703
     -1.420000      1.718755      1.718755      3.437509
     -1.400000      1.657166      1.657166      3.314332
     -1.380000      1.597498      1.597498      3.194996
     -1.360000      1.539370      1.539370      3.078741
     -1.340000      1.482521      1.482521      2.965042
     -1.320000      1.426748      1.426748      2.853496
     -1.300000      1.371882      1.371882      2.743763
     -1.280000      1.317784      1.317784      2.635567
     -1.260000      1.264342      1.264342      2.528684
     -1.240000      1.211457      1.211457      2.422914
     -1.220000      1.159022      1.159022      2.318043
     -1.200000      1.106908      1.106908      2.213817
     -1.180000      1.054958      1.054958      2.109916
     -1.160000      1.002960      1.002960      2.005921
     -1.140000      0.950632      0.950632      1.901263
     -1.120000      0.897606      0.897606      1.795211
     -1.100000      0.843481      0.843481      1.686961
     -1.080000      0.787937      0.787937      1.575874
     -1.060000      0.730899      0.730899      1.461798
     -1.040000      0.672684      0.672684      1.345367
     -1.020000      0.614043      0.614043      1.228085
     -1.000000      0.556038      0.556038      1.112075
     -0.980000      0.499744      0.499744      0.999488
     -0.960000      0.445880      0.445880      0.891759
     -0.940000      0.394546      0.394546      0.789093
     -0.920000      0.345268      0.345268      0.690536
     -0.900000      0.297388      0.297388      0.594776
     -0.880000      0.250688      0.250688      0.501375
     -0.860000      0.205948      0.205948      0.411895
     -0.840000      0.165174      0.165174      0.330348
     -0.820000      0.131381      0.131381      0.262763
     -0.800000      0.108026      0.108026      0.216052
     -0.780000      0.098314      0.098314      0.196628
     -0.760000      0.104588      0.104588      0.209176
     -0.740000      0.127911      0.127911      0.255821
     -0.720000      0.167893      0.167893      0.335786
     -0.700000      0.222786      0.222786      0.445572
     -0.680000      0.289854      0.289854      0.579709
     -0.660000      0.365997      0.365997      0.731994
     -0.640000      0.448502      0.448502      0.897005
     -0.620000      0.535737      0.535737      1.071475
     -0.600000      0.627615      0.627615      1.255230
     -0.580000      0.725828      0.725828      1.451657
     -0.560000      0.834016      0.834016      1.668031
     -0.540000      0.958065      0.958065      1.916129
     -0.520000      1.106625      1.106625      2.213250
     -0.500000      1.291514      1.291514      2.583028
     -0.480000      1.527255      1.527255      3.054510
     -0.460000      1.828733      1.828733      3.657465
     -0.440000      2.206187      2.206187      4.412375
     -0.420000      2.657848      2.657848      5.315696
     -0.400000      3.162240      3.162240      6.324479
     -0.380000      3.673878      3.673878      7.347756
     -0.360000      4.126378      4.126378      8.252756
     -0.340000      4.444951      4.444951      8.889902
     -0.320000      4.566083      4.566083      9.132166
     -0.300000      4.457811      4.457811      8.915623
     -0.280000      4.132226      4.132226      8.264453
     -0.260000      3.644271      3.644271      7.288543
     -0.240000      3.076843      3.076843      6.153686
     -0.220000      2.518368      2.518368      5.036735
     -0.200000      2.042023      2.042023      4.084046
     -0.180000      1.694031      1.694031      3.388062
     -0.160000      1.493339      1.493339      2.986679
     -0.140000      1.439607      1.439607      2.879213
     -0.120000      1.523369      1.523369      3.046739
     -0.100000      1.732509      1.732509      3.465019
     -0.080000      2.051943      2.051943      4.103886
     -0.060000      2.457329      2.457329      4.914658
     -0.040000      2.907136      2.907136      5.814272
     -0.020000      3.339225      3.339225      6.678451
      0.000000      3.677065      3.677065      7.354131
      0.020000      3.846442      3.846442      7.692884
      0.040000      3.797637      3.797637      7.595275
      0.060000      3.523769      3.523769      7.047539
      0.080000      3.066416      3.066416      6.132831
      0.100000      2.505243      2.505243      5.010486
      0.120000      1.936004      1.936004      3.872007
      0.140000      1.446237      1.446237      2.892475
      0.160000      1.097565      1.097565      2.195129
      0.180000      0.918594      0.918594      1.837187
      0.200000      0.906979      0.906979      1.813958
      0.220000      1.036412      1.036412      2.072824
      0.240000      1.265013      1.265013      2.530026
      0.260000      1.543791      1.543791      3.087582
      0.280000      1.825207      1.825207      3.650414
      0.300000      2.071500      2.071500      4.143000
      0.320000      2.261177      2.261177      4.522353
      0.340000      2.391575      2.391575      4.783149
      0.360000      2.476321      2.476321      4.952642
      0.380000      2.538378      2.538378      5.076755
      0.400000      2.600945      2.600945      5.201890
      0.420000      2.679072      2.679072      5.358144
      0.440000      2.774443      2.774443      5.548886
      0.460000      2.875001      2.875001      5.750002
      0.480000      2.959998      2.959998      5.919997
      0.500000      3.009661      3.009661      6.019321
      0.520000      3.016765      3.016765      6.033530
      0.540000      2.995703      2.995703      5.991405
      0.560000      2.984208      2.984208      5.968415
      0.580000      3.034905      3.034905      6.069810
      0.600000      3.197875      3.197875      6.395750
      0.620000      3.499917      3.499917      6.999834
      0.640000      3.928725      3.928725      7.857449
      0.660000      4.429207      4.429207      8.858413
      0.680000      4.914855      4.914855      9.829711
      0.700000      5.291172      5.291172     10.582345
      0.720000      5.483260      5.483260     10.966519
      0.740000      5.457827      5.457827     10.915654
      0.760000      5.231859      5.231859     10.463718
      0.780000      4.865279      4.865279      9.730558
      0.800000      4.441104      4.441104      8.882207
      0.820000      4.041222      4.041222      8.082444
      0.840000      3.727039      3.727039      7.454078
      0.860000      3.531404      3.531404      7.062809
      0.880000      3.462816      3.462816      6.925633
      0.900000      3.517410      3.517410      7.034820
      0.920000      3.691062      3.691062      7.382124
      0.940000      3.984487      3.984487      7.968973
      0.960000      4.398241      4.398241      8.796482
      0.980000      4.920468      4.920468      9.840935
      1.000000      5.515118      5.515118     11.030235
      1.020000      6.119417      6.119417     12.238834
      1.040000      6.655154      6.655154     13.310308
      1.060000      7.050657      7.050657     14.101314
      1.080000      7.263627      7.263627     14.527254
      1.100000      7.293669      7.293669     14.587338
      1.120000      7.178662      7.178662     14.357325
      1.140000      6.977585      6.977585     13.955171
      1.160000      6.748696      6.748696     13.497392
      1.180000      6.532623      6.532623     13.065247
      1.200000      6.345658      6.345658     12.691317
      1.220000      6.182988      6.182988     12.365975
      1.240000      6.028058      6.028058     12.056116
      1.260000      5.863618      5.863618     11.727235
      1.280000      5.681071      5.681071     11.362143
      1.300000      5.486240      5.486240     10.972481
      1.320000      5.300711      5.300711     10.601423
      1.340000      5.158880      5.158880     10.317759
      1.360000      5.101537      5.101537     10.203073
      1.380000      5.167356      5.167356     10.334713
      1.400000      5.383780      5.383780     10.767561
      1.420000      5.758810      5.758810     11.517620
      1.440000      6.275395      6.275395     12.550790
      1.460000      6.890300      6.890300     13.780600
      1.480000      7.538963      7.538963     15.077926
      1.500000      8.146430      8.146430     16.292860
      1.520000      8.642241      8.642241     17.284482
      1.540000      8.975184      8.975184     17.950367
      1.560000      9.123348      9.123348     18.246697
      1.580000      9.096276      9.096276     18.192552
      1.600000      8.928761      8.928761     17.857523
      1.620000      8.668791      8.668791     17.337581
      1.640000      8.363992      8.363992     16.727985
      1.660000      8.051109      8.051109     16.102219
      1.680000      7.751379      7.751379     15.502759
      1.700000      7.472080      7.472080     14.944160
      1.720000      7.212092      7.212092     14.424184
      1.740000      6.968196      6.968196     13.936392
      1.760000      6.739306      6.739306     13.478613
      1.780000      6.527497      6.527497     13.054993
      1.800000      6.336403      6.336403     12.672807
      1.820000      6.168645      6.168645     12.337290
      1.840000      6.023875      6.023875     12.047750
      1.860000      5.898314      5.898314     11.796627
      1.880000      5.785652      5.785652     11.571304
      1.900000      5.678599      5.678599     11.357197
      1.920000      5.570299      5.570299     11.140599
      1.940000      5.455217      5.455217     10.910434
      1.960000      5.329511      5.329511     10.659022
      1.980000      5.191195      5.191195     10.382389
      2.000000      5.040305      5.040305     10.080611
      2.020000      4.879171      4.879171      9.758343
      2.040000      4.712669      4.712669      9.425338
      2.060000      4.548334      4.548334      9.096668
      2.080000      4.396231      4.396231      8.792461
      2.100000      4.268535      4.268535      8.537070
      2.120000      4.178766      4.178766      8.357532
      2.140000      4.140451      4.140451      8.280902
      2.160000      4.164977      4.164977      8.329954
      2.180000      4.258656      4.258656      8.517313
      2.200000      4.419630      4.419630      8.839261
      2.220000      4.635845      4.635845      9.271690
      2.240000      4.885374      4.885374      9.770749
      2.260000      5.139613      5.139613     10.279225
      2.280000      5.368603      5.368603     10.737206
      2.300000      5.546813      5.546813     11.093626
      2.320000      5.657608      5.657608     11.315217
      2.340000      5.695468      5.695468     11.390936
      2.360000      5.665947      5.665947     11.331893
      2.380000      5.583846      5.583846     11.167692
      2.400000      5.469946      5.469946     10.939892
      2.420000      5.346479      5.346479     10.692958
      2.440000      5.231893      5.231893     10.463786
      2.460000      5.136233      5.136233     10.272466
      2.480000      5.059002      5.059002     10.118004
      2.500000      4.990801      4.990801      9.981603
      2.520000      4.918507      4.918507      9.837015
      2.540000      4.831968      4.831968      9.663937
      2.560000      4.729413      4.729413      9.458827
      2.580000      4.619461      4.619461      9.238923
      2.600000      4.519424      4.519424      9.038849
      2.620000      4.451458      4.451458      8.902916
      2.640000      4.439066      4.439066      8.878131
      2.660000      4.505939      4.505939      9.011879
      2.680000      4.677193      4.677193      9.354386
      2.700000      4.980429      4.980429      9.960859
      2.720000      5.442327      5.442327     10.884653
      2.740000      6.077343      6.077343     12.154687
      2.760000      6.869723      6.869723     13.739445
      2.780000      7.756528      7.756528     15.513055
      2.800000      8.623675      8.623675     17.247351
      2.820000      9.324158      9.324158     18.648316
      2.840000      9.717134      9.717134     19.434268
      2.860000      9.713685      9.713685     19.427370
      2.880000      9.308467      9.308467     18.616934
      2.900000      8.581848      8.581848     17.163697
      2.920000      7.671814      7.671814     15.343628
      2.940000      6.729641      6.729641     13.459282
      2.960000      5.879174      5.879174     11.758349
      2.980000      5.194210      5.194210     10.388419
      3.000000      4.697264      4.697264      9.394528
      3.020000      4.373372      4.373372      8.746744
      3.040000      4.188839      4.188839      8.377678
      3.060000      4.106761      4.106761      8.213522
      3.080000      4.095494      4.095494      8.190989
      3.100000      4.130415      4.130415      8.260831
      3.120000      4.191785      4.191785      8.383570
      3.140000      4.262121      4.262121      8.524242
      3.160000      4.325390      4.325390      8.650779
      3.180000      4.368411      4.368411      8.736821
      3.200000      4.383138      4.383138      8.766275
      3.220000      4.367948      4.367948      8.735896
      3.240000      4.326864      4.326864      8.653728
      3.260000      4.267072      4.267072      8.534145
      3.280000      4.196118      4.196118      8.392236
      3.300000      4.120140      4.120140      8.240280
      3.320000      4.043642      4.043642      8.087285
      3.340000      3.970274      3.970274      7.940548
      3.360000      3.903633      3.903633      7.807266
      3.380000      3.847365      3.847365      7.694731
      3.400000      3.804505      3.804505      7.609009
      3.420000      3.776547      3.776547      7.553093
      3.440000      3.762880      3.762880      7.525760
      3.460000      3.760877      3.760877      7.521754
      3.480000      3.766566      3.766566      7.533133
      3.500000      3.775576      3.775576      7.551152
      3.520000      3.784058      3.784058      7.568117
      3.540000      3.789385      3.789385      7.578770
      3.560000      3.790477      3.790477      7.580955
      3.580000      3.787682      3.787682      7.575364
      3.600000      3.782220      3.782220      7.564441
      3.620000      3.775441      3.775441      7.550882
      3.640000      3.768189      3.768189      7.536378
      3.660000      3.760561      3.760561      7.521122
      3.680000      3.752089      3.752089      7.504177
      3.700000      3.742238      3.742238      7.484476
      3.720000      3.731029      3.731029      7.462058
      3.740000      3.719571      3.719571      7.439143
      3.760000      3.710241      3.710241      7.420482
      3.780000      3.706218      3.706218      7.412436
      3.800000      3.710275      3.710275      7.420551
      3.820000      3.723170      3.723170      7.446340
      3.840000      3.742437      3.742437      7.484873
      3.860000      3.762437      3.762437      7.524874
      3.880000      3.775922      3.775922      7.551843
      3.900000      3.776456      3.776456      7.552912
      3.920000      3.760441      3.760441      7.520883
      3.940000      3.727709      3.727709      7.455417
      3.960000      3.680600      3.680600      7.361200
      3.980000      3.622414      3.622414      7.244829
      4.000000      3.556309      3.556309      7.112618
      4.020000      3.485135      3.485135      6.970269
      4.040000      3.411832      3.411832      6.823663
      4.060000      3.339669      3.339669      6.679338
      4.080000      3.271983      3.271983      6.543966
      4.100000      3.211724      3.211724      6.423447
      4.120000      3.161406      3.161406      6.322812
      4.140000      3.123832      3.123832      6.247665
      4.160000      3.103541      3.103541      6.207082
      4.180000      3.108744      3.108744      6.217488
      4.200000      3.153553      3.153553      6.307107
      4.220000      3.260127      3.260127      6.520255
      4.240000      3.459647      3.459647      6.919295
      4.260000      3.790009      3.790009      7.580019
      4.280000      4.287730      4.287730      8.575459
      4.300000      4.973064      4.973064      9.946128
      4.320000      5.831097      5.831097     11.662194
      4.340000      6.796281      6.796281     13.592561
      4.360000      7.750444      7.750444     15.500888
      4.380000      8.541493      8.541493     17.082987
      4.400000      9.021243      9.021243     18.042485
      4.420000      9.089999      9.089999     18.179998
      4.440000      8.729410      8.729410     17.458820
      4.460000      8.008647      8.008647     16.017294
      4.480000      7.061221      7.061221     14.122443
      4.500000      6.043485      6.043485     12.086970
      4.520000      5.092934      5.092934     10.185867
      4.540000      4.301455      4.301455      8.602910
      4.560000      3.708889      3.708889      7.417777
      4.580000      3.312550      3.312550      6.625099
      4.600000      3.083754      3.083754      6.167508
      4.620000      2.983457      2.983457      5.966915
      4.640000      2.973017      2.973017      5.946035
      4.660000      3.019637      3.019637      6.039275
      4.680000      3.097765      3.097765      6.195529
      4.700000      3.188016      3.188016      6.376032
      4.720000      3.275008      3.275008      6.550016
      4.740000      3.345322      3.345322      6.690645
      4.760000      3.386658      3.386658      6.773316
      4.780000      3.388748      3.388748      6.777496
      4.800000      3.345768      3.345768      6.691537
      4.820000      3.259097      3.259097      6.518195
      4.840000      3.138823      3.138823      6.277646
      4.860000      3.002690      3.002690      6.005380
      4.880000      2.872221      2.872221      5.744442
      4.900000      2.767045      2.767045      5.534091
      4.920000      2.699458      2.699458      5.398916
      4.940000      2.671298      2.671298      5.342595
      4.960000      2.674399      2.674399      5.348798
      4.980000      2.694428      2.694428      5.388855
      5.000000      2.716587      2.716587      5.433175
      5.020000      2.730981      2.730981      5.461961
      5.040000      2.735590      2.735590      5.471179
      5.060000      2.735814      2.735814      5.471627
      5.080000      2.740895      2.740895      5.481791
      5.100000      2.758869      2.758869      5.517738
      5.120000      2.792301      2.792301      5.584603
      5.140000      2.836727      2.836727      5.673454
      5.160000      2.882396      2.882396      5.764792
      5.180000      2.918390      2.918390      5.836781
      5.200000      2.937137      2.937137      5.874275
      5.220000      2.937370      2.937370      5.874740
      5.240000      2.924490      2.924490      5.848981
      5.260000      2.908517      2.908517      5.817034
      5.280000      2.900626      2.900626      5.801252
      5.300000      2.909531      2.909531      5.819062
      5.320000      2.938722      2.938722      5.877445
      5.340000      2.985276      2.985276      5.970551
      5.360000      3.040606      3.040606      6.081213
      5.380000      3.093095      3.093095      6.186191
      5.400000      3.131854      3.131854      6.263707
      5.420000      3.150267      3.150267      6.300534
      5.440000      3.147850      3.147850      6.295701
      5.460000      3.129640      3.129640      6.259280
      5.480000      3.103628      3.103628      6.207255
      5.500000      3.077916      3.077916      6.155832
      5.520000      3.059523      3.059523      6.119047
      5.540000      3.055878      3.055878      6.111755
      5.560000      3.078364      3.078364      6.156728
      5.580000      3.145749      3.145749      6.291498
      5.600000      3.284801      3.284801      6.569601
      5.620000      3.526302      3.526302      7.052603
      5.640000      3.896591      3.896591      7.793183
      5.660000      4.406749      4.406749      8.813498
      5.680000      5.042692      5.042692     10.085384
      5.700000      5.759473      5.759473     11.518947
      5.720000      6.482270      6.482270     12.964539
      5.740000      7.115432      7.115432     14.230864
      5.760000      7.559403      7.559403     15.118806
      5.780000      7.732848      7.732848     15.465695
      5.800000      7.594322      7.594322     15.188643
      5.820000      7.155830      7.155830     14.311661
      5.840000      6.482003      6.482003     12.964006
      5.860000      5.673817      5.673817     11.347635
      5.880000      4.842537      4.842537      9.685074
      5.900000      4.083722      4.083722      8.167445
      5.920000      3.460215      3.460215      6.920431
      5.940000      2.997850      2.997850      5.995699
      5.960000      2.691806      2.691806      5.383613
      5.980000      2.518431      2.518431      5.036861
      6.000000      2.447673      2.447673      4.895346
      6.020000      2.453562      2.453562      4.907124
      6.040000      2.521972      2.521972      5.043944
      6.060000      2.655411      2.655411      5.310822
      6.080000      2.873967      2.873967      5.747935
      6.100000      3.211202      3.211202      6.422405
      6.120000      3.704463      3.704463      7.408927
      6.140000      4.381036      4.381036      8.762073
      6.160000      5.243855      5.243855     10.487709
      6.180000      6.261880      6.261880     12.523759
      6.200000      7.369499      7.369499     14.738998
      6.220000      8.476105      8.476105     16.952210
      6.240000      9.482651      9.482651     18.965302
      6.260000     10.298849     10.298849     20.597698
      6.280000     10.854914     10.854914     21.709829
      6.300000     11.105583     11.105583     22.211165
      6.320000     11.029066     11.029066     22.058132
      6.340000     10.626088     10.626088     21.252176
      6.360000      9.922159      9.922159     19.844317
      6.380000      8.971330      8.971330     17.942660
      6.400000      7.855936      7.855936     15.711872
      6.420000      6.677603      6.677603     13.355205
      6.440000      5.539932      5.539932     11.079863
      6.460000      4.528842      4.528842      9.057684
      6.480000      3.698529      3.698529      7.397057
      6.500000      3.068057      3.068057      6.136114
      6.520000      2.628087      2.628087      5.256174
      6.540000      2.352828      2.352828      4.705657
      6.560000      2.211314      2.211314      4.422628
      6.580000      2.174205      2.174205      4.348409
      6.600000      2.215661      2.215661      4.431323
      6.620000      2.312284      2.312284      4.624567
      6.640000      2.441791      2.441791      4.883583
      6.660000      2.583123      2.583123      5.166246
      6.680000      2.717964      2.717964      5.435928
      6.700000      2.832478      2.832478      5.664956
      6.720000      2.917900      2.917900      5.835799
      6.740000      2.969556      2.969556      5.939111
      6.760000      2.985052      2.985052      5.970105
      6.780000      2.962978      2.962978      5.925956
      6.800000      2.903082      2.903082      5.806164
      6.820000      2.807933      2.807933      5.615867
      6.840000      2.685154      2.685154      5.370308
      6.860000      2.549112      2.549112      5.098224
      6.880000      2.421392      2.421392      4.842784
      6.900000      2.330076      2.330076      4.660152
      6.920000      2.308270      2.308270      4.616541
      6.940000      2.392166      2.392166      4.784331
      6.960000      2.618371      2.618371      5.236742
      6.980000      3.019807      3.019807      6.039614
      7.000000      3.619663      3.619663      7.239327
      7.020000      4.423913      4.423913      8.847826
      7.040000      5.414285      5.414285     10.828569
      7.060000      6.544621      6.544621     13.089241
      7.080000      7.743422      7.743422     15.486844
      7.100000      8.923779      8.923779     17.847558
      7.120000      9.999132      9.999132     19.998264
      7.140000     10.900517     10.900517     21.801034
      7.160000     11.589691     11.589691     23.179381
      7.180000     12.063905     12.063905     24.127810
      7.200000     12.351769     12.351769     24.703538
      7.220000     12.503401     12.503401     25.006801
      7.240000     12.579419     12.579419     25.158838
      7.260000     12.641384     12.641384     25.282769
      7.280000     12.743070     12.743070     25.486140
      7.300000     12.920707     12.920707     25.841413
      7.320000     13.182579     13.182579     26.365158
      7.340000     13.502173     13.502173     27.004345
      7.360000     13.820645     13.820645     27.641290
      7.380000     14.061419     14.061419     28.122838
      7.400000     14.153646     14.153646     28.307292
      7.420000     14.056162     14.056162     28.112324
      7.440000     13.772792     13.772792     27.545584
      7.460000     13.353737     13.353737     26.707474
      7.480000     12.883720     12.883720     25.767440
      7.500000     12.462199     12.462199     24.924397
      7.520000     12.182376     12.182376     24.364753
      7.540000     12.114144     12.114144     24.228288
      7.560000     12.293239     12.293239     24.586478
      7.580000     12.716635     12.716635     25.433270
      7.600000     13.343414     13.343414     26.686829
      7.620000     14.100901     14.100901     28.201803
      7.640000     14.896441     14.896441     29.792882
      7.660000     15.634681     15.634681     31.269362
      7.680000     16.238147     16.238147     32.476295
      7.700000     16.666214     16.666214     33.332428
      7.720000     16.926081     16.926081     33.852162
      7.740000     17.070673     17.070673     34.141346
      7.760000     17.182470     17.182470     34.364940
      7.780000     17.347434     17.347434     34.694868
      7.800000     17.626987     17.626987     35.253973
      7.820000     18.036890     18.036890     36.073781
      7.840000     18.539797     18.539797     37.079594
      7.860000     19.054098     19.054098     38.108196
      7.880000     19.476673     19.476673     38.953345
      7.900000     19.712458     19.712458     39.424916
      7.920000     19.701075     19.701075     39.402150
      7.940000     19.431626     19.431626     38.863253
      7.960000     18.941471     18.941471     37.882942
      7.980000     18.301355     18.301355     36.602711
      8.000000     17.594297     17.594297     35.188594
      8.020000     16.896601     16.896601     33.793203
      8.040000     16.266358     16.266358     32.532717
      8.060000     15.740163     15.740163     31.480325
      8.080000     15.335448     15.335448     30.670896
      8.100000     15.054957     15.054957     30.109915
      8.120000     14.890875     14.890875     29.781750
      8.140000     14.827678     14.827678     29.655355
      8.160000     14.843867     14.843867     29.687734
      8.180000     14.913331     14.913331     29.826662
      8.200000     15.007157     15.007157     30.014313
      8.220000     15.096370     15.096370     30.192740
      8.240000     15.155315     15.155315     30.310630
      8.260000     15.164573     15.164573     30.329147
      8.280000     15.112147     15.112147     30.224294
      8.300000     14.992349     14.992349     29.984697
      8.320000     14.803242     14.803242     29.606483
      8.340000     14.544542     14.544542     29.089085
      8.360000     14.217773     14.217773     28.435546
      8.380000     13.828988     13.828988     27.657975
      8.400000     13.392474     13.392474     26.784947
      8.420000     12.932852     12.932852     25.865704
      8.440000     12.483706     12.483706     24.967413
      8.460000     12.082849     12.082849     24.165698
      8.480000     11.766107     11.766107     23.532214
      8.500000     11.561888     11.561888     23.123777
      8.520000     11.487713     11.487713     22.975427
      8.540000     11.548537     11.548537     23.097075
      8.560000     11.736241     11.736241     23.472482
      8.580000     12.030279     12.030279     24.060557
      8.600000     12.400094     12.400094     24.800188
      8.620000     12.809532     12.809532     25.619064
      8.640000     13.222176     13.222176     26.444352
      8.660000     13.605629     13.605629     27.211258
      8.680000     13.933356     13.933356     27.866712
      8.700000     14.184618     14.184618     28.369237
      8.720000     14.344628     14.344628     28.689257
      8.740000     14.406818     14.406818     28.813636
      8.760000     14.376898     14.376898     28.753795
      8.780000     14.275931     14.275931     28.551863
      8.800000     14.139006     14.139006     28.278012
      8.820000     14.008025     14.008025     28.016051
      8.840000     13.920490     13.920490     27.840981
      8.860000     13.898599     13.898599     27.797197
      8.880000     13.943078     13.943078     27.886157
      8.900000     14.033972     14.033972     28.067945
      8.920000     14.137548     14.137548     28.275096
      8.940000     14.216285     14.216285     28.432571
      8.960000     14.238381     14.238381     28.476762
      8.980000     14.184218     14.184218     28.368437
      9.000000     14.048948     14.048948     28.097895
      9.020000     13.841717     13.841717     27.683434
      9.040000     13.582709     13.582709     27.165417
      9.060000     13.299025     13.299025     26.598051
      9.080000     13.020108     13.020108     26.040217
      9.100000     12.773124     12.773124     25.546248
      9.120000     12.578825     12.578825     25.157649
      9.140000     12.448566     12.448566     24.897132
      9.160000     12.383181     12.383181     24.766361
      9.180000     12.374085     12.374085     24.748170
      9.200000     12.406431     12.406431     24.812861
      9.220000     12.463531     12.463531     24.927061
      9.240000     12.531396     12.531396     25.062793
      9.260000     12.602129     12.602129     25.204258
      9.280000     12.675136     12.675136     25.350272
      9.300000     12.755733     12.755733     25.511465
      9.320000     12.851499     12.851499     25.702997
      9.340000     12.967596     12.967596     25.935192
      9.360000     13.102775     13.102775     26.205549
      9.380000     13.247743     13.247743     26.495485
      9.400000     13.386878     13.386878     26.773756
      9.420000     13.502960     13.502960     27.005920
      9.440000     13.583157     13.583157     27.166313
      9.460000     13.623594     13.623594     27.247189
      9.480000     13.630214     13.630214     27.260428
      9.500000     13.615359     13.615359     27.230718
      9.520000     13.591813     13.591813     27.183626
      9.540000     13.567419     13.567419     27.134838
      9.560000     13.543017     13.543017     27.086034
      9.580000     13.514475     13.514475     27.028950
      9.600000     13.477291     13.477291     26.954581
      9.620000     13.430928     13.430928     26.861856
      9.640000     13.380332     13.380332     26.760664
      9.660000     13.333543     13.333543     26.667085
      9.680000     13.296262     13.296262     26.592525
      9.700000     13.265785     13.265785     26.531570
      9.720000     13.227345     13.227345     26.454690
      9.740000     13.155299     13.155299     26.310597
      9.760000     13.019730     13.019730     26.039460
      9.780000     12.796650     12.796650     25.593300
      9.800000     12.478110     12.478110     24.956220
      9.820000     12.078228     12.078228     24.156456
      9.840000     11.632573     11.632573     23.265146
      9.860000     11.190881     11.190881     22.381762
      9.880000     10.805481     10.805481     21.610963
      9.900000     10.519153     10.519153     21.038307
      9.920000     10.356065     10.356065     20.712130
      9.940000     10.318215     10.318215     20.636430
      9.960000     10.387943     10.387943     20.775885
      9.980000     10.535162     10.535162     21.070325
     10.000000     10.726672     10.726672     21.453345
