# EIG2DOS: Utility for SIESTA to obtain the electronic density of states
#  E. Artacho, Apr 1999, A. Garcia, Apr 2012
# ------------------------------------------
# Eigenvalues read from GRP_doping.EIG
# Using smearing parameter:   0.100
# Using   1001 points in energy range
# Selected bands: 1 to: 936
# Emin, emax in file for selected band(s):    -37.4443500    248.5115700
# Nbands, Nspin, Nk   =    936     1   231
# E_F                 =    -3.5346 eV --> (shifted to ZERO)
# Broadening          =     0.1000 eV
#
#        E            N(up)  (=)   N(down)         Ntot
    -10.000000     12.526979     12.526979     25.053958
     -9.980000     12.459026     12.459026     24.918052
     -9.960000     12.253638     12.253638     24.507276
     -9.940000     11.858094     11.858094     23.716187
     -9.920000     11.229809     11.229809     22.459618
     -9.900000     10.388171     10.388171     20.776342
     -9.880000      9.437357      9.437357     18.874714
     -9.860000      8.547676      8.547676     17.095353
     -9.840000      7.905312      7.905312     15.810625
     -9.820000      7.653748      7.653748     15.307496
     -9.800000      7.849366      7.849366     15.698733
     -9.780000      8.443335      8.443335     16.886670
     -9.760000      9.290781      9.290781     18.581562
     -9.740000     10.181797     10.181797     20.363595
     -9.720000     10.886606     10.886606     21.773211
     -9.700000     11.206219     11.206219     22.412439
     -9.680000     11.018638     11.018638     22.037276
     -9.660000     10.309917     10.309917     20.619834
     -9.640000      9.181314      9.181314     18.362627
     -9.620000      7.828781      7.828781     15.657562
     -9.600000      6.498271      6.498271     12.996542
     -9.580000      5.427381      5.427381     10.854763
     -9.560000      4.788459      4.788459      9.576919
     -9.540000      4.649072      4.649072      9.298144
     -9.520000      4.962280      4.962280      9.924560
     -9.500000      5.591500      5.591500     11.182999
     -9.480000      6.363401      6.363401     12.726803
     -9.460000      7.130106      7.130106     14.260211
     -9.440000      7.814942      7.814942     15.629884
     -9.420000      8.420874      8.420874     16.841748
     -9.400000      8.998311      8.998311     17.996623
     -9.380000      9.590900      9.590900     19.181800
     -9.360000     10.190374     10.190374     20.380747
     -9.340000     10.725820     10.725820     21.451640
     -9.320000     11.092297     11.092297     22.184594
     -9.300000     11.201486     11.201486     22.402972
     -9.280000     11.025817     11.025817     22.051634
     -9.260000     10.612095     10.612095     21.224190
     -9.240000     10.057257     10.057257     20.114514
     -9.220000      9.458941      9.458941     18.917881
     -9.200000      8.867406      8.867406     17.734812
     -9.180000      8.265393      8.265393     16.530787
     -9.160000      7.587299      7.587299     15.174598
     -9.140000      6.766276      6.766276     13.532551
     -9.120000      5.781589      5.781589     11.563177
     -9.100000      4.679694      4.679694      9.359388
     -9.080000      3.559962      3.559962      7.119924
     -9.060000      2.537131      2.537131      5.074261
     -9.040000      1.703345      1.703345      3.406690
     -9.020000      1.107985      1.107985      2.215970
     -9.000000      0.759607      0.759607      1.519214
     -8.980000      0.641895      0.641895      1.283791
     -8.960000      0.731437      0.731437      1.462875
     -8.940000      1.009153      1.009153      2.018305
     -8.920000      1.464413      1.464413      2.928826
     -8.900000      2.095829      2.095829      4.191657
     -8.880000      2.912519      2.912519      5.825038
     -8.860000      3.935039      3.935039      7.870078
     -8.840000      5.189831      5.189831     10.379661
     -8.820000      6.690280      6.690280     13.380561
     -8.800000      8.404400      8.404400     16.808800
     -8.780000     10.221400     10.221400     20.442801
     -8.760000     11.938786     11.938786     23.877573
     -8.740000     13.288760     13.288760     26.577519
     -8.720000     14.005169     14.005169     28.010339
     -8.700000     13.908552     13.908552     27.817105
     -8.680000     12.972216     12.972216     25.944432
     -8.660000     11.337926     11.337926     22.675851
     -8.640000      9.273504      9.273504     18.547008
     -8.620000      7.092219      7.092219     14.184438
     -8.600000      5.069042      5.069042     10.138085
     -8.580000      3.384742      3.384742      6.769484
     -8.560000      2.110849      2.110849      4.221698
     -8.540000      1.229113      1.229113      2.458225
     -8.520000      0.668000      0.668000      1.336001
     -8.500000      0.338710      0.338710      0.677419
     -8.480000      0.160150      0.160150      0.320301
     -8.460000      0.070574      0.070574      0.141148
     -8.440000      0.028978      0.028978      0.057957
     -8.420000      0.011122      0.011122      0.022243
     -8.400000      0.004138      0.004138      0.008277
     -8.380000      0.001989      0.001989      0.003979
     -8.360000      0.002537      0.002537      0.005075
     -8.340000      0.006260      0.006260      0.012520
     -8.320000      0.016435      0.016435      0.032869
     -8.300000      0.040711      0.040711      0.081422
     -8.280000      0.093993      0.093993      0.187987
     -8.260000      0.202232      0.202232      0.404464
     -8.240000      0.405938      0.405938      0.811876
     -8.220000      0.761207      0.761207      1.522413
     -8.200000      1.335345      1.335345      2.670690
     -8.180000      2.194735      2.194735      4.389470
     -8.160000      3.385098      3.385098      6.770196
     -8.140000      4.908546      4.908546      9.817091
     -8.120000      6.706100      6.706100     13.412200
     -8.100000      8.655689      8.655689     17.311378
     -8.080000     10.591453     10.591453     21.182907
     -8.060000     12.340588     12.340588     24.681176
     -8.040000     13.763318     13.763318     27.526636
     -8.020000     14.777292     14.777292     29.554585
     -8.000000     15.354780     15.354780     30.709559
     -7.980000     15.497250     15.497250     30.994499
     -7.960000     15.206834     15.206834     30.413669
     -7.940000     14.476374     14.476374     28.952747
     -7.920000     13.306301     13.306301     26.612603
     -7.900000     11.736689     11.736689     23.473378
     -7.880000      9.870965      9.870965     19.741930
     -7.860000      7.872703      7.872703     15.745405
     -7.840000      5.934259      5.934259     11.868517
     -7.820000      4.233178      4.233178      8.466356
     -7.800000      2.897811      2.897811      5.795622
     -7.780000      1.995457      1.995457      3.990913
     -7.760000      1.541498      1.541498      3.082997
     -7.740000      1.516428      1.516428      3.032856
     -7.720000      1.875915      1.875915      3.751831
     -7.700000      2.547226      2.547226      5.094453
     -7.680000      3.417864      3.417864      6.835728
     -7.660000      4.331332      4.331332      8.662664
     -7.640000      5.103947      5.103947     10.207893
     -7.620000      5.564866      5.564866     11.129731
     -7.600000      5.605508      5.605508     11.211016
     -7.580000      5.215048      5.215048     10.430095
     -7.560000      4.483265      4.483265      8.966529
     -7.540000      3.568806      3.568806      7.137611
     -7.520000      2.648978      2.648978      5.297956
     -7.500000      1.874846      1.874846      3.749692
     -7.480000      1.348586      1.348586      2.697172
     -7.460000      1.124804      1.124804      2.249607
     -7.440000      1.224314      1.224314      2.448627
     -7.420000      1.645405      1.645405      3.290811
     -7.400000      2.364406      2.364406      4.728812
     -7.380000      3.329029      3.329029      6.658058
     -7.360000      4.456484      4.456484      8.912967
     -7.340000      5.647348      5.647348     11.294696
     -7.320000      6.814881      6.814881     13.629761
     -7.300000      7.914647      7.914647     15.829294
     -7.280000      8.952619      8.952619     17.905239
     -7.260000      9.959686      9.959686     19.919372
     -7.240000     10.943379     10.943379     21.886758
     -7.220000     11.847927     11.847927     23.695855
     -7.200000     12.554052     12.554052     25.108105
     -7.180000     12.926080     12.926080     25.852159
     -7.160000     12.880967     12.880967     25.761934
     -7.140000     12.436170     12.436170     24.872340
     -7.120000     11.705620     11.705620     23.411241
     -7.100000     10.847754     10.847754     21.695508
     -7.080000     10.001433     10.001433     20.002867
     -7.060000      9.251437      9.251437     18.502874
     -7.040000      8.641474      8.641474     17.282948
     -7.020000      8.217838      8.217838     16.435677
     -7.000000      8.066218      8.066218     16.132436
     -6.980000      8.310829      8.310829     16.621659
     -6.960000      9.071366      9.071366     18.142732
     -6.940000     10.399408     10.399408     20.798815
     -6.920000     12.226051     12.226051     24.452102
     -6.900000     14.344814     14.344814     28.689628
     -6.880000     16.437714     16.437714     32.875427
     -6.860000     18.137990     18.137990     36.275980
     -6.840000     19.113785     19.113785     38.227571
     -6.820000     19.151629     19.151629     38.303258
     -6.800000     18.216005     18.216005     36.432011
     -6.780000     16.464405     16.464405     32.928810
     -6.760000     14.208976     14.208976     28.417951
     -6.740000     11.834027     11.834027     23.668054
     -6.720000      9.695367      9.695367     19.390734
     -6.700000      8.034266      8.034266     16.068531
     -6.680000      6.932324      6.932324     13.864648
     -6.660000      6.317335      6.317335     12.634669
     -6.640000      6.012013      6.012013     12.024026
     -6.620000      5.804559      5.804559     11.609119
     -6.600000      5.516141      5.516141     11.032282
     -6.580000      5.045325      5.045325     10.090649
     -6.560000      4.380174      4.380174      8.760348
     -6.540000      3.580768      3.580768      7.161536
     -6.520000      2.744063      2.744063      5.488127
     -6.500000      1.966611      1.966611      3.933222
     -6.480000      1.318016      1.318016      2.636033
     -6.460000      0.831327      0.831327      1.662653
     -6.440000      0.509089      0.509089      1.018178
     -6.420000      0.338815      0.338815      0.677629
     -6.400000      0.310099      0.310099      0.620198
     -6.380000      0.426798      0.426798      0.853596
     -6.360000      0.709786      0.709786      1.419571
     -6.340000      1.188304      1.188304      2.376608
     -6.320000      1.881444      1.881444      3.762889
     -6.300000      2.776447      2.776447      5.552894
     -6.280000      3.815491      3.815491      7.630983
     -6.260000      4.903156      4.903156      9.806313
     -6.240000      5.938577      5.938577     11.877155
     -6.220000      6.860839      6.860839     13.721678
     -6.200000      7.682094      7.682094     15.364187
     -6.180000      8.482527      8.482527     16.965055
     -6.160000      9.360277      9.360277     18.720555
     -6.140000     10.359335     10.359335     20.718669
     -6.120000     11.419289     11.419289     22.838577
     -6.100000     12.384441     12.384441     24.768882
     -6.080000     13.075491     13.075491     26.150982
     -6.060000     13.385244     13.385244     26.770488
     -6.040000     13.339751     13.339751     26.679501
     -6.020000     13.084354     13.084354     26.168709
     -6.000000     12.800134     12.800134     25.600268
     -5.980000     12.599674     12.599674     25.199347
     -5.960000     12.463070     12.463070     24.926139
     -5.940000     12.248981     12.248981     24.497962
     -5.920000     11.770505     11.770505     23.541010
     -5.900000     10.891102     10.891102     21.782205
     -5.880000      9.590728      9.590728     19.181456
     -5.860000      7.974809      7.974809     15.949619
     -5.840000      6.231196      6.231196     12.462392
     -5.820000      4.563343      4.563343      9.126686
     -5.800000      3.132243      3.132243      6.264487
     -5.780000      2.027913      2.027913      4.055826
     -5.760000      1.273580      1.273580      2.547159
     -5.740000      0.851904      0.851904      1.703808
     -5.720000      0.737008      0.737008      1.474017
     -5.700000      0.917965      0.917965      1.835929
     -5.680000      1.405233      1.405233      2.810466
     -5.660000      2.218621      2.218621      4.437242
     -5.640000      3.362345      3.362345      6.724691
     -5.620000      4.798709      4.798709      9.597418
     -5.600000      6.434505      6.434505     12.869010
     -5.580000      8.130824      8.130824     16.261648
     -5.560000      9.736836      9.736836     19.473672
     -5.540000     11.135236     11.135236     22.270472
     -5.520000     12.278420     12.278420     24.556840
     -5.500000     13.196199     13.196199     26.392397
     -5.480000     13.968581     13.968581     27.937162
     -5.460000     14.674819     14.674819     29.349637
     -5.440000     15.342976     15.342976     30.685953
     -5.420000     15.925113     15.925113     31.850226
     -5.400000     16.310714     16.310714     32.621428
     -5.380000     16.372085     16.372085     32.744170
     -5.360000     16.020402     16.020402     32.040804
     -5.340000     15.247607     15.247607     30.495213
     -5.320000     14.137232     14.137232     28.274464
     -5.300000     12.840796     12.840796     25.681592
     -5.280000     11.529192     11.529192     23.058385
     -5.260000     10.337380     10.337380     20.674760
     -5.240000      9.324015      9.324015     18.648030
     -5.220000      8.463569      8.463569     16.927139
     -5.200000      7.675734      7.675734     15.351468
     -5.180000      6.879452      6.879452     13.758904
     -5.160000      6.045806      6.045806     12.091611
     -5.140000      5.223761      5.223761     10.447522
     -5.120000      4.526219      4.526219      9.052439
     -5.100000      4.083005      4.083005      8.166011
     -5.080000      3.981860      3.981860      7.963720
     -5.060000      4.222412      4.222412      8.444823
     -5.040000      4.702121      4.702121      9.404241
     -5.020000      5.241170      5.241170     10.482339
     -5.000000      5.639037      5.639037     11.278074
     -4.980000      5.742954      5.742954     11.485909
     -4.960000      5.502589      5.502589     11.005179
     -4.940000      4.990110      4.990110      9.980220
     -4.920000      4.379299      4.379299      8.758598
     -4.900000      3.894032      3.894032      7.788064
     -4.880000      3.746093      3.746093      7.492186
     -4.860000      4.080966      4.080966      8.161932
     -4.840000      4.942162      4.942162      9.884324
     -4.820000      6.257436      6.257436     12.514872
     -4.800000      7.848051      7.848051     15.696102
     -4.780000      9.462281      9.462281     18.924561
     -4.760000     10.830894     10.830894     21.661788
     -4.740000     11.733344     11.733344     23.466688
     -4.720000     12.053804     12.053804     24.107609
     -4.700000     11.804757     11.804757     23.609515
     -4.680000     11.107247     11.107247     22.214494
     -4.660000     10.136600     10.136600     20.273201
     -4.640000      9.058798      9.058798     18.117596
     -4.620000      7.985391      7.985391     15.970782
     -4.600000      6.962699      6.962699     13.925399
     -4.580000      5.992309      5.992309     11.984619
     -4.560000      5.065955      5.065955     10.131911
     -4.540000      4.195145      4.195145      8.390290
     -4.520000      3.423013      3.423013      6.846026
     -4.500000      2.816598      2.816598      5.633196
     -4.480000      2.445938      2.445938      4.891875
     -4.460000      2.359449      2.359449      4.718898
     -4.440000      2.563952      2.563952      5.127903
     -4.420000      3.014840      3.014840      6.029679
     -4.400000      3.619076      3.619076      7.238151
     -4.380000      4.251137      4.251137      8.502273
     -4.360000      4.779268      4.779268      9.558535
     -4.340000      5.096399      5.096399     10.192799
     -4.320000      5.147898      5.147898     10.295797
     -4.300000      4.948223      4.948223      9.896446
     -4.280000      4.581154      4.581154      9.162307
     -4.260000      4.182773      4.182773      8.365546
     -4.240000      3.911062      3.911062      7.822124
     -4.220000      3.909178      3.909178      7.818357
     -4.200000      4.270304      4.270304      8.540608
     -4.180000      5.011025      5.011025     10.022051
     -4.160000      6.058864      6.058864     12.117728
     -4.140000      7.258437      7.258437     14.516874
     -4.120000      8.398662      8.398662     16.797324
     -4.100000      9.258448      9.258448     18.516897
     -4.080000      9.660546      9.660546     19.321093
     -4.060000      9.516644      9.516644     19.033288
     -4.040000      8.847043      8.847043     17.694086
     -4.020000      7.767637      7.767637     15.535275
     -4.000000      6.451064      6.451064     12.902128
     -3.980000      5.079374      5.079374     10.158748
     -3.960000      3.806376      3.806376      7.612753
     -3.940000      2.739853      2.739853      5.479706
     -3.920000      1.943126      1.943126      3.886253
     -3.900000      1.447949      1.447949      2.895898
     -3.880000      1.268388      1.268388      2.536776
     -3.860000      1.407181      1.407181      2.814362
     -3.840000      1.850470      1.850470      3.700940
     -3.820000      2.553069      2.553069      5.106137
     -3.800000      3.423172      3.423172      6.846344
     -3.780000      4.319375      4.319375      8.638749
     -3.760000      5.069974      5.069974     10.139949
     -3.740000      5.513852      5.513852     11.027704
     -3.720000      5.548698      5.548698     11.097395
     -3.700000      5.164799      5.164799     10.329598
     -3.680000      4.447509      4.447509      8.895019
     -3.660000      3.546987      3.546987      7.093974
     -3.640000      2.630383      2.630383      5.260765
     -3.620000      1.838861      1.838861      3.677723
     -3.600000      1.266158      1.266158      2.532315
     -3.580000      0.961698      0.961698      1.923396
     -3.560000      0.948740      0.948740      1.897479
     -3.540000      1.242865      1.242865      2.485731
     -3.520000      1.859429      1.859429      3.718858
     -3.500000      2.806702      2.806702      5.613405
     -3.480000      4.069809      4.069809      8.139618
     -3.460000      5.595201      5.595201     11.190401
     -3.440000      7.284712      7.284712     14.569423
     -3.420000      9.002821      9.002821     18.005642
     -3.400000     10.594088     10.594088     21.188175
     -3.380000     11.903857     11.903857     23.807714
     -3.360000     12.796496     12.796496     25.592993
     -3.340000     13.169885     13.169885     26.339770
     -3.320000     12.968302     12.968302     25.936604
     -3.300000     12.194922     12.194922     24.389844
     -3.280000     10.920507     10.920507     21.841015
     -3.260000      9.281121      9.281121     18.562241
     -3.240000      7.459146      7.459146     14.918293
     -3.220000      5.649140      5.649140     11.298279
     -3.200000      4.018565      4.018565      8.037130
     -3.180000      2.677365      2.677365      5.354729
     -3.160000      1.666584      1.666584      3.333169
     -3.140000      0.967375      0.967375      1.934751
     -3.120000      0.523241      0.523241      1.046482
     -3.100000      0.264984      0.264984      0.529968
     -3.080000      0.130103      0.130103      0.260206
     -3.060000      0.073584      0.073584      0.147169
     -3.040000      0.071547      0.071547      0.143093
     -3.020000      0.121014      0.121014      0.242028
     -3.000000      0.238171      0.238171      0.476343
     -2.980000      0.455187      0.455187      0.910374
     -2.960000      0.813728      0.813728      1.627457
     -2.940000      1.353210      1.353210      2.706420
     -2.920000      2.094325      2.094325      4.188651
     -2.900000      3.022746      3.022746      6.045492
     -2.880000      4.081202      4.081202      8.162403
     -2.860000      5.176982      5.176982     10.353964
     -2.840000      6.204770      6.204770     12.409540
     -2.820000      7.075018      7.075018     14.150035
     -2.800000      7.732972      7.732972     15.465944
     -2.780000      8.158623      8.158623     16.317247
     -2.760000      8.351367      8.351367     16.702734
     -2.740000      8.315055      8.315055     16.630110
     -2.720000      8.058711      8.058711     16.117422
     -2.700000      7.614081      7.614081     15.228162
     -2.680000      7.054145      7.054145     14.108290
     -2.660000      6.491226      6.491226     12.982452
     -2.640000      6.045519      6.045519     12.091038
     -2.620000      5.796335      5.796335     11.592670
     -2.600000      5.743166      5.743166     11.486332
     -2.580000      5.800751      5.800751     11.601501
     -2.560000      5.833676      5.833676     11.667352
     -2.540000      5.714306      5.714306     11.428612
     -2.520000      5.376615      5.376615     10.753229
     -2.500000      4.843154      4.843154      9.686309
     -2.480000      4.217979      4.217979      8.435958
     -2.460000      3.654120      3.654120      7.308240
     -2.440000      3.311705      3.311705      6.623411
     -2.420000      3.320380      3.320380      6.640761
     -2.400000      3.752141      3.752141      7.504281
     -2.380000      4.604665      4.604665      9.209330
     -2.360000      5.794284      5.794284     11.588568
     -2.340000      7.160663      7.160663     14.321327
     -2.320000      8.487709      8.487709     16.975419
     -2.300000      9.543067      9.543067     19.086134
     -2.280000     10.131254     10.131254     20.262507
     -2.260000     10.146509     10.146509     20.293019
     -2.240000      9.606738      9.606738     19.213476
     -2.220000      8.653790      8.653790     17.307581
     -2.200000      7.517441      7.517441     15.034882
     -2.180000      6.455106      6.455106     12.910211
     -2.160000      5.688829      5.688829     11.377657
     -2.140000      5.360189      5.360189     10.720379
     -2.120000      5.513489      5.513489     11.026979
     -2.100000      6.104554      6.104554     12.209109
     -2.080000      7.024418      7.024418     14.048836
     -2.060000      8.127443      8.127443     16.254886
     -2.040000      9.258948      9.258948     18.517896
     -2.020000     10.281618     10.281618     20.563236
     -2.000000     11.098991     11.098991     22.197981
     -1.980000     11.670251     11.670251     23.340501
     -1.960000     12.009253     12.009253     24.018505
     -1.940000     12.165518     12.165518     24.331036
     -1.920000     12.193630     12.193630     24.387260
     -1.900000     12.124068     12.124068     24.248136
     -1.880000     11.948854     11.948854     23.897708
     -1.860000     11.629554     11.629554     23.259108
     -1.840000     11.125931     11.125931     22.251863
     -1.820000     10.434114     10.434114     20.868228
     -1.800000      9.616618      9.616618     19.233236
     -1.780000      8.806668      8.806668     17.613337
     -1.760000      8.178269      8.178269     16.356539
     -1.740000      7.889138      7.889138     15.778276
     -1.720000      8.018234      8.018234     16.036467
     -1.700000      8.524604      8.524604     17.049208
     -1.680000      9.246265      9.246265     18.492529
     -1.660000      9.941271      9.941271     19.882542
     -1.640000     10.356559     10.356559     20.713118
     -1.620000     10.300669     10.300669     20.601338
     -1.600000      9.696491      9.696491     19.392981
     -1.580000      8.598250      8.598250     17.196500
     -1.560000      7.169771      7.169771     14.339542
     -1.540000      5.634395      5.634395     11.268790
     -1.520000      4.215967      4.215967      8.431935
     -1.500000      3.091184      3.091184      6.182367
     -1.480000      2.365983      2.365983      4.731967
     -1.460000      2.076903      2.076903      4.153806
     -1.440000      2.208637      2.208637      4.417274
     -1.420000      2.715617      2.715617      5.431235
     -1.400000      3.537910      3.537910      7.075819
     -1.380000      4.607063      4.607063      9.214126
     -1.360000      5.842996      5.842996     11.685992
     -1.340000      7.147579      7.147579     14.295159
     -1.320000      8.403487      8.403487     16.806974
     -1.300000      9.486167      9.486167     18.972335
     -1.280000     10.290471     10.290471     20.580941
     -1.260000     10.763103     10.763103     21.526207
     -1.240000     10.924081     10.924081     21.848163
     -1.220000     10.861994     10.861994     21.723988
     -1.200000     10.700720     10.700720     21.401441
     -1.180000     10.551773     10.551773     21.103546
     -1.160000     10.475153     10.475153     20.950307
     -1.140000     10.466284     10.466284     20.932568
     -1.120000     10.471571     10.471571     20.943142
     -1.100000     10.421258     10.421258     20.842516
     -1.080000     10.263303     10.263303     20.526605
     -1.060000      9.985708      9.985708     19.971417
     -1.040000      9.621601      9.621601     19.243201
     -1.020000      9.237274      9.237274     18.474547
     -1.000000      8.908243      8.908243     17.816487
     -0.980000      8.692423      8.692423     17.384846
     -0.960000      8.610856      8.610856     17.221712
     -0.940000      8.642620      8.642620     17.285240
     -0.920000      8.732870      8.732870     17.465739
     -0.900000      8.807136      8.807136     17.614272
     -0.880000      8.785456      8.785456     17.570913
     -0.860000      8.595273      8.595273     17.190547
     -0.840000      8.185966      8.185966     16.371931
     -0.820000      7.545674      7.545674     15.091348
     -0.800000      6.714646      6.714646     13.429293
     -0.780000      5.785582      5.785582     11.571165
     -0.760000      4.885549      4.885549      9.771099
     -0.740000      4.144189      4.144189      8.288377
     -0.720000      3.661803      3.661803      7.323605
     -0.700000      3.491572      3.491572      6.983145
     -0.680000      3.641597      3.641597      7.283194
     -0.660000      4.090303      4.090303      8.180607
     -0.640000      4.801204      4.801204      9.602409
     -0.620000      5.725252      5.725252     11.450504
     -0.600000      6.789939      6.789939     13.579878
     -0.580000      7.886620      7.886620     15.773240
     -0.560000      8.872348      8.872348     17.744695
     -0.540000      9.595370      9.595370     19.190740
     -0.520000      9.938157      9.938157     19.876313
     -0.500000      9.858644      9.858644     19.717287
     -0.480000      9.408796      9.408796     18.817591
     -0.460000      8.721061      8.721061     17.442122
     -0.440000      7.969977      7.969977     15.939953
     -0.420000      7.326849      7.326849     14.653697
     -0.400000      6.924236      6.924236     13.848472
     -0.380000      6.837109      6.837109     13.674217
     -0.360000      7.077933      7.077933     14.155866
     -0.340000      7.600206      7.600206     15.200412
     -0.320000      8.308635      8.308635     16.617270
     -0.300000      9.078038      9.078038     18.156076
     -0.280000      9.781497      9.781497     19.562994
     -0.260000     10.321788     10.321788     20.643577
     -0.240000     10.654774     10.654774     21.309548
     -0.220000     10.795340     10.795340     21.590679
     -0.200000     10.805313     10.805313     21.610626
     -0.180000     10.771945     10.771945     21.543891
     -0.160000     10.787729     10.787729     21.575458
     -0.140000     10.936565     10.936565     21.873130
     -0.120000     11.283680     11.283680     22.567360
     -0.100000     11.864332     11.864332     23.728663
     -0.080000     12.670985     12.670985     25.341969
     -0.060000     13.645315     13.645315     27.290631
     -0.040000     14.683412     14.683412     29.366824
     -0.020000     15.657213     15.657213     31.314426
      0.000000     16.445784     16.445784     32.891569
      0.020000     16.963040     16.963040     33.926081
      0.040000     17.169135     17.169135     34.338270
      0.060000     17.061445     17.061445     34.122889
      0.080000     16.652835     16.652835     33.305670
      0.100000     15.952328     15.952328     31.904657
      0.120000     14.961305     14.961305     29.922609
      0.140000     13.688175     13.688175     27.376349
      0.160000     12.172744     12.172744     24.345488
      0.180000     10.505599     10.505599     21.011197
      0.200000      8.830508      8.830508     17.661016
      0.220000      7.325997      7.325997     14.651994
      0.240000      6.170423      6.170423     12.340847
      0.260000      5.499863      5.499863     10.999725
      0.280000      5.370020      5.370020     10.740040
      0.300000      5.733840      5.733840     11.467680
      0.320000      6.445158      6.445158     12.890316
      0.340000      7.293341      7.293341     14.586681
      0.360000      8.063017      8.063017     16.126033
      0.380000      8.599943      8.599943     17.199886
      0.400000      8.856323      8.856323     17.712646
      0.420000      8.893809      8.893809     17.787619
      0.440000      8.840400      8.840400     17.680800
      0.460000      8.820124      8.820124     17.640248
      0.480000      8.888819      8.888819     17.777638
      0.500000      9.006639      9.006639     18.013277
      0.520000      9.059284      9.059284     18.118569
      0.540000      8.915931      8.915931     17.831862
      0.560000      8.495248      8.495248     16.990496
      0.580000      7.809519      7.809519     15.619038
      0.600000      6.969184      6.969184     13.938369
      0.620000      6.148312      6.148312     12.296623
      0.640000      5.526616      5.526616     11.053232
      0.660000      5.230756      5.230756     10.461512
      0.680000      5.296130      5.296130     10.592260
      0.700000      5.662202      5.662202     11.324403
      0.720000      6.201818      6.201818     12.403636
      0.740000      6.771413      6.771413     13.542827
      0.760000      7.259702      7.259702     14.519405
      0.780000      7.613345      7.613345     15.226690
      0.800000      7.830752      7.830752     15.661504
      0.820000      7.933546      7.933546     15.867092
      0.840000      7.937507      7.937507     15.875015
      0.860000      7.842226      7.842226     15.684451
      0.880000      7.642931      7.642931     15.285863
      0.900000      7.350996      7.350996     14.701992
      0.920000      7.004188      7.004188     14.008376
      0.940000      6.657249      6.657249     13.314497
      0.960000      6.359298      6.359298     12.718596
      0.980000      6.134401      6.134401     12.268801
      1.000000      5.978818      5.978818     11.957636
      1.020000      5.876476      5.876476     11.752951
      1.040000      5.822190      5.822190     11.644379
      1.060000      5.837510      5.837510     11.675021
      1.080000      5.968190      5.968190     11.936380
      1.100000      6.262022      6.262022     12.524044
      1.120000      6.736279      6.736279     13.472557
      1.140000      7.350741      7.350741     14.701482
      1.160000      8.002173      8.002173     16.004345
      1.180000      8.547988      8.547988     17.095977
      1.200000      8.853458      8.853458     17.706917
      1.220000      8.844241      8.844241     17.688482
      1.240000      8.541213      8.541213     17.082427
      1.260000      8.060652      8.060652     16.121304
      1.280000      7.577133      7.577133     15.154266
      1.300000      7.262167      7.262167     14.524334
      1.320000      7.221772      7.221772     14.443543
      1.340000      7.457299      7.457299     14.914598
      1.360000      7.865798      7.865798     15.731596
      1.380000      8.281536      8.281536     16.563073
      1.400000      8.543521      8.543521     17.087041
      1.420000      8.561731      8.561731     17.123461
      1.440000      8.354043      8.354043     16.708086
      1.460000      8.038550      8.038550     16.077099
      1.480000      7.786345      7.786345     15.572691
      1.500000      7.756469      7.756469     15.512937
      1.520000      8.038810      8.038810     16.077620
      1.540000      8.622641      8.622641     17.245281
      1.560000      9.396051      9.396051     18.792103
      1.580000     10.172898     10.172898     20.345796
      1.600000     10.740092     10.740092     21.480184
      1.620000     10.915243     10.915243     21.830487
      1.640000     10.600123     10.600123     21.200245
      1.660000      9.812523      9.812523     19.625046
      1.680000      8.683513      8.683513     17.367025
      1.700000      7.419969      7.419969     14.839938
      1.720000      6.247096      6.247096     12.494192
      1.740000      5.353032      5.353032     10.706064
      1.760000      4.853223      4.853223      9.706445
      1.780000      4.779953      4.779953      9.559906
      1.800000      5.090877      5.090877     10.181753
      1.820000      5.686038      5.686038     11.372076
      1.840000      6.426275      6.426275     12.852550
      1.860000      7.152545      7.152545     14.305089
      1.880000      7.709941      7.709941     15.419881
      1.900000      7.978526      7.978526     15.957052
      1.920000      7.906351      7.906351     15.812701
      1.940000      7.532656      7.532656     15.065313
      1.960000      6.987348      6.987348     13.974697
      1.980000      6.459710      6.459710     12.919420
      2.000000      6.142833      6.142833     12.285667
      2.020000      6.173048      6.173048     12.346096
      2.040000      6.587949      6.587949     13.175897
      2.060000      7.319447      7.319447     14.638895
      2.080000      8.223131      8.223131     16.446262
      2.100000      9.129930      9.129930     18.259860
      2.120000      9.897926      9.897926     19.795852
      2.140000     10.444231     10.444231     20.888463
      2.160000     10.747361     10.747361     21.494722
      2.180000     10.824204     10.824204     21.648407
      2.200000     10.696627     10.696627     21.393253
      2.220000     10.366407     10.366407     20.732814
      2.240000      9.811911      9.811911     19.623821
      2.260000      9.007828      9.007828     18.015657
      2.280000      7.956210      7.956210     15.912421
      2.300000      6.710369      6.710369     13.420739
      2.320000      5.377388      5.377388     10.754777
      2.340000      4.097581      4.097581      8.195163
      2.360000      3.012089      3.012089      6.024179
      2.380000      2.234463      2.234463      4.468927
      2.400000      1.836444      1.836444      3.672888
      2.420000      1.847434      1.847434      3.694867
      2.440000      2.259544      2.259544      4.519088
      2.460000      3.030321      3.030321      6.060643
      2.480000      4.081760      4.081760      8.163520
      2.500000      5.301137      5.301137     10.602273
      2.520000      6.551049      6.551049     13.102097
      2.540000      7.691465      7.691465     15.382929
      2.560000      8.609034      8.609034     17.218067
      2.580000      9.243566      9.243566     18.487133
      2.600000      9.601740      9.601740     19.203480
      2.620000      9.752784      9.752784     19.505568
      2.640000      9.806836      9.806836     19.613671
      2.660000      9.881299      9.881299     19.762597
      2.680000     10.063865     10.063865     20.127730
      2.700000     10.383429     10.383429     20.766858
      2.720000     10.800435     10.800435     21.600870
      2.740000     11.223134     11.223134     22.446268
      2.760000     11.545196     11.545196     23.090391
      2.780000     11.688239     11.688239     23.376478
      2.800000     11.628576     11.628576     23.257152
      2.820000     11.395581     11.395581     22.791161
      2.840000     11.045623     11.045623     22.091246
      2.860000     10.629707     10.629707     21.259414
      2.880000     10.175224     10.175224     20.350448
      2.900000      9.691308      9.691308     19.382616
      2.920000      9.190896      9.190896     18.381791
      2.940000      8.711849      8.711849     17.423698
      2.960000      8.321037      8.321037     16.642075
      2.980000      8.097173      8.097173     16.194347
      3.000000      8.101736      8.101736     16.203472
      3.020000      8.353607      8.353607     16.707214
      3.040000      8.819279      8.819279     17.638558
      3.060000      9.421048      9.421048     18.842097
      3.080000     10.057526     10.057526     20.115051
      3.100000     10.628021     10.628021     21.256042
      3.120000     11.053810     11.053810     22.107620
      3.140000     11.291841     11.291841     22.583681
      3.160000     11.338552     11.338552     22.677105
      3.180000     11.223564     11.223564     22.447127
      3.200000     10.995325     10.995325     21.990650
      3.220000     10.702594     10.702594     21.405189
      3.240000     10.376178     10.376178     20.752355
      3.260000     10.015666     10.015666     20.031333
      3.280000      9.586558      9.586558     19.173116
      3.300000      9.032560      9.032560     18.065119
      3.320000      8.303117      8.303117     16.606235
      3.340000      7.387547      7.387547     14.775094
      3.360000      6.339999      6.339999     12.679997
      3.380000      5.280483      5.280483     10.560967
      3.400000      4.367546      4.367546      8.735093
      3.420000      3.751719      3.751719      7.503437
      3.440000      3.527340      3.527340      7.054680
      3.460000      3.700125      3.700125      7.400250
      3.480000      4.181339      4.181339      8.362679
      3.500000      4.810999      4.810999      9.621998
      3.520000      5.404143      5.404143     10.808287
      3.540000      5.806510      5.806510     11.613020
      3.560000      5.940824      5.940824     11.881648
      3.580000      5.826323      5.826323     11.652647
      3.600000      5.564178      5.564178     11.128357
      3.620000      5.296479      5.296479     10.592958
      3.640000      5.157886      5.157886     10.315772
      3.660000      5.239624      5.239624     10.479248
      3.680000      5.575102      5.575102     11.150205
      3.700000      6.142825      6.142825     12.285650
      3.720000      6.875098      6.875098     13.750196
      3.740000      7.664733      7.664733     15.329466
      3.760000      8.372048      8.372048     16.744097
      3.780000      8.841385      8.841385     17.682770
      3.800000      8.933047      8.933047     17.866094
      3.820000      8.564549      8.564549     17.129098
      3.840000      7.743729      7.743729     15.487458
      3.860000      6.575498      6.575498     13.150997
      3.880000      5.236036      5.236036     10.472071
      3.900000      3.925343      3.925343      7.850686
      3.920000      2.819679      2.819679      5.639358
      3.940000      2.042749      2.042749      4.085498
      3.960000      1.661551      1.661551      3.323103
      3.980000      1.698799      1.698799      3.397598
      4.000000      2.147278      2.147278      4.294556
      4.020000      2.974855      2.974855      5.949710
      4.040000      4.118191      4.118191      8.236382
      4.060000      5.472304      5.472304     10.944609
      4.080000      6.887099      6.887099     13.774198
      4.100000      8.179431      8.179431     16.358862
      4.120000      9.162124      9.162124     18.324247
      4.140000      9.683197      9.683197     19.366395
      4.160000      9.663106      9.663106     19.326213
      4.180000      9.117264      9.117264     18.234528
      4.200000      8.155667      8.155667     16.311335
      4.220000      6.959058      6.959058     13.918116
      4.240000      5.738576      5.738576     11.477151
      4.260000      4.690404      4.690404      9.380809
      4.280000      3.957130      3.957130      7.914259
      4.300000      3.604212      3.604212      7.208424
      4.320000      3.615147      3.615147      7.230293
      4.340000      3.904435      3.904435      7.808870
      4.360000      4.344335      4.344335      8.688671
      4.380000      4.799272      4.799272      9.598544
      4.400000      5.160443      5.160443     10.320885
      4.420000      5.372585      5.372585     10.745170
      4.440000      5.445608      5.445608     10.891216
      4.460000      5.446690      5.446690     10.893379
      4.480000      5.473736      5.473736     10.947473
      4.500000      5.617894      5.617894     11.235788
      4.520000      5.928405      5.928405     11.856811
      4.540000      6.393912      6.393912     12.787824
      4.560000      6.948055      6.948055     13.896110
      4.580000      7.495895      7.495895     14.991789
      4.600000      7.947484      7.947484     15.894968
      4.620000      8.242783      8.242783     16.485567
      4.640000      8.359905      8.359905     16.719809
      4.660000      8.310794      8.310794     16.621587
      4.680000      8.135320      8.135320     16.270639
      4.700000      7.900769      7.900769     15.801537
      4.720000      7.702435      7.702435     15.404870
      4.740000      7.652789      7.652789     15.305579
      4.760000      7.850350      7.850350     15.700701
      4.780000      8.334243      8.334243     16.668486
      4.800000      9.045989      9.045989     18.091978
      4.820000      9.823721      9.823721     19.647441
      4.840000     10.440675     10.440675     20.881349
      4.860000     10.676500     10.676500     21.352999
      4.880000     10.391188     10.391188     20.782375
      4.900000      9.569260      9.569260     19.138521
      4.920000      8.317337      8.317337     16.634674
      4.940000      6.821299      6.821299     13.642599
      4.960000      5.286299      5.286299     10.572599
      4.980000      3.885661      3.885661      7.771322
      5.000000      2.734870      2.734870      5.469740
      5.020000      1.892269      1.892269      3.784538
      5.040000      1.376840      1.376840      2.753679
      5.060000      1.189159      1.189159      2.378318
      5.080000      1.323608      1.323608      2.647217
      5.100000      1.765945      1.765945      3.531890
      5.120000      2.478446      2.478446      4.956892
      5.140000      3.382905      3.382905      6.765811
      5.160000      4.356182      4.356182      8.712364
      5.180000      5.249580      5.249580     10.499160
      5.200000      5.931023      5.931023     11.862046
      5.220000      6.333058      6.333058     12.666115
      5.240000      6.480787      6.480787     12.961575
      5.260000      6.480420      6.480420     12.960840
      5.280000      6.470039      6.470039     12.940078
      5.300000      6.557081      6.557081     13.114163
      5.320000      6.776117      6.776117     13.552235
      5.340000      7.088449      7.088449     14.176897
      5.360000      7.419115      7.419115     14.838231
      5.380000      7.704563      7.704563     15.409126
      5.400000      7.920792      7.920792     15.841584
      5.420000      8.078897      8.078897     16.157795
      5.440000      8.199108      8.199108     16.398216
      5.460000      8.287394      8.287394     16.574788
      5.480000      8.331706      8.331706     16.663411
      5.500000      8.315553      8.315553     16.631106
      5.520000      8.232190      8.232190     16.464380
      5.540000      8.084947      8.084947     16.169895
      5.560000      7.874651      7.874651     15.749301
      5.580000      7.588641      7.588641     15.177281
      5.600000      7.205286      7.205286     14.410573
      5.620000      6.714072      6.714072     13.428145
      5.640000      6.136936      6.136936     12.273872
      5.660000      5.533871      5.533871     11.067742
      5.680000      4.986567      4.986567      9.973133
      5.700000      4.568807      4.568807      9.137614
      5.720000      4.320054      4.320054      8.640108
      5.740000      4.234686      4.234686      8.469372
      5.760000      4.268489      4.268489      8.536977
      5.780000      4.354973      4.354973      8.709946
      5.800000      4.422354      4.422354      8.844709
      5.820000      4.406450      4.406450      8.812900
      5.840000      4.259940      4.259940      8.519879
      5.860000      3.959923      3.959923      7.919847
      5.880000      3.513401      3.513401      7.026801
      5.900000      2.957695      2.957695      5.915390
      5.920000      2.353373      2.353373      4.706745
      5.940000      1.770991      1.770991      3.541982
      5.960000      1.277059      1.277059      2.554118
      5.980000      0.925337      0.925337      1.850674
      6.000000      0.756120      0.756120      1.512241
      6.020000      0.800502      0.800502      1.601004
      6.040000      1.082593      1.082593      2.165186
      6.060000      1.613257      1.613257      3.226514
      6.080000      2.374720      2.374720      4.749440
      6.100000      3.303910      3.303910      6.607819
      6.120000      4.288382      4.288382      8.576764
      6.140000      5.186703      5.186703     10.373405
      6.160000      5.873448      5.873448     11.746897
      6.180000      6.292523      6.292523     12.585045
      6.200000      6.491809      6.491809     12.983618
      6.220000      6.616425      6.616425     13.232850
      6.240000      6.857315      6.857315     13.714630
      6.260000      7.376004      7.376004     14.752009
      6.280000      8.240146      8.240146     16.480292
      6.300000      9.398953      9.398953     18.797906
      6.320000     10.706117     10.706117     21.412234
      6.340000     11.973837     11.973837     23.947673
      6.360000     13.029476     13.029476     26.058953
      6.380000     13.751860     13.751860     27.503721
      6.400000     14.080901     14.080901     28.161802
      6.420000     14.009386     14.009386     28.018773
      6.440000     13.569966     13.569966     27.139933
      6.460000     12.824422     12.824422     25.648844
      6.480000     11.854478     11.854478     23.708955
      6.500000     10.751177     10.751177     21.502354
      6.520000      9.603407      9.603407     19.206815
      6.540000      8.489911      8.489911     16.979821
      6.560000      7.478170      7.478170     14.956341
      6.580000      6.628361      6.628361     13.256722
      6.600000      5.995935      5.995935     11.991869
      6.620000      5.626742      5.626742     11.253484
      6.640000      5.544165      5.544165     11.088329
      6.660000      5.734856      5.734856     11.469713
      6.680000      6.143210      6.143210     12.286421
      6.700000      6.681481      6.681481     13.362962
      6.720000      7.253761      7.253761     14.507522
      6.740000      7.783041      7.783041     15.566082
      6.760000      8.227713      8.227713     16.455426
      6.780000      8.579806      8.579806     17.159613
      6.800000      8.848309      8.848309     17.696618
      6.820000      9.039359      9.039359     18.078717
      6.840000      9.145060      9.145060     18.290120
      6.860000      9.145039      9.145039     18.290078
      6.880000      9.016330      9.016330     18.032659
      6.900000      8.744264      8.744264     17.488529
      6.920000      8.330414      8.330414     16.660829
      6.940000      7.798341      7.798341     15.596682
      6.960000      7.198489      7.198489     14.396977
      6.980000      6.609578      6.609578     13.219156
      7.000000      6.130322      6.130322     12.260645
      7.020000      5.857834      5.857834     11.715669
      7.040000      5.858102      5.858102     11.716205
      7.060000      6.143130      6.143130     12.286260
      7.080000      6.670009      6.670009     13.340017
      7.100000      7.365690      7.365690     14.731381
      7.120000      8.163382      8.163382     16.326765
      7.140000      9.025259      9.025259     18.050518
      7.160000      9.932351      9.932351     19.864703
      7.180000     10.845130     10.845130     21.690260
      7.200000     11.662868     11.662868     23.325736
      7.220000     12.217355     12.217355     24.434709
      7.240000     12.318368     12.318368     24.636735
      7.260000     11.834759     11.834759     23.669518
      7.280000     10.769057     10.769057     21.538113
      7.300000      9.283710      9.283710     18.567419
      7.320000      7.663244      7.663244     15.326488
      7.340000      6.230273      6.230273     12.460546
      7.360000      5.253047      5.253047     10.506095
      7.380000      4.879213      4.879213      9.758425
      7.400000      5.112348      5.112348     10.224695
      7.420000      5.829123      5.829123     11.658245
      7.440000      6.824559      6.824559     13.649118
      7.460000      7.870249      7.870249     15.740498
      7.480000      8.770664      8.770664     17.541328
      7.500000      9.403661      9.403661     18.807322
      7.520000      9.734996      9.734996     19.469991
      7.540000      9.804863      9.804863     19.609726
      7.560000      9.694871      9.694871     19.389742
      7.580000      9.490667      9.490667     18.981333
      7.600000      9.254545      9.254545     18.509089
      7.620000      9.014826      9.014826     18.029652
      7.640000      8.769962      8.769962     17.539924
      7.660000      8.500489      8.500489     17.000978
      7.680000      8.182585      8.182585     16.365170
      7.700000      7.800541      7.800541     15.601081
      7.720000      7.358162      7.358162     14.716323
      7.740000      6.888874      6.888874     13.777747
      7.760000      6.461830      6.461830     12.923659
      7.780000      6.179101      6.179101     12.358202
      7.800000      6.159368      6.159368     12.318736
      7.820000      6.507262      6.507262     13.014524
      7.840000      7.273918      7.273918     14.547836
      7.860000      8.421178      8.421178     16.842356
      7.880000      9.805821      9.805821     19.611643
      7.900000     11.197357     11.197357     22.394714
      7.920000     12.331658     12.331658     24.663317
      7.940000     12.986326     12.986326     25.972653
      7.960000     13.050429     13.050429     26.100858
      7.980000     12.559854     12.559854     25.119709
      8.000000     11.682745     11.682745     23.365491
      8.020000     10.661209     10.661209     21.322417
      8.040000      9.734334      9.734334     19.468667
      8.060000      9.073839      9.073839     18.147678
      8.080000      8.754957      8.754957     17.509914
      8.100000      8.766711      8.766711     17.533423
      8.120000      9.047197      9.047197     18.094393
      8.140000      9.519953      9.519953     19.039906
      8.160000     10.111735     10.111735     20.223470
      8.180000     10.747401     10.747401     21.494803
      8.200000     11.335316     11.335316     22.670632
      8.220000     11.765054     11.765054     23.530108
      8.240000     11.931791     11.931791     23.863582
      8.260000     11.781796     11.781796     23.563592
      8.280000     11.353844     11.353844     22.707687
      8.300000     10.786402     10.786402     21.572803
      8.320000     10.275973     10.275973     20.551945
      8.340000     10.000073     10.000073     20.000146
      8.360000     10.041859     10.041859     20.083718
      8.380000     10.356850     10.356850     20.713700
      8.400000     10.802052     10.802052     21.604103
      8.420000     11.214941     11.214941     22.429881
      8.440000     11.502782     11.502782     23.005565
      8.460000     11.696528     11.696528     23.393056
      8.480000     11.940698     11.940698     23.881395
      8.500000     12.421457     12.421457     24.842914
      8.520000     13.264092     13.264092     26.528185
      8.540000     14.445836     14.445836     28.891672
      8.560000     15.765408     15.765408     31.530816
      8.580000     16.888725     16.888725     33.777449
      8.600000     17.458512     17.458512     34.917023
      8.620000     17.226136     17.226136     34.452273
      8.640000     16.150586     16.150586     32.301172
      8.660000     14.421081     14.421081     28.842162
      8.680000     12.393099     12.393099     24.786198
      8.700000     10.466369     10.466369     20.932739
      8.720000      8.957424      8.957424     17.914848
      8.740000      8.016794      8.016794     16.033588
      8.760000      7.615884      7.615884     15.231768
      8.780000      7.596178      7.596178     15.192356
      8.800000      7.750261      7.750261     15.500522
      8.820000      7.898559      7.898559     15.797118
      8.840000      7.936094      7.936094     15.872188
      8.860000      7.841467      7.841467     15.682934
      8.880000      7.656191      7.656191     15.312381
      8.900000      7.450401      7.450401     14.900802
      8.920000      7.290106      7.290106     14.580212
      8.940000      7.214991      7.214991     14.429982
      8.960000      7.229094      7.229094     14.458188
      8.980000      7.302502      7.302502     14.605004
      9.000000      7.380992      7.380992     14.761985
      9.020000      7.400969      7.400969     14.801938
      9.040000      7.307465      7.307465     14.614929
      9.060000      7.072525      7.072525     14.145050
      9.080000      6.710049      6.710049     13.420098
      9.100000      6.282045      6.282045     12.564091
      9.120000      5.891643      5.891643     11.783286
      9.140000      5.660969      5.660969     11.321939
      9.160000      5.697000      5.697000     11.394000
      9.180000      6.054193      6.054193     12.108385
      9.200000      6.706705      6.706705     13.413410
      9.220000      7.542719      7.542719     15.085439
      9.240000      8.387353      8.387353     16.774705
      9.260000      9.049871      9.049871     18.099743
      9.280000      9.379787      9.379787     18.759574
      9.300000      9.310969      9.310969     18.621939
      9.320000      8.877330      8.877330     17.754661
      9.340000      8.196255      8.196255     16.392510
      9.360000      7.429890      7.429890     14.859781
      9.380000      6.741764      6.741764     13.483528
      9.400000      6.263726      6.263726     12.527452
      9.420000      6.078988      6.078988     12.157975
      9.440000      6.217784      6.217784     12.435568
      9.460000      6.658490      6.658490     13.316979
      9.480000      7.329952      7.329952     14.659904
      9.500000      8.117040      8.117040     16.234080
      9.520000      8.875520      8.875520     17.751039
      9.540000      9.460397      9.460397     18.920794
      9.560000      9.764119      9.764119     19.528237
      9.580000      9.752240      9.752240     19.504480
      9.600000      9.480864      9.480864     18.961728
      9.620000      9.085740      9.085740     18.171481
      9.640000      8.744979      8.744979     17.489957
      9.660000      8.628766      8.628766     17.257532
      9.680000      8.853637      8.853637     17.707274
      9.700000      9.454190      9.454190     18.908379
      9.720000     10.376144     10.376144     20.752288
      9.740000     11.487749     11.487749     22.975498
      9.760000     12.604977     12.604977     25.209955
      9.780000     13.527631     13.527631     27.055262
      9.800000     14.083465     14.083465     28.166930
      9.820000     14.173264     14.173264     28.346527
      9.840000     13.803965     13.803965     27.607931
      9.860000     13.095316     13.095316     26.190632
      9.880000     12.251966     12.251966     24.503931
      9.900000     11.505976     11.505976     23.011952
      9.920000     11.047884     11.047884     22.095767
      9.940000     10.970790     10.970790     21.941580
      9.960000     11.247819     11.247819     22.495638
      9.980000     11.750382     11.750382     23.500764
     10.000000     12.298589     12.298589     24.597178
