# EIG2DOS: Utility for SIESTA to obtain the electronic density of states
#  E. Artacho, Apr 1999, A. Garcia, Apr 2012
# ------------------------------------------
# Eigenvalues read from GRP_doping.EIG
# Using smearing parameter:   0.100
# Using   1001 points in energy range
# Selected bands: 1 to: 936
# Emin, emax in file for selected band(s):    -37.7353400    255.9380900
# Nbands, Nspin, Nk   =    936     1   231
# E_F                 =    -3.8757 eV --> (shifted to ZERO)
# Broadening          =     0.1000 eV
#
#        E            N(up)  (=)   N(down)         Ntot
    -10.000000      6.486053      6.486053     12.972107
     -9.980000      5.775103      5.775103     11.550206
     -9.960000      5.081746      5.081746     10.163492
     -9.940000      4.534173      4.534173      9.068345
     -9.920000      4.225558      4.225558      8.451116
     -9.900000      4.181333      4.181333      8.362666
     -9.880000      4.356399      4.356399      8.712798
     -9.860000      4.660988      4.660988      9.321976
     -9.840000      5.000552      5.000552     10.001104
     -9.820000      5.311158      5.311158     10.622316
     -9.800000      5.576571      5.576571     11.153142
     -9.780000      5.822137      5.822137     11.644274
     -9.760000      6.089885      6.089885     12.179771
     -9.740000      6.406876      6.406876     12.813752
     -9.720000      6.763013      6.763013     13.526026
     -9.700000      7.112530      7.112530     14.225060
     -9.680000      7.402890      7.402890     14.805779
     -9.660000      7.618517      7.618517     15.237035
     -9.640000      7.813633      7.813633     15.627265
     -9.620000      8.109195      8.109195     16.218390
     -9.600000      8.647018      8.647018     17.294037
     -9.580000      9.520280      9.520280     19.040560
     -9.560000     10.717005     10.717005     21.434011
     -9.540000     12.108841     12.108841     24.217682
     -9.520000     13.492883     13.492883     26.985767
     -9.500000     14.664671     14.664671     29.329342
     -9.480000     15.484331     15.484331     30.968662
     -9.460000     15.904959     15.904959     31.809918
     -9.440000     15.956834     15.956834     31.913668
     -9.420000     15.706573     15.706573     31.413146
     -9.400000     15.220801     15.220801     30.441602
     -9.380000     14.554451     14.554451     29.108901
     -9.360000     13.762892     13.762892     27.525783
     -9.340000     12.919806     12.919806     25.839612
     -9.320000     12.120023     12.120023     24.240045
     -9.300000     11.458518     11.458518     22.917036
     -9.280000     10.994018     10.994018     21.988036
     -9.260000     10.716804     10.716804     21.433607
     -9.240000     10.539661     10.539661     21.079321
     -9.220000     10.320237     10.320237     20.640474
     -9.200000      9.908773      9.908773     19.817545
     -9.180000      9.203770      9.203770     18.407540
     -9.160000      8.194179      8.194179     16.388359
     -9.140000      6.971531      6.971531     13.943063
     -9.120000      5.707333      5.707333     11.414666
     -9.100000      4.604481      4.604481      9.208962
     -9.080000      3.840092      3.840092      7.680184
     -9.060000      3.517669      3.517669      7.035338
     -9.040000      3.640906      3.640906      7.281813
     -9.020000      4.114549      4.114549      8.229099
     -9.000000      4.772395      4.772395      9.544791
     -8.980000      5.427508      5.427508     10.855017
     -8.960000      5.932851      5.932851     11.865701
     -8.940000      6.233154      6.233154     12.466308
     -8.920000      6.386514      6.386514     12.773028
     -8.900000      6.541856      6.541856     13.083713
     -8.880000      6.875364      6.875364     13.750727
     -8.860000      7.507774      7.507774     15.015548
     -8.840000      8.435780      8.435780     16.871561
     -8.820000      9.508287      9.508287     19.016575
     -8.800000     10.461944     10.461944     20.923889
     -8.780000     11.005944     11.005944     22.011889
     -8.760000     10.923670     10.923670     21.847339
     -8.740000     10.149367     10.149367     20.298733
     -8.720000      8.788094      8.788094     17.576189
     -8.700000      7.073188      7.073188     14.146375
     -8.680000      5.283969      5.283969     10.567938
     -8.660000      3.661745      3.661745      7.323490
     -8.640000      2.356840      2.356840      4.713680
     -8.620000      1.419222      1.419222      2.838444
     -8.600000      0.823756      0.823756      1.647513
     -8.580000      0.509645      0.509645      1.019290
     -8.560000      0.414806      0.414806      0.829613
     -8.540000      0.494716      0.494716      0.989431
     -8.520000      0.724679      0.724679      1.449357
     -8.500000      1.090595      1.090595      2.181190
     -8.480000      1.575558      1.575558      3.151117
     -8.460000      2.149208      2.149208      4.298415
     -8.440000      2.764508      2.764508      5.529015
     -8.420000      3.363103      3.363103      6.726205
     -8.400000      3.886781      3.886781      7.773562
     -8.380000      4.290543      4.290543      8.581087
     -8.360000      4.553343      4.553343      9.106686
     -8.340000      4.684802      4.684802      9.369603
     -8.320000      4.727738      4.727738      9.455477
     -8.300000      4.755555      4.755555      9.511110
     -8.280000      4.861685      4.861685      9.723371
     -8.260000      5.138705      5.138705     10.277409
     -8.240000      5.649370      5.649370     11.298740
     -8.220000      6.398776      6.398776     12.797551
     -8.200000      7.320504      7.320504     14.641008
     -8.180000      8.285933      8.285933     16.571866
     -8.160000      9.135911      9.135911     18.271821
     -8.140000      9.724042      9.724042     19.448084
     -8.120000      9.957015      9.957015     19.914030
     -8.100000      9.820650      9.820650     19.641300
     -8.080000      9.386683      9.386683     18.773365
     -8.060000      8.800248      8.800248     17.600496
     -8.040000      8.250873      8.250873     16.501745
     -8.020000      7.932307      7.932307     15.864614
     -8.000000      7.999335      7.999335     15.998670
     -7.980000      8.530891      8.530891     17.061782
     -7.960000      9.506731      9.506731     19.013462
     -7.940000     10.801242     10.801242     21.602483
     -7.920000     12.195991     12.195991     24.391982
     -7.900000     13.412844     13.412844     26.825688
     -7.880000     14.167913     14.167913     28.335827
     -7.860000     14.239223     14.239223     28.478446
     -7.840000     13.529794     13.529794     27.059588
     -7.820000     12.101666     12.101666     24.203333
     -7.800000     10.163424     10.163424     20.326848
     -7.780000      8.013239      8.013239     16.026478
     -7.760000      5.960059      5.960059     11.920117
     -7.740000      4.253966      4.253966      8.507931
     -7.720000      3.047979      3.047979      6.095959
     -7.700000      2.394590      2.394590      4.789181
     -7.680000      2.264134      2.264134      4.528267
     -7.660000      2.567818      2.567818      5.135637
     -7.640000      3.175683      3.175683      6.351365
     -7.620000      3.931169      3.931169      7.862338
     -7.600000      4.670504      4.670504      9.341007
     -7.580000      5.252433      5.252433     10.504867
     -7.560000      5.594579      5.594579     11.189158
     -7.540000      5.703301      5.703301     11.406603
     -7.520000      5.680968      5.680968     11.361936
     -7.500000      5.700263      5.700263     11.400526
     -7.480000      5.947551      5.947551     11.895102
     -7.460000      6.551091      6.551091     13.102183
     -7.440000      7.519331      7.519331     15.038662
     -7.420000      8.715099      8.715099     17.430198
     -7.400000      9.881264      9.881264     19.762528
     -7.380000     10.714293     10.714293     21.428587
     -7.360000     10.961204     10.961204     21.922407
     -7.340000     10.502840     10.502840     21.005680
     -7.320000      9.390389      9.390389     18.780779
     -7.300000      7.822443      7.822443     15.644886
     -7.280000      6.076644      6.076644     12.153289
     -7.260000      4.428461      4.428461      8.856922
     -7.240000      3.090204      3.090204      6.180408
     -7.220000      2.187540      2.187540      4.375081
     -7.200000      1.769364      1.769364      3.538728
     -7.180000      1.832626      1.832626      3.665253
     -7.160000      2.343163      2.343163      4.686326
     -7.140000      3.244201      3.244201      6.488402
     -7.120000      4.457247      4.457247      8.914494
     -7.100000      5.886114      5.886114     11.772229
     -7.080000      7.429996      7.429996     14.859993
     -7.060000      9.000194      9.000194     18.000388
     -7.040000     10.527772     10.527772     21.055544
     -7.020000     11.954034     11.954034     23.908067
     -7.000000     13.210071     13.210071     26.420143
     -6.980000     14.203454     14.203454     28.406908
     -6.960000     14.827463     14.827463     29.654927
     -6.940000     14.991795     14.991795     29.983589
     -6.920000     14.657034     14.657034     29.314068
     -6.900000     13.852958     13.852958     27.705916
     -6.880000     12.673804     12.673804     25.347609
     -6.860000     11.259196     11.259196     22.518392
     -6.840000      9.773606      9.773606     19.547213
     -6.820000      8.388881      8.388881     16.777763
     -6.800000      7.264527      7.264527     14.529054
     -6.780000      6.520574      6.520574     13.041148
     -6.760000      6.208113      6.208113     12.416226
     -6.740000      6.292578      6.292578     12.585156
     -6.720000      6.663594      6.663594     13.327189
     -6.700000      7.171318      7.171318     14.342637
     -6.680000      7.672368      7.672368     15.344736
     -6.660000      8.061895      8.061895     16.123790
     -6.640000      8.278045      8.278045     16.556090
     -6.620000      8.284567      8.284567     16.569134
     -6.600000      8.051848      8.051848     16.103696
     -6.580000      7.554955      7.554955     15.109911
     -6.560000      6.790933      6.790933     13.581866
     -6.540000      5.800233      5.800233     11.600466
     -6.520000      4.672620      4.672620      9.345240
     -6.500000      3.528985      3.528985      7.057969
     -6.480000      2.487384      2.487384      4.974767
     -6.460000      1.631231      1.631231      3.262461
     -6.440000      0.994351      0.994351      1.988702
     -6.420000      0.566308      0.566308      1.132617
     -6.400000      0.311136      0.311136      0.622271
     -6.380000      0.189079      0.189079      0.378159
     -6.360000      0.173632      0.173632      0.347264
     -6.340000      0.260690      0.260690      0.521380
     -6.320000      0.469424      0.469424      0.938848
     -6.300000      0.834803      0.834803      1.669606
     -6.280000      1.391716      1.391716      2.783433
     -6.260000      2.152885      2.152885      4.305770
     -6.240000      3.087561      3.087561      6.175123
     -6.220000      4.112481      4.112481      8.224962
     -6.200000      5.105555      5.105555     10.211110
     -6.180000      5.943458      5.943458     11.886915
     -6.160000      6.549777      6.549777     13.099554
     -6.140000      6.930062      6.930062     13.860124
     -6.120000      7.173063      7.173063     14.346126
     -6.100000      7.414553      7.414553     14.829106
     -6.080000      7.781112      7.781112     15.562224
     -6.060000      8.341771      8.341771     16.683542
     -6.040000      9.088252      9.088252     18.176504
     -6.020000      9.945840      9.945840     19.891681
     -6.000000     10.800915     10.800915     21.601829
     -5.980000     11.528264     11.528264     23.056528
     -5.960000     12.010168     12.010168     24.020336
     -5.940000     12.149659     12.149659     24.299319
     -5.920000     11.883420     11.883420     23.766841
     -5.900000     11.195057     11.195057     22.390114
     -5.880000     10.123635     10.123635     20.247271
     -5.860000      8.761450      8.761450     17.522900
     -5.840000      7.239492      7.239492     14.478983
     -5.820000      5.704875      5.704875     11.409750
     -5.800000      4.297578      4.297578      8.595157
     -5.780000      3.133088      3.133088      6.266176
     -5.760000      2.294015      2.294015      4.588029
     -5.740000      1.829209      1.829209      3.658418
     -5.720000      1.755242      1.755242      3.510484
     -5.700000      2.054448      2.054448      4.108897
     -5.680000      2.667513      2.667513      5.335025
     -5.660000      3.485537      3.485537      6.971074
     -5.640000      4.352158      4.352158      8.704316
     -5.620000      5.085157      5.085157     10.170313
     -5.600000      5.517447      5.517447     11.034894
     -5.580000      5.544156      5.544156     11.088311
     -5.560000      5.154889      5.154889     10.309778
     -5.540000      4.434915      4.434915      8.869831
     -5.520000      3.534165      3.534165      7.068330
     -5.500000      2.619220      2.619220      5.238441
     -5.480000      1.830437      1.830437      3.660873
     -5.460000      1.260403      1.260403      2.520806
     -5.440000      0.956173      0.956173      1.912345
     -5.420000      0.935026      0.935026      1.870052
     -5.400000      1.198750      1.198750      2.397500
     -5.380000      1.735721      1.735721      3.471442
     -5.360000      2.510159      2.510159      5.020318
     -5.340000      3.448297      3.448297      6.896593
     -5.320000      4.436159      4.436159      8.872319
     -5.300000      5.339363      5.339363     10.678725
     -5.280000      6.042346      6.042346     12.084691
     -5.260000      6.489494      6.489494     12.978988
     -5.240000      6.704013      6.704013     13.408025
     -5.220000      6.769218      6.769218     13.538436
     -5.200000      6.778192      6.778192     13.556385
     -5.180000      6.778427      6.778427     13.556854
     -5.160000      6.743491      6.743491     13.486982
     -5.140000      6.588778      6.588778     13.177555
     -5.120000      6.222181      6.222181     12.444361
     -5.100000      5.600492      5.600492     11.200983
     -5.080000      4.761294      4.761294      9.522588
     -5.060000      3.817394      3.817394      7.634789
     -5.040000      2.923353      2.923353      5.846707
     -5.020000      2.236351      2.236351      4.472702
     -5.000000      1.889949      1.889949      3.779899
     -4.980000      1.984655      1.984655      3.969309
     -4.960000      2.585313      2.585313      5.170626
     -4.940000      3.712040      3.712040      7.424079
     -4.920000      5.320379      5.320379     10.640758
     -4.900000      7.281181      7.281181     14.562362
     -4.880000      9.380382      9.380382     18.760765
     -4.860000     11.354659     11.354659     22.709318
     -4.840000     12.960333     12.960333     25.920666
     -4.820000     14.049983     14.049983     28.099966
     -4.800000     14.619562     14.619562     29.239124
     -4.780000     14.798883     14.798883     29.597767
     -4.760000     14.786471     14.786471     29.572943
     -4.740000     14.759139     14.759139     29.518278
     -4.720000     14.798891     14.798891     29.597783
     -4.700000     14.868533     14.868533     29.737067
     -4.680000     14.841830     14.841830     29.683660
     -4.660000     14.570417     14.570417     29.140833
     -4.640000     13.958310     13.958310     27.916620
     -4.620000     13.015995     13.015995     26.031990
     -4.600000     11.874426     11.874426     23.748852
     -4.580000     10.751621     10.751621     21.503243
     -4.560000      9.880329      9.880329     19.760658
     -4.540000      9.421809      9.421809     18.843619
     -4.520000      9.400571      9.400571     18.801142
     -4.500000      9.689782      9.689782     19.379565
     -4.480000     10.055983     10.055983     20.111967
     -4.460000     10.244220     10.244220     20.488440
     -4.440000     10.066023     10.066023     20.132046
     -4.420000      9.453714      9.453714     18.907428
     -4.400000      8.464324      8.464324     16.928649
     -4.380000      7.242329      7.242329     14.484657
     -4.360000      5.966986      5.966986     11.933971
     -4.340000      4.809358      4.809358      9.618716
     -4.320000      3.910184      3.910184      7.820367
     -4.300000      3.374208      3.374208      6.748415
     -4.280000      3.269121      3.269121      6.538241
     -4.260000      3.620129      3.620129      7.240257
     -4.240000      4.399508      4.399508      8.799017
     -4.220000      5.517738      5.517738     11.035476
     -4.200000      6.824848      6.824848     13.649695
     -4.180000      8.127601      8.127601     16.255203
     -4.160000      9.222496      9.222496     18.444992
     -4.140000      9.938954      9.938954     19.877909
     -4.120000     10.182774     10.182774     20.365548
     -4.100000      9.967062      9.967062     19.934123
     -4.080000      9.417583      9.417583     18.835165
     -4.060000      8.743991      8.743991     17.487982
     -4.040000      8.179370      8.179370     16.358739
     -4.020000      7.905478      7.905478     15.810957
     -4.000000      7.992565      7.992565     15.985131
     -3.980000      8.381895      8.381895     16.763790
     -3.960000      8.922740      8.922740     17.845480
     -3.940000      9.449407      9.449407     18.898813
     -3.920000      9.861469      9.861469     19.722938
     -3.900000     10.165763     10.165763     20.331526
     -3.880000     10.456977     10.456977     20.913954
     -3.860000     10.846611     10.846611     21.693223
     -3.840000     11.379358     11.379358     22.758715
     -3.820000     11.983887     11.983887     23.967774
     -3.800000     12.486077     12.486077     24.972155
     -3.780000     12.677731     12.677731     25.355463
     -3.760000     12.403755     12.403755     24.807510
     -3.740000     11.623165     11.623165     23.246331
     -3.720000     10.417243     10.417243     20.834486
     -3.700000      8.948589      8.948589     17.897179
     -3.680000      7.398598      7.398598     14.797197
     -3.660000      5.915297      5.915297     11.830593
     -3.640000      4.590166      4.590166      9.180331
     -3.620000      3.463181      3.463181      6.926363
     -3.600000      2.542464      2.542464      5.084927
     -3.580000      1.823598      1.823598      3.647196
     -3.560000      1.300483      1.300483      2.600966
     -3.540000      0.967453      0.967453      1.934906
     -3.520000      0.816602      0.816602      1.633203
     -3.500000      0.834347      0.834347      1.668693
     -3.480000      0.999703      0.999703      1.999407
     -3.460000      1.285686      1.285686      2.571372
     -3.440000      1.664622      1.664622      3.329244
     -3.420000      2.116722      2.116722      4.233443
     -3.400000      2.638373      2.638373      5.276746
     -3.380000      3.243933      3.243933      6.487865
     -3.360000      3.955352      3.955352      7.910704
     -3.340000      4.779648      4.779648      9.559296
     -3.320000      5.683268      5.683268     11.366536
     -3.300000      6.578938      6.578938     13.157877
     -3.280000      7.338362      7.338362     14.676723
     -3.260000      7.831543      7.831543     15.663086
     -3.240000      7.976825      7.976825     15.953649
     -3.220000      7.776133      7.776133     15.552266
     -3.200000      7.315543      7.315543     14.631087
     -3.180000      6.729836      6.729836     13.459673
     -3.160000      6.149511      6.149511     12.299022
     -3.140000      5.656817      5.656817     11.313634
     -3.120000      5.269620      5.269620     10.539241
     -3.100000      4.954990      4.954990      9.909980
     -3.080000      4.659818      4.659818      9.319637
     -3.060000      4.341197      4.341197      8.682394
     -3.040000      3.984392      3.984392      7.968783
     -3.020000      3.605428      3.605428      7.210856
     -3.000000      3.242619      3.242619      6.485237
     -2.980000      2.944024      2.944024      5.888049
     -2.960000      2.756385      2.756385      5.512770
     -2.940000      2.717670      2.717670      5.435341
     -2.920000      2.852429      2.852429      5.704858
     -2.900000      3.168108      3.168108      6.336216
     -2.880000      3.651764      3.651764      7.303528
     -2.860000      4.268878      4.268878      8.537755
     -2.840000      4.967344      4.967344      9.934688
     -2.820000      5.688636      5.688636     11.377272
     -2.800000      6.384765      6.384765     12.769531
     -2.780000      7.035708      7.035708     14.071416
     -2.760000      7.659618      7.659618     15.319235
     -2.740000      8.308780      8.308780     16.617561
     -2.720000      9.048381      9.048381     18.096761
     -2.700000      9.922221      9.922221     19.844442
     -2.680000     10.917653     10.917653     21.835305
     -2.660000     11.946946     11.946946     23.893893
     -2.640000     12.859367     12.859367     25.718735
     -2.620000     13.485693     13.485693     26.971385
     -2.600000     13.699899     13.699899     27.399798
     -2.580000     13.471104     13.471104     26.942208
     -2.560000     12.880716     12.880716     25.761433
     -2.540000     12.095088     12.095088     24.190176
     -2.520000     11.304468     11.304468     22.608935
     -2.500000     10.653886     10.653886     21.307773
     -2.480000     10.194244     10.194244     20.388489
     -2.460000      9.872443      9.872443     19.744886
     -2.440000      9.562959      9.562959     19.125917
     -2.420000      9.126593      9.126593     18.253186
     -2.400000      8.471673      8.471673     16.943347
     -2.380000      7.592994      7.592994     15.185989
     -2.360000      6.574471      6.574471     13.148943
     -2.340000      5.557965      5.557965     11.115931
     -2.320000      4.695005      4.695005      9.390011
     -2.300000      4.103275      4.103275      8.206549
     -2.280000      3.843961      3.843961      7.687923
     -2.260000      3.923599      3.923599      7.847198
     -2.240000      4.312070      4.312070      8.624140
     -2.220000      4.962875      4.962875      9.925749
     -2.200000      5.824120      5.824120     11.648240
     -2.180000      6.836322      6.836322     13.672644
     -2.160000      7.921624      7.921624     15.843247
     -2.140000      8.974694      8.974694     17.949388
     -2.120000      9.866172      9.866172     19.732343
     -2.100000     10.464486     10.464486     20.928971
     -2.080000     10.672378     10.672378     21.344756
     -2.060000     10.464472     10.464472     20.928943
     -2.040000      9.907704      9.907704     19.815408
     -2.020000      9.151710      9.151710     18.303421
     -2.000000      8.389761      8.389761     16.779522
     -1.980000      7.804963      7.804963     15.609926
     -1.960000      7.522381      7.522381     15.044761
     -1.940000      7.582398      7.582398     15.164797
     -1.920000      7.938847      7.938847     15.877694
     -1.900000      8.475641      8.475641     16.951283
     -1.880000      9.033333      9.033333     18.066667
     -1.860000      9.440567      9.440567     18.881134
     -1.840000      9.548685      9.548685     19.097371
     -1.820000      9.265987      9.265987     18.531974
     -1.800000      8.582809      8.582809     17.165617
     -1.780000      7.576180      7.576180     15.152361
     -1.760000      6.388434      6.388434     12.776868
     -1.740000      5.186009      5.186009     10.372019
     -1.720000      4.114910      4.114910      8.229820
     -1.700000      3.270427      3.270427      6.540854
     -1.680000      2.690272      2.690272      5.380545
     -1.660000      2.368278      2.368278      4.736557
     -1.640000      2.277678      2.277678      4.555357
     -1.620000      2.391750      2.391750      4.783501
     -1.600000      2.693516      2.693516      5.387032
     -1.580000      3.171695      3.171695      6.343389
     -1.560000      3.805325      3.805325      7.610649
     -1.540000      4.544262      4.544262      9.088524
     -1.520000      5.296514      5.296514     10.593028
     -1.500000      5.933543      5.933543     11.867086
     -1.480000      6.318336      6.318336     12.636672
     -1.460000      6.349063      6.349063     12.698126
     -1.440000      5.999750      5.999750     11.999500
     -1.420000      5.337040      5.337040     10.674080
     -1.400000      4.502366      4.502366      9.004731
     -1.380000      3.666372      3.666372      7.332743
     -1.360000      2.976297      2.976297      5.952594
     -1.340000      2.518865      2.518865      5.037730
     -1.320000      2.311137      2.311137      4.622274
     -1.300000      2.317192      2.317192      4.634383
     -1.280000      2.477919      2.477919      4.955838
     -1.260000      2.738867      2.738867      5.477734
     -1.240000      3.065902      3.065902      6.131803
     -1.220000      3.446372      3.446372      6.892743
     -1.200000      3.880306      3.880306      7.760612
     -1.180000      4.369139      4.369139      8.738278
     -1.160000      4.907855      4.907855      9.815711
     -1.140000      5.482017      5.482017     10.964035
     -1.120000      6.067340      6.067340     12.134681
     -1.100000      6.629344      6.629344     13.258688
     -1.080000      7.124208      7.124208     14.248415
     -1.060000      7.505367      7.505367     15.010735
     -1.040000      7.738943      7.738943     15.477886
     -1.020000      7.823918      7.823918     15.647836
     -1.000000      7.805476      7.805476     15.610953
     -0.980000      7.769568      7.769568     15.539135
     -0.960000      7.816249      7.816249     15.632499
     -0.940000      8.022785      8.022785     16.045569
     -0.920000      8.414624      8.414624     16.829248
     -0.900000      8.957463      8.957463     17.914926
     -0.880000      9.570368      9.570368     19.140735
     -0.860000     10.148793     10.148793     20.297587
     -0.840000     10.585180     10.585180     21.170359
     -0.820000     10.782904     10.782904     21.565808
     -0.800000     10.668274     10.668274     21.336549
     -0.780000     10.206654     10.206654     20.413309
     -0.760000      9.421779      9.421779     18.843558
     -0.740000      8.408837      8.408837     16.817674
     -0.720000      7.330136      7.330136     14.660271
     -0.700000      6.389286      6.389286     12.778572
     -0.680000      5.790313      5.790313     11.580627
     -0.660000      5.694449      5.694449     11.388897
     -0.640000      6.186436      6.186436     12.372872
     -0.620000      7.256786      7.256786     14.513573
     -0.600000      8.800984      8.800984     17.601968
     -0.580000     10.633478     10.633478     21.266956
     -0.560000     12.513003     12.513003     25.026007
     -0.540000     14.175764     14.175764     28.351529
     -0.520000     15.374085     15.374085     30.748170
     -0.500000     15.918935     15.918935     31.837870
     -0.480000     15.722564     15.722564     31.445128
     -0.460000     14.831343     14.831343     29.662687
     -0.440000     13.433058     13.433058     26.866117
     -0.420000     11.824935     11.824935     23.649871
     -0.400000     10.342482     10.342482     20.684964
     -0.380000      9.269313      9.269313     18.538627
     -0.360000      8.761842      8.761842     17.523683
     -0.340000      8.819378      8.819378     17.638756
     -0.320000      9.309596      9.309596     18.619192
     -0.300000     10.032773     10.032773     20.065546
     -0.280000     10.791404     10.791404     21.582807
     -0.260000     11.434508     11.434508     22.869015
     -0.240000     11.865709     11.865709     23.731418
     -0.220000     12.027480     12.027480     24.054961
     -0.200000     11.885688     11.885688     23.771376
     -0.180000     11.432101     11.432101     22.864201
     -0.160000     10.704106     10.704106     21.408213
     -0.140000      9.804235      9.804235     19.608470
     -0.120000      8.898482      8.898482     17.796964
     -0.100000      8.183546      8.183546     16.367092
     -0.080000      7.831322      7.831322     15.662644
     -0.060000      7.933313      7.933313     15.866625
     -0.040000      8.470084      8.470084     16.940168
     -0.020000      9.320150      9.320150     18.640300
      0.000000     10.304095     10.304095     20.608189
      0.020000     11.242991     11.242991     22.485982
      0.040000     12.004520     12.004520     24.009041
      0.060000     12.519292     12.519292     25.038585
      0.080000     12.768539     12.768539     25.537078
      0.100000     12.760672     12.760672     25.521344
      0.120000     12.517005     12.517005     25.034010
      0.140000     12.074530     12.074530     24.149060
      0.160000     11.495780     11.495780     22.991559
      0.180000     10.867248     10.867248     21.734496
      0.200000     10.276269     10.276269     20.552537
      0.220000      9.775585      9.775585     19.551171
      0.240000      9.359414      9.359414     18.718828
      0.260000      8.971615      8.971615     17.943231
      0.280000      8.546397      8.546397     17.092794
      0.300000      8.058833      8.058833     16.117666
      0.320000      7.553339      7.553339     15.106678
      0.340000      7.130004      7.130004     14.260008
      0.360000      6.893880      6.893880     13.787760
      0.380000      6.894867      6.894867     13.789734
      0.400000      7.092290      7.092290     14.184581
      0.420000      7.365351      7.365351     14.730701
      0.440000      7.566123      7.566123     15.132246
      0.460000      7.589054      7.589054     15.178107
      0.480000      7.421786      7.421786     14.843572
      0.500000      7.151202      7.151202     14.302403
      0.520000      6.920740      6.920740     13.841481
      0.540000      6.858951      6.858951     13.717902
      0.560000      7.012971      7.012971     14.025942
      0.580000      7.318168      7.318168     14.636336
      0.600000      7.618350      7.618350     15.236700
      0.620000      7.727792      7.727792     15.455585
      0.640000      7.507371      7.507371     15.014743
      0.660000      6.921093      6.921093     13.842186
      0.680000      6.049181      6.049181     12.098362
      0.700000      5.054790      5.054790     10.109581
      0.720000      4.122395      4.122395      8.244790
      0.740000      3.396400      3.396400      6.792801
      0.760000      2.944416      2.944416      5.888831
      0.780000      2.755315      2.755315      5.510629
      0.800000      2.766365      2.766365      5.532730
      0.820000      2.903558      2.903558      5.807116
      0.840000      3.117233      3.117233      6.234467
      0.860000      3.399519      3.399519      6.799039
      0.880000      3.778051      3.778051      7.556101
      0.900000      4.289324      4.289324      8.578648
      0.920000      4.943052      4.943052      9.886104
      0.940000      5.693767      5.693767     11.387534
      0.960000      6.435116      6.435116     12.870233
      0.980000      7.024089      7.024089     14.048178
      1.000000      7.328732      7.328732     14.657463
      1.020000      7.279937      7.279937     14.559874
      1.040000      6.903525      6.903525     13.807050
      1.060000      6.317021      6.317021     12.634042
      1.080000      5.692471      5.692471     11.384943
      1.100000      5.202625      5.202625     10.405250
      1.120000      4.973869      4.973869      9.947737
      1.140000      5.062915      5.062915     10.125829
      1.160000      5.460491      5.460491     10.920982
      1.180000      6.112378      6.112378     12.224756
      1.200000      6.942579      6.942579     13.885158
      1.220000      7.866928      7.866928     15.733856
      1.240000      8.794880      8.794880     17.589760
      1.260000      9.626637      9.626637     19.253274
      1.280000     10.256234     10.256234     20.512469
      1.300000     10.586757     10.586757     21.173514
      1.320000     10.554459     10.554459     21.108919
      1.340000     10.150816     10.150816     20.301631
      1.360000      9.430622      9.430622     18.861245
      1.380000      8.500685      8.500685     17.001369
      1.400000      7.493034      7.493034     14.986067
      1.420000      6.533274      6.533274     13.066549
      1.440000      5.715314      5.715314     11.430628
      1.460000      5.089083      5.089083     10.178165
      1.480000      4.661505      4.661505      9.323011
      1.500000      4.406513      4.406513      8.813026
      1.520000      4.278889      4.278889      8.557779
      1.540000      4.228220      4.228220      8.456441
      1.560000      4.210985      4.210985      8.421971
      1.580000      4.199580      4.199580      8.399160
      1.600000      4.187158      4.187158      8.374315
      1.620000      4.187814      4.187814      8.375627
      1.640000      4.233083      4.233083      8.466166
      1.660000      4.366792      4.366792      8.733585
      1.680000      4.639470      4.639470      9.278939
      1.700000      5.100986      5.100986     10.201971
      1.720000      5.788256      5.788256     11.576511
      1.740000      6.706668      6.706668     13.413336
      1.760000      7.810018      7.810018     15.620036
      1.780000      8.990568      8.990568     17.981136
      1.800000     10.092095     10.092095     20.184190
      1.820000     10.949997     10.949997     21.899994
      1.840000     11.446118     11.446118     22.892235
      1.860000     11.552167     11.552167     23.104334
      1.880000     11.336016     11.336016     22.672031
      1.900000     10.923380     10.923380     21.846760
      1.920000     10.433621     10.433621     20.867241
      1.940000      9.924918      9.924918     19.849837
      1.960000      9.378612      9.378612     18.757224
      1.980000      8.728096      8.728096     17.456192
      2.000000      7.911239      7.911239     15.822477
      2.020000      6.914332      6.914332     13.828664
      2.040000      5.785455      5.785455     11.570910
      2.060000      4.616274      4.616274      9.232548
      2.080000      3.508385      3.508385      7.016769
      2.100000      2.544049      2.544049      5.088098
      2.120000      1.773293      1.773293      3.546586
      2.140000      1.218160      1.218160      2.436321
      2.160000      0.887511      0.887511      1.775022
      2.180000      0.793750      0.793750      1.587500
      2.200000      0.963842      0.963842      1.927685
      2.220000      1.438582      1.438582      2.877163
      2.240000      2.256597      2.256597      4.513193
      2.260000      3.424754      3.424754      6.849507
      2.280000      4.884694      4.884694      9.769387
      2.300000      6.492475      6.492475     12.984950
      2.320000      8.028384      8.028384     16.056768
      2.340000      9.242884      9.242884     18.485767
      2.360000      9.925954      9.925954     19.851909
      2.380000      9.971762      9.971762     19.943524
      2.400000      9.410006      9.410006     18.820012
      2.420000      8.391598      8.391598     16.783196
      2.440000      7.139324      7.139324     14.278647
      2.460000      5.888703      5.888703     11.777406
      2.480000      4.842021      4.842021      9.684043
      2.500000      4.143934      4.143934      8.287869
      2.520000      3.872753      3.872753      7.745505
      2.540000      4.037536      4.037536      8.075071
      2.560000      4.577834      4.577834      9.155667
      2.580000      5.372127      5.372127     10.744255
      2.600000      6.263251      6.263251     12.526502
      2.620000      7.100919      7.100919     14.201837
      2.640000      7.788180      7.788180     15.576359
      2.660000      8.310510      8.310510     16.621019
      2.680000      8.731208      8.731208     17.462415
      2.700000      9.153570      9.153570     18.307140
      2.720000      9.668388      9.668388     19.336775
      2.740000     10.311998     10.311998     20.623995
      2.760000     11.051004     11.051004     22.102007
      2.780000     11.792687     11.792687     23.585375
      2.800000     12.408709     12.408709     24.817417
      2.820000     12.761275     12.761275     25.522550
      2.840000     12.730114     12.730114     25.460228
      2.860000     12.243118     12.243118     24.486236
      2.880000     11.307271     11.307271     22.614543
      2.900000     10.026028     10.026028     20.052057
      2.920000      8.587249      8.587249     17.174497
      2.940000      7.217859      7.217859     14.435718
      2.960000      6.120209      6.120209     12.240419
      2.980000      5.416803      5.416803     10.833606
      3.000000      5.126373      5.126373     10.252745
      3.020000      5.178223      5.178223     10.356445
      3.040000      5.453871      5.453871     10.907742
      3.060000      5.834785      5.834785     11.669569
      3.080000      6.235690      6.235690     12.471381
      3.100000      6.612253      6.612253     13.224506
      3.120000      6.944902      6.944902     13.889803
      3.140000      7.212076      7.212076     14.424152
      3.160000      7.371336      7.371336     14.742672
      3.180000      7.362628      7.362628     14.725256
      3.200000      7.135445      7.135445     14.270890
      3.220000      6.686858      6.686858     13.373716
      3.240000      6.089091      6.089091     12.178183
      3.260000      5.488900      5.488900     10.977799
      3.280000      5.074418      5.074418     10.148837
      3.300000      5.020134      5.020134     10.040267
      3.320000      5.429189      5.429189     10.858378
      3.340000      6.291994      6.291994     12.583988
      3.360000      7.474070      7.474070     14.948140
      3.380000      8.738308      8.738308     17.476617
      3.400000      9.798585      9.798585     19.597170
      3.420000     10.392532     10.392532     20.785064
      3.440000     10.352678     10.352678     20.705355
      3.460000      9.651950      9.651950     19.303899
      3.480000      8.406483      8.406483     16.812966
      3.500000      6.835064      6.835064     13.670128
      3.520000      5.192747      5.192747     10.385495
      3.540000      3.706010      3.706010      7.412020
      3.560000      2.532740      2.532740      5.065479
      3.580000      1.755540      1.755540      3.511081
      3.600000      1.400193      1.400193      2.800387
      3.620000      1.461551      1.461551      2.923101
      3.640000      1.920312      1.920312      3.840625
      3.660000      2.743798      2.743798      5.487597
      3.680000      3.875822      3.875822      7.751643
      3.700000      5.228334      5.228334     10.456668
      3.720000      6.686144      6.686144     13.372287
      3.740000      8.126320      8.126320     16.252639
      3.760000      9.442205      9.442205     18.884410
      3.780000     10.557117     10.557117     21.114234
      3.800000     11.419531     11.419531     22.839062
      3.820000     11.985869     11.985869     23.971738
      3.840000     12.207996     12.207996     24.415991
      3.860000     12.040896     12.040896     24.081791
      3.880000     11.471660     11.471660     22.943319
      3.900000     10.553640     10.553640     21.107280
      3.920000      9.421593      9.421593     18.843186
      3.940000      8.270835      8.270835     16.541671
      3.960000      7.302058      7.302058     14.604117
      3.980000      6.653044      6.653044     13.306088
      4.000000      6.348309      6.348309     12.696618
      4.020000      6.292143      6.292143     12.584286
      4.040000      6.311562      6.311562     12.623125
      4.060000      6.232254      6.232254     12.464508
      4.080000      5.954299      5.954299     11.908598
      4.100000      5.494149      5.494149     10.988298
      4.120000      4.975392      4.975392      9.950783
      4.140000      4.574714      4.574714      9.149428
      4.160000      4.448825      4.448825      8.897649
      4.180000      4.674208      4.674208      9.348417
      4.200000      5.223469      5.223469     10.446938
      4.220000      5.984914      5.984914     11.969828
      4.240000      6.813401      6.813401     13.626803
      4.260000      7.587600      7.587600     15.175200
      4.280000      8.247366      8.247366     16.494731
      4.300000      8.796419      8.796419     17.592837
      4.320000      9.274705      9.274705     18.549409
      4.340000      9.720578      9.720578     19.441157
      4.360000     10.145395     10.145395     20.290790
      4.380000     10.531328     10.531328     21.062656
      4.400000     10.846512     10.846512     21.693024
      4.420000     11.062013     11.062013     22.124026
      4.440000     11.158085     11.158085     22.316169
      4.460000     11.118524     11.118524     22.237048
      4.480000     10.922463     10.922463     21.844926
      4.500000     10.545485     10.545485     21.090970
      4.520000      9.975357      9.975357     19.950715
      4.540000      9.236472      9.236472     18.472943
      4.560000      8.408520      8.408520     16.817040
      4.580000      7.624870      7.624870     15.249740
      4.600000      7.045289      7.045289     14.090578
      4.620000      6.810713      6.810713     13.621425
      4.640000      6.996823      6.996823     13.993645
      4.660000      7.583555      7.583555     15.167109
      4.680000      8.450914      8.450914     16.901828
      4.700000      9.402573      9.402573     18.805145
      4.720000     10.211388     10.211388     20.422775
      4.740000     10.675584     10.675584     21.351168
      4.760000     10.670518     10.670518     21.341036
      4.780000     10.180389     10.180389     20.360779
      4.800000      9.299522      9.299522     18.599045
      4.820000      8.203597      8.203597     16.407193
      4.840000      7.102389      7.102389     14.204777
      4.860000      6.190929      6.190929     12.381858
      4.880000      5.612976      5.612976     11.225952
      4.900000      5.442549      5.442549     10.885098
      4.920000      5.681803      5.681803     11.363605
      4.940000      6.270271      6.270271     12.540543
      4.960000      7.100971      7.100971     14.201941
      4.980000      8.040231      8.040231     16.080462
      5.000000      8.948606      8.948606     17.897212
      5.020000      9.699951      9.699951     19.399901
      5.040000     10.196079     10.196079     20.392159
      5.060000     10.375682     10.375682     20.751364
      5.080000     10.217716     10.217716     20.435431
      5.100000      9.740282      9.740282     19.480565
      5.120000      8.995870      8.995870     17.991740
      5.140000      8.063369      8.063369     16.126739
      5.160000      7.037254      7.037254     14.074508
      5.180000      6.014785      6.014785     12.029569
      5.200000      5.082836      5.082836     10.165672
      5.220000      4.306481      4.306481      8.612961
      5.240000      3.721647      3.721647      7.443294
      5.260000      3.333756      3.333756      6.667512
      5.280000      3.123033      3.123033      6.246066
      5.300000      3.055301      3.055301      6.110602
      5.320000      3.095150      3.095150      6.190301
      5.340000      3.217478      3.217478      6.434957
      5.360000      3.414091      3.414091      6.828181
      5.380000      3.693895      3.693895      7.387790
      5.400000      4.077100      4.077100      8.154200
      5.420000      4.584977      4.584977      9.169953
      5.440000      5.227355      5.227355     10.454711
      5.460000      5.990881      5.990881     11.981762
      5.480000      6.832205      6.832205     13.664411
      5.500000      7.680331      7.680331     15.360662
      5.520000      8.449451      8.449451     16.898902
      5.540000      9.058099      9.058099     18.116199
      5.560000      9.445715      9.445715     18.891430
      5.580000      9.578523      9.578523     19.157045
      5.600000      9.444008      9.444008     18.888016
      5.620000      9.042283      9.042283     18.084566
      5.640000      8.385437      8.385437     16.770874
      5.660000      7.509114      7.509114     15.018227
      5.680000      6.488847      6.488847     12.977694
      5.700000      5.446716      5.446716     10.893433
      5.720000      4.537378      4.537378      9.074756
      5.740000      3.913899      3.913899      7.827797
      5.760000      3.685088      3.685088      7.370176
      5.780000      3.880926      3.880926      7.761852
      5.800000      4.440195      4.440195      8.880390
      5.820000      5.226782      5.226782     10.453563
      5.840000      6.070645      6.070645     12.141290
      5.860000      6.818693      6.818693     13.637385
      5.880000      7.374394      7.374394     14.748788
      5.900000      7.708596      7.708596     15.417191
      5.920000      7.838851      7.838851     15.677702
      5.940000      7.793227      7.793227     15.586455
      5.960000      7.584243      7.584243     15.168485
      5.980000      7.211121      7.211121     14.422242
      6.000000      6.688219      6.688219     13.376438
      6.020000      6.078379      6.078379     12.156758
      6.040000      5.505293      5.505293     11.010586
      6.060000      5.131015      5.131015     10.262030
      6.080000      5.104651      5.104651     10.209302
      6.100000      5.503842      5.503842     11.007685
      6.120000      6.294760      6.294760     12.589520
      6.140000      7.328999      7.328999     14.657998
      6.160000      8.381359      8.381359     16.762719
      6.180000      9.216444      9.216444     18.432888
      6.200000      9.660092      9.660092     19.320184
      6.220000      9.649113      9.649113     19.298226
      6.240000      9.241695      9.241695     18.483390
      6.260000      8.587530      8.587530     17.175060
      6.280000      7.872500      7.872500     15.745001
      6.300000      7.260008      7.260008     14.520015
      6.320000      6.847991      6.847991     13.695982
      6.340000      6.651872      6.651872     13.303744
      6.360000      6.614785      6.614785     13.229570
      6.380000      6.639803      6.639803     13.279606
      6.400000      6.633452      6.633452     13.266904
      6.420000      6.545345      6.545345     13.090690
      6.440000      6.387865      6.387865     12.775730
      6.460000      6.226141      6.226141     12.452281
      6.480000      6.141972      6.141972     12.283944
      6.500000      6.189715      6.189715     12.379429
      6.520000      6.368204      6.368204     12.736408
      6.540000      6.624904      6.624904     13.249807
      6.560000      6.889697      6.889697     13.779394
      6.580000      7.117370      7.117370     14.234741
      6.600000      7.312050      7.312050     14.624101
      6.620000      7.518310      7.518310     15.036621
      6.640000      7.785150      7.785150     15.570301
      6.660000      8.126194      8.126194     16.252388
      6.680000      8.500712      8.500712     17.001423
      6.700000      8.825289      8.825289     17.650578
      6.720000      9.006284      9.006284     18.012569
      6.740000      8.972502      8.972502     17.945004
      6.760000      8.691835      8.691835     17.383671
      6.780000      8.169456      8.169456     16.338912
      6.800000      7.436958      7.436958     14.873916
      6.820000      6.543690      6.543690     13.087381
      6.840000      5.554475      5.554475     11.108950
      6.860000      4.549528      4.549528      9.099056
      6.880000      3.619563      3.619563      7.239127
      6.900000      2.852816      2.852816      5.705631
      6.920000      2.316964      2.316964      4.633928
      6.940000      2.042879      2.042879      4.085757
      6.960000      2.016759      2.016759      4.033518
      6.980000      2.183872      2.183872      4.367744
      7.000000      2.462970      2.462970      4.925941
      7.020000      2.767136      2.767136      5.534271
      7.040000      3.024949      3.024949      6.049898
      7.060000      3.195943      3.195943      6.391887
      7.080000      3.276526      3.276526      6.553053
      7.100000      3.296250      3.296250      6.592501
      7.120000      3.307788      3.307788      6.615575
      7.140000      3.375338      3.375338      6.750676
      7.160000      3.564867      3.564867      7.129735
      7.180000      3.936588      3.936588      7.873175
      7.200000      4.537459      4.537459      9.074918
      7.220000      5.390942      5.390942     10.781885
      7.240000      6.483370      6.483370     12.966740
      7.260000      7.750336      7.750336     15.500673
      7.280000      9.070450      9.070450     18.140899
      7.300000     10.274817     10.274817     20.549633
      7.320000     11.176667     11.176667     22.353334
      7.340000     11.616865     11.616865     23.233730
      7.360000     11.511591     11.511591     23.023183
      7.380000     10.883992     10.883992     21.767985
      7.400000      9.865984      9.865984     19.731969
      7.420000      8.668295      8.668295     17.336590
      7.440000      7.529692      7.529692     15.059384
      7.460000      6.663002      6.663002     13.326005
      7.480000      6.213234      6.213234     12.426468
      7.500000      6.235229      6.235229     12.470458
      7.520000      6.691043      6.691043     13.382085
      7.540000      7.464294      7.464294     14.928588
      7.560000      8.388905      8.388905     16.777810
      7.580000      9.288861      9.288861     18.577722
      7.600000     10.021685     10.021685     20.043369
      7.620000     10.513410     10.513410     21.026819
      7.640000     10.771864     10.771864     21.543729
      7.660000     10.871171     10.871171     21.742343
      7.680000     10.912003     10.912003     21.824007
      7.700000     10.973568     10.973568     21.947137
      7.720000     11.078314     11.078314     22.156628
      7.740000     11.185778     11.185778     22.371555
      7.760000     11.219233     11.219233     22.438467
      7.780000     11.113134     11.113134     22.226268
      7.800000     10.858105     10.858105     21.716209
      7.820000     10.519618     10.519618     21.039236
      7.840000     10.218202     10.218202     20.436403
      7.860000     10.078360     10.078360     20.156720
      7.880000     10.170489     10.170489     20.340977
      7.900000     10.475251     10.475251     20.950503
      7.920000     10.889586     10.889586     21.779173
      7.940000     11.272673     11.272673     22.545346
      7.960000     11.509935     11.509935     23.019871
      7.980000     11.564246     11.564246     23.128492
      8.000000     11.490458     11.490458     22.980916
      8.020000     11.408173     11.408173     22.816347
      8.040000     11.447826     11.447826     22.895653
      8.060000     11.696054     11.696054     23.392108
      8.080000     12.163099     12.163099     24.326198
      8.100000     12.781376     12.781376     25.562752
      8.120000     13.429599     13.429599     26.859198
      8.140000     13.969033     13.969033     27.938066
      8.160000     14.279087     14.279087     28.558175
      8.180000     14.284335     14.284335     28.568671
      8.200000     13.969229     13.969229     27.938458
      8.220000     13.378958     13.378958     26.757916
      8.240000     12.606825     12.606825     25.213649
      8.260000     11.771404     11.771404     23.542808
      8.280000     10.989533     10.989533     21.979067
      8.300000     10.352073     10.352073     20.704145
      8.320000      9.908228      9.908228     19.816456
      8.340000      9.662180      9.662180     19.324359
      8.360000      9.583290      9.583290     19.166580
      8.380000      9.627323      9.627323     19.254646
      8.400000      9.760728      9.760728     19.521456
      8.420000      9.975831      9.975831     19.951663
      8.440000     10.286477     10.286477     20.572953
      8.460000     10.703550     10.703550     21.407100
      8.480000     11.203596     11.203596     22.407192
      8.500000     11.711840     11.711840     23.423679
      8.520000     12.115332     12.115332     24.230665
      8.540000     12.303949     12.303949     24.607897
      8.560000     12.218018     12.218018     24.436036
      8.580000     11.875472     11.875472     23.750944
      8.600000     11.363514     11.363514     22.727029
      8.620000     10.801688     10.801688     21.603376
      8.640000     10.299198     10.299198     20.598397
      8.660000      9.928957      9.928957     19.857914
      8.680000      9.725863      9.725863     19.451725
      8.700000      9.699521      9.699521     19.399041
      8.720000      9.844397      9.844397     19.688794
      8.740000     10.137560     10.137560     20.275121
      8.760000     10.528867     10.528867     21.057734
      8.780000     10.938350     10.938350     21.876701
      8.800000     11.272053     11.272053     22.544106
      8.820000     11.452720     11.452720     22.905440
      8.840000     11.447606     11.447606     22.895213
      8.860000     11.274427     11.274427     22.548854
      8.880000     10.980497     10.980497     21.960993
      8.900000     10.609000     10.609000     21.218001
      8.920000     10.175547     10.175547     20.351094
      8.940000      9.670618      9.670618     19.341237
      8.960000      9.085092      9.085092     18.170183
      8.980000      8.439927      8.439927     16.879854
      9.000000      7.798048      7.798048     15.596096
      9.020000      7.247613      7.247613     14.495227
      9.040000      6.863774      6.863774     13.727549
      9.060000      6.669956      6.669956     13.339911
      9.080000      6.621755      6.621755     13.243510
      9.100000      6.625300      6.625300     13.250599
      9.120000      6.583000      6.583000     13.166001
      9.140000      6.443459      6.443459     12.886919
      9.160000      6.228419      6.228419     12.456838
      9.180000      6.021183      6.021183     12.042366
      9.200000      5.921899      5.921899     11.843798
      9.220000      5.993464      5.993464     11.986927
      9.240000      6.226897      6.226897     12.453795
      9.260000      6.543912      6.543912     13.087824
      9.280000      6.833721      6.833721     13.667442
      9.300000      7.002994      7.002994     14.005988
      9.320000      7.012373      7.012373     14.024745
      9.340000      6.882609      6.882609     13.765217
      9.360000      6.671598      6.671598     13.343196
      9.380000      6.439319      6.439319     12.878639
      9.400000      6.222282      6.222282     12.444564
      9.420000      6.031156      6.031156     12.062312
      9.440000      5.870626      5.870626     11.741252
      9.460000      5.767647      5.767647     11.535295
      9.480000      5.789425      5.789425     11.578850
      9.500000      6.037111      6.037111     12.074221
      9.520000      6.612791      6.612791     13.225582
      9.540000      7.570913      7.570913     15.141826
      9.560000      8.875113      8.875113     17.750226
      9.580000     10.382573     10.382573     20.765145
      9.600000     11.868573     11.868573     23.737146
      9.620000     13.086886     13.086886     26.173772
      9.640000     13.844810     13.844810     27.689620
      9.660000     14.063883     14.063883     28.127765
      9.680000     13.802828     13.802828     27.605656
      9.700000     13.234934     13.234934     26.469869
      9.720000     12.589365     12.589365     25.178729
      9.740000     12.077228     12.077228     24.154457
      9.760000     11.826084     11.826084     23.652169
      9.780000     11.842768     11.842768     23.685535
      9.800000     12.016404     12.016404     24.032808
      9.820000     12.162005     12.162005     24.324010
      9.840000     12.091378     12.091378     24.182756
      9.860000     11.686587     11.686587     23.373175
      9.880000     10.948267     10.948267     21.896534
      9.900000     10.000066     10.000066     20.000131
      9.920000      9.048083      9.048083     18.096167
      9.940000      8.311722      8.311722     16.623444
      9.960000      7.951847      7.951847     15.903693
      9.980000      8.020779      8.020779     16.041557
     10.000000      8.449072      8.449072     16.898143
