# EIG2DOS: Utility for SIESTA to obtain the electronic density of states
#  E. Artacho, Apr 1999, A. Garcia, Apr 2012
# ------------------------------------------
# Eigenvalues read from GRP_doping.EIG
# Using smearing parameter:   0.100
# Using   1001 points in energy range
# Selected bands: 1 to: 936
# Emin, emax in file for selected band(s):    -46.8346200    235.9545200
# Nbands, Nspin, Nk   =    936     1   231
# E_F                 =    -4.3464 eV --> (shifted to ZERO)
# Broadening          =     0.1000 eV
#
#        E            N(up)  (=)   N(down)         Ntot
    -10.000000      1.670615      1.670615      3.341230
     -9.980000      1.717744      1.717744      3.435487
     -9.960000      1.793906      1.793906      3.587813
     -9.940000      1.904420      1.904420      3.808839
     -9.920000      2.057961      2.057961      4.115921
     -9.900000      2.267517      2.267517      4.535035
     -9.880000      2.550700      2.550700      5.101401
     -9.860000      2.927606      2.927606      5.855212
     -9.840000      3.413977      3.413977      6.827953
     -9.820000      4.008873      4.008873      8.017746
     -9.800000      4.679997      4.679997      9.359994
     -9.780000      5.354581      5.354581     10.709161
     -9.760000      5.925591      5.925591     11.851182
     -9.740000      6.278322      6.278322     12.556644
     -9.720000      6.331626      6.331626     12.663251
     -9.700000      6.076869      6.076869     12.153737
     -9.680000      5.594289      5.594289     11.188578
     -9.660000      5.034744      5.034744     10.069488
     -9.640000      4.571139      4.571139      9.142278
     -9.620000      4.338695      4.338695      8.677390
     -9.600000      4.388472      4.388472      8.776944
     -9.580000      4.672357      4.672357      9.344714
     -9.560000      5.064473      5.064473     10.128945
     -9.540000      5.410210      5.410210     10.820421
     -9.520000      5.584686      5.584686     11.169372
     -9.500000      5.539590      5.539590     11.079180
     -9.480000      5.321398      5.321398     10.642795
     -9.460000      5.053706      5.053706     10.107412
     -9.440000      4.889481      4.889481      9.778962
     -9.420000      4.951100      4.951100      9.902200
     -9.400000      5.282258      5.282258     10.564515
     -9.380000      5.832246      5.832246     11.664492
     -9.360000      6.479526      6.479526     12.959053
     -9.340000      7.082924      7.082924     14.165848
     -9.320000      7.534692      7.534692     15.069384
     -9.300000      7.789300      7.789300     15.578600
     -9.280000      7.856975      7.856975     15.713951
     -9.260000      7.773089      7.773089     15.546178
     -9.240000      7.568662      7.568662     15.137324
     -9.220000      7.263442      7.263442     14.526884
     -9.200000      6.883870      6.883870     13.767740
     -9.180000      6.487863      6.487863     12.975727
     -9.160000      6.171663      6.171663     12.343326
     -9.140000      6.045725      6.045725     12.091451
     -9.120000      6.188386      6.188386     12.376772
     -9.100000      6.602706      6.602706     13.205411
     -9.080000      7.202506      7.202506     14.405011
     -9.060000      7.837933      7.837933     15.675865
     -9.040000      8.349271      8.349271     16.698542
     -9.020000      8.623444      8.623444     17.246887
     -9.000000      8.628382      8.628382     17.256765
     -8.980000      8.413847      8.413847     16.827694
     -8.960000      8.083752      8.083752     16.167504
     -8.940000      7.755221      7.755221     15.510443
     -8.920000      7.520363      7.520363     15.040726
     -8.900000      7.421477      7.421477     14.842953
     -8.880000      7.444229      7.444229     14.888458
     -8.860000      7.528920      7.528920     15.057840
     -8.840000      7.596393      7.596393     15.192786
     -8.820000      7.580975      7.580975     15.161950
     -8.800000      7.458610      7.458610     14.917220
     -8.780000      7.257401      7.257401     14.514803
     -8.760000      7.043396      7.043396     14.086792
     -8.740000      6.886239      6.886239     13.772478
     -8.720000      6.821536      6.821536     13.643072
     -8.700000      6.830995      6.830995     13.661989
     -8.680000      6.852963      6.852963     13.705926
     -8.660000      6.818298      6.818298     13.636596
     -8.640000      6.690525      6.690525     13.381050
     -8.620000      6.485942      6.485942     12.971883
     -8.600000      6.261508      6.261508     12.523015
     -8.580000      6.078294      6.078294     12.156588
     -8.560000      5.962730      5.962730     11.925461
     -8.540000      5.888003      5.888003     11.776006
     -8.520000      5.784871      5.784871     11.569743
     -8.500000      5.574497      5.574497     11.148994
     -8.480000      5.205915      5.205915     10.411830
     -8.460000      4.681635      4.681635      9.363269
     -8.440000      4.063213      4.063213      8.126426
     -8.420000      3.457779      3.457779      6.915558
     -8.400000      2.991687      2.991687      5.983375
     -8.380000      2.778287      2.778287      5.556575
     -8.360000      2.885930      2.885930      5.771859
     -8.340000      3.312595      3.312595      6.625189
     -8.320000      3.975174      3.975174      7.950348
     -8.300000      4.721589      4.721589      9.443179
     -8.280000      5.368859      5.368859     10.737719
     -8.260000      5.759356      5.759356     11.518713
     -8.240000      5.815742      5.815742     11.631484
     -8.220000      5.570718      5.570718     11.141436
     -8.200000      5.155886      5.155886     10.311772
     -8.180000      4.751866      4.751866      9.503731
     -8.160000      4.519595      4.519595      9.039190
     -8.140000      4.540748      4.540748      9.081497
     -8.120000      4.790121      4.790121      9.580242
     -8.100000      5.148759      5.148759     10.297517
     -8.080000      5.450774      5.450774     10.901548
     -8.060000      5.545275      5.545275     11.090550
     -8.040000      5.350788      5.350788     10.701575
     -8.020000      4.883669      4.883669      9.767338
     -8.000000      4.252544      4.252544      8.505088
     -7.980000      3.623325      3.623325      7.246651
     -7.960000      3.168559      3.168559      6.337117
     -7.940000      3.017221      3.017221      6.034442
     -7.920000      3.217829      3.217829      6.435657
     -7.900000      3.722653      3.722653      7.445306
     -7.880000      4.396850      4.396850      8.793700
     -7.860000      5.052496      5.052496     10.104991
     -7.840000      5.501385      5.501385     11.002770
     -7.820000      5.612382      5.612382     11.224764
     -7.800000      5.353854      5.353854     10.707708
     -7.780000      4.804906      4.804906      9.609811
     -7.760000      4.131115      4.131115      8.262231
     -7.740000      3.534968      3.534968      7.069937
     -7.720000      3.199674      3.199674      6.399349
     -7.700000      3.243727      3.243727      6.487455
     -7.680000      3.695792      3.695792      7.391584
     -7.660000      4.491773      4.491773      8.983547
     -7.640000      5.491948      5.491948     10.983896
     -7.620000      6.514462      6.514462     13.028923
     -7.600000      7.378968      7.378968     14.757936
     -7.580000      7.950014      7.950014     15.900028
     -7.560000      8.167139      8.167139     16.334277
     -7.540000      8.051659      8.051659     16.103318
     -7.520000      7.689234      7.689234     15.378469
     -7.500000      7.197980      7.197980     14.395960
     -7.480000      6.697323      6.697323     13.394646
     -7.460000      6.289225      6.289225     12.578450
     -7.440000      6.053455      6.053455     12.106910
     -7.420000      6.049766      6.049766     12.099532
     -7.400000      6.318583      6.318583     12.637166
     -7.380000      6.878184      6.878184     13.756367
     -7.360000      7.723334      7.723334     15.446668
     -7.340000      8.830213      8.830213     17.660427
     -7.320000     10.164358     10.164358     20.328716
     -7.300000     11.680460     11.680460     23.360921
     -7.280000     13.305441     13.305441     26.610882
     -7.260000     14.911079     14.911079     29.822158
     -7.240000     16.299024     16.299024     32.598047
     -7.220000     17.223506     17.223506     34.447013
     -7.200000     17.458755     17.458755     34.917511
     -7.180000     16.888288     16.888288     33.776576
     -7.160000     15.572262     15.572262     31.144524
     -7.140000     13.752922     13.752922     27.505844
     -7.120000     11.786982     11.786982     23.573965
     -7.100000     10.031125     10.031125     20.062251
     -7.080000      8.730974      8.730974     17.461947
     -7.060000      7.961449      7.961449     15.922899
     -7.040000      7.639515      7.639515     15.279031
     -7.020000      7.594202      7.594202     15.188403
     -7.000000      7.653085      7.653085     15.306170
     -6.980000      7.702141      7.702141     15.404282
     -6.960000      7.696913      7.696913     15.393826
     -6.940000      7.633604      7.633604     15.267209
     -6.920000      7.509936      7.509936     15.019873
     -6.900000      7.305289      7.305289     14.610578
     -6.880000      6.990639      6.990639     13.981279
     -6.860000      6.556366      6.556366     13.112731
     -6.840000      6.035683      6.035683     12.071367
     -6.820000      5.507878      5.507878     11.015755
     -6.800000      5.080360      5.080360     10.160721
     -6.780000      4.859630      4.859630      9.719261
     -6.760000      4.922429      4.922429      9.844858
     -6.740000      5.293410      5.293410     10.586821
     -6.720000      5.932109      5.932109     11.864219
     -6.700000      6.733197      6.733197     13.466394
     -6.680000      7.545946      7.545946     15.091893
     -6.660000      8.214768      8.214768     16.429536
     -6.640000      8.631241      8.631241     17.262481
     -6.620000      8.776344      8.776344     17.552687
     -6.600000      8.730179      8.730179     17.460359
     -6.580000      8.639819      8.639819     17.279637
     -6.560000      8.657461      8.657461     17.314923
     -6.540000      8.877187      8.877187     17.754373
     -6.520000      9.298671      9.298671     18.597342
     -6.500000      9.830751      9.830751     19.661503
     -6.480000     10.327141     10.327141     20.654282
     -6.460000     10.633732     10.633732     21.267465
     -6.440000     10.627855     10.627855     21.255709
     -6.420000     10.240635     10.240635     20.481270
     -6.400000      9.464505      9.464505     18.929010
     -6.380000      8.351448      8.351448     16.702897
     -6.360000      7.004285      7.004285     14.008571
     -6.340000      5.559629      5.559629     11.119257
     -6.320000      4.162715      4.162715      8.325431
     -6.300000      2.940213      2.940213      5.880426
     -6.280000      1.981465      1.981465      3.962931
     -6.260000      1.336551      1.336551      2.673102
     -6.240000      1.031493      1.031493      2.062986
     -6.220000      1.091851      1.091851      2.183703
     -6.200000      1.560662      1.560662      3.121324
     -6.180000      2.497536      2.497536      4.995073
     -6.160000      3.952556      3.952556      7.905112
     -6.140000      5.919930      5.919930     11.839860
     -6.120000      8.289123      8.289123     16.578247
     -6.100000     10.819603     10.819603     21.639206
     -6.080000     13.162569     13.162569     26.325138
     -6.060000     14.935919     14.935919     29.871838
     -6.040000     15.832879     15.832879     31.665758
     -6.020000     15.723816     15.723816     31.447631
     -6.000000     14.708292     14.708292     29.416585
     -5.980000     13.093784     13.093784     26.187569
     -5.960000     11.308635     11.308635     22.617271
     -5.940000      9.782962      9.782962     19.565925
     -5.920000      8.840078      8.840078     17.680155
     -5.900000      8.631599      8.631599     17.263197
     -5.880000      9.129663      9.129663     18.259325
     -5.860000     10.169218     10.169218     20.338435
     -5.840000     11.518560     11.518560     23.037119
     -5.820000     12.949916     12.949916     25.899831
     -5.800000     14.285284     14.285284     28.570568
     -5.780000     15.405593     15.405593     30.811186
     -5.760000     16.229522     16.229522     32.459044
     -5.740000     16.683605     16.683605     33.367210
     -5.720000     16.688535     16.688535     33.377070
     -5.700000     16.174795     16.174795     32.349590
     -5.680000     15.120445     15.120445     30.240889
     -5.660000     13.587849     13.587849     27.175699
     -5.640000     11.734848     11.734848     23.469697
     -5.620000      9.789845      9.789845     19.579691
     -5.600000      7.999989      7.999989     15.999978
     -5.580000      6.574407      6.574407     13.148814
     -5.560000      5.643764      5.643764     11.287528
     -5.540000      5.246230      5.246230     10.492460
     -5.520000      5.337168      5.337168     10.674335
     -5.500000      5.812793      5.812793     11.625587
     -5.480000      6.538200      6.538200     13.076401
     -5.460000      7.373764      7.373764     14.747528
     -5.440000      8.196847      8.196847     16.393694
     -5.420000      8.916542      8.916542     17.833084
     -5.400000      9.479537      9.479537     18.959073
     -5.380000      9.867198      9.867198     19.734397
     -5.360000     10.087599     10.087599     20.175199
     -5.340000     10.168592     10.168592     20.337184
     -5.320000     10.155937     10.155937     20.311874
     -5.300000     10.113837     10.113837     20.227674
     -5.280000     10.118961     10.118961     20.237923
     -5.260000     10.239941     10.239941     20.479882
     -5.240000     10.504512     10.504512     21.009025
     -5.220000     10.869713     10.869713     21.739426
     -5.200000     11.215780     11.215780     22.431560
     -5.180000     11.375321     11.375321     22.750641
     -5.160000     11.190357     11.190357     22.380715
     -5.140000     10.573442     10.573442     21.146884
     -5.120000      9.545749      9.545749     19.091497
     -5.100000      8.236224      8.236224     16.472448
     -5.080000      6.843745      6.843745     13.687489
     -5.060000      5.578833      5.578833     11.157665
     -5.040000      4.606882      4.606882      9.213765
     -5.020000      4.011001      4.011001      8.022003
     -5.000000      3.783106      3.783106      7.566212
     -4.980000      3.841328      3.841328      7.682656
     -4.960000      4.063703      4.063703      8.127406
     -4.940000      4.324871      4.324871      8.649741
     -4.920000      4.524744      4.524744      9.049487
     -4.900000      4.604234      4.604234      9.208468
     -4.880000      4.549742      4.549742      9.099483
     -4.860000      4.391559      4.391559      8.783117
     -4.840000      4.200207      4.200207      8.400414
     -4.820000      4.080781      4.080781      8.161563
     -4.800000      4.162208      4.162208      8.324416
     -4.780000      4.578386      4.578386      9.156772
     -4.760000      5.441160      5.441160     10.882320
     -4.740000      6.809039      6.809039     13.618079
     -4.720000      8.659043      8.659043     17.318087
     -4.700000     10.871509     10.871509     21.743019
     -4.680000     13.238062     13.238062     26.476124
     -4.660000     15.498397     15.498397     30.996795
     -4.640000     17.400241     17.400241     34.800481
     -4.620000     18.762466     18.762466     37.524931
     -4.600000     19.513826     19.513826     39.027652
     -4.580000     19.688257     19.688257     39.376513
     -4.560000     19.380804     19.380804     38.761609
     -4.540000     18.691361     18.691361     37.382722
     -4.520000     17.689076     17.689076     35.378152
     -4.500000     16.413610     16.413610     32.827221
     -4.480000     14.902984     14.902984     29.805968
     -4.460000     13.221677     13.221677     26.443354
     -4.440000     11.467224     11.467224     22.934448
     -4.420000      9.752067      9.752067     19.504133
     -4.400000      8.174267      8.174267     16.348533
     -4.380000      6.795084      6.795084     13.590168
     -4.360000      5.634218      5.634218     11.268437
     -4.340000      4.682661      4.682661      9.365323
     -4.320000      3.925446      3.925446      7.850892
     -4.300000      3.363801      3.363801      6.727602
     -4.280000      3.026900      3.026900      6.053800
     -4.260000      2.966427      2.966427      5.932853
     -4.240000      3.232645      3.232645      6.465290
     -4.220000      3.838524      3.838524      7.677049
     -4.200000      4.726432      4.726432      9.452864
     -4.180000      5.755503      5.755503     11.511005
     -4.160000      6.722516      6.722516     13.445031
     -4.140000      7.414701      7.414701     14.829402
     -4.120000      7.675522      7.675522     15.351043
     -4.100000      7.454783      7.454783     14.909566
     -4.080000      6.820027      6.820027     13.640053
     -4.060000      5.925150      5.925150     11.850300
     -4.040000      4.953158      4.953158      9.906316
     -4.020000      4.060097      4.060097      8.120195
     -4.000000      3.341793      3.341793      6.683586
     -3.980000      2.829745      2.829745      5.659491
     -3.960000      2.508219      2.508219      5.016438
     -3.940000      2.338551      2.338551      4.677103
     -3.920000      2.279487      2.279487      4.558974
     -3.900000      2.299112      2.299112      4.598224
     -3.880000      2.379665      2.379665      4.759331
     -3.860000      2.518453      2.518453      5.036907
     -3.840000      2.726673      2.726673      5.453347
     -3.820000      3.025231      3.025231      6.050462
     -3.800000      3.435288      3.435288      6.870575
     -3.780000      3.963108      3.963108      7.926215
     -3.760000      4.583493      4.583493      9.166987
     -3.740000      5.230604      5.230604     10.461208
     -3.720000      5.804930      5.804930     11.609860
     -3.700000      6.198555      6.198555     12.397110
     -3.680000      6.330376      6.330376     12.660752
     -3.660000      6.175549      6.175549     12.351099
     -3.640000      5.774840      5.774840     11.549679
     -3.620000      5.219701      5.219701     10.439403
     -3.600000      4.621315      4.621315      9.242631
     -3.580000      4.078560      4.078560      8.157121
     -3.560000      3.657571      3.657571      7.315143
     -3.540000      3.387076      3.387076      6.774151
     -3.520000      3.265352      3.265352      6.530703
     -3.500000      3.271170      3.271170      6.542341
     -3.480000      3.373037      3.373037      6.746074
     -3.460000      3.535671      3.535671      7.071342
     -3.440000      3.726282      3.726282      7.452563
     -3.420000      3.923433      3.923433      7.846865
     -3.400000      4.128112      4.128112      8.256224
     -3.380000      4.372055      4.372055      8.744110
     -3.360000      4.715765      4.715765      9.431530
     -3.340000      5.230718      5.230718     10.461436
     -3.320000      5.967228      5.967228     11.934456
     -3.300000      6.918503      6.918503     13.837005
     -3.280000      7.997491      7.997491     15.994983
     -3.260000      9.041679      9.041679     18.083357
     -3.240000      9.850732      9.850732     19.701465
     -3.220000     10.246662     10.246662     20.493323
     -3.200000     10.133461     10.133461     20.266921
     -3.180000      9.530822      9.530822     19.061644
     -3.160000      8.566983      8.566983     17.133966
     -3.140000      7.434179      7.434179     14.868359
     -3.120000      6.326590      6.326590     12.653180
     -3.100000      5.386475      5.386475     10.772950
     -3.080000      4.677452      4.677452      9.354905
     -3.060000      4.189660      4.189660      8.379320
     -3.040000      3.867903      3.867903      7.735806
     -3.020000      3.646995      3.646995      7.293989
     -3.000000      3.479760      3.479760      6.959521
     -2.980000      3.349948      3.349948      6.699896
     -2.960000      3.269924      3.269924      6.539849
     -2.940000      3.268004      3.268004      6.536009
     -2.920000      3.371569      3.371569      6.743137
     -2.900000      3.591197      3.591197      7.182394
     -2.880000      3.909862      3.909862      7.819723
     -2.860000      4.280441      4.280441      8.560883
     -2.840000      4.633509      4.633509      9.267017
     -2.820000      4.894438      4.894438      9.788875
     -2.800000      5.004872      5.004872     10.009745
     -2.780000      4.940728      4.940728      9.881455
     -2.760000      4.719507      4.719507      9.439014
     -2.740000      4.394080      4.394080      8.788161
     -2.720000      4.035861      4.035861      8.071723
     -2.700000      3.714300      3.714300      7.428599
     -2.680000      3.479902      3.479902      6.959804
     -2.660000      3.355297      3.355297      6.710595
     -2.640000      3.335237      3.335237      6.670475
     -2.620000      3.393700      3.393700      6.787400
     -2.600000      3.494814      3.494814      6.989628
     -2.580000      3.603932      3.603932      7.207864
     -2.560000      3.695607      3.695607      7.391215
     -2.540000      3.756647      3.756647      7.513294
     -2.520000      3.784569      3.784569      7.569138
     -2.500000      3.783647      3.783647      7.567294
     -2.480000      3.761284      3.761284      7.522567
     -2.460000      3.726492      3.726492      7.452984
     -2.440000      3.690826      3.690826      7.381651
     -2.420000      3.671214      3.671214      7.342428
     -2.400000      3.694029      3.694029      7.388059
     -2.380000      3.799447      3.799447      7.598895
     -2.360000      4.044047      4.044047      8.088094
     -2.340000      4.498002      4.498002      8.996005
     -2.320000      5.232750      5.232750     10.465499
     -2.300000      6.297370      6.297370     12.594740
     -2.280000      7.687450      7.687450     15.374899
     -2.260000      9.317047      9.317047     18.634093
     -2.240000     11.008892     11.008892     22.017785
     -2.220000     12.515925     12.515925     25.031850
     -2.200000     13.576754     13.576754     27.153507
     -2.180000     13.991379     13.991379     27.982758
     -2.160000     13.689256     13.689256     27.378513
     -2.140000     12.759021     12.759021     25.518043
     -2.120000     11.422687     11.422687     22.845374
     -2.100000      9.961897      9.961897     19.923794
     -2.080000      8.626757      8.626757     17.253515
     -2.060000      7.565498      7.565498     15.130995
     -2.040000      6.801395      6.801395     13.602789
     -2.020000      6.259401      6.259401     12.518802
     -2.000000      5.822738      5.822738     11.645475
     -1.980000      5.390449      5.390449     10.780897
     -1.960000      4.912902      4.912902      9.825805
     -1.940000      4.397166      4.397166      8.794331
     -1.920000      3.888802      3.888802      7.777605
     -1.900000      3.444255      3.444255      6.888511
     -1.880000      3.107320      3.107320      6.214640
     -1.860000      2.897329      2.897329      5.794657
     -1.840000      2.809723      2.809723      5.619445
     -1.820000      2.824715      2.824715      5.649429
     -1.800000      2.917867      2.917867      5.835735
     -1.780000      3.067480      3.067480      6.134960
     -1.760000      3.256666      3.256666      6.513332
     -1.740000      3.471390      3.471390      6.942779
     -1.720000      3.697713      3.697713      7.395426
     -1.700000      3.921078      3.921078      7.842156
     -1.680000      4.128155      4.128155      8.256310
     -1.660000      4.309444      4.309444      8.618887
     -1.640000      4.460299      4.460299      8.920597
     -1.620000      4.579651      4.579651      9.159301
     -1.600000      4.668015      4.668015      9.336029
     -1.580000      4.727310      4.727310      9.454620
     -1.560000      4.763668      4.763668      9.527336
     -1.540000      4.791738      4.791738      9.583476
     -1.520000      4.837315      4.837315      9.674631
     -1.500000      4.935890      4.935890      9.871780
     -1.480000      5.127479      5.127479     10.254957
     -1.460000      5.450484      5.450484     10.900968
     -1.440000      5.937132      5.937132     11.874263
     -1.420000      6.610411      6.610411     13.220822
     -1.400000      7.479813      7.479813     14.959626
     -1.380000      8.533465      8.533465     17.066930
     -1.360000      9.727889      9.727889     19.455779
     -1.340000     10.980783     10.980783     21.961567
     -1.320000     12.173267     12.173267     24.346534
     -1.300000     13.164749     13.164749     26.329498
     -1.280000     13.818335     13.818335     27.636669
     -1.260000     14.031023     14.031023     28.062045
     -1.240000     13.761919     13.761919     27.523839
     -1.220000     13.051546     13.051546     26.103093
     -1.200000     12.024665     12.024665     24.049330
     -1.180000     10.869814     10.869814     21.739629
     -1.160000      9.794669      9.794669     19.589337
     -1.140000      8.967851      8.967851     17.935703
     -1.120000      8.469116      8.469116     16.938232
     -1.100000      8.271755      8.271755     16.543510
     -1.080000      8.268800      8.268800     16.537600
     -1.060000      8.332803      8.332803     16.665606
     -1.040000      8.380319      8.380319     16.760639
     -1.020000      8.408985      8.408985     16.817970
     -1.000000      8.490130      8.490130     16.980261
     -0.980000      8.724032      8.724032     17.448064
     -0.960000      9.183314      9.183314     18.366629
     -0.940000      9.872506      9.872506     19.745012
     -0.920000     10.719586     10.719586     21.439173
     -0.900000     11.598171     11.598171     23.196341
     -0.880000     12.366927     12.366927     24.733855
     -0.860000     12.909574     12.909574     25.819149
     -0.840000     13.162167     13.162167     26.324335
     -0.820000     13.120542     13.120542     26.241084
     -0.800000     12.827755     12.827755     25.655511
     -0.780000     12.348509     12.348509     24.697019
     -0.760000     11.742969     11.742969     23.485937
     -0.740000     11.052912     11.052912     22.105823
     -0.720000     10.306857     10.306857     20.613714
     -0.700000      9.539780      9.539780     19.079559
     -0.680000      8.813121      8.813121     17.626243
     -0.660000      8.218321      8.218321     16.436641
     -0.640000      7.854723      7.854723     15.709446
     -0.620000      7.787550      7.787550     15.575100
     -0.600000      8.005902      8.005902     16.011804
     -0.580000      8.405697      8.405697     16.811395
     -0.560000      8.813180      8.813180     17.626360
     -0.540000      9.044449      9.044449     18.088899
     -0.520000      8.976433      8.976433     17.952867
     -0.500000      8.597187      8.597187     17.194373
     -0.480000      8.013341      8.013341     16.026683
     -0.460000      7.413679      7.413679     14.827357
     -0.440000      7.007086      7.007086     14.014172
     -0.420000      6.960592      6.960592     13.921185
     -0.400000      7.357774      7.357774     14.715547
     -0.380000      8.185958      8.185958     16.371916
     -0.360000      9.349596      9.349596     18.699192
     -0.340000     10.700426     10.700426     21.400851
     -0.320000     12.072918     12.072918     24.145837
     -0.300000     13.315154     13.315154     26.630308
     -0.280000     14.309794     14.309794     28.619588
     -0.260000     14.985105     14.985105     29.970211
     -0.240000     15.319089     15.319089     30.638177
     -0.220000     15.338916     15.338916     30.677831
     -0.200000     15.114655     15.114655     30.229309
     -0.180000     14.744595     14.744595     29.489190
     -0.160000     14.332076     14.332076     28.664152
     -0.140000     13.959259     13.959259     27.918519
     -0.120000     13.667360     13.667360     27.334719
     -0.100000     13.451885     13.451885     26.903770
     -0.080000     13.275424     13.275424     26.550848
     -0.060000     13.092812     13.092812     26.185625
     -0.040000     12.877869     12.877869     25.755737
     -0.020000     12.639844     12.639844     25.279688
      0.000000     12.421738     12.421738     24.843476
      0.020000     12.280511     12.280511     24.561022
      0.040000     12.257632     12.257632     24.515264
      0.060000     12.353047     12.353047     24.706094
      0.080000     12.513861     12.513861     25.027723
      0.100000     12.641993     12.641993     25.283986
      0.120000     12.617143     12.617143     25.234287
      0.140000     12.326898     12.326898     24.653796
      0.160000     11.695488     11.695488     23.390977
      0.180000     10.704724     10.704724     21.409448
      0.200000      9.402579      9.402579     18.805158
      0.220000      7.896771      7.896771     15.793542
      0.240000      6.333675      6.333675     12.667350
      0.260000      4.867487      4.867487      9.734975
      0.280000      3.628777      3.628777      7.257553
      0.300000      2.702601      2.702601      5.405203
      0.320000      2.122833      2.122833      4.245665
      0.340000      1.882462      1.882462      3.764924
      0.360000      1.952683      1.952683      3.905365
      0.380000      2.299636      2.299636      4.599273
      0.400000      2.889034      2.889034      5.778068
      0.420000      3.675580      3.675580      7.351160
      0.440000      4.583975      4.583975      9.167950
      0.460000      5.496161      5.496161     10.992322
      0.480000      6.259530      6.259530     12.519059
      0.500000      6.720646      6.720646     13.441291
      0.520000      6.773134      6.773134     13.546268
      0.540000      6.396956      6.396956     12.793913
      0.560000      5.668026      5.668026     11.336053
      0.580000      4.732129      4.732129      9.464259
      0.600000      3.755861      3.755861      7.511722
      0.620000      2.877739      2.877739      5.755478
      0.640000      2.179208      2.179208      4.358417
      0.660000      1.682123      1.682123      3.364247
      0.680000      1.366091      1.366091      2.732182
      0.700000      1.193049      1.193049      2.386097
      0.720000      1.128515      1.128515      2.257030
      0.740000      1.154755      1.154755      2.309511
      0.760000      1.275691      1.275691      2.551383
      0.780000      1.514684      1.514684      3.029368
      0.800000      1.905588      1.905588      3.811177
      0.820000      2.477387      2.477387      4.954775
      0.840000      3.235018      3.235018      6.470037
      0.860000      4.143024      4.143024      8.286048
      0.880000      5.121402      5.121402     10.242804
      0.900000      6.060871      6.060871     12.121742
      0.920000      6.856246      6.856246     13.712492
      0.940000      7.445052      7.445052     14.890104
      0.960000      7.831330      7.831330     15.662659
      0.980000      8.078909      8.078909     16.157817
      1.000000      8.274554      8.274554     16.549109
      1.020000      8.480433      8.480433     16.960866
      1.040000      8.703918      8.703918     17.407836
      1.060000      8.903004      8.903004     17.806008
      1.080000      9.022590      9.022590     18.045180
      1.100000      9.036540      9.036540     18.073079
      1.120000      8.967944      8.967944     17.935888
      1.140000      8.877505      8.877505     17.755011
      1.160000      8.833626      8.833626     17.667252
      1.180000      8.888561      8.888561     17.777121
      1.200000      9.074575      9.074575     18.149149
      1.220000      9.412548      9.412548     18.825096
      1.240000      9.912873      9.912873     19.825747
      1.260000     10.557095     10.557095     21.114191
      1.280000     11.271348     11.271348     22.542697
      1.300000     11.918586     11.918586     23.837173
      1.320000     12.329644     12.329644     24.659288
      1.340000     12.366566     12.366566     24.733132
      1.360000     11.985779     11.985779     23.971558
      1.380000     11.264196     11.264196     22.528393
      1.400000     10.372340     10.372340     20.744681
      1.420000      9.509884      9.509884     19.019768
      1.440000      8.838840      8.838840     17.677681
      1.460000      8.445983      8.445983     16.891967
      1.480000      8.344021      8.344021     16.688043
      1.500000      8.497264      8.497264     16.994529
      1.520000      8.847564      8.847564     17.695128
      1.540000      9.324454      9.324454     18.648909
      1.560000      9.841062      9.841062     19.682124
      1.580000     10.290342     10.290342     20.580683
      1.600000     10.555339     10.555339     21.110678
      1.620000     10.534671     10.534671     21.069342
      1.640000     10.171154     10.171154     20.342307
      1.660000      9.467941      9.467941     18.935883
      1.680000      8.484342      8.484342     16.968683
      1.700000      7.315470      7.315470     14.630939
      1.720000      6.067071      6.067071     12.134142
      1.740000      4.835597      4.835597      9.671193
      1.760000      3.697317      3.697317      7.394635
      1.780000      2.704702      2.704702      5.409404
      1.800000      1.886591      1.886591      3.773182
      1.820000      1.250107      1.250107      2.500214
      1.840000      0.784074      0.784074      1.568148
      1.860000      0.464227      0.464227      0.928454
      1.880000      0.259794      0.259794      0.519589
      1.900000      0.140222      0.140222      0.280443
      1.920000      0.080739      0.080739      0.161477
      1.940000      0.066109      0.066109      0.132217
      1.960000      0.092597      0.092597      0.185193
      1.980000      0.168362      0.168362      0.336724
      2.000000      0.312013      0.312013      0.624026
      2.020000      0.548470      0.548470      1.096941
      2.040000      0.901344      0.901344      1.802687
      2.060000      1.382330      1.382330      2.764659
      2.080000      1.980339      1.980339      3.960678
      2.100000      2.654944      2.654944      5.309889
      2.120000      3.338641      3.338641      6.677281
      2.140000      3.949530      3.949530      7.899060
      2.160000      4.411472      4.411472      8.822943
      2.180000      4.674859      4.674859      9.349718
      2.200000      4.730384      4.730384      9.460767
      2.220000      4.610855      4.610855      9.221709
      2.240000      4.380900      4.380900      8.761800
      2.260000      4.118779      4.118779      8.237557
      2.280000      3.896804      3.896804      7.793608
      2.300000      3.766419      3.766419      7.532838
      2.320000      3.751258      3.751258      7.502515
      2.340000      3.847855      3.847855      7.695710
      2.360000      4.030900      4.030900      8.061800
      2.380000      4.259493      4.259493      8.518985
      2.400000      4.482905      4.482905      8.965810
      2.420000      4.646925      4.646925      9.293849
      2.440000      4.702604      4.702604      9.405208
      2.460000      4.617104      4.617104      9.234208
      2.480000      4.383054      4.383054      8.766108
      2.500000      4.021491      4.021491      8.042982
      2.520000      3.575784      3.575784      7.151568
      2.540000      3.098630      3.098630      6.197261
      2.560000      2.637895      2.637895      5.275790
      2.580000      2.227091      2.227091      4.454182
      2.600000      1.883031      1.883031      3.766061
      2.620000      1.609280      1.609280      3.218561
      2.640000      1.402200      1.402200      2.804400
      2.660000      1.256946      1.256946      2.513892
      2.680000      1.172509      1.172509      2.345017
      2.700000      1.155838      1.155838      2.311677
      2.720000      1.224832      1.224832      2.449665
      2.740000      1.408863      1.408863      2.817726
      2.760000      1.744606      1.744606      3.489213
      2.780000      2.265261      2.265261      4.530522
      2.800000      2.983778      2.983778      5.967556
      2.820000      3.875385      3.875385      7.750770
      2.840000      4.869141      4.869141      9.738282
      2.860000      5.858298      5.858298     11.716596
      2.880000      6.731722      6.731722     13.463444
      2.900000      7.415517      7.415517     14.831034
      2.920000      7.903305      7.903305     15.806610
      2.940000      8.254524      8.254524     16.509049
      2.960000      8.555592      8.555592     17.111184
      2.980000      8.861264      8.861264     17.722527
      3.000000      9.148746      9.148746     18.297491
      3.020000      9.313628      9.313628     18.627256
      3.040000      9.214709      9.214709     18.429418
      3.060000      8.747002      8.747002     17.494005
      3.080000      7.905747      7.905747     15.811493
      3.100000      6.809084      6.809084     13.618169
      3.120000      5.669194      5.669194     11.338388
      3.140000      4.726635      4.726635      9.453271
      3.160000      4.176396      4.176396      8.352791
      3.180000      4.112286      4.112286      8.224573
      3.200000      4.504868      4.504868      9.009735
      3.220000      5.215641      5.215641     10.431281
      3.240000      6.040982      6.040982     12.081964
      3.260000      6.772509      6.772509     13.545018
      3.280000      7.255758      7.255758     14.511517
      3.300000      7.428846      7.428846     14.857693
      3.320000      7.329882      7.329882     14.659765
      3.340000      7.074207      7.074207     14.148414
      3.360000      6.813069      6.813069     13.626138
      3.380000      6.688440      6.688440     13.376881
      3.400000      6.795143      6.795143     13.590285
      3.420000      7.156995      7.156995     14.313989
      3.440000      7.721929      7.721929     15.443858
      3.460000      8.379473      8.379473     16.758947
      3.480000      8.997918      8.997918     17.995835
      3.500000      9.468387      9.468387     18.936774
      3.520000      9.736375      9.736375     19.472751
      3.540000      9.806106      9.806106     19.612212
      3.560000      9.718717      9.718717     19.437433
      3.580000      9.521083      9.521083     19.042165
      3.600000      9.245864      9.245864     18.491728
      3.620000      8.912107      8.912107     17.824213
      3.640000      8.538645      8.538645     17.077290
      3.660000      8.153337      8.153337     16.306675
      3.680000      7.786572      7.786572     15.573144
      3.700000      7.452347      7.452347     14.904693
      3.720000      7.132216      7.132216     14.264432
      3.740000      6.777221      6.777221     13.554441
      3.760000      6.330956      6.330956     12.661913
      3.780000      5.762321      5.762321     11.524642
      3.800000      5.089370      5.089370     10.178740
      3.820000      4.380530      4.380530      8.761060
      3.840000      3.732248      3.732248      7.464497
      3.860000      3.234642      3.234642      6.469284
      3.880000      2.941752      2.941752      5.883505
      3.900000      2.858745      2.858745      5.717490
      3.920000      2.948556      2.948556      5.897111
      3.940000      3.151074      3.151074      6.302147
      3.960000      3.403902      3.403902      6.807805
      3.980000      3.656181      3.656181      7.312361
      4.000000      3.873499      3.873499      7.746997
      4.020000      4.038137      4.038137      8.076273
      4.040000      4.150986      4.150986      8.301973
      4.060000      4.238338      4.238338      8.476676
      4.080000      4.360233      4.360233      8.720466
      4.100000      4.611428      4.611428      9.222855
      4.120000      5.105449      5.105449     10.210898
      4.140000      5.938843      5.938843     11.877687
      4.160000      7.144510      7.144510     14.289021
      4.180000      8.653907      8.653907     17.307815
      4.200000     10.290295     10.290295     20.580590
      4.220000     11.804749     11.804749     23.609497
      4.240000     12.946523     12.946523     25.893047
      4.260000     13.540114     13.540114     27.080229
      4.280000     13.535163     13.535163     27.070326
      4.300000     13.007612     13.007612     26.015225
      4.320000     12.115096     12.115096     24.230193
      4.340000     11.032065     11.032065     22.064130
      4.360000      9.897374      9.897374     19.794747
      4.380000      8.795783      8.795783     17.591567
      4.400000      7.773427      7.773427     15.546855
      4.420000      6.869247      6.869247     13.738493
      4.440000      6.139142      6.139142     12.278284
      4.460000      5.657350      5.657350     11.314699
      4.480000      5.493611      5.493611     10.987222
      4.500000      5.677280      5.677280     11.354559
      4.520000      6.166012      6.166012     12.332024
      4.540000      6.835948      6.835948     13.671896
      4.560000      7.502583      7.502583     15.005166
      4.580000      7.968687      7.968687     15.937374
      4.600000      8.082339      8.082339     16.164678
      4.620000      7.781673      7.781673     15.563345
      4.640000      7.108515      7.108515     14.217030
      4.660000      6.188468      6.188468     12.376937
      4.680000      5.190670      5.190670     10.381340
      4.700000      4.286297      4.286297      8.572594
      4.720000      3.618411      3.618411      7.236822
      4.740000      3.283801      3.283801      6.567601
      4.760000      3.320257      3.320257      6.640513
      4.780000      3.695299      3.695299      7.390599
      4.800000      4.301203      4.301203      8.602406
      4.820000      4.967145      4.967145      9.934290
      4.840000      5.495418      5.495418     10.990837
      4.860000      5.715493      5.715493     11.430987
      4.880000      5.536061      5.536061     11.072122
      4.900000      4.971573      4.971573      9.943147
      4.920000      4.130547      4.130547      8.261094
      4.940000      3.171903      3.171903      6.343806
      4.960000      2.250757      2.250757      4.501514
      4.980000      1.477266      1.477266      2.954531
      5.000000      0.901814      0.901814      1.803628
      5.020000      0.525224      0.525224      1.050448
      5.040000      0.322808      0.322808      0.645617
      5.060000      0.269399      0.269399      0.538797
      5.080000      0.356392      0.356392      0.712785
      5.100000      0.596710      0.596710      1.193421
      5.120000      1.016812      1.016812      2.033623
      5.140000      1.637319      1.637319      3.274638
      5.160000      2.447346      2.447346      4.894692
      5.180000      3.382444      3.382444      6.764889
      5.200000      4.319002      4.319002      8.638003
      5.220000      5.094478      5.094478     10.188956
      5.240000      5.551714      5.551714     11.103428
      5.260000      5.591550      5.591550     11.183100
      5.280000      5.210354      5.210354     10.420708
      5.300000      4.504405      4.504405      9.008809
      5.320000      3.639367      3.639367      7.278735
      5.340000      2.800125      2.800125      5.600250
      5.360000      2.143210      2.143210      4.286419
      5.380000      1.767994      1.767994      3.535987
      5.400000      1.709756      1.709756      3.419512
      5.420000      1.947439      1.947439      3.894878
      5.440000      2.416823      2.416823      4.833647
      5.460000      3.024384      3.024384      6.048769
      5.480000      3.662352      3.662352      7.324704
      5.500000      4.226824      4.226824      8.453649
      5.520000      4.637754      4.637754      9.275508
      5.540000      4.855633      4.855633      9.711265
      5.560000      4.888719      4.888719      9.777437
      5.580000      4.787937      4.787937      9.575873
      5.600000      4.632024      4.632024      9.264048
      5.620000      4.509126      4.509126      9.018251
      5.640000      4.500281      4.500281      9.000561
      5.660000      4.666054      4.666054      9.332108
      5.680000      5.033975      5.033975     10.067950
      5.700000      5.585451      5.585451     11.170902
      5.720000      6.246504      6.246504     12.493008
      5.740000      6.892174      6.892174     13.784348
      5.760000      7.373118      7.373118     14.746236
      5.780000      7.562452      7.562452     15.124904
      5.800000      7.406687      7.406687     14.813373
      5.820000      6.956853      6.956853     13.913706
      5.840000      6.361577      6.361577     12.723155
      5.860000      5.820743      5.820743     11.641486
      5.880000      5.516615      5.516615     11.033230
      5.900000      5.549155      5.549155     11.098309
      5.920000      5.900165      5.900165     11.800329
      5.940000      6.439712      6.439712     12.879424
      5.960000      6.972876      6.972876     13.945753
      5.980000      7.309938      7.309938     14.619877
      6.000000      7.333419      7.333419     14.666838
      6.020000      7.035826      7.035826     14.071651
      6.040000      6.514288      6.514288     13.028576
      6.060000      5.927427      5.927427     11.854853
      6.080000      5.435541      5.435541     10.871082
      6.100000      5.148991      5.148991     10.297982
      6.120000      5.101108      5.101108     10.202216
      6.140000      5.248470      5.248470     10.496940
      6.160000      5.491450      5.491450     10.982901
      6.180000      5.705059      5.705059     11.410117
      6.200000      5.771722      5.771722     11.543445
      6.220000      5.609694      5.609694     11.219387
      6.240000      5.191514      5.191514     10.383029
      6.260000      4.547989      4.547989      9.095979
      6.280000      3.756377      3.756377      7.512754
      6.300000      2.916699      2.916699      5.833398
      6.320000      2.124579      2.124579      4.249159
      6.340000      1.449965      1.449965      2.899931
      6.360000      0.927842      0.927842      1.855683
      6.380000      0.561655      0.561655      1.123309
      6.400000      0.335580      0.335580      0.671160
      6.420000      0.229929      0.229929      0.459858
      6.440000      0.234641      0.234641      0.469281
      6.460000      0.357392      0.357392      0.714784
      6.480000      0.623990      0.623990      1.247980
      6.500000      1.069549      1.069549      2.139097
      6.520000      1.720895      1.720895      3.441790
      6.540000      2.574824      2.574824      5.149648
      6.560000      3.582020      3.582020      7.164041
      6.580000      4.648603      4.648603      9.297206
      6.600000      5.661860      5.661860     11.323719
      6.620000      6.533528      6.533528     13.067057
      6.640000      7.239732      7.239732     14.479464
      6.660000      7.832198      7.832198     15.664396
      6.680000      8.407540      8.407540     16.815081
      6.700000      9.045568      9.045568     18.091137
      6.720000      9.748888      9.748888     19.497776
      6.740000     10.419288     10.419288     20.838575
      6.760000     10.887756     10.887756     21.775511
      6.780000     10.985694     10.985694     21.971389
      6.800000     10.622994     10.622994     21.245988
      6.820000      9.836414      9.836414     19.672827
      6.840000      8.787993      8.787993     17.575987
      6.860000      7.716570      7.716570     15.433141
      6.880000      6.863432      6.863432     13.726863
      6.900000      6.399895      6.399895     12.799789
      6.920000      6.381165      6.381165     12.762330
      6.940000      6.740766      6.740766     13.481533
      6.960000      7.325842      7.325842     14.651684
      6.980000      7.958370      7.958370     15.916740
      7.000000      8.496076      8.496076     16.992152
      7.020000      8.866477      8.866477     17.732954
      7.040000      9.061255      9.061255     18.122510
      7.060000      9.100267      9.100267     18.200535
      7.080000      8.991605      8.991605     17.983210
      7.100000      8.714474      8.714474     17.428947
      7.120000      8.234613      8.234613     16.469226
      7.140000      7.539465      7.539465     15.078931
      7.160000      6.667938      6.667938     13.335877
      7.180000      5.714879      5.714879     11.429758
      7.200000      4.807647      4.807647      9.615293
      7.220000      4.068466      4.068466      8.136931
      7.240000      3.581503      3.581503      7.163006
      7.260000      3.377245      3.377245      6.754490
      7.280000      3.435533      3.435533      6.871067
      7.300000      3.700419      3.700419      7.400837
      7.320000      4.098187      4.098187      8.196374
      7.340000      4.553053      4.553053      9.106106
      7.360000      4.999235      4.999235      9.998471
      7.380000      5.390475      5.390475     10.780950
      7.400000      5.707696      5.707696     11.415391
      7.420000      5.963654      5.963654     11.927308
      7.440000      6.201942      6.201942     12.403885
      7.460000      6.488075      6.488075     12.976151
      7.480000      6.892649      6.892649     13.785297
      7.500000      7.469596      7.469596     14.939193
      7.520000      8.234979      8.234979     16.469959
      7.540000      9.152580      9.152580     18.305160
      7.560000     10.131741     10.131741     20.263482
      7.580000     11.040506     11.040506     22.081011
      7.600000     11.733324     11.733324     23.466647
      7.620000     12.087613     12.087613     24.175225
      7.640000     12.038750     12.038750     24.077500
      7.660000     11.601046     11.601046     23.202091
      7.680000     10.865461     10.865461     21.730921
      7.700000      9.973291      9.973291     19.946583
      7.720000      9.075247      9.075247     18.150495
      7.740000      8.291670      8.291670     16.583340
      7.760000      7.688147      7.688147     15.376294
      7.780000      7.272369      7.272369     14.544738
      7.800000      7.008071      7.008071     14.016143
      7.820000      6.836259      6.836259     13.672518
      7.840000      6.694954      6.694954     13.389908
      7.860000      6.533915      6.533915     13.067831
      7.880000      6.325371      6.325371     12.650742
      7.900000      6.072557      6.072557     12.145113
      7.920000      5.815216      5.815216     11.630432
      7.940000      5.628276      5.628276     11.256552
      7.960000      5.609774      5.609774     11.219547
      7.980000      5.857622      5.857622     11.715245
      8.000000      6.440231      6.440231     12.880462
      8.020000      7.370212      7.370212     14.740423
      8.040000      8.590762      8.590762     17.181524
      8.060000      9.980154      9.980154     19.960309
      8.080000     11.373087     11.373087     22.746173
      8.100000     12.592084     12.592084     25.184167
      8.120000     13.480475     13.480475     26.960951
      8.140000     13.930632     13.930632     27.861264
      8.160000     13.904229     13.904229     27.808458
      8.180000     13.442397     13.442397     26.884795
      8.200000     12.662683     12.662683     25.325366
      8.220000     11.739605     11.739605     23.479211
      8.240000     10.869027     10.869027     21.738055
      8.260000     10.222972     10.222972     20.445945
      8.280000      9.907235      9.907235     19.814471
      8.300000      9.935367      9.935367     19.870734
      8.320000     10.228282     10.228282     20.456564
      8.340000     10.640838     10.640838     21.281676
      8.360000     11.008143     11.008143     22.016286
      8.380000     11.197423     11.197423     22.394846
      8.400000     11.148087     11.148087     22.296175
      8.420000     10.885294     10.885294     21.770588
      8.440000     10.501643     10.501643     21.003286
      8.460000     10.114727     10.114727     20.229453
      8.480000      9.818504      9.818504     19.637009
      8.500000      9.647995      9.647995     19.295989
      8.520000      9.568936      9.568936     19.137873
      8.540000      9.492428      9.492428     18.984857
      8.560000      9.305847      9.305847     18.611693
      8.580000      8.908577      8.908577     17.817153
      8.600000      8.242477      8.242477     16.484955
      8.620000      7.309598      7.309598     14.619196
      8.640000      6.172667      6.172667     12.345333
      8.660000      4.938215      4.938215      9.876429
      8.680000      3.727860      3.727860      7.455720
      8.700000      2.647893      2.647893      5.295785
      8.720000      1.767794      1.767794      3.535589
      8.740000      1.114055      1.114055      2.228110
      8.760000      0.678941      0.678941      1.357881
      8.780000      0.438499      0.438499      0.876998
      8.800000      0.372101      0.372101      0.744202
      8.820000      0.476865      0.476865      0.953730
      8.840000      0.772544      0.772544      1.545088
      8.860000      1.294749      1.294749      2.589498
      8.880000      2.077053      2.077053      4.154106
      8.900000      3.126452      3.126452      6.252903
      8.920000      4.401331      4.401331      8.802663
      8.940000      5.803738      5.803738     11.607477
      8.960000      7.194819      7.194819     14.389639
      8.980000      8.432723      8.432723     16.865446
      9.000000      9.419880      9.419880     18.839760
      9.020000     10.138766     10.138766     20.277533
      9.040000     10.658056     10.658056     21.316112
      9.060000     11.104283     11.104283     22.208566
      9.080000     11.610786     11.610786     23.221572
      9.100000     12.266563     12.266563     24.533126
      9.120000     13.087022     13.087022     26.174044
      9.140000     14.017433     14.017433     28.034866
      9.160000     14.964158     14.964158     29.928315
      9.180000     15.836078     15.836078     31.672156
      9.200000     16.575052     16.575052     33.150104
      9.220000     17.161619     17.161619     34.323237
      9.240000     17.597152     17.597152     35.194304
      9.260000     17.877950     17.877950     35.755901
      9.280000     17.981366     17.981366     35.962732
      9.300000     17.875366     17.875366     35.750731
      9.320000     17.546214     17.546214     35.092429
      9.340000     17.025607     17.025607     34.051214
      9.360000     16.397939     16.397939     32.795877
      9.380000     15.780872     15.780872     31.561743
      9.400000     15.289062     15.289062     30.578124
      9.420000     15.000322     15.000322     30.000644
      9.440000     14.939915     14.939915     29.879830
      9.460000     15.085783     15.085783     30.171566
      9.480000     15.385105     15.385105     30.770211
      9.500000     15.769024     15.769024     31.538049
      9.520000     16.158455     16.158455     32.316909
      9.540000     16.463490     16.463490     32.926981
      9.560000     16.584511     16.584511     33.169021
      9.580000     16.421776     16.421776     32.843552
      9.600000     15.894572     15.894572     31.789145
      9.620000     14.965150     14.965150     29.930300
      9.640000     13.659378     13.659378     27.318755
      9.660000     12.075685     12.075685     24.151369
      9.680000     10.376416     10.376416     20.752831
      9.700000      8.760906      8.760906     17.521813
      9.720000      7.426022      7.426022     14.852044
      9.740000      6.524719      6.524719     13.049438
      9.760000      6.134048      6.134048     12.268096
      9.780000      6.240843      6.240843     12.481685
      9.800000      6.748176      6.748176     13.496353
      9.820000      7.500474      7.500474     15.000948
      9.840000      8.320647      8.320647     16.641294
      9.860000      9.049113      9.049113     18.098226
      9.880000      9.573441      9.573441     19.146881
      9.900000      9.840516      9.840516     19.681033
      9.920000      9.850551      9.850551     19.701102
      9.940000      9.640451      9.640451     19.280902
      9.960000      9.267741      9.267741     18.535482
      9.980000      8.802528      8.802528     17.605057
     10.000000      8.326385      8.326385     16.652770
