# EIG2DOS: Utility for SIESTA to obtain the electronic density of states
#  E. Artacho, Apr 1999, A. Garcia, Apr 2012
# ------------------------------------------
# Eigenvalues read from GRP_doping.EIG
# Using smearing parameter:   0.100
# Using   1001 points in energy range
# Selected bands: 1 to: 936
# Emin, emax in file for selected band(s):    -40.2263600    232.3715400
# Nbands, Nspin, Nk   =    936     1   231
# E_F                 =    -3.9449 eV --> (shifted to ZERO)
# Broadening          =     0.1000 eV
#
#        E            N(up)  (=)   N(down)         Ntot
    -10.000000      6.766768      6.766768     13.533537
     -9.980000      8.031193      8.031193     16.062386
     -9.960000      9.089362      9.089362     18.178724
     -9.940000      9.844030      9.844030     19.688061
     -9.920000     10.256705     10.256705     20.513409
     -9.900000     10.348437     10.348437     20.696875
     -9.880000     10.185392     10.185392     20.370783
     -9.860000      9.851020      9.851020     19.702040
     -9.840000      9.412584      9.412584     18.825169
     -9.820000      8.895904      8.895904     17.791807
     -9.800000      8.282631      8.282631     16.565263
     -9.780000      7.534660      7.534660     15.069321
     -9.760000      6.634473      6.634473     13.268946
     -9.740000      5.619350      5.619350     11.238700
     -9.720000      4.590105      4.590105      9.180210
     -9.700000      3.689600      3.689600      7.379201
     -9.680000      3.061930      3.061930      6.123861
     -9.660000      2.809881      2.809881      5.619762
     -9.640000      2.964835      2.964835      5.929670
     -9.620000      3.476006      3.476006      6.952011
     -9.600000      4.220869      4.220869      8.441738
     -9.580000      5.035990      5.035990     10.071981
     -9.560000      5.763131      5.763131     11.526262
     -9.540000      6.297931      6.297931     12.595863
     -9.520000      6.622212      6.622212     13.244425
     -9.500000      6.803297      6.803297     13.606593
     -9.480000      6.957450      6.957450     13.914900
     -9.460000      7.193095      7.193095     14.386190
     -9.440000      7.561020      7.561020     15.122041
     -9.420000      8.035027      8.035027     16.070054
     -9.400000      8.529271      8.529271     17.058542
     -9.380000      8.939049      8.939049     17.878097
     -9.360000      9.181951      9.181951     18.363901
     -9.340000      9.220675      9.220675     18.441350
     -9.320000      9.062379      9.062379     18.124759
     -9.300000      8.742487      8.742487     17.484973
     -9.280000      8.306191      8.306191     16.612383
     -9.260000      7.797640      7.797640     15.595280
     -9.240000      7.259100      7.259100     14.518200
     -9.220000      6.735741      6.735741     13.471483
     -9.200000      6.279229      6.279229     12.558458
     -9.180000      5.945248      5.945248     11.890495
     -9.160000      5.784111      5.784111     11.568222
     -9.140000      5.826974      5.826974     11.653949
     -9.120000      6.071585      6.071585     12.143170
     -9.100000      6.471676      6.471676     12.943351
     -9.080000      6.934444      6.934444     13.868887
     -9.060000      7.330873      7.330873     14.661746
     -9.040000      7.521699      7.521699     15.043399
     -9.020000      7.395752      7.395752     14.791504
     -9.000000      6.909169      6.909169     13.818338
     -8.980000      6.109444      6.109444     12.218888
     -8.960000      5.132394      5.132394     10.264789
     -8.940000      4.171930      4.171930      8.343860
     -8.920000      3.434366      3.434366      6.868733
     -8.900000      3.093146      3.093146      6.186292
     -8.880000      3.254835      3.254835      6.509669
     -8.860000      3.939128      3.939128      7.878256
     -8.840000      5.071622      5.071622     10.143244
     -8.820000      6.490011      6.490011     12.980023
     -8.800000      7.967521      7.967521     15.935043
     -8.780000      9.255644      9.255644     18.511289
     -8.760000     10.140458     10.140458     20.280916
     -8.740000     10.497490     10.497490     20.994980
     -8.720000     10.325865     10.325865     20.651730
     -8.700000      9.746895      9.746895     19.493791
     -8.680000      8.964191      8.964191     17.928381
     -8.660000      8.197274      8.197274     16.394549
     -8.640000      7.612574      7.612574     15.225149
     -8.620000      7.278713      7.278713     14.557426
     -8.600000      7.163914      7.163914     14.327828
     -8.580000      7.174230      7.174230     14.348459
     -8.560000      7.211079      7.211079     14.422157
     -8.540000      7.217139      7.217139     14.434278
     -8.520000      7.187802      7.187802     14.375604
     -8.500000      7.147201      7.147201     14.294401
     -8.480000      7.109552      7.109552     14.219104
     -8.460000      7.054039      7.054039     14.108078
     -8.440000      6.930074      6.930074     13.860148
     -8.420000      6.688118      6.688118     13.376236
     -8.400000      6.314516      6.314516     12.629033
     -8.380000      5.848125      5.848125     11.696250
     -8.360000      5.370633      5.370633     10.741265
     -8.340000      4.979966      4.979966      9.959931
     -8.320000      4.764198      4.764198      9.528395
     -8.300000      4.787647      4.787647      9.575295
     -8.280000      5.087936      5.087936     10.175873
     -8.260000      5.674192      5.674192     11.348384
     -8.240000      6.519199      6.519199     13.038397
     -8.220000      7.548976      7.548976     15.097952
     -8.200000      8.641776      8.641776     17.283552
     -8.180000      9.646292      9.646292     19.292584
     -8.160000     10.416624     10.416624     20.833248
     -8.140000     10.848865     10.848865     21.697731
     -8.120000     10.901710     10.901710     21.803419
     -8.100000     10.593692     10.593692     21.187385
     -8.080000      9.984619      9.984619     19.969238
     -8.060000      9.156856      9.156856     18.313712
     -8.040000      8.207960      8.207960     16.415919
     -8.020000      7.253960      7.253960     14.507920
     -8.000000      6.432269      6.432269     12.864538
     -7.980000      5.891809      5.891809     11.783618
     -7.960000      5.765693      5.765693     11.531385
     -7.940000      6.133346      6.133346     12.266691
     -7.920000      6.987717      6.987717     13.975434
     -7.900000      8.224734      8.224734     16.449469
     -7.880000      9.665100      9.665100     19.330200
     -7.860000     11.104801     11.104801     22.209602
     -7.840000     12.375704     12.375704     24.751408
     -7.820000     13.389118     13.389118     26.778236
     -7.800000     14.140420     14.140420     28.280840
     -7.780000     14.672500     14.672500     29.344999
     -7.760000     15.020758     15.020758     30.041516
     -7.740000     15.176132     15.176132     30.352264
     -7.720000     15.092602     15.092602     30.185204
     -7.700000     14.734913     14.734913     29.469826
     -7.680000     14.131344     14.131344     28.262688
     -7.660000     13.389405     13.389405     26.778810
     -7.640000     12.657054     12.657054     25.314108
     -7.620000     12.051230     12.051230     24.102460
     -7.600000     11.599632     11.599632     23.199265
     -7.580000     11.232560     11.232560     22.465121
     -7.560000     10.827438     10.827438     21.654876
     -7.540000     10.275916     10.275916     20.551831
     -7.520000      9.534913      9.534913     19.069827
     -7.500000      8.640226      8.640226     17.280452
     -7.480000      7.686926      7.686926     15.373853
     -7.460000      6.795441      6.795441     13.590882
     -7.440000      6.079978      6.079978     12.159956
     -7.420000      5.625568      5.625568     11.251135
     -7.400000      5.473211      5.473211     10.946421
     -7.380000      5.613327      5.613327     11.226655
     -7.360000      5.990720      5.990720     11.981440
     -7.340000      6.522708      6.522708     13.045417
     -7.320000      7.125257      7.125257     14.250513
     -7.300000      7.735542      7.735542     15.471084
     -7.280000      8.320064      8.320064     16.640128
     -7.260000      8.865798      8.865798     17.731595
     -7.240000      9.362117      9.362117     18.724234
     -7.220000      9.785644      9.785644     19.571288
     -7.200000     10.096260     10.096260     20.192519
     -7.180000     10.244640     10.244640     20.489280
     -7.160000     10.186397     10.186397     20.372795
     -7.140000      9.897533      9.897533     19.795065
     -7.120000      9.387292      9.387292     18.774584
     -7.100000      8.704225      8.704225     17.408450
     -7.080000      7.930491      7.930491     15.860983
     -7.060000      7.162402      7.162402     14.324803
     -7.040000      6.482678      6.482678     12.965357
     -7.020000      5.936644      5.936644     11.873288
     -7.000000      5.523982      5.523982     11.047963
     -6.980000      5.209217      5.209217     10.418433
     -6.960000      4.944069      4.944069      9.888137
     -6.940000      4.690588      4.690588      9.381177
     -6.920000      4.437005      4.437005      8.874010
     -6.900000      4.203739      4.203739      8.407477
     -6.880000      4.039822      4.039822      8.079645
     -6.860000      4.009544      4.009544      8.019087
     -6.840000      4.169472      4.169472      8.338944
     -6.820000      4.540689      4.540689      9.081378
     -6.800000      5.088078      5.088078     10.176156
     -6.780000      5.721215      5.721215     11.442429
     -6.760000      6.323769      6.323769     12.647537
     -6.740000      6.801895      6.801895     13.603790
     -6.720000      7.127207      7.127207     14.254414
     -6.700000      7.348637      7.348637     14.697274
     -6.680000      7.563700      7.563700     15.127400
     -6.660000      7.863799      7.863799     15.727598
     -6.640000      8.283557      8.283557     16.567113
     -6.620000      8.779976      8.779976     17.559951
     -6.600000      9.247625      9.247625     18.495250
     -6.580000      9.556376      9.556376     19.112753
     -6.560000      9.591760      9.591760     19.183519
     -6.540000      9.285312      9.285312     18.570623
     -6.520000      8.632832      8.632832     17.265665
     -6.500000      7.702206      7.702206     15.404413
     -6.480000      6.628898      6.628898     13.257797
     -6.460000      5.594075      5.594075     11.188150
     -6.440000      4.783942      4.783942      9.567884
     -6.420000      4.338321      4.338321      8.676642
     -6.400000      4.305026      4.305026      8.610051
     -6.380000      4.618415      4.618415      9.236831
     -6.360000      5.113973      5.113973     10.227947
     -6.340000      5.578058      5.578058     11.156116
     -6.320000      5.817456      5.817456     11.634913
     -6.300000      5.723084      5.723084     11.446168
     -6.280000      5.302335      5.302335     10.604670
     -6.260000      4.667219      4.667219      9.334437
     -6.240000      3.985290      3.985290      7.970579
     -6.220000      3.416667      3.416667      6.833334
     -6.200000      3.064192      3.064192      6.128384
     -6.180000      2.954002      2.954002      5.908004
     -6.160000      3.047572      3.047572      6.095143
     -6.140000      3.273016      3.273016      6.546031
     -6.120000      3.558880      3.558880      7.117760
     -6.100000      3.857568      3.857568      7.715136
     -6.080000      4.153697      4.153697      8.307393
     -6.060000      4.459922      4.459922      8.919844
     -6.040000      4.805864      4.805864      9.611728
     -6.020000      5.224602      5.224602     10.449204
     -6.000000      5.738656      5.738656     11.477312
     -5.980000      6.346704      6.346704     12.693407
     -5.960000      7.014508      7.014508     14.029017
     -5.940000      7.675709      7.675709     15.351419
     -5.920000      8.246112      8.246112     16.492224
     -5.900000      8.648047      8.648047     17.296093
     -5.880000      8.833937      8.833937     17.667875
     -5.860000      8.797240      8.797240     17.594481
     -5.840000      8.566535      8.566535     17.133070
     -5.820000      8.189358      8.189358     16.378715
     -5.800000      7.717583      7.717583     15.435166
     -5.780000      7.201758      7.201758     14.403515
     -5.760000      6.692245      6.692245     13.384489
     -5.740000      6.238989      6.238989     12.477979
     -5.720000      5.884155      5.884155     11.768310
     -5.700000      5.649943      5.649943     11.299887
     -5.680000      5.530162      5.530162     11.060323
     -5.660000      5.493229      5.493229     10.986459
     -5.640000      5.497292      5.497292     10.994584
     -5.620000      5.510549      5.510549     11.021097
     -5.600000      5.526927      5.526927     11.053854
     -5.580000      5.569910      5.569910     11.139820
     -5.560000      5.683031      5.683031     11.366062
     -5.540000      5.910930      5.910930     11.821861
     -5.520000      6.278057      6.278057     12.556114
     -5.500000      6.772698      6.772698     13.545395
     -5.480000      7.342161      7.342161     14.684322
     -5.460000      7.901128      7.901128     15.802256
     -5.440000      8.350482      8.350482     16.700965
     -5.420000      8.600362      8.600362     17.200725
     -5.400000      8.590219      8.590219     17.180437
     -5.380000      8.300757      8.300757     16.601514
     -5.360000      7.756367      7.756367     15.512734
     -5.340000      7.019982      7.019982     14.039965
     -5.320000      6.183592      6.183592     12.367184
     -5.300000      5.356479      5.356479     10.712959
     -5.280000      4.651043      4.651043      9.302086
     -5.260000      4.165022      4.165022      8.330044
     -5.240000      3.960650      3.960650      7.921299
     -5.220000      4.045216      4.045216      8.090433
     -5.200000      4.360980      4.360980      8.721959
     -5.180000      4.792261      4.792261      9.584522
     -5.160000      5.192590      5.192590     10.385180
     -5.140000      5.426708      5.426708     10.853416
     -5.120000      5.415014      5.415014     10.830028
     -5.100000      5.165396      5.165396     10.330793
     -5.080000      4.780671      4.780671      9.561343
     -5.060000      4.437383      4.437383      8.874767
     -5.040000      4.339989      4.339989      8.679977
     -5.020000      4.660826      4.660826      9.321653
     -5.000000      5.480370      5.480370     10.960739
     -4.980000      6.744840      6.744840     13.489680
     -4.960000      8.258530      8.258530     16.517060
     -4.940000      9.722554      9.722554     19.445108
     -4.920000     10.817157     10.817157     21.634315
     -4.900000     11.304165     11.304165     22.608330
     -4.880000     11.110286     11.110286     22.220572
     -4.860000     10.353303     10.353303     20.706606
     -4.840000      9.295626      9.295626     18.591253
     -4.820000      8.243465      8.243465     16.486930
     -4.800000      7.436331      7.436331     14.872661
     -4.780000      6.975610      6.975610     13.951221
     -4.760000      6.820361      6.820361     13.640721
     -4.740000      6.844771      6.844771     13.689542
     -4.720000      6.922617      6.922617     13.845233
     -4.700000      6.993834      6.993834     13.987667
     -4.680000      7.081487      7.081487     14.162975
     -4.660000      7.256236      7.256236     14.512471
     -4.640000      7.574032      7.574032     15.148064
     -4.620000      8.025398      8.025398     16.050795
     -4.600000      8.524589      8.524589     17.049179
     -4.580000      8.941704      8.941704     17.883407
     -4.560000      9.156583      9.156583     18.313166
     -4.540000      9.104878      9.104878     18.209757
     -4.520000      8.796507      8.796507     17.593015
     -4.500000      8.305273      8.305273     16.610547
     -4.480000      7.741732      7.741732     15.483464
     -4.460000      7.222588      7.222588     14.445176
     -4.440000      6.843009      6.843009     13.686018
     -4.420000      6.652914      6.652914     13.305829
     -4.400000      6.640258      6.640258     13.280516
     -4.380000      6.729961      6.729961     13.459921
     -4.360000      6.807563      6.807563     13.615125
     -4.340000      6.766588      6.766588     13.533177
     -4.320000      6.562703      6.562703     13.125405
     -4.300000      6.247838      6.247838     12.495676
     -4.280000      5.962867      5.962867     11.925735
     -4.260000      5.886876      5.886876     11.773752
     -4.240000      6.163443      6.163443     12.326886
     -4.220000      6.836459      6.836459     13.672918
     -4.200000      7.823653      7.823653     15.647307
     -4.180000      8.938431      8.938431     17.876863
     -4.160000      9.949416      9.949416     19.898832
     -4.140000     10.652127     10.652127     21.304253
     -4.120000     10.924600     10.924600     21.849200
     -4.100000     10.748393     10.748393     21.496786
     -4.080000     10.192923     10.192923     20.385846
     -4.060000      9.376281      9.376281     18.752562
     -4.040000      8.422693      8.422693     16.845385
     -4.020000      7.433447      7.433447     14.866893
     -4.000000      6.477572      6.477572     12.955144
     -3.980000      5.597453      5.597453     11.194906
     -3.960000      4.818872      4.818872      9.637744
     -3.940000      4.156764      4.156764      8.313528
     -3.920000      3.614491      3.614491      7.228981
     -3.900000      3.180573      3.180573      6.361145
     -3.880000      2.828776      2.828776      5.657553
     -3.860000      2.524840      2.524840      5.049681
     -3.840000      2.238627      2.238627      4.477255
     -3.820000      1.957204      1.957204      3.914408
     -3.800000      1.693992      1.693992      3.387985
     -3.780000      1.491178      1.491178      2.982356
     -3.760000      1.415223      1.415223      2.830447
     -3.740000      1.546745      1.546745      3.093490
     -3.720000      1.965725      1.965725      3.931449
     -3.700000      2.732248      2.732248      5.464497
     -3.680000      3.863803      3.863803      7.727606
     -3.660000      5.313653      5.313653     10.627305
     -3.640000      6.959301      6.959301     13.918602
     -3.620000      8.611520      8.611520     17.223039
     -3.600000     10.049176     10.049176     20.098351
     -3.580000     11.073524     11.073524     22.147048
     -3.560000     11.563418     11.563418     23.126837
     -3.540000     11.508324     11.508324     23.016647
     -3.520000     11.003716     11.003716     22.007432
     -3.500000     10.210512     10.210512     20.421023
     -3.480000      9.297109      9.297109     18.594218
     -3.460000      8.389912      8.389912     16.779823
     -3.440000      7.552068      7.552068     15.104137
     -3.420000      6.794700      6.794700     13.589401
     -3.400000      6.108722      6.108722     12.217445
     -3.380000      5.496852      5.496852     10.993705
     -3.360000      4.988206      4.988206      9.976413
     -3.340000      4.629534      4.629534      9.259068
     -3.320000      4.460575      4.460575      8.921151
     -3.300000      4.488761      4.488761      8.977522
     -3.280000      4.677223      4.677223      9.354446
     -3.260000      4.952163      4.952163      9.904326
     -3.240000      5.226368      5.226368     10.452736
     -3.220000      5.429283      5.429283     10.858565
     -3.200000      5.531714      5.531714     11.063428
     -3.180000      5.554559      5.554559     11.109118
     -3.160000      5.555854      5.555854     11.111708
     -3.140000      5.599021      5.599021     11.198043
     -3.120000      5.714995      5.714995     11.429991
     -3.100000      5.876614      5.876614     11.753228
     -3.080000      6.000085      6.000085     12.000170
     -3.060000      5.975461      5.975461     11.950922
     -3.040000      5.712557      5.712557     11.425113
     -3.020000      5.180139      5.180139     10.360278
     -3.000000      4.419977      4.419977      8.839955
     -2.980000      3.531041      3.531041      7.062081
     -2.960000      2.634113      2.634113      5.268226
     -2.940000      1.834787      1.834787      3.669573
     -2.920000      1.200111      1.200111      2.400222
     -2.900000      0.754586      0.754586      1.509172
     -2.880000      0.491265      0.491265      0.982530
     -2.860000      0.388445      0.388445      0.776890
     -2.840000      0.422963      0.422963      0.845926
     -2.820000      0.575334      0.575334      1.150668
     -2.800000      0.827083      0.827083      1.654167
     -2.780000      1.154325      1.154325      2.308651
     -2.760000      1.523011      1.523011      3.046023
     -2.740000      1.890013      1.890013      3.780025
     -2.720000      2.210990      2.210990      4.421980
     -2.700000      2.452354      2.452354      4.904708
     -2.680000      2.602500      2.602500      5.205000
     -2.660000      2.678051      2.678051      5.356102
     -2.640000      2.723442      2.723442      5.446885
     -2.620000      2.804662      2.804662      5.609324
     -2.600000      2.998507      2.998507      5.997013
     -2.580000      3.377451      3.377451      6.754901
     -2.560000      3.989607      3.989607      7.979213
     -2.540000      4.835802      4.835802      9.671604
     -2.520000      5.851392      5.851392     11.702784
     -2.500000      6.904908      6.904908     13.809817
     -2.480000      7.823280      7.823280     15.646560
     -2.460000      8.441972      8.441972     16.883944
     -2.440000      8.662944      8.662944     17.325889
     -2.420000      8.494280      8.494280     16.988559
     -2.400000      8.050621      8.050621     16.101242
     -2.380000      7.511847      7.511847     15.023693
     -2.360000      7.057828      7.057828     14.115656
     -2.340000      6.807524      6.807524     13.615047
     -2.320000      6.786183      6.786183     13.572366
     -2.300000      6.929780      6.929780     13.859559
     -2.280000      7.119932      7.119932     14.239865
     -2.260000      7.232514      7.232514     14.465029
     -2.240000      7.181198      7.181198     14.362396
     -2.220000      6.942214      6.942214     13.884428
     -2.200000      6.555701      6.555701     13.111401
     -2.180000      6.108302      6.108302     12.216604
     -2.160000      5.707239      5.707239     11.414477
     -2.140000      5.455924      5.455924     10.911848
     -2.120000      5.436453      5.436453     10.872907
     -2.100000      5.698678      5.698678     11.397356
     -2.080000      6.252848      6.252848     12.505696
     -2.060000      7.064360      7.064360     14.128720
     -2.040000      8.053110      8.053110     16.106220
     -2.020000      9.102386      9.102386     18.204772
     -2.000000     10.080036     10.080036     20.160072
     -1.980000     10.868314     10.868314     21.736628
     -1.960000     11.392614     11.392614     22.785227
     -1.940000     11.638150     11.638150     23.276301
     -1.920000     11.648812     11.648812     23.297623
     -1.900000     11.510258     11.510258     23.020516
     -1.880000     11.325011     11.325011     22.650022
     -1.860000     11.188356     11.188356     22.376711
     -1.840000     11.171649     11.171649     22.343298
     -1.820000     11.315825     11.315825     22.631651
     -1.800000     11.633280     11.633280     23.266560
     -1.780000     12.111825     12.111825     24.223650
     -1.760000     12.713274     12.713274     25.426548
     -1.740000     13.364673     13.364673     26.729347
     -1.720000     13.950303     13.950303     27.900607
     -1.700000     14.319058     14.319058     28.638116
     -1.680000     14.316396     14.316396     28.632791
     -1.660000     13.833784     13.833784     27.667569
     -1.640000     12.853284     12.853284     25.706567
     -1.620000     11.463646     11.463646     22.927292
     -1.600000      9.839234      9.839234     19.678467
     -1.580000      8.193021      8.193021     16.386041
     -1.560000      6.725578      6.725578     13.451155
     -1.540000      5.587762      5.587762     11.175525
     -1.520000      4.862548      4.862548      9.725095
     -1.500000      4.561901      4.561901      9.123802
     -1.480000      4.633243      4.633243      9.266486
     -1.460000      4.973696      4.973696      9.947393
     -1.440000      5.452761      5.452761     10.905521
     -1.420000      5.941938      5.941938     11.883876
     -1.400000      6.345183      6.345183     12.690365
     -1.380000      6.620864      6.620864     13.241729
     -1.360000      6.786908      6.786908     13.573815
     -1.340000      6.905692      6.905692     13.811383
     -1.320000      7.052434      7.052434     14.104869
     -1.300000      7.277925      7.277925     14.555851
     -1.280000      7.580939      7.580939     15.161879
     -1.260000      7.904254      7.904254     15.808507
     -1.240000      8.159142      8.159142     16.318284
     -1.220000      8.268930      8.268930     16.537860
     -1.200000      8.210140      8.210140     16.420280
     -1.180000      8.028374      8.028374     16.056749
     -1.160000      7.818331      7.818331     15.636661
     -1.140000      7.677130      7.677130     15.354260
     -1.120000      7.655421      7.655421     15.310842
     -1.100000      7.731993      7.731993     15.463986
     -1.080000      7.824389      7.824389     15.648777
     -1.060000      7.828936      7.828936     15.657871
     -1.040000      7.669918      7.669918     15.339837
     -1.020000      7.335544      7.335544     14.671088
     -1.000000      6.886561      6.886561     13.773122
     -0.980000      6.435562      6.435562     12.871124
     -0.960000      6.105530      6.105530     12.211061
     -0.940000      5.982733      5.982733     11.965466
     -0.920000      6.081568      6.081568     12.163135
     -0.900000      6.336559      6.336559     12.673118
     -0.880000      6.627802      6.627802     13.255603
     -0.860000      6.831495      6.831495     13.662989
     -0.840000      6.873151      6.873151     13.746302
     -0.820000      6.756990      6.756990     13.513980
     -0.800000      6.556319      6.556319     13.112638
     -0.780000      6.371297      6.371297     12.742594
     -0.760000      6.278918      6.278918     12.557837
     -0.740000      6.303077      6.303077     12.606153
     -0.720000      6.418313      6.418313     12.836626
     -0.700000      6.579299      6.579299     13.158597
     -0.680000      6.753493      6.753493     13.506987
     -0.660000      6.935484      6.935484     13.870967
     -0.640000      7.136443      7.136443     14.272885
     -0.620000      7.360472      7.360472     14.720944
     -0.600000      7.588902      7.588902     15.177805
     -0.580000      7.787450      7.787450     15.574899
     -0.560000      7.933307      7.933307     15.866614
     -0.540000      8.042289      8.042289     16.084578
     -0.520000      8.172923      8.172923     16.345846
     -0.500000      8.398569      8.398569     16.797139
     -0.480000      8.761088      8.761088     17.522175
     -0.460000      9.234614      9.234614     18.469228
     -0.440000      9.724622      9.724622     19.449244
     -0.420000     10.107218     10.107218     20.214437
     -0.400000     10.289244     10.289244     20.578488
     -0.380000     10.256322     10.256322     20.512643
     -0.360000     10.081729     10.081729     20.163458
     -0.340000      9.890400      9.890400     19.780800
     -0.320000      9.797131      9.797131     19.594262
     -0.300000      9.852132      9.852132     19.704263
     -0.280000     10.022830     10.022830     20.045660
     -0.260000     10.221134     10.221134     20.442268
     -0.240000     10.361342     10.361342     20.722683
     -0.220000     10.418414     10.418414     20.836829
     -0.200000     10.456898     10.456898     20.913795
     -0.180000     10.615900     10.615900     21.231800
     -0.160000     11.056407     11.056407     22.112813
     -0.140000     11.893172     11.893172     23.786345
     -0.120000     13.138062     13.138062     26.276123
     -0.100000     14.675331     14.675331     29.350662
     -0.080000     16.277042     16.277042     32.554083
     -0.060000     17.653878     17.653878     35.307757
     -0.040000     18.526314     18.526314     37.052628
     -0.020000     18.694823     18.694823     37.389645
      0.000000     18.087652     18.087652     36.175305
      0.020000     16.771987     16.771987     33.543974
      0.040000     14.927622     14.927622     29.855243
      0.060000     12.795869     12.795869     25.591739
      0.080000     10.623488     10.623488     21.246977
      0.100000      8.619046      8.619046     17.238092
      0.120000      6.930242      6.930242     13.860485
      0.140000      5.641193      5.641193     11.282387
      0.160000      4.782867      4.782867      9.565734
      0.180000      4.348433      4.348433      8.696865
      0.200000      4.306674      4.306674      8.613348
      0.220000      4.609595      4.609595      9.219191
      0.240000      5.194267      5.194267     10.388533
      0.260000      5.982903      5.982903     11.965807
      0.280000      6.886879      6.886879     13.773758
      0.300000      7.817897      7.817897     15.635794
      0.320000      8.703474      8.703474     17.406947
      0.340000      9.498187      9.498187     18.996375
      0.360000     10.181818     10.181818     20.363635
      0.380000     10.742414     10.742414     21.484828
      0.400000     11.152961     11.152961     22.305923
      0.420000     11.357341     11.357341     22.714681
      0.440000     11.278837     11.278837     22.557673
      0.460000     10.852428     10.852428     21.704855
      0.480000     10.067271     10.067271     20.134541
      0.500000      8.997381      8.997381     17.994761
      0.520000      7.802309      7.802309     15.604618
      0.540000      6.693866      6.693866     13.387731
      0.560000      5.881512      5.881512     11.763023
      0.580000      5.518624      5.518624     11.037248
      0.600000      5.669709      5.669709     11.339418
      0.620000      6.306850      6.306850     12.613700
      0.640000      7.329429      7.329429     14.658857
      0.660000      8.592328      8.592328     17.184656
      0.680000      9.928897      9.928897     19.857795
      0.700000     11.164461     11.164461     22.328923
      0.720000     12.127106     12.127106     24.254213
      0.740000     12.666498     12.666498     25.332997
      0.760000     12.684759     12.684759     25.369517
      0.780000     12.170345     12.170345     24.340691
      0.800000     11.216564     11.216564     22.433128
      0.820000     10.008828     10.008828     20.017657
      0.840000      8.778652      8.778652     17.557304
      0.860000      7.738955      7.738955     15.477911
      0.880000      7.024680      7.024680     14.049360
      0.900000      6.660558      6.660558     13.321115
      0.920000      6.566734      6.566734     13.133468
      0.940000      6.598683      6.598683     13.197367
      0.960000      6.605756      6.605756     13.211511
      0.980000      6.486358      6.486358     12.972715
      1.000000      6.219390      6.219390     12.438780
      1.020000      5.861336      5.861336     11.722672
      1.040000      5.513063      5.513063     11.026126
      1.060000      5.273266      5.273266     10.546532
      1.080000      5.199935      5.199935     10.399870
      1.100000      5.294898      5.294898     10.589795
      1.120000      5.513412      5.513412     11.026825
      1.140000      5.788613      5.788613     11.577227
      1.160000      6.055874      6.055874     12.111748
      1.180000      6.266240      6.266240     12.532480
      1.200000      6.387102      6.387102     12.774204
      1.220000      6.396129      6.396129     12.792258
      1.240000      6.276806      6.276806     12.553612
      1.260000      6.020334      6.020334     12.040668
      1.280000      5.632451      5.632451     11.264902
      1.300000      5.139268      5.139268     10.278537
      1.320000      4.586373      4.586373      9.172746
      1.340000      4.029738      4.029738      8.059477
      1.360000      3.522452      3.522452      7.044904
      1.380000      3.104132      3.104132      6.208264
      1.400000      2.798381      2.798381      5.596763
      1.420000      2.618653      2.618653      5.237306
      1.440000      2.577609      2.577609      5.155219
      1.460000      2.692772      2.692772      5.385545
      1.480000      2.983470      2.983470      5.966940
      1.500000      3.459659      3.459659      6.919318
      1.520000      4.108705      4.108705      8.217411
      1.540000      4.888124      4.888124      9.776249
      1.560000      5.729099      5.729099     11.458198
      1.580000      6.549397      6.549397     13.098793
      1.600000      7.269189      7.269189     14.538378
      1.620000      7.822864      7.822864     15.645728
      1.640000      8.164195      8.164195     16.328390
      1.660000      8.267836      8.267836     16.535673
      1.680000      8.132482      8.132482     16.264963
      1.700000      7.788037      7.788037     15.576075
      1.720000      7.302785      7.302785     14.605570
      1.740000      6.781707      6.781707     13.563413
      1.760000      6.348496      6.348496     12.696992
      1.780000      6.111886      6.111886     12.223773
      1.800000      6.127576      6.127576     12.255153
      1.820000      6.373269      6.373269     12.746537
      1.840000      6.751168      6.751168     13.502336
      1.860000      7.120300      7.120300     14.240600
      1.880000      7.346342      7.346342     14.692684
      1.900000      7.347613      7.347613     14.695227
      1.920000      7.117576      7.117576     14.235151
      1.940000      6.715761      6.715761     13.431521
      1.960000      6.234036      6.234036     12.468072
      1.980000      5.755645      5.755645     11.511290
      2.000000      5.325736      5.325736     10.651471
      2.020000      4.944677      4.944677      9.889354
      2.040000      4.584105      4.584105      9.168211
      2.060000      4.216110      4.216110      8.432220
      2.080000      3.841777      3.841777      7.683553
      2.100000      3.506931      3.506931      7.013861
      2.120000      3.298438      3.298438      6.596877
      2.140000      3.321384      3.321384      6.642768
      2.160000      3.663862      3.663862      7.327724
      2.180000      4.360730      4.360730      8.721461
      2.200000      5.369374      5.369374     10.738748
      2.220000      6.568252      6.568252     13.136504
      2.240000      7.782224      7.782224     15.564448
      2.260000      8.828997      8.828997     17.657994
      2.280000      9.572173      9.572173     19.144346
      2.300000      9.962772      9.962772     19.925543
      2.320000     10.054496     10.054496     20.108991
      2.340000      9.986562      9.986562     19.973124
      2.360000      9.937698      9.937698     19.875396
      2.380000     10.063279     10.063279     20.126558
      2.400000     10.433983     10.433983     20.867965
      2.420000     10.997782     10.997782     21.995564
      2.440000     11.584272     11.584272     23.168545
      2.460000     11.957590     11.957590     23.915180
      2.480000     11.903401     11.903401     23.806802
      2.500000     11.316415     11.316415     22.632830
      2.520000     10.250270     10.250270     20.500539
      2.540000      8.906963      8.906963     17.813926
      2.560000      7.570909      7.570909     15.141818
      2.580000      6.517413      6.517413     13.034826
      2.600000      5.933638      5.933638     11.867275
      2.620000      5.879767      5.879767     11.759534
      2.640000      6.297273      6.297273     12.594547
      2.660000      7.051467      7.051467     14.102935
      2.680000      7.984972      7.984972     15.969943
      2.700000      8.959608      8.959608     17.919217
      2.720000      9.874047      9.874047     19.748093
      2.740000     10.658136     10.658136     21.316272
      2.760000     11.255893     11.255893     22.511786
      2.780000     11.612695     11.612695     23.225390
      2.800000     11.677297     11.677297     23.354594
      2.820000     11.419043     11.419043     22.838087
      2.840000     10.850626     10.850626     21.701253
      2.860000     10.041933     10.041933     20.083866
      2.880000      9.113375      9.113375     18.226751
      2.900000      8.206816      8.206816     16.413631
      2.920000      7.444178      7.444178     14.888357
      2.940000      6.891536      6.891536     13.783072
      2.960000      6.544707      6.544707     13.089415
      2.980000      6.341783      6.341783     12.683566
      3.000000      6.194839      6.194839     12.389677
      3.020000      6.025297      6.025297     12.050594
      3.040000      5.788673      5.788673     11.577346
      3.060000      5.482256      5.482256     10.964511
      3.080000      5.137775      5.137775     10.275550
      3.100000      4.805531      4.805531      9.611063
      3.120000      4.536181      4.536181      9.072361
      3.140000      4.363967      4.363967      8.727934
      3.160000      4.293811      4.293811      8.587622
      3.180000      4.295196      4.295196      8.590392
      3.200000      4.306401      4.306401      8.612802
      3.220000      4.250707      4.250707      8.501414
      3.240000      4.061076      4.061076      8.122153
      3.260000      3.704256      3.704256      7.408512
      3.280000      3.193584      3.193584      6.387168
      3.300000      2.584291      2.584291      5.168583
      3.320000      1.953651      1.953651      3.907302
      3.340000      1.375603      1.375603      2.751206
      3.360000      0.901064      0.901064      1.802128
      3.380000      0.550667      0.550667      1.101335
      3.400000      0.319748      0.319748      0.639496
      3.420000      0.190361      0.190361      0.380722
      3.440000      0.144018      0.144018      0.288037
      3.460000      0.170723      0.170723      0.341446
      3.480000      0.272532      0.272532      0.545063
      3.500000      0.461696      0.461696      0.923392
      3.520000      0.754294      0.754294      1.508587
      3.540000      1.160940      1.160940      2.321879
      3.560000      1.677103      1.677103      3.354206
      3.580000      2.276383      2.276383      4.552766
      3.600000      2.909835      2.909835      5.819669
      3.620000      3.512581      3.512581      7.025162
      3.640000      4.016100      4.016100      8.032201
      3.660000      4.362353      4.362353      8.724707
      3.680000      4.515532      4.515532      9.031064
      3.700000      4.468721      4.468721      8.937443
      3.720000      4.244811      4.244811      8.489622
      3.740000      3.892294      3.892294      7.784588
      3.760000      3.476872      3.476872      6.953743
      3.780000      3.069983      3.069983      6.139967
      3.800000      2.736229      2.736229      5.472458
      3.820000      2.522838      2.522838      5.045675
      3.840000      2.454509      2.454509      4.909018
      3.860000      2.535135      2.535135      5.070270
      3.880000      2.754709      2.754709      5.509418
      3.900000      3.097227      3.097227      6.194454
      3.920000      3.545516      3.545516      7.091033
      3.940000      4.081683      4.081683      8.163367
      3.960000      4.684992      4.684992      9.369985
      3.980000      5.329724      5.329724     10.659448
      4.000000      5.983522      5.983522     11.967045
      4.020000      6.604612      6.604612     13.209225
      4.040000      7.137426      7.137426     14.274853
      4.060000      7.510782      7.510782     15.021565
      4.080000      7.646272      7.646272     15.292543
      4.100000      7.481508      7.481508     14.963016
      4.120000      7.003038      7.003038     14.006077
      4.140000      6.273609      6.273609     12.547218
      4.160000      5.436720      5.436720     10.873439
      4.180000      4.690579      4.690579      9.381158
      4.200000      4.237897      4.237897      8.475794
      4.220000      4.228450      4.228450      8.456899
      4.240000      4.713470      4.713470      9.426940
      4.260000      5.626505      5.626505     11.253010
      4.280000      6.798184      6.798184     13.596368
      4.300000      8.003523      8.003523     16.007047
      4.320000      9.029354      9.029354     18.058708
      4.340000      9.738825      9.738825     19.477651
      4.360000     10.106546     10.106546     20.213092
      4.380000     10.207980     10.207980     20.415960
      4.400000     10.168169     10.168169     20.336338
      4.420000     10.096383     10.096383     20.192766
      4.440000     10.041163     10.041163     20.082327
      4.460000      9.988341      9.988341     19.976683
      4.480000      9.899188      9.899188     19.798376
      4.500000      9.761910      9.761910     19.523821
      4.520000      9.621795      9.621795     19.243590
      4.540000      9.568635      9.568635     19.137271
      4.560000      9.687039      9.687039     19.374078
      4.580000      9.999358      9.999358     19.998717
      4.600000     10.437085     10.437085     20.874170
      4.620000     10.860471     10.860471     21.720943
      4.640000     11.117734     11.117734     22.235467
      4.660000     11.111905     11.111905     22.223811
      4.680000     10.839079     10.839079     21.678159
      4.700000     10.378268     10.378268     20.756536
      4.720000      9.840228      9.840228     19.680455
      4.740000      9.304699      9.304699     18.609397
      4.760000      8.780555      8.780555     17.561111
      4.780000      8.209152      8.209152     16.418304
      4.800000      7.506254      7.506254     15.012508
      4.820000      6.616941      6.616941     13.233882
      4.840000      5.552771      5.552771     11.105542
      4.860000      4.393229      4.393229      8.786458
      4.880000      3.254960      3.254960      6.509920
      4.900000      2.248625      2.248625      4.497249
      4.920000      1.445781      1.445781      2.891562
      4.940000      0.868264      0.868264      1.736529
      4.960000      0.498914      0.498914      0.997828
      4.980000      0.303605      0.303605      0.607211
      5.000000      0.253380      0.253380      0.506760
      5.020000      0.339162      0.339162      0.678324
      5.040000      0.575844      0.575844      1.151687
      5.060000      0.995199      0.995199      1.990398
      5.080000      1.629132      1.629132      3.258264
      5.100000      2.488039      2.488039      4.976078
      5.120000      3.543444      3.543444      7.086887
      5.140000      4.725971      4.725971      9.451942
      5.160000      5.944751      5.944751     11.889503
      5.180000      7.121855      7.121855     14.243709
      5.200000      8.222193      8.222193     16.444385
      5.220000      9.256597      9.256597     18.513193
      5.240000     10.249953     10.249953     20.499906
      5.260000     11.190873     11.190873     22.381747
      5.280000     11.996950     11.996950     23.993900
      5.300000     12.524548     12.524548     25.049095
      5.320000     12.624782     12.624782     25.249563
      5.340000     12.216141     12.216141     24.432281
      5.360000     11.331883     11.331883     22.663766
      5.380000     10.115705     10.115705     20.231409
      5.400000      8.770533      8.770533     17.541066
      5.420000      7.490331      7.490331     14.980661
      5.440000      6.408339      6.408339     12.816678
      5.460000      5.579285      5.579285     11.158570
      5.480000      4.992126      4.992126      9.984253
      5.500000      4.598010      4.598010      9.196020
      5.520000      4.338908      4.338908      8.677816
      5.540000      4.169920      4.169920      8.339840
      5.560000      4.073921      4.073921      8.147841
      5.580000      4.067648      4.067648      8.135295
      5.600000      4.196227      4.196227      8.392455
      5.620000      4.513978      4.513978      9.027957
      5.640000      5.055382      5.055382     10.110764
      5.660000      5.808146      5.808146     11.616293
      5.680000      6.703529      6.703529     13.407057
      5.700000      7.632790      7.632790     15.265580
      5.720000      8.484603      8.484603     16.969207
      5.740000      9.184733      9.184733     18.369465
      5.760000      9.715789      9.715789     19.431577
      5.780000     10.105001     10.105001     20.210001
      5.800000     10.386467     10.386467     20.772935
      5.820000     10.560077     10.560077     21.120153
      5.840000     10.572299     10.572299     21.144598
      5.860000     10.332165     10.332165     20.664330
      5.880000      9.755725      9.755725     19.511450
      5.900000      8.816005      8.816005     17.632010
      5.920000      7.572428      7.572428     15.144857
      5.940000      6.165275      6.165275     12.330550
      5.960000      4.779397      4.779397      9.558794
      5.980000      3.595657      3.595657      7.191314
      6.000000      2.750835      2.750835      5.501671
      6.020000      2.317831      2.317831      4.635663
      6.040000      2.305525      2.305525      4.611050
      6.060000      2.669748      2.669748      5.339497
      6.080000      3.326743      3.326743      6.653485
      6.100000      4.165598      4.165598      8.331195
      6.120000      5.061150      5.061150     10.122300
      6.140000      5.889942      5.889942     11.779885
      6.160000      6.549035      6.549035     13.098070
      6.180000      6.973617      6.973617     13.947233
      6.200000      7.147802      7.147802     14.295604
      6.220000      7.105020      7.105020     14.210040
      6.240000      6.918526      6.918526     13.837053
      6.260000      6.685967      6.685967     13.371934
      6.280000      6.512438      6.512438     13.024876
      6.300000      6.494472      6.494472     12.988945
      6.320000      6.705125      6.705125     13.410249
      6.340000      7.180129      7.180129     14.360257
      6.360000      7.907268      7.907268     15.814535
      6.380000      8.823525      8.823525     17.647051
      6.400000      9.824392      9.824392     19.648784
      6.420000     10.785685     10.785685     21.571370
      6.440000     11.592129     11.592129     23.184257
      6.460000     12.162483     12.162483     24.324967
      6.480000     12.461346     12.461346     24.922692
      6.500000     12.493413     12.493413     24.986826
      6.520000     12.284368     12.284368     24.568737
      6.540000     11.859356     11.859356     23.718712
      6.560000     11.231220     11.231220     22.462440
      6.580000     10.404965     10.404965     20.809931
      6.600000      9.394847      9.394847     18.789694
      6.620000      8.242207      8.242207     16.484414
      6.640000      7.021319      7.021319     14.042639
      6.660000      5.828024      5.828024     11.656048
      6.680000      4.756731      4.756731      9.513463
      6.700000      3.878093      3.878093      7.756185
      6.720000      3.228290      3.228290      6.456580
      6.740000      2.813460      2.813460      5.626920
      6.760000      2.624638      2.624638      5.249275
      6.780000      2.654246      2.654246      5.308492
      6.800000      2.905600      2.905600      5.811200
      6.820000      3.390703      3.390703      6.781407
      6.840000      4.116923      4.116923      8.233846
      6.860000      5.068475      5.068475     10.136950
      6.880000      6.192214      6.192214     12.384429
      6.900000      7.396773      7.396773     14.793545
      6.920000      8.568378      8.568378     17.136756
      6.940000      9.597806      9.597806     19.195612
      6.960000     10.406376     10.406376     20.812751
      6.980000     10.959686     10.959686     21.919372
      7.000000     11.265844     11.265844     22.531688
      7.020000     11.364033     11.364033     22.728066
      7.040000     11.312376     11.312376     22.624752
      7.060000     11.179618     11.179618     22.359235
      7.080000     11.038524     11.038524     22.077048
      7.100000     10.956722     10.956722     21.913444
      7.120000     10.984222     10.984222     21.968444
      7.140000     11.141406     11.141406     22.282813
      7.160000     11.411849     11.411849     22.823698
      7.180000     11.741205     11.741205     23.482410
      7.200000     12.041052     12.041052     24.082104
      7.220000     12.198044     12.198044     24.396087
      7.240000     12.091662     12.091662     24.183323
      7.260000     11.622913     11.622913     23.245827
      7.280000     10.749376     10.749376     21.498752
      7.300000      9.513627      9.513627     19.027254
      7.320000      8.049949      8.049949     16.099898
      7.340000      6.561943      6.561943     13.123886
      7.360000      5.276956      5.276956     10.553912
      7.380000      4.393375      4.393375      8.786750
      7.400000      4.037731      4.037731      8.075461
      7.420000      4.241596      4.241596      8.483192
      7.440000      4.939502      4.939502      9.879004
      7.460000      5.983931      5.983931     11.967863
      7.480000      7.172509      7.172509     14.345018
      7.500000      8.283052      8.283052     16.566104
      7.520000      9.111666      9.111666     18.223332
      7.540000      9.507578      9.507578     19.015156
      7.560000      9.397666      9.397666     18.795332
      7.580000      8.795120      8.795120     17.590240
      7.600000      7.790295      7.790295     15.580589
      7.620000      6.526348      6.526348     13.052695
      7.640000      5.166188      5.166188     10.332376
      7.660000      3.859348      3.859348      7.718696
      7.680000      2.716913      2.716913      5.433825
      7.700000      1.799657      1.799657      3.599313
      7.720000      1.120050      1.120050      2.240100
      7.740000      0.654610      0.654610      1.309220
      7.760000      0.360821      0.360821      0.721641
      7.780000      0.193228      0.193228      0.386456
      7.800000      0.115602      0.115602      0.231203
      7.820000      0.108762      0.108762      0.217523
      7.840000      0.175282      0.175282      0.350564
      7.860000      0.342028      0.342028      0.684056
      7.880000      0.659717      0.659717      1.319433
      7.900000      1.196620      1.196620      2.393239
      7.920000      2.023071      2.023071      4.046142
      7.940000      3.186181      3.186181      6.372362
      7.960000      4.679998      4.679998      9.359997
      7.980000      6.422620      6.422620     12.845241
      8.000000      8.253893      8.253893     16.507787
      8.020000      9.961864      9.961864     19.923727
      8.040000     11.333962     11.333962     22.667924
      8.060000     12.216058     12.216058     24.432116
      8.080000     12.556856     12.556856     25.113712
      8.100000     12.420655     12.420655     24.841310
      8.120000     11.965326     11.965326     23.930651
      8.140000     11.396336     11.396336     22.792672
      8.160000     10.914260     10.914260     21.828519
      8.180000     10.670742     10.670742     21.341483
      8.200000     10.740637     10.740637     21.481273
      8.220000     11.112253     11.112253     22.224506
      8.240000     11.695975     11.695975     23.391949
      8.260000     12.351494     12.351494     24.702988
      8.280000     12.930915     12.930915     25.861829
      8.300000     13.327633     13.327633     26.655266
      8.320000     13.513571     13.513571     27.027143
      8.340000     13.547198     13.547198     27.094396
      8.360000     13.545621     13.545621     27.091242
      8.380000     13.631725     13.631725     27.263451
      8.400000     13.881105     13.881105     27.762210
      8.420000     14.293749     14.293749     28.587499
      8.440000     14.800919     14.800919     29.601839
      8.460000     15.297843     15.297843     30.595686
      8.480000     15.681162     15.681162     31.362325
      8.500000     15.873622     15.873622     31.747244
      8.520000     15.832662     15.832662     31.665324
      8.540000     15.551836     15.551836     31.103673
      8.560000     15.064421     15.064421     30.128843
      8.580000     14.448247     14.448247     28.896495
      8.600000     13.820326     13.820326     27.640651
      8.620000     13.310300     13.310300     26.620601
      8.640000     13.015041     13.015041     26.030082
      8.660000     12.953644     12.953644     25.907288
      8.680000     13.049463     13.049463     26.098926
      8.700000     13.155958     13.155958     26.311915
      8.720000     13.120190     13.120190     26.240379
      8.740000     12.855177     12.855177     25.710355
      8.760000     12.384317     12.384317     24.768633
      8.780000     11.833491     11.833491     23.666982
      8.800000     11.372824     11.372824     22.745649
      8.820000     11.135672     11.135672     22.271344
      8.840000     11.153710     11.153710     22.307420
      8.860000     11.338786     11.338786     22.677573
      8.880000     11.519593     11.519593     23.039186
      8.900000     11.515580     11.515580     23.031161
      8.920000     11.213699     11.213699     22.427398
      8.940000     10.613038     10.613038     21.226076
      8.960000      9.818531      9.818531     19.637062
      8.980000      8.989957      8.989957     17.979914
      9.000000      8.273782      8.273782     16.547564
      9.020000      7.751553      7.751553     15.503105
      9.040000      7.426509      7.426509     14.853018
      9.060000      7.247419      7.247419     14.494838
      9.080000      7.149104      7.149104     14.298208
      9.100000      7.083789      7.083789     14.167578
      9.120000      7.027952      7.027952     14.055905
      9.140000      6.967538      6.967538     13.935075
      9.160000      6.878153      6.878153     13.756306
      9.180000      6.718182      6.718182     13.436365
      9.200000      6.442107      6.442107     12.884214
      9.220000      6.026814      6.026814     12.053628
      9.240000      5.494754      5.494754     10.989508
      9.260000      4.919436      4.919436      9.838873
      9.280000      4.408857      4.408857      8.817714
      9.300000      4.074179      4.074179      8.148359
      9.320000      3.997632      3.997632      7.995263
      9.340000      4.212404      4.212404      8.424808
      9.360000      4.700443      4.700443      9.400886
      9.380000      5.405976      5.405976     10.811952
      9.400000      6.257246      6.257246     12.514491
      9.420000      7.187318      7.187318     14.374635
      9.440000      8.146062      8.146062     16.292124
      9.460000      9.098531      9.098531     18.197063
      9.480000     10.010296     10.010296     20.020591
      9.500000     10.827706     10.827706     21.655413
      9.520000     11.467562     11.467562     22.935124
      9.540000     11.830324     11.830324     23.660649
      9.560000     11.840016     11.840016     23.680031
      9.580000     11.495647     11.495647     22.991295
      9.600000     10.905004     10.905004     21.810008
      9.620000     10.273713     10.273713     20.547425
      9.640000      9.843333      9.843333     19.686666
      9.660000      9.800947      9.800947     19.601895
      9.680000     10.201789     10.201789     20.403579
      9.700000     10.943269     10.943269     21.886537
      9.720000     11.804247     11.804247     23.608493
      9.740000     12.531321     12.531321     25.062643
      9.760000     12.931984     12.931984     25.863968
      9.780000     12.934054     12.934054     25.868108
      9.800000     12.590325     12.590325     25.180650
      9.820000     12.034572     12.034572     24.069144
      9.840000     11.415210     11.415210     22.830420
      9.860000     10.837417     10.837417     21.674834
      9.880000     10.334895     10.334895     20.669790
      9.900000      9.876467      9.876467     19.752935
      9.920000      9.398687      9.398687     18.797375
      9.940000      8.848135      8.848135     17.696270
      9.960000      8.216710      8.216710     16.433420
      9.980000      7.558098      7.558098     15.116196
     10.000000      6.980887      6.980887     13.961775
