# EIG2DOS: Utility for SIESTA to obtain the electronic density of states
#  E. Artacho, Apr 1999, A. Garcia, Apr 2012
# ------------------------------------------
# Eigenvalues read from GRP_doping.EIG
# Using smearing parameter:   0.100
# Using   1001 points in energy range
# Selected bands: 1 to: 936
# Emin, emax in file for selected band(s):    -46.0524100    241.7922300
# Nbands, Nspin, Nk   =    936     1   231
# E_F                 =    -3.9995 eV --> (shifted to ZERO)
# Broadening          =     0.1000 eV
#
#        E            N(up)  (=)   N(down)         Ntot
    -10.000000      3.740806      3.740806      7.481611
     -9.980000      4.201525      4.201525      8.403049
     -9.960000      4.789665      4.789665      9.579329
     -9.940000      5.459639      5.459639     10.919278
     -9.920000      6.125769      6.125769     12.251539
     -9.900000      6.669313      6.669313     13.338625
     -9.880000      6.962151      6.962151     13.924302
     -9.860000      6.903335      6.903335     13.806670
     -9.840000      6.455201      6.455201     12.910402
     -9.820000      5.661965      5.661965     11.323931
     -9.800000      4.639941      4.639941      9.279882
     -9.780000      3.542295      3.542295      7.084589
     -9.760000      2.513987      2.513987      5.027973
     -9.740000      1.656100      1.656100      3.312200
     -9.720000      1.011707      1.011707      2.023413
     -9.700000      0.573415      0.573415      1.146831
     -9.680000      0.303656      0.303656      0.607312
     -9.660000      0.156735      0.156735      0.313470
     -9.640000      0.095548      0.095548      0.191096
     -9.620000      0.101316      0.101316      0.202631
     -9.600000      0.178143      0.178143      0.356287
     -9.580000      0.354290      0.354290      0.708580
     -9.560000      0.679826      0.679826      1.359652
     -9.540000      1.218057      1.218057      2.436114
     -9.520000      2.028154      2.028154      4.056308
     -9.500000      3.140222      3.140222      6.280444
     -9.480000      4.530426      4.530426      9.060851
     -9.460000      6.108711      6.108711     12.217422
     -9.440000      7.729915      7.729915     15.459829
     -9.420000      9.228709      9.228709     18.457418
     -9.400000     10.464609     10.464609     20.929218
     -9.380000     11.354985     11.354985     22.709970
     -9.360000     11.879497     11.879497     23.758995
     -9.340000     12.056951     12.056951     24.113902
     -9.320000     11.913437     11.913437     23.826874
     -9.300000     11.465394     11.465394     22.930788
     -9.280000     10.728666     10.728666     21.457331
     -9.260000      9.744000      9.744000     19.488000
     -9.240000      8.596280      8.596280     17.192559
     -9.220000      7.408954      7.408954     14.817907
     -9.200000      6.312923      6.312923     12.625847
     -9.180000      5.406891      5.406891     10.813782
     -9.160000      4.731312      4.731312      9.462624
     -9.140000      4.268398      4.268398      8.536796
     -9.120000      3.964586      3.964586      7.929172
     -9.100000      3.760851      3.760851      7.521701
     -9.080000      3.615917      3.615917      7.231833
     -9.060000      3.515160      3.515160      7.030320
     -9.040000      3.466877      3.466877      6.933754
     -9.020000      3.492213      3.492213      6.984427
     -9.000000      3.614465      3.614465      7.228930
     -8.980000      3.850180      3.850180      7.700359
     -8.960000      4.201739      4.201739      8.403478
     -8.940000      4.650708      4.650708      9.301416
     -8.920000      5.153104      5.153104     10.306209
     -8.900000      5.640259      5.640259     11.280519
     -8.880000      6.029610      6.029610     12.059221
     -8.860000      6.246575      6.246575     12.493151
     -8.840000      6.251996      6.251996     12.503991
     -8.820000      6.063178      6.063178     12.126356
     -8.800000      5.755707      5.755707     11.511415
     -8.780000      5.440800      5.440800     10.881601
     -8.760000      5.225904      5.225904     10.451808
     -8.740000      5.176433      5.176433     10.352867
     -8.720000      5.296695      5.296695     10.593390
     -8.700000      5.537557      5.537557     11.075113
     -8.680000      5.824209      5.824209     11.648418
     -8.660000      6.088635      6.088635     12.177271
     -8.640000      6.292582      6.292582     12.585165
     -8.620000      6.434974      6.434974     12.869948
     -8.600000      6.545818      6.545818     13.091635
     -8.580000      6.671959      6.671959     13.343918
     -8.560000      6.859068      6.859068     13.718135
     -8.540000      7.132980      7.132980     14.265960
     -8.520000      7.484596      7.484596     14.969192
     -8.500000      7.864436      7.864436     15.728873
     -8.480000      8.192010      8.192010     16.384020
     -8.460000      8.379500      8.379500     16.759001
     -8.440000      8.361633      8.361633     16.723265
     -8.420000      8.119268      8.119268     16.238537
     -8.400000      7.686631      7.686631     15.373262
     -8.380000      7.139753      7.139753     14.279506
     -8.360000      6.571871      6.571871     13.143743
     -8.340000      6.065863      6.065863     12.131726
     -8.320000      5.673245      5.673245     11.346491
     -8.300000      5.405412      5.405412     10.810823
     -8.280000      5.237787      5.237787     10.475573
     -8.260000      5.123238      5.123238     10.246476
     -8.240000      5.008882      5.008882     10.017764
     -8.220000      4.851241      4.851241      9.702482
     -8.200000      4.627748      4.627748      9.255496
     -8.180000      4.345256      4.345256      8.690513
     -8.160000      4.045833      4.045833      8.091667
     -8.140000      3.807020      3.807020      7.614040
     -8.120000      3.731098      3.731098      7.462195
     -8.100000      3.919707      3.919707      7.839415
     -8.080000      4.437225      4.437225      8.874450
     -8.060000      5.275257      5.275257     10.550514
     -8.040000      6.335338      6.335338     12.670676
     -8.020000      7.442653      7.442653     14.885307
     -8.000000      8.390487      8.390487     16.780973
     -7.980000      8.999468      8.999468     17.998936
     -7.960000      9.167028      9.167028     18.334057
     -7.940000      8.887065      8.887065     17.774131
     -7.920000      8.235682      8.235682     16.471364
     -7.900000      7.336023      7.336023     14.672046
     -7.880000      6.322893      6.322893     12.645786
     -7.860000      5.322096      5.322096     10.644191
     -7.840000      4.445805      4.445805      8.891610
     -7.820000      3.793906      3.793906      7.587813
     -7.800000      3.449241      3.449241      6.898482
     -7.780000      3.462142      3.462142      6.924285
     -7.760000      3.830880      3.830880      7.661759
     -7.740000      4.492221      4.492221      8.984443
     -7.720000      5.334961      5.334961     10.669922
     -7.700000      6.237960      6.237960     12.475921
     -7.680000      7.117924      7.117924     14.235847
     -7.660000      7.960652      7.960652     15.921304
     -7.640000      8.812993      8.812993     17.625986
     -7.620000      9.733523      9.733523     19.467046
     -7.600000     10.727874     10.727874     21.455747
     -7.580000     11.710544     11.710544     23.421088
     -7.560000     12.524411     12.524411     25.048822
     -7.540000     13.014422     13.014422     26.028845
     -7.520000     13.114497     13.114497     26.228994
     -7.500000     12.892985     12.892985     25.785969
     -7.480000     12.524259     12.524259     25.048517
     -7.460000     12.199191     12.199191     24.398382
     -7.440000     12.025574     12.025574     24.051147
     -7.420000     11.975498     11.975498     23.950995
     -7.400000     11.907350     11.907350     23.814700
     -7.380000     11.646022     11.646022     23.292043
     -7.360000     11.074499     11.074499     22.148999
     -7.340000     10.189649     10.189649     20.379299
     -7.320000      9.100208      9.100208     18.200416
     -7.300000      7.977063      7.977063     15.954125
     -7.280000      6.986165      6.986165     13.972331
     -7.260000      6.235404      6.235404     12.470809
     -7.240000      5.753130      5.753130     11.506261
     -7.220000      5.498405      5.498405     10.996810
     -7.200000      5.390716      5.390716     10.781432
     -7.180000      5.343804      5.343804     10.687608
     -7.160000      5.292666      5.292666     10.585331
     -7.140000      5.209918      5.209918     10.419835
     -7.120000      5.112421      5.112421     10.224842
     -7.100000      5.059379      5.059379     10.118758
     -7.080000      5.140625      5.140625     10.281251
     -7.060000      5.452610      5.452610     10.905220
     -7.040000      6.062946      6.062946     12.125891
     -7.020000      6.972224      6.972224     13.944447
     -7.000000      8.089558      8.089558     16.179117
     -6.980000      9.239303      9.239303     18.478606
     -6.960000     10.206061     10.206061     20.412122
     -6.940000     10.806071     10.806071     21.612141
     -6.920000     10.955538     10.955538     21.911076
     -6.900000     10.702853     10.702853     21.405705
     -6.880000     10.206949     10.206949     20.413898
     -6.860000      9.670873      9.670873     19.341746
     -6.840000      9.261901      9.261901     18.523802
     -6.820000      9.054151      9.054151     18.108301
     -6.800000      9.015252      9.015252     18.030504
     -6.780000      9.035666      9.035666     18.071332
     -6.760000      8.981139      8.981139     17.962278
     -6.740000      8.743496      8.743496     17.486993
     -6.720000      8.271639      8.271639     16.543278
     -6.700000      7.577023      7.577023     15.154045
     -6.680000      6.719166      6.719166     13.438333
     -6.660000      5.782640      5.782640     11.565281
     -6.640000      4.856551      4.856551      9.713101
     -6.620000      4.022497      4.022497      8.044993
     -6.600000      3.350659      3.350659      6.701317
     -6.580000      2.899352      2.899352      5.798703
     -6.560000      2.712910      2.712910      5.425820
     -6.540000      2.815713      2.815713      5.631425
     -6.520000      3.204447      3.204447      6.408893
     -6.500000      3.843817      3.843817      7.687634
     -6.480000      4.670919      4.670919      9.341839
     -6.460000      5.609732      5.609732     11.219463
     -6.440000      6.590768      6.590768     13.181536
     -6.420000      7.565433      7.565433     15.130866
     -6.400000      8.504875      8.504875     17.009751
     -6.380000      9.381822      9.381822     18.763643
     -6.360000     10.147315     10.147315     20.294631
     -6.340000     10.722621     10.722621     21.445242
     -6.320000     11.020565     11.020565     22.041130
     -6.300000     10.990839     10.990839     21.981677
     -6.280000     10.663107     10.663107     21.326215
     -6.260000     10.156638     10.156638     20.313277
     -6.240000      9.642338      9.642338     19.284677
     -6.220000      9.272759      9.272759     18.545519
     -6.200000      9.118122      9.118122     18.236244
     -6.180000      9.146099      9.146099     18.292199
     -6.160000      9.259216      9.259216     18.518432
     -6.140000      9.370244      9.370244     18.740488
     -6.120000      9.472590      9.472590     18.945181
     -6.100000      9.663223      9.663223     19.326446
     -6.080000     10.100336     10.100336     20.200671
     -6.060000     10.913398     10.913398     21.826797
     -6.040000     12.110191     12.110191     24.220382
     -6.020000     13.529370     13.529370     27.058739
     -6.000000     14.866253     14.866253     29.732507
     -5.980000     15.764846     15.764846     31.529691
     -5.960000     15.938101     15.938101     31.876201
     -5.940000     15.266010     15.266010     30.532020
     -5.920000     13.832375     13.832375     27.664749
     -5.900000     11.889651     11.889651     23.779302
     -5.880000      9.772354      9.772354     19.544708
     -5.860000      7.798173      7.798173     15.596345
     -5.840000      6.194634      6.194634     12.389268
     -5.820000      5.071162      5.071162     10.142324
     -5.800000      4.433106      4.433106      8.866212
     -5.780000      4.218157      4.218157      8.436314
     -5.760000      4.332968      4.332968      8.665937
     -5.740000      4.676817      4.676817      9.353634
     -5.720000      5.151691      5.151691     10.303381
     -5.700000      5.666090      5.666090     11.332180
     -5.680000      6.139567      6.139567     12.279134
     -5.660000      6.509324      6.509324     13.018648
     -5.640000      6.735063      6.735063     13.470125
     -5.620000      6.798063      6.798063     13.596125
     -5.600000      6.694857      6.694857     13.389715
     -5.580000      6.430552      6.430552     12.861105
     -5.560000      6.017396      6.017396     12.034792
     -5.540000      5.479804      5.479804     10.959608
     -5.520000      4.861015      4.861015      9.722030
     -5.500000      4.223809      4.223809      8.447618
     -5.480000      3.640714      3.640714      7.281428
     -5.460000      3.176019      3.176019      6.352039
     -5.440000      2.867824      2.867824      5.735647
     -5.420000      2.719152      2.719152      5.438304
     -5.400000      2.702348      2.702348      5.404697
     -5.380000      2.773855      2.773855      5.547709
     -5.360000      2.891616      2.891616      5.783232
     -5.340000      3.027315      3.027315      6.054630
     -5.320000      3.169686      3.169686      6.339371
     -5.300000      3.320436      3.320436      6.640872
     -5.280000      3.487766      3.487766      6.975532
     -5.260000      3.682581      3.682581      7.365161
     -5.240000      3.919422      3.919422      7.838845
     -5.220000      4.219576      4.219576      8.439152
     -5.200000      4.610472      4.610472      9.220944
     -5.180000      5.116302      5.116302     10.232605
     -5.160000      5.740702      5.740702     11.481404
     -5.140000      6.450583      6.450583     12.901166
     -5.120000      7.174477      7.174477     14.348953
     -5.100000      7.823605      7.823605     15.647211
     -5.080000      8.330229      8.330229     16.660457
     -5.060000      8.684116      8.684116     17.368232
     -5.040000      8.944981      8.944981     17.889961
     -5.020000      9.220358      9.220358     18.440715
     -5.000000      9.617885      9.617885     19.235771
     -4.980000     10.195207     10.195207     20.390415
     -4.960000     10.930580     10.930580     21.861160
     -4.940000     11.724361     11.724361     23.448722
     -4.920000     12.426177     12.426177     24.852353
     -4.900000     12.874865     12.874865     25.749730
     -4.880000     12.940186     12.940186     25.880373
     -4.860000     12.560210     12.560210     25.120420
     -4.840000     11.768829     11.768829     23.537659
     -4.820000     10.703722     10.703722     21.407444
     -4.800000      9.583707      9.583707     19.167414
     -4.780000      8.652929      8.652929     17.305859
     -4.760000      8.106054      8.106054     16.212107
     -4.740000      8.022982      8.022982     16.045964
     -4.720000      8.342028      8.342028     16.684056
     -4.700000      8.884420      8.884420     17.768840
     -4.680000      9.419157      9.419157     18.838314
     -4.660000      9.739669      9.739669     19.479338
     -4.640000      9.721968      9.721968     19.443936
     -4.620000      9.347005      9.347005     18.694010
     -4.600000      8.688056      8.688056     17.376112
     -4.580000      7.876182      7.876182     15.752364
     -4.560000      7.058926      7.058926     14.117852
     -4.540000      6.362951      6.362951     12.725902
     -4.520000      5.866717      5.866717     11.733434
     -4.500000      5.587375      5.587375     11.174750
     -4.480000      5.485018      5.485018     10.970036
     -4.460000      5.484287      5.484287     10.968574
     -4.440000      5.507921      5.507921     11.015842
     -4.420000      5.511944      5.511944     11.023889
     -4.400000      5.510366      5.510366     11.020731
     -4.380000      5.579105      5.579105     11.158210
     -4.360000      5.833685      5.833685     11.667371
     -4.340000      6.382850      6.382850     12.765701
     -4.320000      7.270381      7.270381     14.540763
     -4.300000      8.427115      8.427115     16.854230
     -4.280000      9.658303      9.658303     19.316607
     -4.260000     10.681892     10.681892     21.363783
     -4.240000     11.211417     11.211417     22.422834
     -4.220000     11.053006     11.053006     22.106013
     -4.200000     10.174414     10.174414     20.348828
     -4.180000      8.714712      8.714712     17.429423
     -4.160000      6.931729      6.931729     13.863458
     -4.140000      5.113985      5.113985     10.227969
     -4.120000      3.497247      3.497247      6.994493
     -4.100000      2.217061      2.217061      4.434122
     -4.080000      1.306109      1.306109      2.612218
     -4.060000      0.724159      0.724159      1.448319
     -4.040000      0.399308      0.399308      0.798615
     -4.020000      0.262621      0.262621      0.525242
     -4.000000      0.267787      0.267787      0.535573
     -3.980000      0.395647      0.395647      0.791294
     -3.960000      0.647551      0.647551      1.295102
     -3.940000      1.032228      1.032228      2.064457
     -3.920000      1.550893      1.550893      3.101786
     -3.900000      2.185684      2.185684      4.371369
     -3.880000      2.896596      2.896596      5.793193
     -3.860000      3.630032      3.630032      7.260065
     -3.840000      4.337578      4.337578      8.675157
     -3.820000      4.998091      4.998091      9.996182
     -3.800000      5.632670      5.632670     11.265340
     -3.780000      6.302823      6.302823     12.605646
     -3.760000      7.087539      7.087539     14.175078
     -3.740000      8.043565      8.043565     16.087129
     -3.720000      9.162326      9.162326     18.324652
     -3.700000     10.342960     10.342960     20.685920
     -3.680000     11.399396     11.399396     22.798793
     -3.660000     12.107620     12.107620     24.215240
     -3.640000     12.279835     12.279835     24.559670
     -3.620000     11.835157     11.835157     23.670314
     -3.600000     10.833753     10.833753     21.667505
     -3.580000      9.457834      9.457834     18.915667
     -3.560000      7.950121      7.950121     15.900243
     -3.540000      6.541319      6.541319     13.082638
     -3.520000      5.399480      5.399480     10.798960
     -3.500000      4.616586      4.616586      9.233172
     -3.480000      4.224354      4.224354      8.448707
     -3.460000      4.217581      4.217581      8.435161
     -3.440000      4.566086      4.566086      9.132172
     -3.420000      5.211097      5.211097     10.422195
     -3.400000      6.057602      6.057602     12.115204
     -3.380000      6.980058      6.980058     13.960116
     -3.360000      7.850602      7.850602     15.701203
     -3.340000      8.581114      8.581114     17.162228
     -3.320000      9.155210      9.155210     18.310419
     -3.300000      9.625872      9.625872     19.251744
     -3.280000     10.072678     10.072678     20.145357
     -3.260000     10.539202     10.539202     21.078403
     -3.240000     10.987646     10.987646     21.975293
     -3.220000     11.300566     11.300566     22.601133
     -3.200000     11.331657     11.331657     22.663314
     -3.180000     10.977522     10.977522     21.955045
     -3.160000     10.230344     10.230344     20.460689
     -3.140000      9.184561      9.184561     18.369122
     -3.120000      7.998458      7.998458     15.996917
     -3.100000      6.834942      6.834942     13.669884
     -3.080000      5.811663      5.811663     11.623326
     -3.060000      4.979524      4.979524      9.959048
     -3.040000      4.330854      4.330854      8.661709
     -3.020000      3.825352      3.825352      7.650703
     -3.000000      3.418337      3.418337      6.836673
     -2.980000      3.080194      3.080194      6.160388
     -2.960000      2.803252      2.803252      5.606504
     -2.940000      2.598396      2.598396      5.196792
     -2.920000      2.486386      2.486386      4.972772
     -2.900000      2.488390      2.488390      4.976780
     -2.880000      2.618286      2.618286      5.236571
     -2.860000      2.877504      2.877504      5.755007
     -2.840000      3.252456      3.252456      6.504913
     -2.820000      3.714569      3.714569      7.429139
     -2.800000      4.222849      4.222849      8.445699
     -2.780000      4.728488      4.728488      9.456977
     -2.760000      5.180630      5.180630     10.361259
     -2.740000      5.532613      5.532613     11.065227
     -2.720000      5.748432      5.748432     11.496863
     -2.700000      5.808887      5.808887     11.617774
     -2.680000      5.715746      5.715746     11.431492
     -2.660000      5.491230      5.491230     10.982459
     -2.640000      5.171283      5.171283     10.342566
     -2.620000      4.794624      4.794624      9.589248
     -2.600000      4.393340      4.393340      8.786681
     -2.580000      3.991442      3.991442      7.982883
     -2.560000      3.613629      3.613629      7.227258
     -2.540000      3.299701      3.299701      6.599401
     -2.520000      3.114875      3.114875      6.229749
     -2.500000      3.146524      3.146524      6.293049
     -2.480000      3.483623      3.483623      6.967245
     -2.460000      4.183743      4.183743      8.367486
     -2.440000      5.239773      5.239773     10.479546
     -2.420000      6.561446      6.561446     13.122893
     -2.400000      7.983729      7.983729     15.967459
     -2.380000      9.305073      9.305073     18.610145
     -2.360000     10.345833     10.345833     20.691666
     -2.340000     11.005827     11.005827     22.011654
     -2.320000     11.296352     11.296352     22.592703
     -2.300000     11.330015     11.330015     22.660030
     -2.280000     11.269407     11.269407     22.538814
     -2.260000     11.254861     11.254861     22.509723
     -2.240000     11.342527     11.342527     22.685055
     -2.220000     11.480478     11.480478     22.960956
     -2.200000     11.533890     11.533890     23.067779
     -2.180000     11.348190     11.348190     22.696380
     -2.160000     10.822237     10.822237     21.644475
     -2.140000      9.960231      9.960231     19.920462
     -2.120000      8.882237      8.882237     17.764474
     -2.100000      7.792161      7.792161     15.584322
     -2.080000      6.918403      6.918403     13.836806
     -2.060000      6.449374      6.449374     12.898748
     -2.040000      6.483514      6.483514     12.967029
     -2.020000      7.005955      7.005955     14.011909
     -2.000000      7.895414      7.895414     15.790829
     -1.980000      8.956778      8.956778     17.913556
     -1.960000      9.967954      9.967954     19.935907
     -1.940000     10.726627     10.726627     21.453254
     -1.920000     11.085392     11.085392     22.170784
     -1.900000     10.970873     10.970873     21.941745
     -1.880000     10.388641     10.388641     20.777282
     -1.860000      9.417164      9.417164     18.834327
     -1.840000      8.192043      8.192043     16.384086
     -1.820000      6.881173      6.881173     13.762347
     -1.800000      5.654657      5.654657     11.309315
     -1.780000      4.657404      4.657404      9.314807
     -1.760000      3.992277      3.992277      7.984555
     -1.740000      3.715739      3.715739      7.431479
     -1.720000      3.840231      3.840231      7.680463
     -1.700000      4.334538      4.334538      8.669076
     -1.680000      5.118190      5.118190     10.236381
     -1.660000      6.055719      6.055719     12.111438
     -1.640000      6.963691      6.963691     13.927382
     -1.620000      7.641151      7.641151     15.282301
     -1.600000      7.921715      7.921715     15.843430
     -1.580000      7.730205      7.730205     15.460410
     -1.560000      7.119016      7.119016     14.238032
     -1.540000      6.265739      6.265739     12.531477
     -1.520000      5.430491      5.430491     10.860981
     -1.500000      4.888464      4.888464      9.776929
     -1.480000      4.860668      4.860668      9.721337
     -1.460000      5.462073      5.462073     10.924145
     -1.440000      6.676983      6.676983     13.353966
     -1.420000      8.363099      8.363099     16.726198
     -1.400000     10.280727     10.280727     20.561453
     -1.380000     12.140606     12.140606     24.281212
     -1.360000     13.661266     13.661266     27.322532
     -1.340000     14.625072     14.625072     29.250144
     -1.320000     14.921904     14.921904     29.843807
     -1.300000     14.570296     14.570296     29.140591
     -1.280000     13.708098     13.708098     27.416195
     -1.260000     12.550285     12.550285     25.100570
     -1.240000     11.322644     11.322644     22.645288
     -1.220000     10.193510     10.193510     20.387019
     -1.200000      9.232377      9.232377     18.464755
     -1.180000      8.415184      8.415184     16.830367
     -1.160000      7.672628      7.672628     15.345256
     -1.140000      6.953685      6.953685     13.907370
     -1.120000      6.268087      6.268087     12.536174
     -1.100000      5.685482      5.685482     11.370965
     -1.080000      5.295754      5.295754     10.591509
     -1.060000      5.156789      5.156789     10.313579
     -1.040000      5.259927      5.259927     10.519854
     -1.020000      5.529685      5.529685     11.059370
     -1.000000      5.854073      5.854073     11.708147
     -0.980000      6.127383      6.127383     12.254766
     -0.960000      6.285047      6.285047     12.570095
     -0.940000      6.318313      6.318313     12.636627
     -0.920000      6.268247      6.268247     12.536495
     -0.900000      6.207169      6.207169     12.414338
     -0.880000      6.217252      6.217252     12.434504
     -0.860000      6.371943      6.371943     12.743885
     -0.840000      6.720623      6.720623     13.441245
     -0.820000      7.275487      7.275487     14.550973
     -0.800000      8.002990      8.002990     16.005980
     -0.780000      8.826451      8.826451     17.652902
     -0.760000      9.645261      9.645261     19.290521
     -0.740000     10.367388     10.367388     20.734776
     -0.720000     10.940609     10.940609     21.881218
     -0.700000     11.363874     11.363874     22.727749
     -0.680000     11.669386     11.669386     23.338771
     -0.660000     11.884172     11.884172     23.768345
     -0.640000     11.994840     11.994840     23.989680
     -0.620000     11.939473     11.939473     23.878945
     -0.600000     11.635173     11.635173     23.270347
     -0.580000     11.028268     11.028268     22.056535
     -0.560000     10.140292     10.140292     20.280583
     -0.540000      9.084423      9.084423     18.168846
     -0.520000      8.041811      8.041811     16.083623
     -0.500000      7.206378      7.206378     14.412755
     -0.480000      6.720642      6.720642     13.441284
     -0.460000      6.628873      6.628873     13.257745
     -0.440000      6.866811      6.866811     13.733622
     -0.420000      7.292287      7.292287     14.584573
     -0.400000      7.743545      7.743545     15.487091
     -0.380000      8.099537      8.099537     16.199073
     -0.360000      8.315732      8.315732     16.631464
     -0.340000      8.422119      8.422119     16.844238
     -0.320000      8.490308      8.490308     16.980616
     -0.300000      8.592174      8.592174     17.184347
     -0.280000      8.773390      8.773390     17.546780
     -0.260000      9.051682      9.051682     18.103364
     -0.240000      9.431586      9.431586     18.863172
     -0.220000      9.917935      9.917935     19.835870
     -0.200000     10.515152     10.515152     21.030304
     -0.180000     11.213737     11.213737     22.427473
     -0.160000     11.977280     11.977280     23.954560
     -0.140000     12.743673     12.743673     25.487345
     -0.120000     13.443292     13.443292     26.886584
     -0.100000     14.023713     14.023713     28.047425
     -0.080000     14.464835     14.464835     28.929670
     -0.060000     14.773987     14.773987     29.547974
     -0.040000     14.963216     14.963216     29.926433
     -0.020000     15.022394     15.022394     30.044788
      0.000000     14.905020     14.905020     29.810040
      0.020000     14.537068     14.537068     29.074135
      0.040000     13.846533     13.846533     27.693066
      0.060000     12.799778     12.799778     25.599555
      0.080000     11.426781     11.426781     22.853562
      0.100000      9.823208      9.823208     19.646415
      0.120000      8.129212      8.129212     16.258423
      0.140000      6.496119      6.496119     12.992238
      0.160000      5.056438      5.056438     10.112876
      0.180000      3.908294      3.908294      7.816587
      0.200000      3.115609      3.115609      6.231219
      0.220000      2.716060      2.716060      5.432120
      0.240000      2.725206      2.725206      5.450412
      0.260000      3.129240      3.129240      6.258481
      0.280000      3.868288      3.868288      7.736577
      0.300000      4.821914      4.821914      9.643829
      0.320000      5.812191      5.812191     11.624383
      0.340000      6.633588      6.633588     13.267175
      0.360000      7.104723      7.104723     14.209446
      0.380000      7.122487      7.122487     14.244973
      0.400000      6.693847      6.693847     13.387694
      0.420000      5.929755      5.929755     11.859510
      0.440000      5.004157      5.004157     10.008313
      0.460000      4.097772      4.097772      8.195543
      0.480000      3.350795      3.350795      6.701591
      0.500000      2.839757      2.839757      5.679515
      0.520000      2.578924      2.578924      5.157848
      0.540000      2.535830      2.535830      5.071659
      0.560000      2.648938      2.648938      5.297876
      0.580000      2.841174      2.841174      5.682347
      0.600000      3.030158      3.030158      6.060316
      0.620000      3.139115      3.139115      6.278230
      0.640000      3.110275      3.110275      6.220550
      0.660000      2.917826      2.917826      5.835652
      0.680000      2.574389      2.574389      5.148779
      0.700000      2.126397      2.126397      4.252793
      0.720000      1.638928      1.638928      3.277857
      0.740000      1.175995      1.175995      2.351991
      0.760000      0.784226      0.784226      1.568452
      0.780000      0.485463      0.485463      0.970926
      0.800000      0.278879      0.278879      0.557758
      0.820000      0.149159      0.149159      0.298317
      0.840000      0.076027      0.076027      0.152054
      0.860000      0.041805      0.041805      0.083610
      0.880000      0.036036      0.036036      0.072072
      0.900000      0.057997      0.057997      0.115994
      0.920000      0.118271      0.118271      0.236542
      0.940000      0.239681      0.239681      0.479361
      0.960000      0.456398      0.456398      0.912797
      0.980000      0.808968      0.808968      1.617937
      1.000000      1.333305      1.333305      2.666609
      1.020000      2.044240      2.044240      4.088480
      1.040000      2.918344      2.918344      5.836687
      1.060000      3.884333      3.884333      7.768667
      1.080000      4.829319      4.829319      9.658638
      1.100000      5.623518      5.623518     11.247037
      1.120000      6.156775      6.156775     12.313551
      1.140000      6.372514      6.372514     12.745029
      1.160000      6.284230      6.284230     12.568460
      1.180000      5.967582      5.967582     11.935165
      1.200000      5.533069      5.533069     11.066139
      1.220000      5.092676      5.092676     10.185352
      1.240000      4.734131      4.734131      9.468262
      1.260000      4.509496      4.509496      9.018992
      1.280000      4.436334      4.436334      8.872668
      1.300000      4.505008      4.505008      9.010015
      1.320000      4.686336      4.686336      9.372673
      1.340000      4.937611      4.937611      9.875222
      1.360000      5.208078      5.208078     10.416156
      1.380000      5.445326      5.445326     10.890652
      1.400000      5.602219      5.602219     11.204439
      1.420000      5.642470      5.642470     11.284939
      1.440000      5.543493      5.543493     11.086987
      1.460000      5.297201      5.297201     10.594403
      1.480000      4.910581      4.910581      9.821162
      1.500000      4.406783      4.406783      8.813566
      1.520000      3.824966      3.824966      7.649932
      1.540000      3.216087      3.216087      6.432174
      1.560000      2.633736      2.633736      5.267473
      1.580000      2.122675      2.122675      4.245351
      1.600000      1.709918      1.709918      3.419837
      1.620000      1.402074      1.402074      2.804149
      1.640000      1.189153      1.189153      2.378306
      1.660000      1.051886      1.051886      2.103773
      1.680000      0.968846      0.968846      1.937692
      1.700000      0.921157      0.921157      1.842313
      1.720000      0.894624      0.894624      1.789248
      1.740000      0.880099      0.880099      1.760199
      1.760000      0.872802      0.872802      1.745604
      1.780000      0.870988      0.870988      1.741976
      1.800000      0.874482      0.874482      1.748964
      1.820000      0.883882      0.883882      1.767764
      1.840000      0.901154      0.901154      1.802309
      1.860000      0.931747      0.931747      1.863493
      1.880000      0.987794      0.987794      1.975588
      1.900000      1.091748      1.091748      2.183496
      1.920000      1.279353      1.279353      2.558707
      1.940000      1.599743      1.599743      3.199485
      1.960000      2.109058      2.109058      4.218117
      1.980000      2.854392      2.854392      5.708784
      2.000000      3.848817      3.848817      7.697635
      2.020000      5.045486      5.045486     10.090971
      2.040000      6.324981      6.324981     12.649962
      2.060000      7.509730      7.509730     15.019460
      2.080000      8.409048      8.409048     16.818096
      2.100000      8.882100      8.882100     17.764200
      2.120000      8.893074      8.893074     17.786148
      2.140000      8.532606      8.532606     17.065211
      2.160000      7.993452      7.993452     15.986904
      2.180000      7.508779      7.508779     15.017559
      2.200000      7.276685      7.276685     14.553370
      2.220000      7.397964      7.397964     14.795928
      2.240000      7.846969      7.846969     15.693939
      2.260000      8.483287      8.483287     16.966574
      2.280000      9.099364      9.099364     18.198729
      2.300000      9.488166      9.488166     18.976333
      2.320000      9.507716      9.507716     19.015432
      2.340000      9.119800      9.119800     18.239599
      2.360000      8.390508      8.390508     16.781016
      2.380000      7.457258      7.457258     14.914517
      2.400000      6.481584      6.481584     12.963168
      2.420000      5.610664      5.610664     11.221329
      2.440000      4.961368      4.961368      9.922736
      2.460000      4.624666      4.624666      9.249331
      2.480000      4.675648      4.675648      9.351295
      2.500000      5.172285      5.172285     10.344570
      2.520000      6.135266      6.135266     12.270532
      2.540000      7.515943      7.515943     15.031887
      2.560000      9.171053      9.171053     18.342106
      2.580000     10.864348     10.864348     21.728696
      2.600000     12.305085     12.305085     24.610171
      2.620000     13.216164     13.216164     26.432328
      2.640000     13.409288     13.409288     26.818575
      2.660000     12.838988     12.838988     25.677975
      2.680000     11.614805     11.614805     23.229611
      2.700000      9.967997      9.967997     19.935993
      2.720000      8.187402      8.187402     16.374805
      2.740000      6.549633      6.549633     13.099266
      2.760000      5.266747      5.266747     10.533495
      2.780000      4.462464      4.462464      8.924928
      2.800000      4.173473      4.173473      8.346946
      2.820000      4.364061      4.364061      8.728122
      2.840000      4.943562      4.943562      9.887124
      2.860000      5.783704      5.783704     11.567408
      2.880000      6.739170      6.739170     13.478340
      2.900000      7.673869      7.673869     15.347739
      2.920000      8.488240      8.488240     16.976480
      2.940000      9.136463      9.136463     18.272927
      2.960000      9.624269      9.624269     19.248537
      2.980000      9.988853      9.988853     19.977706
      3.000000     10.274585     10.274585     20.549171
      3.020000     10.520903     10.520903     21.041806
      3.040000     10.768418     10.768418     21.536835
      3.060000     11.073092     11.073092     22.146185
      3.080000     11.509706     11.509706     23.019411
      3.100000     12.152449     12.152449     24.304898
      3.120000     13.037863     13.037863     26.075725
      3.140000     14.130172     14.130172     28.260343
      3.160000     15.310499     15.310499     30.620999
      3.180000     16.398875     16.398875     32.797750
      3.200000     17.200820     17.200820     34.401640
      3.220000     17.559417     17.559417     35.118835
      3.240000     17.393929     17.393929     34.787858
      3.260000     16.714180     16.714180     33.428360
      3.280000     15.609805     15.609805     31.219610
      3.300000     14.220590     14.220590     28.441180
      3.320000     12.697955     12.697955     25.395910
      3.340000     11.168970     11.168970     22.337940
      3.360000      9.713352      9.713352     19.426705
      3.380000      8.359684      8.359684     16.719367
      3.400000      7.099900      7.099900     14.199799
      3.420000      5.913698      5.913698     11.827395
      3.440000      4.790905      4.790905      9.581810
      3.460000      3.742264      3.742264      7.484527
      3.480000      2.796041      2.796041      5.592082
      3.500000      1.985150      1.985150      3.970300
      3.520000      1.333068      1.333068      2.666136
      3.540000      0.845632      0.845632      1.691265
      3.560000      0.511470      0.511470      1.022941
      3.580000      0.309439      0.309439      0.618878
      3.600000      0.219073      0.219073      0.438145
      3.620000      0.229931      0.229931      0.459861
      3.640000      0.346854      0.346854      0.693709
      3.660000      0.589353      0.589353      1.178707
      3.680000      0.984491      0.984491      1.968982
      3.700000      1.554266      1.554266      3.108532
      3.720000      2.300958      2.300958      4.601916
      3.740000      3.196297      3.196297      6.392593
      3.760000      4.180598      4.180598      8.361197
      3.780000      5.174380      5.174380     10.348760
      3.800000      6.098221      6.098221     12.196442
      3.820000      6.890639      6.890639     13.781278
      3.840000      7.513569      7.513569     15.027138
      3.860000      7.942600      7.942600     15.885199
      3.880000      8.150389      8.150389     16.300778
      3.900000      8.098301      8.098301     16.196602
      3.920000      7.746850      7.746850     15.493699
      3.940000      7.081858      7.081858     14.163715
      3.960000      6.140155      6.140155     12.280311
      3.980000      5.016629      5.016629     10.033257
      4.000000      3.845621      3.845621      7.691243
      4.020000      2.765888      2.765888      5.531776
      4.040000      1.887645      1.887645      3.775291
      4.060000      1.276971      1.276971      2.553943
      4.080000      0.960488      0.960488      1.920977
      4.100000      0.941052      0.941052      1.882104
      4.120000      1.210341      1.210341      2.420683
      4.140000      1.748433      1.748433      3.496867
      4.160000      2.510322      2.510322      5.020644
      4.180000      3.409389      3.409389      6.818778
      4.200000      4.312647      4.312647      8.625293
      4.220000      5.058798      5.058798     10.117597
      4.240000      5.498513      5.498513     10.997026
      4.260000      5.542721      5.542721     11.085443
      4.280000      5.197576      5.197576     10.395152
      4.300000      4.569332      4.569332      9.138664
      4.320000      3.836397      3.836397      7.672794
      4.340000      3.200270      3.200270      6.400540
      4.360000      2.833510      2.833510      5.667020
      4.380000      2.839553      2.839553      5.679107
      4.400000      3.231756      3.231756      6.463512
      4.420000      3.933913      3.933913      7.867826
      4.440000      4.802919      4.802919      9.605838
      4.460000      5.671631      5.671631     11.343262
      4.480000      6.402613      6.402613     12.805226
      4.500000      6.934155      6.934155     13.868310
      4.520000      7.297534      7.297534     14.595068
      4.540000      7.595174      7.595174     15.190348
      4.560000      7.949228      7.949228     15.898457
      4.580000      8.446052      8.446052     16.892104
      4.600000      9.102340      9.102340     18.204680
      4.620000      9.863363      9.863363     19.726727
      4.640000     10.625009     10.625009     21.250019
      4.660000     11.262949     11.262949     22.525898
      4.680000     11.657634     11.657634     23.315267
      4.700000     11.714269     11.714269     23.428538
      4.720000     11.381223     11.381223     22.762446
      4.740000     10.665710     10.665710     21.331420
      4.760000      9.639263      9.639263     19.278527
      4.780000      8.426121      8.426121     16.852243
      4.800000      7.176134      7.176134     14.352268
      4.820000      6.032967      6.032967     12.065934
      4.840000      5.110392      5.110392     10.220783
      4.860000      4.483109      4.483109      8.966218
      4.880000      4.189488      4.189488      8.378977
      4.900000      4.238429      4.238429      8.476858
      4.920000      4.613609      4.613609      9.227219
      4.940000      5.273008      5.273008     10.546015
      4.960000      6.145719      6.145719     12.291437
      4.980000      7.129766      7.129766     14.259532
      5.000000      8.094574      8.094574     16.189148
      5.020000      8.891331      8.891331     17.782662
      5.040000      9.373330      9.373330     18.746660
      5.060000      9.425069      9.425069     18.850137
      5.080000      8.993165      8.993165     17.986331
      5.100000      8.107183      8.107183     16.214365
      5.120000      6.878822      6.878822     13.757644
      5.140000      5.475829      5.475829     10.951659
      5.160000      4.078754      4.078754      8.157507
      5.180000      2.837168      2.837168      5.674335
      5.200000      1.841678      1.841678      3.683356
      5.220000      1.119441      1.119441      2.238882
      5.240000      0.649883      0.649883      1.299766
      5.260000      0.390153      0.390153      0.780306
      5.280000      0.299106      0.299106      0.598213
      5.300000      0.352405      0.352405      0.704811
      5.320000      0.546078      0.546078      1.092157
      5.340000      0.889420      0.889420      1.778839
      5.360000      1.390486      1.390486      2.780972
      5.380000      2.039622      2.039622      4.079245
      5.400000      2.798288      2.798288      5.596577
      5.420000      3.600296      3.600296      7.200591
      5.440000      4.368535      4.368535      8.737071
      5.460000      5.042777      5.042777     10.085554
      5.480000      5.606545      5.606545     11.213089
      5.500000      6.098262      6.098262     12.196524
      5.520000      6.596861      6.596861     13.193722
      5.540000      7.183645      7.183645     14.367291
      5.560000      7.895288      7.895288     15.790576
      5.580000      8.690650      8.690650     17.381301
      5.600000      9.451453      9.451453     18.902907
      5.620000     10.022934     10.022934     20.045868
      5.640000     10.280549     10.280549     20.561099
      5.660000     10.192657     10.192657     20.385313
      5.680000      9.847065      9.847065     19.694131
      5.700000      9.424986      9.424986     18.849972
      5.720000      9.132048      9.132048     18.264095
      5.740000      9.118136      9.118136     18.236272
      5.760000      9.422796      9.422796     18.845592
      5.780000      9.968315      9.968315     19.936630
      5.800000     10.597901     10.597901     21.195802
      5.820000     11.136652     11.136652     22.273303
      5.840000     11.448466     11.448466     22.896932
      5.860000     11.471421     11.471421     22.942842
      5.880000     11.227447     11.227447     22.454895
      5.900000     10.809757     10.809757     21.619513
      5.920000     10.352411     10.352411     20.704822
      5.940000      9.987005      9.987005     19.974011
      5.960000      9.796685      9.796685     19.593370
      5.980000      9.784311      9.784311     19.568622
      6.000000      9.870676      9.870676     19.741351
      6.020000      9.926117      9.926117     19.852234
      6.040000      9.821356      9.821356     19.642712
      6.060000      9.473600      9.473600     18.947200
      6.080000      8.869343      8.869343     17.738685
      6.100000      8.061026      8.061026     16.122053
      6.120000      7.148272      7.148272     14.296543
      6.140000      6.256501      6.256501     12.513002
      6.160000      5.517843      5.517843     11.035686
      6.180000      5.050809      5.050809     10.101617
      6.200000      4.934944      4.934944      9.869887
      6.220000      5.184736      5.184736     10.369473
      6.240000      5.735704      5.735704     11.471409
      6.260000      6.455724      6.455724     12.911448
      6.280000      7.183625      7.183625     14.367249
      6.300000      7.781158      7.781158     15.562316
      6.320000      8.174852      8.174852     16.349705
      6.340000      8.368629      8.368629     16.737258
      6.360000      8.424334      8.424334     16.848669
      6.380000      8.424661      8.424661     16.849322
      6.400000      8.439799      8.439799     16.879598
      6.420000      8.512107      8.512107     17.024213
      6.440000      8.658729      8.658729     17.317457
      6.460000      8.881142      8.881142     17.762285
      6.480000      9.169619      9.169619     18.339238
      6.500000      9.498187      9.498187     18.996375
      6.520000      9.815428      9.815428     19.630856
      6.540000     10.041919     10.041919     20.083837
      6.560000     10.083380     10.083380     20.166759
      6.580000      9.860472      9.860472     19.720944
      6.600000      9.345485      9.345485     18.690970
      6.620000      8.588528      8.588528     17.177056
      6.640000      7.716510      7.716510     15.433021
      6.660000      6.898795      6.898795     13.797589
      6.680000      6.289746      6.289746     12.579492
      6.700000      5.971826      5.971826     11.943652
      6.720000      5.925255      5.925255     11.850511
      6.740000      6.039151      6.039151     12.078302
      6.760000      6.159636      6.159636     12.319271
      6.780000      6.152880      6.152880     12.305760
      6.800000      5.954787      5.954787     11.909575
      6.820000      5.587409      5.587409     11.174818
      6.840000      5.140046      5.140046     10.280093
      6.860000      4.729907      4.729907      9.459815
      6.880000      4.463688      4.463688      8.927377
      6.900000      4.415234      4.415234      8.830468
      6.920000      4.621270      4.621270      9.242539
      6.940000      5.086543      5.086543     10.173087
      6.960000      5.787892      5.787892     11.575784
      6.980000      6.673089      6.673089     13.346177
      7.000000      7.658602      7.658602     15.317205
      7.020000      8.633936      8.633936     17.267872
      7.040000      9.476740      9.476740     18.953481
      7.060000     10.075768     10.075768     20.151536
      7.080000     10.353518     10.353518     20.707036
      7.100000     10.280644     10.280644     20.561288
      7.120000      9.878784      9.878784     19.757569
      7.140000      9.213541      9.213541     18.427083
      7.160000      8.381695      8.381695     16.763391
      7.180000      7.496133      7.496133     14.992266
      7.200000      6.670308      6.670308     13.340617
      7.220000      6.003125      6.003125     12.006249
      7.240000      5.565292      5.565292     11.130585
      7.260000      5.388902      5.388902     10.777805
      7.280000      5.462532      5.462532     10.925063
      7.300000      5.734216      5.734216     11.468433
      7.320000      6.123500      6.123500     12.247000
      7.340000      6.540986      6.540986     13.081972
      7.360000      6.910062      6.910062     13.820124
      7.380000      7.182822      7.182822     14.365643
      7.400000      7.343359      7.343359     14.686717
      7.420000      7.397250      7.397250     14.794499
      7.440000      7.353713      7.353713     14.707427
      7.460000      7.211786      7.211786     14.423571
      7.480000      6.959957      6.959957     13.919913
      7.500000      6.590244      6.590244     13.180488
      7.520000      6.117529      6.117529     12.235059
      7.540000      5.590057      5.590057     11.180115
      7.560000      5.081291      5.081291     10.162582
      7.580000      4.664747      4.664747      9.329493
      7.600000      4.384744      4.384744      8.769488
      7.620000      4.239518      4.239518      8.479036
      7.640000      4.186378      4.186378      8.372755
      7.660000      4.165943      4.165943      8.331886
      7.680000      4.132253      4.132253      8.264506
      7.700000      4.073816      4.073816      8.147632
      7.720000      4.017452      4.017452      8.034905
      7.740000      4.016580      4.016580      8.033160
      7.760000      4.131990      4.131990      8.263980
      7.780000      4.413483      4.413483      8.826966
      7.800000      4.886916      4.886916      9.773833
      7.820000      5.547470      5.547470     11.094940
      7.840000      6.358918      6.358918     12.717836
      7.860000      7.259798      7.259798     14.519596
      7.880000      8.177783      8.177783     16.355566
      7.900000      9.051006      9.051006     18.102012
      7.920000      9.850233      9.850233     19.700465
      7.940000     10.592018     10.592018     21.184037
      7.960000     11.334132     11.334132     22.668264
      7.980000     12.151301     12.151301     24.302601
      8.000000     13.098506     13.098506     26.197013
      8.020000     14.175390     14.175390     28.350779
      8.040000     15.305635     15.305635     30.611269
      8.060000     16.340266     16.340266     32.680532
      8.080000     17.086619     17.086619     34.173238
      8.100000     17.357486     17.357486     34.714972
      8.120000     17.028000     17.028000     34.055999
      8.140000     16.082283     16.082283     32.164566
      8.160000     14.631307     14.631307     29.262615
      8.180000     12.891444     12.891444     25.782888
      8.200000     11.128697     11.128697     22.257394
      8.220000      9.588973      9.588973     19.177946
      8.240000      8.440630      8.440630     16.881259
      8.260000      7.748234      7.748234     15.496467
      8.280000      7.480890      7.480890     14.961781
      8.300000      7.544186      7.544186     15.088371
      8.320000      7.818764      7.818764     15.637528
      8.340000      8.191492      8.191492     16.382984
      8.360000      8.572641      8.572641     17.145282
      8.380000      8.899527      8.899527     17.799054
      8.400000      9.130991      9.130991     18.261982
      8.420000      9.238158      9.238158     18.476317
      8.440000      9.196372      9.196372     18.392745
      8.460000      8.981824      8.981824     17.963647
      8.480000      8.574382      8.574382     17.148764
      8.500000      7.965620      7.965620     15.931239
      8.520000      7.168713      7.168713     14.337426
      8.540000      6.225892      6.225892     12.451783
      8.560000      5.209886      5.209886     10.419771
      8.580000      4.218044      4.218044      8.436089
      8.600000      3.360346      3.360346      6.720693
      8.620000      2.744084      2.744084      5.488167
      8.640000      2.458085      2.458085      4.916171
      8.660000      2.558512      2.558512      5.117024
      8.680000      3.057802      3.057802      6.115603
      8.700000      3.919031      3.919031      7.838061
      8.720000      5.058906      5.058906     10.117813
      8.740000      6.361655      6.361655     12.723311
      8.760000      7.701940      7.701940     15.403881
      8.780000      8.969209      8.969209     17.938419
      8.800000     10.082867     10.082867     20.165734
      8.820000     10.991194     10.991194     21.982388
      8.840000     11.656666     11.656666     23.313331
      8.860000     12.040482     12.040482     24.080965
      8.880000     12.101853     12.101853     24.203705
      8.900000     11.818893     11.818893     23.637786
      8.920000     11.222028     11.222028     22.444057
      8.940000     10.418215     10.418215     20.836430
      8.960000      9.585271      9.585271     19.170543
      8.980000      8.931420      8.931420     17.862841
      9.000000      8.636164      8.636164     17.272328
      9.020000      8.800565      8.800565     17.601131
      9.040000      9.429441      9.429441     18.858882
      9.060000     10.448638     10.448638     20.897276
      9.080000     11.740784     11.740784     23.481568
      9.100000     13.175789     13.175789     26.351579
      9.120000     14.621794     14.621794     29.243587
      9.140000     15.940502     15.940502     31.881004
      9.160000     16.984305     16.984305     33.968609
      9.180000     17.611431     17.611431     35.222861
      9.200000     17.720411     17.720411     35.440823
      9.220000     17.287342     17.287342     34.574684
      9.240000     16.382429     16.382429     32.764857
      9.260000     15.152098     15.152098     30.304195
      9.280000     13.773168     13.773168     27.546337
      9.300000     12.402004     12.402004     24.804009
      9.320000     11.142722     11.142722     22.285444
      9.340000     10.044630     10.044630     20.089261
      9.360000      9.120939      9.120939     18.241878
      9.380000      8.371085      8.371085     16.742171
      9.400000      7.792647      7.792647     15.585295
      9.420000      7.380433      7.380433     14.760867
      9.440000      7.120119      7.120119     14.240237
      9.460000      6.985400      6.985400     13.970800
      9.480000      6.942082      6.942082     13.884165
      9.500000      6.955990      6.955990     13.911981
      9.520000      6.999600      6.999600     13.999200
      9.540000      7.055397      7.055397     14.110795
      9.560000      7.118138      7.118138     14.236275
      9.580000      7.198803      7.198803     14.397606
      9.600000      7.329228      7.329228     14.658457
      9.620000      7.561599      7.561599     15.123198
      9.640000      7.956278      7.956278     15.912557
      9.660000      8.556873      8.556873     17.113746
      9.680000      9.360637      9.360637     18.721273
      9.700000     10.299440     10.299440     20.598881
      9.720000     11.246089     11.246089     22.492177
      9.740000     12.050823     12.050823     24.101646
      9.760000     12.597143     12.597143     25.194286
      9.780000     12.852920     12.852920     25.705839
      9.800000     12.891023     12.891023     25.782047
      9.820000     12.866515     12.866515     25.733029
      9.840000     12.958855     12.958855     25.917711
      9.860000     13.305108     13.305108     26.610215
      9.880000     13.953091     13.953091     27.906183
      9.900000     14.850928     14.850928     29.701857
      9.920000     15.870224     15.870224     31.740449
      9.940000     16.846307     16.846307     33.692614
      9.960000     17.617105     17.617105     35.234210
      9.980000     18.050295     18.050295     36.100590
     10.000000     18.058406     18.058406     36.116813
