# EIG2DOS: Utility for SIESTA to obtain the electronic density of states
#  E. Artacho, Apr 1999, A. Garcia, Apr 2012
# ------------------------------------------
# Eigenvalues read from GRP_doping.EIG
# Using smearing parameter:   0.100
# Using   1001 points in energy range
# Selected bands: 1 to: 936
# Emin, emax in file for selected band(s):    -39.4907600    236.2630500
# Nbands, Nspin, Nk   =    936     1   231
# E_F                 =    -3.7388 eV --> (shifted to ZERO)
# Broadening          =     0.1000 eV
#
#        E            N(up)  (=)   N(down)         Ntot
    -10.000000      0.521289      0.521289      1.042578
     -9.980000      0.435303      0.435303      0.870606
     -9.960000      0.486624      0.486624      0.973247
     -9.940000      0.703265      0.703265      1.406531
     -9.920000      1.114389      1.114389      2.228778
     -9.900000      1.741059      1.741059      3.482119
     -9.880000      2.583013      2.583013      5.166027
     -9.860000      3.609830      3.609830      7.219661
     -9.840000      4.765433      4.765433      9.530867
     -9.820000      5.988455      5.988455     11.976911
     -9.800000      7.239344      7.239344     14.478688
     -9.780000      8.515507      8.515507     17.031014
     -9.760000      9.837456      9.837456     19.674911
     -9.740000     11.205266     11.205266     22.410531
     -9.720000     12.547740     12.547740     25.095480
     -9.700000     13.699904     13.699904     27.399808
     -9.680000     14.434589     14.434589     28.869177
     -9.660000     14.543091     14.543091     29.086182
     -9.640000     13.927322     13.927322     27.854645
     -9.620000     12.654532     12.654532     25.309064
     -9.600000     10.944683     10.944683     21.889367
     -9.580000      9.097549      9.097549     18.195098
     -9.560000      7.397210      7.397210     14.794421
     -9.540000      6.038077      6.038077     12.076153
     -9.520000      5.098781      5.098781     10.197562
     -9.500000      4.562976      4.562976      9.125952
     -9.480000      4.365485      4.365485      8.730970
     -9.460000      4.436557      4.436557      8.873114
     -9.440000      4.724713      4.724713      9.449425
     -9.420000      5.193430      5.193430     10.386861
     -9.400000      5.801529      5.801529     11.603058
     -9.380000      6.485066      6.485066     12.970132
     -9.360000      7.155912      7.155912     14.311823
     -9.340000      7.719951      7.719951     15.439901
     -9.320000      8.103638      8.103638     16.207277
     -9.300000      8.271463      8.271463     16.542925
     -9.280000      8.223754      8.223754     16.447508
     -9.260000      7.979293      7.979293     15.958586
     -9.240000      7.558687      7.558687     15.117373
     -9.220000      6.983491      6.983491     13.966981
     -9.200000      6.293469      6.293469     12.586937
     -9.180000      5.569840      5.569840     11.139680
     -9.160000      4.945961      4.945961      9.891922
     -9.140000      4.591913      4.591913      9.183827
     -9.120000      4.671606      4.671606      9.343211
     -9.100000      5.283699      5.283699     10.567399
     -9.080000      6.406582      6.406582     12.813165
     -9.060000      7.870903      7.870903     15.741805
     -9.040000      9.378592      9.378592     18.757185
     -9.020000     10.572749     10.572749     21.145499
     -9.000000     11.140510     11.140510     22.281019
     -8.980000     10.911241     10.911241     21.822481
     -8.960000      9.908605      9.908605     19.817210
     -8.940000      8.333582      8.333582     16.667165
     -8.920000      6.487879      6.487879     12.975757
     -8.900000      4.674209      4.674209      9.348418
     -8.880000      3.115860      3.115860      6.231720
     -8.860000      1.921600      1.921600      3.843201
     -8.840000      1.096307      1.096307      2.192615
     -8.820000      0.578671      0.578671      1.157341
     -8.800000      0.282965      0.282965      0.565931
     -8.780000      0.129450      0.129450      0.258900
     -8.760000      0.059153      0.059153      0.118306
     -8.740000      0.036844      0.036844      0.073689
     -8.720000      0.048618      0.048618      0.097237
     -8.700000      0.099129      0.099129      0.198258
     -8.680000      0.210493      0.210493      0.420985
     -8.660000      0.421856      0.421856      0.843712
     -8.640000      0.786562      0.786562      1.573124
     -8.620000      1.363550      1.363550      2.727101
     -8.600000      2.201822      2.201822      4.403643
     -8.580000      3.321198      3.321198      6.642396
     -8.560000      4.697012      4.697012      9.394023
     -8.540000      6.257068      6.257068     12.514137
     -8.520000      7.894006      7.894006     15.788011
     -8.500000      9.487269      9.487269     18.974539
     -8.480000     10.922871     10.922871     21.845741
     -8.460000     12.101926     12.101926     24.203852
     -8.440000     12.939720     12.939720     25.879440
     -8.420000     13.366908     13.366908     26.733815
     -8.400000     13.343504     13.343504     26.687008
     -8.380000     12.883355     12.883355     25.766710
     -8.360000     12.072034     12.072034     24.144067
     -8.340000     11.058526     11.058526     22.117052
     -8.320000     10.015561     10.015561     20.031122
     -8.300000      9.085476      9.085476     18.170951
     -8.280000      8.341112      8.341112     16.682224
     -8.260000      7.783812      7.783812     15.567623
     -8.240000      7.377677      7.377677     14.755353
     -8.220000      7.096924      7.096924     14.193848
     -8.200000      6.956717      6.956717     13.913434
     -8.180000      7.010790      7.010790     14.021580
     -8.160000      7.321575      7.321575     14.643149
     -8.140000      7.924664      7.924664     15.849329
     -8.120000      8.809145      8.809145     17.618290
     -8.100000      9.920508      9.920508     19.841017
     -8.080000     11.175902     11.175902     22.351804
     -8.060000     12.475537     12.475537     24.951075
     -8.040000     13.702902     13.702902     27.405804
     -8.020000     14.721401     14.721401     29.442803
     -8.000000     15.382336     15.382336     30.764673
     -7.980000     15.551789     15.551789     31.103577
     -7.960000     15.148148     15.148148     30.296295
     -7.940000     14.171268     14.171268     28.342535
     -7.920000     12.707484     12.707484     25.414967
     -7.900000     10.908675     10.908675     21.817350
     -7.880000      8.956903      8.956903     17.913806
     -7.860000      7.030011      7.030011     14.060022
     -7.840000      5.278179      5.278179     10.556358
     -7.820000      3.813368      3.813368      7.626736
     -7.800000      2.708619      2.708619      5.417238
     -7.780000      2.002889      2.002889      4.005777
     -7.760000      1.707170      1.707170      3.414340
     -7.740000      1.807872      1.807872      3.615745
     -7.720000      2.265082      2.265082      4.530164
     -7.700000      3.007573      3.007573      6.015146
     -7.680000      3.931452      3.931452      7.862904
     -7.660000      4.910717      4.910717      9.821434
     -7.640000      5.822510      5.822510     11.645019
     -7.620000      6.579463      6.579463     13.158926
     -7.600000      7.153596      7.153596     14.307192
     -7.580000      7.577994      7.577994     15.155987
     -7.560000      7.924827      7.924827     15.849655
     -7.540000      8.272745      8.272745     16.545491
     -7.520000      8.681861      8.681861     17.363722
     -7.500000      9.185643      9.185643     18.371286
     -7.480000      9.793354      9.793354     19.586707
     -7.460000     10.488369     10.488369     20.976738
     -7.440000     11.215183     11.215183     22.430366
     -7.420000     11.865060     11.865060     23.730121
     -7.400000     12.281114     12.281114     24.562227
     -7.380000     12.296034     12.296034     24.592068
     -7.360000     11.793470     11.793470     23.586940
     -7.340000     10.764080     10.764080     21.528160
     -7.320000      9.325513      9.325513     18.651026
     -7.300000      7.693760      7.693760     15.387520
     -7.280000      6.118646      6.118646     12.237293
     -7.260000      4.812259      4.812259      9.624517
     -7.240000      3.898262      3.898262      7.796525
     -7.220000      3.396430      3.396430      6.792861
     -7.200000      3.240334      3.240334      6.480669
     -7.180000      3.315042      3.315042      6.630083
     -7.160000      3.498296      3.498296      6.996592
     -7.140000      3.691625      3.691625      7.383250
     -7.120000      3.834454      3.834454      7.668908
     -7.100000      3.902065      3.902065      7.804130
     -7.080000      3.894597      3.894597      7.789194
     -7.060000      3.826729      3.826729      7.653458
     -7.040000      3.725115      3.725115      7.450231
     -7.020000      3.634106      3.634106      7.268211
     -7.000000      3.623120      3.623120      7.246240
     -6.980000      3.785292      3.785292      7.570585
     -6.960000      4.219288      4.219288      8.438576
     -6.940000      4.994284      4.994284      9.988569
     -6.920000      6.108708      6.108708     12.217416
     -6.900000      7.461185      7.461185     14.922369
     -6.880000      8.852273      8.852273     17.704547
     -6.860000     10.025763     10.025763     20.051526
     -6.840000     10.741227     10.741227     21.482453
     -6.820000     10.852781     10.852781     21.705563
     -6.800000     10.361903     10.361903     20.723806
     -6.780000      9.420524      9.420524     18.841049
     -6.760000      8.282001      8.282001     16.564001
     -6.740000      7.221294      7.221294     14.442588
     -6.720000      6.458921      6.458921     12.917842
     -6.700000      6.118543      6.118543     12.237086
     -6.680000      6.228420      6.228420     12.456840
     -6.660000      6.753637      6.753637     13.507273
     -6.640000      7.631872      7.631872     15.263744
     -6.620000      8.788160      8.788160     17.576321
     -6.600000     10.121947     10.121947     20.243894
     -6.580000     11.482556     11.482556     22.965111
     -6.560000     12.662614     12.662614     25.325228
     -6.540000     13.432383     13.432383     26.864767
     -6.520000     13.612195     13.612195     27.224389
     -6.500000     13.150260     13.150260     26.300521
     -6.480000     12.160107     12.160107     24.320214
     -6.460000     10.888089     10.888089     21.776179
     -6.440000      9.619548      9.619548     19.239096
     -6.420000      8.568334      8.568334     17.136668
     -6.400000      7.805004      7.805004     15.610009
     -6.380000      7.257247      7.257247     14.514494
     -6.360000      6.776349      6.776349     13.552698
     -6.340000      6.230188      6.230188     12.460376
     -6.320000      5.574504      5.574504     11.149009
     -6.300000      4.871632      4.871632      9.743264
     -6.280000      4.255959      4.255959      8.511917
     -6.260000      3.870187      3.870187      7.740374
     -6.240000      3.804787      3.804787      7.609574
     -6.220000      4.065277      4.065277      8.130554
     -6.200000      4.576190      4.576190      9.152381
     -6.180000      5.215416      5.215416     10.430833
     -6.160000      5.862610      5.862610     11.725220
     -6.140000      6.441569      6.441569     12.883139
     -6.120000      6.939271      6.939271     13.878543
     -6.100000      7.393795      7.393795     14.787590
     -6.080000      7.857510      7.857510     15.715021
     -6.060000      8.354571      8.354571     16.709142
     -6.040000      8.855165      8.855165     17.710331
     -6.020000      9.279591      9.279591     18.559182
     -6.000000      9.527991      9.527991     19.055982
     -5.980000      9.517693      9.517693     19.035386
     -5.960000      9.208681      9.208681     18.417361
     -5.940000      8.608519      8.608519     17.217039
     -5.920000      7.761789      7.761789     15.523579
     -5.900000      6.735598      6.735598     13.471196
     -5.880000      5.609305      5.609305     11.218610
     -5.860000      4.468831      4.468831      8.937661
     -5.840000      3.401482      3.401482      6.802963
     -5.820000      2.488843      2.488843      4.977687
     -5.800000      1.799454      1.799454      3.598908
     -5.780000      1.384476      1.384476      2.768953
     -5.760000      1.276673      1.276673      2.553345
     -5.740000      1.488644      1.488644      2.977288
     -5.720000      2.005385      2.005385      4.010770
     -5.700000      2.771022      2.771022      5.542044
     -5.680000      3.677576      3.677576      7.355153
     -5.660000      4.568468      4.568468      9.136936
     -5.640000      5.265666      5.265666     10.531332
     -5.620000      5.616981      5.616981     11.233963
     -5.600000      5.546135      5.546135     11.092269
     -5.580000      5.082941      5.082941     10.165881
     -5.560000      4.359229      4.359229      8.718458
     -5.540000      3.573172      3.573172      7.146345
     -5.520000      2.939039      2.939039      5.878079
     -5.500000      2.641834      2.641834      5.283669
     -5.480000      2.807298      2.807298      5.614595
     -5.460000      3.486133      3.486133      6.972266
     -5.440000      4.646577      4.646577      9.293155
     -5.420000      6.173653      6.173653     12.347306
     -5.400000      7.880499      7.880499     15.760998
     -5.380000      9.538399      9.538399     19.076798
     -5.360000     10.924075     10.924075     21.848151
     -5.340000     11.870474     11.870474     23.740948
     -5.320000     12.300501     12.300501     24.601003
     -5.300000     12.228875     12.228875     24.457751
     -5.280000     11.733355     11.733355     23.466710
     -5.260000     10.912858     10.912858     21.825716
     -5.240000      9.855263      9.855263     19.710526
     -5.220000      8.628593      8.628593     17.257187
     -5.200000      7.292708      7.292708     14.585415
     -5.180000      5.916418      5.916418     11.832837
     -5.160000      4.584833      4.584833      9.169665
     -5.140000      3.391837      3.391837      6.783675
     -5.120000      2.424197      2.424197      4.848394
     -5.100000      1.748307      1.748307      3.496615
     -5.080000      1.406371      1.406371      2.812742
     -5.060000      1.420314      1.420314      2.840628
     -5.040000      1.795968      1.795968      3.591936
     -5.020000      2.520770      2.520770      5.041540
     -5.000000      3.554389      3.554389      7.108778
     -4.980000      4.818629      4.818629      9.637258
     -4.960000      6.195756      6.195756     12.391512
     -4.940000      7.540915      7.540915     15.081831
     -4.920000      8.706852      8.706852     17.413704
     -4.900000      9.572526      9.572526     19.145052
     -4.880000     10.065549     10.065549     20.131098
     -4.860000     10.171968     10.171968     20.343937
     -4.840000      9.932523      9.932523     19.865047
     -4.820000      9.428493      9.428493     18.856986
     -4.800000      8.761472      8.761472     17.522945
     -4.780000      8.031260      8.031260     16.062519
     -4.760000      7.316138      7.316138     14.632276
     -4.740000      6.660270      6.660270     13.320541
     -4.720000      6.072387      6.072387     12.144773
     -4.700000      5.537429      5.537429     11.074858
     -4.680000      5.038525      5.038525     10.077050
     -4.660000      4.582105      4.582105      9.164209
     -4.640000      4.216080      4.216080      8.432161
     -4.620000      4.031533      4.031533      8.063067
     -4.600000      4.142979      4.142979      8.285959
     -4.580000      4.650244      4.650244      9.300489
     -4.560000      5.593876      5.593876     11.187752
     -4.540000      6.922278      6.922278     13.844556
     -4.520000      8.488452      8.488452     16.976905
     -4.500000     10.084769     10.084769     20.169537
     -4.480000     11.506895     11.506895     23.013789
     -4.460000     12.620218     12.620218     25.240436
     -4.440000     13.395046     13.395046     26.790092
     -4.420000     13.888963     13.888963     27.777926
     -4.400000     14.183201     14.183201     28.366403
     -4.380000     14.308852     14.308852     28.617704
     -4.360000     14.208267     14.208267     28.416534
     -4.340000     13.757713     13.757713     27.515426
     -4.320000     12.839887     12.839887     25.679774
     -4.300000     11.423852     11.423852     22.847705
     -4.280000      9.606208      9.606208     19.212416
     -4.260000      7.592426      7.592426     15.184852
     -4.240000      5.632770      5.632770     11.265540
     -4.220000      3.949447      3.949447      7.898893
     -4.200000      2.688967      2.688967      5.377933
     -4.180000      1.912536      1.912536      3.825072
     -4.160000      1.614300      1.614300      3.228599
     -4.140000      1.746281      1.746281      3.492563
     -4.120000      2.233203      2.233203      4.466406
     -4.100000      2.973877      2.973877      5.947754
     -4.080000      3.838693      3.838693      7.677385
     -4.060000      4.677267      4.677267      9.354534
     -4.040000      5.344264      5.344264     10.688528
     -4.020000      5.738524      5.738524     11.477049
     -4.000000      5.838887      5.838887     11.677773
     -3.980000      5.717358      5.717358     11.434716
     -3.960000      5.519200      5.519200     11.038400
     -3.940000      5.415248      5.415248     10.830496
     -3.920000      5.544895      5.544895     11.089789
     -3.900000      5.971138      5.971138     11.942276
     -3.880000      6.661562      6.661562     13.323125
     -3.860000      7.497436      7.497436     14.994871
     -3.840000      8.304613      8.304613     16.609226
     -3.820000      8.897100      8.897100     17.794200
     -3.800000      9.124094      9.124094     18.248189
     -3.780000      8.910457      8.910457     17.820915
     -3.760000      8.279547      8.279547     16.559093
     -3.740000      7.350088      7.350088     14.700176
     -3.720000      6.307336      6.307336     12.614673
     -3.700000      5.359022      5.359022     10.718045
     -3.680000      4.691354      4.691354      9.382708
     -3.660000      4.436232      4.436232      8.872463
     -3.640000      4.652152      4.652152      9.304304
     -3.620000      5.315943      5.315943     10.631887
     -3.600000      6.324237      6.324237     12.648474
     -3.580000      7.508351      7.508351     15.016701
     -3.560000      8.666440      8.666440     17.332881
     -3.540000      9.609196      9.609196     19.218391
     -3.520000     10.205202     10.205202     20.410404
     -3.500000     10.408309     10.408309     20.816619
     -3.480000     10.256395     10.256395     20.512790
     -3.460000      9.844470      9.844470     19.688940
     -3.440000      9.286030      9.286030     18.572059
     -3.420000      8.678691      8.678691     17.357381
     -3.400000      8.084489      8.084489     16.168978
     -3.380000      7.527408      7.527408     15.054815
     -3.360000      7.005281      7.005281     14.010562
     -3.340000      6.510623      6.510623     13.021247
     -3.320000      6.053098      6.053098     12.106195
     -3.300000      5.674563      5.674563     11.349126
     -3.280000      5.447944      5.447944     10.895887
     -3.260000      5.456114      5.456114     10.912227
     -3.240000      5.756276      5.756276     11.512553
     -3.220000      6.344401      6.344401     12.688802
     -3.200000      7.137186      7.137186     14.274372
     -3.180000      7.982739      7.982739     15.965478
     -3.160000      8.698254      8.698254     17.396508
     -3.140000      9.120341      9.120341     18.240681
     -3.120000      9.148042      9.148042     18.296083
     -3.100000      8.762863      8.762863     17.525726
     -3.080000      8.021480      8.021480     16.042960
     -3.060000      7.028745      7.028745     14.057490
     -3.040000      5.905009      5.905009     11.810017
     -3.020000      4.760185      4.760185      9.520371
     -3.000000      3.680049      3.680049      7.360098
     -2.980000      2.723066      2.723066      5.446131
     -2.960000      1.922743      1.922743      3.845486
     -2.940000      1.291461      1.291461      2.582921
     -2.920000      0.824591      0.824591      1.649183
     -2.900000      0.505594      0.505594      1.011189
     -2.880000      0.312664      0.312664      0.625328
     -2.860000      0.226313      0.226313      0.452627
     -2.840000      0.236309      0.236309      0.472618
     -2.820000      0.346327      0.346327      0.692655
     -2.800000      0.575154      0.575154      1.150308
     -2.780000      0.953624      0.953624      1.907248
     -2.760000      1.516561      1.516561      3.033123
     -2.740000      2.289276      2.289276      4.578551
     -2.720000      3.269718      3.269718      6.539436
     -2.700000      4.410669      4.410669      8.821339
     -2.680000      5.610201      5.610201     11.220402
     -2.660000      6.719907      6.719907     13.439815
     -2.640000      7.575627      7.575627     15.151255
     -2.620000      8.044496      8.044496     16.088992
     -2.600000      8.070508      8.070508     16.141016
     -2.580000      7.696954      7.696954     15.393909
     -2.560000      7.053111      7.053111     14.106221
     -2.540000      6.310673      6.310673     12.621347
     -2.520000      5.631413      5.631413     11.262826
     -2.500000      5.130695      5.130695     10.261389
     -2.480000      4.869911      4.869911      9.739823
     -2.460000      4.872541      4.872541      9.745081
     -2.440000      5.145536      5.145536     10.291072
     -2.420000      5.687780      5.687780     11.375560
     -2.400000      6.479085      6.479085     12.958171
     -2.380000      7.458390      7.458390     14.916780
     -2.360000      8.508654      8.508654     17.017309
     -2.340000      9.463805      9.463805     18.927611
     -2.320000     10.141948     10.141948     20.283896
     -2.300000     10.395630     10.395630     20.791261
     -2.280000     10.160703     10.160703     20.321406
     -2.260000      9.483829      9.483829     18.967658
     -2.240000      8.515233      8.515233     17.030465
     -2.220000      7.465819      7.465819     14.931637
     -2.200000      6.542192      6.542192     13.084385
     -2.180000      5.883459      5.883459     11.766917
     -2.160000      5.524335      5.524335     11.048671
     -2.140000      5.398480      5.398480     10.796960
     -2.120000      5.378543      5.378543     10.757086
     -2.100000      5.334044      5.334044     10.668088
     -2.080000      5.182515      5.182515     10.365030
     -2.060000      4.915384      4.915384      9.830768
     -2.040000      4.593086      4.593086      9.186172
     -2.020000      4.316160      4.316160      8.632320
     -2.000000      4.185296      4.185296      8.370593
     -1.980000      4.263204      4.263204      8.526407
     -1.960000      4.548283      4.548283      9.096566
     -1.940000      4.967239      4.967239      9.934478
     -1.920000      5.390575      5.390575     10.781149
     -1.900000      5.669277      5.669277     11.338554
     -1.880000      5.682859      5.682859     11.365718
     -1.860000      5.382283      5.382283     10.764566
     -1.840000      4.811475      4.811475      9.622951
     -1.820000      4.099803      4.099803      8.199605
     -1.800000      3.430328      3.430328      6.860655
     -1.780000      2.997132      2.997132      5.994263
     -1.760000      2.964747      2.964747      5.929493
     -1.740000      3.436166      3.436166      6.872331
     -1.720000      4.430070      4.430070      8.860139
     -1.700000      5.868223      5.868223     11.736447
     -1.680000      7.578951      7.578951     15.157901
     -1.660000      9.324974      9.324974     18.649947
     -1.640000     10.857196     10.857196     21.714392
     -1.620000     11.981430     11.981430     23.962860
     -1.600000     12.612257     12.612257     25.224514
     -1.580000     12.788593     12.788593     25.577186
     -1.560000     12.642527     12.642527     25.285054
     -1.540000     12.337387     12.337387     24.674774
     -1.520000     12.006585     12.006585     24.013169
     -1.500000     11.720548     11.720548     23.441095
     -1.480000     11.488619     11.488619     22.977238
     -1.460000     11.281822     11.281822     22.563645
     -1.440000     11.055948     11.055948     22.111895
     -1.420000     10.764554     10.764554     21.529108
     -1.400000     10.366373     10.366373     20.732746
     -1.380000      9.836950      9.836950     19.673901
     -1.360000      9.186333      9.186333     18.372666
     -1.340000      8.472296      8.472296     16.944592
     -1.320000      7.794912      7.794912     15.589824
     -1.300000      7.267732      7.267732     14.535464
     -1.280000      6.976329      6.976329     13.952657
     -1.260000      6.944352      6.944352     13.888703
     -1.240000      7.123762      7.123762     14.247524
     -1.220000      7.412538      7.412538     14.825075
     -1.200000      7.689288      7.689288     15.378577
     -1.180000      7.848201      7.848201     15.696402
     -1.160000      7.821531      7.821531     15.643061
     -1.140000      7.586051      7.586051     15.172101
     -1.120000      7.157869      7.157869     14.315739
     -1.100000      6.582678      6.582678     13.165356
     -1.080000      5.926335      5.926335     11.852669
     -1.060000      5.267067      5.267067     10.534134
     -1.040000      4.688479      4.688479      9.376958
     -1.020000      4.272550      4.272550      8.545099
     -1.000000      4.092495      4.092495      8.184990
     -0.980000      4.205426      4.205426      8.410852
     -0.960000      4.644490      4.644490      9.288980
     -0.940000      5.410718      5.410718     10.821436
     -0.920000      6.466669      6.466669     12.933339
     -0.900000      7.735890      7.735890     15.471781
     -0.880000      9.112030      9.112030     18.224059
     -0.860000     10.478082     10.478082     20.956165
     -0.840000     11.730989     11.730989     23.461978
     -0.820000     12.803088     12.803088     25.606175
     -0.800000     13.672502     13.672502     27.345004
     -0.780000     14.359237     14.359237     28.718473
     -0.760000     14.909425     14.909425     29.818851
     -0.740000     15.373407     15.373407     30.746814
     -0.720000     15.783332     15.783332     31.566664
     -0.700000     16.134893     16.134893     32.269786
     -0.680000     16.377637     16.377637     32.755274
     -0.660000     16.418767     16.418767     32.837533
     -0.640000     16.143813     16.143813     32.287626
     -0.620000     15.452114     15.452114     30.904228
     -0.600000     14.297127     14.297127     28.594253
     -0.580000     12.715929     12.715929     25.431859
     -0.560000     10.833713     10.833713     21.667425
     -0.540000      8.838782      8.838782     17.677565
     -0.520000      6.937103      6.937103     13.874206
     -0.500000      5.304907      5.304907     10.609815
     -0.480000      4.057503      4.057503      8.115006
     -0.460000      3.242613      3.242613      6.485227
     -0.440000      2.853735      2.853735      5.707469
     -0.420000      2.850812      2.850812      5.701624
     -0.400000      3.175802      3.175802      6.351604
     -0.380000      3.757773      3.757773      7.515546
     -0.360000      4.511050      4.511050      9.022101
     -0.340000      5.335492      5.335492     10.670983
     -0.320000      6.127358      6.127358     12.254716
     -0.300000      6.802532      6.802532     13.605064
     -0.280000      7.324088      7.324088     14.648176
     -0.260000      7.719096      7.719096     15.438192
     -0.240000      8.070607      8.070607     16.141213
     -0.220000      8.481910      8.481910     16.963820
     -0.200000      9.026383      9.026383     18.052767
     -0.180000      9.707427      9.707427     19.414854
     -0.160000     10.450587     10.450587     20.901174
     -0.140000     11.133887     11.133887     22.267774
     -0.120000     11.642298     11.642298     23.284595
     -0.100000     11.920644     11.920644     23.841288
     -0.080000     12.002034     12.002034     24.004069
     -0.060000     12.001957     12.001957     24.003914
     -0.040000     12.081982     12.081982     24.163964
     -0.020000     12.395224     12.395224     24.790448
      0.000000     13.028731     13.028731     26.057462
      0.020000     13.959325     13.959325     27.918651
      0.040000     15.039695     15.039695     30.079390
      0.060000     16.026844     16.026844     32.053687
      0.080000     16.651659     16.651659     33.303318
      0.100000     16.708894     16.708894     33.417789
      0.120000     16.131550     16.131550     32.263100
      0.140000     15.014465     15.014465     30.028929
      0.160000     13.573287     13.573287     27.146573
      0.180000     12.057651     12.057651     24.115302
      0.200000     10.662241     10.662241     21.324482
      0.220000      9.479770      9.479770     18.959540
      0.240000      8.514108      8.514108     17.028216
      0.260000      7.735750      7.735750     15.471500
      0.280000      7.138641      7.138641     14.277282
      0.300000      6.761133      6.761133     13.522266
      0.320000      6.660423      6.660423     13.320845
      0.340000      6.860844      6.860844     13.721688
      0.360000      7.312465      7.312465     14.624931
      0.380000      7.889066      7.889066     15.778132
      0.400000      8.429982      8.429982     16.859965
      0.420000      8.804142      8.804142     17.608283
      0.440000      8.962110      8.962110     17.924220
      0.460000      8.949641      8.949641     17.899283
      0.480000      8.878194      8.878194     17.756387
      0.500000      8.870279      8.870279     17.740557
      0.520000      9.007448      9.007448     18.014896
      0.540000      9.302391      9.302391     18.604782
      0.560000      9.700798      9.700798     19.401597
      0.580000     10.104401     10.104401     20.208802
      0.600000     10.401253     10.401253     20.802506
      0.620000     10.492641     10.492641     20.985281
      0.640000     10.312403     10.312403     20.624806
      0.660000      9.838767      9.838767     19.677533
      0.680000      9.099506      9.099506     18.199013
      0.700000      8.170336      8.170336     16.340673
      0.720000      7.166113      7.166113     14.332226
      0.740000      6.225172      6.225172     12.450345
      0.760000      5.487936      5.487936     10.975872
      0.780000      5.071479      5.071479     10.142958
      0.800000      5.043046      5.043046     10.086091
      0.820000      5.398312      5.398312     10.796625
      0.840000      6.053005      6.053005     12.106009
      0.860000      6.855850      6.855850     13.711700
      0.880000      7.624339      7.624339     15.248679
      0.900000      8.194236      8.194236     16.388471
      0.920000      8.465160      8.465160     16.930321
      0.940000      8.424012      8.424012     16.848024
      0.960000      8.137062      8.137062     16.274124
      0.980000      7.715821      7.715821     15.431641
      1.000000      7.273331      7.273331     14.546662
      1.020000      6.890293      6.890293     13.780587
      1.040000      6.603404      6.603404     13.206809
      1.060000      6.415930      6.415930     12.831861
      1.080000      6.319686      6.319686     12.639373
      1.100000      6.313725      6.313725     12.627450
      1.120000      6.409496      6.409496     12.818992
      1.140000      6.621760      6.621760     13.243520
      1.160000      6.953341      6.953341     13.906681
      1.180000      7.384893      7.384893     14.769786
      1.200000      7.876874      7.876874     15.753747
      1.220000      8.382678      8.382678     16.765357
      1.240000      8.864516      8.864516     17.729032
      1.260000      9.301537      9.301537     18.603074
      1.280000      9.684321      9.684321     19.368642
      1.300000      9.998619      9.998619     19.997237
      1.320000     10.209149     10.209149     20.418299
      1.340000     10.256210     10.256210     20.512420
      1.360000     10.071802     10.071802     20.143604
      1.380000      9.610689      9.610689     19.221378
      1.400000      8.881778      8.881778     17.763556
      1.420000      7.962959      7.962959     15.925918
      1.440000      6.989861      6.989861     13.979722
      1.460000      6.121633      6.121633     12.243267
      1.480000      5.497332      5.497332     10.994663
      1.500000      5.199422      5.199422     10.398844
      1.520000      5.236301      5.236301     10.472603
      1.540000      5.547668      5.547668     11.095336
      1.560000      6.029150      6.029150     12.058300
      1.580000      6.567342      6.567342     13.134683
      1.600000      7.073255      7.073255     14.146510
      1.620000      7.501848      7.501848     15.003696
      1.640000      7.849619      7.849619     15.699239
      1.660000      8.131687      8.131687     16.263375
      1.680000      8.350724      8.350724     16.701448
      1.700000      8.475884      8.475884     16.951768
      1.720000      8.445346      8.445346     16.890692
      1.740000      8.192561      8.192561     16.385123
      1.760000      7.681891      7.681891     15.363782
      1.780000      6.933556      6.933556     13.867112
      1.800000      6.024737      6.024737     12.049475
      1.820000      5.068354      5.068354     10.136709
      1.840000      4.183410      4.183410      8.366821
      1.860000      3.472839      3.472839      6.945677
      1.880000      3.016172      3.016172      6.032343
      1.900000      2.872074      2.872074      5.744148
      1.920000      3.078659      3.078659      6.157317
      1.940000      3.642446      3.642446      7.284891
      1.960000      4.517813      4.517813      9.035626
      1.980000      5.590359      5.590359     11.180718
      2.000000      6.681266      6.681266     13.362531
      2.020000      7.581425      7.581425     15.162850
      2.040000      8.107471      8.107471     16.214943
      2.060000      8.157108      8.157108     16.314217
      2.080000      7.738497      7.738497     15.476994
      2.100000      6.960589      6.960589     13.921177
      2.120000      5.990859      5.990859     11.981718
      2.140000      5.001584      5.001584     10.003169
      2.160000      4.127507      4.127507      8.255014
      2.180000      3.447510      3.447510      6.895020
      2.200000      2.989037      2.989037      5.978074
      2.220000      2.744892      2.744892      5.489784
      2.240000      2.691207      2.691207      5.382414
      2.260000      2.800371      2.800371      5.600742
      2.280000      3.048747      3.048747      6.097493
      2.300000      3.421945      3.421945      6.843890
      2.320000      3.919132      3.919132      7.838264
      2.340000      4.554199      4.554199      9.108397
      2.360000      5.349298      5.349298     10.698596
      2.380000      6.318433      6.318433     12.636865
      2.400000      7.445396      7.445396     14.890793
      2.420000      8.667391      8.667391     17.334782
      2.440000      9.877123      9.877123     19.754247
      2.460000     10.948804     10.948804     21.897607
      2.480000     11.779960     11.779960     23.559920
      2.500000     12.329507     12.329507     24.659013
      2.520000     12.631380     12.631380     25.262759
      2.540000     12.774686     12.774686     25.549372
      2.560000     12.859300     12.859300     25.718599
      2.580000     12.948957     12.948957     25.897915
      2.600000     13.043893     13.043893     26.087785
      2.620000     13.082848     13.082848     26.165697
      2.640000     12.969178     12.969178     25.938357
      2.660000     12.607216     12.607216     25.214432
      2.680000     11.935674     11.935674     23.871347
      2.700000     10.949812     10.949812     21.899623
      2.720000      9.708131      9.708131     19.416261
      2.740000      8.321885      8.321885     16.643771
      2.760000      6.929644      6.929644     13.859288
      2.780000      5.664930      5.664930     11.329860
      2.800000      4.628724      4.628724      9.257447
      2.820000      3.876001      3.876001      7.752002
      2.840000      3.417489      3.417489      6.834977
      2.860000      3.230274      3.230274      6.460548
      2.880000      3.269504      3.269504      6.539008
      2.900000      3.478059      3.478059      6.956118
      2.920000      3.796563      3.796563      7.593126
      2.940000      4.176855      4.176855      8.353710
      2.960000      4.597219      4.597219      9.194437
      2.980000      5.071516      5.071516     10.143031
      3.000000      5.642857      5.642857     11.285714
      3.020000      6.358297      6.358297     12.716595
      3.040000      7.231935      7.231935     14.463871
      3.060000      8.213391      8.213391     16.426782
      3.080000      9.180336      9.180336     18.360671
      3.100000      9.964641      9.964641     19.929282
      3.120000     10.404968     10.404968     20.809936
      3.140000     10.403155     10.403155     20.806311
      3.160000      9.957400      9.957400     19.914800
      3.180000      9.156281      9.156281     18.312563
      3.200000      8.138482      8.138482     16.276964
      3.220000      7.040849      7.040849     14.081697
      3.240000      5.961085      5.961085     11.922170
      3.260000      4.949582      4.949582      9.899165
      3.280000      4.026816      4.026816      8.053632
      3.300000      3.210492      3.210492      6.420983
      3.320000      2.536261      2.536261      5.072522
      3.340000      2.064172      2.064172      4.128345
      3.360000      1.871837      1.871837      3.743674
      3.380000      2.038786      2.038786      4.077572
      3.400000      2.625042      2.625042      5.250084
      3.420000      3.645510      3.645510      7.291019
      3.440000      5.044379      5.044379     10.088758
      3.460000      6.679426      6.679426     13.358851
      3.480000      8.329203      8.329203     16.658406
      3.500000      9.731115      9.731115     19.462230
      3.520000     10.644857     10.644857     21.289714
      3.540000     10.920456     10.920456     21.840912
      3.560000     10.543009     10.543009     21.086019
      3.580000      9.633503      9.633503     19.267006
      3.600000      8.404352      8.404352     16.808704
      3.620000      7.089140      7.089140     14.178281
      3.640000      5.876584      5.876584     11.753169
      3.660000      4.873529      4.873529      9.747058
      3.680000      4.105019      4.105019      8.210037
      3.700000      3.541866      3.541866      7.083732
      3.720000      3.137226      3.137226      6.274452
      3.740000      2.855978      2.855978      5.711957
      3.760000      2.689504      2.689504      5.379007
      3.780000      2.656506      2.656506      5.313012
      3.800000      2.793647      2.793647      5.587295
      3.820000      3.138854      3.138854      6.277707
      3.840000      3.709307      3.709307      7.418614
      3.860000      4.478395      4.478395      8.956791
      3.880000      5.360437      5.360437     10.720874
      3.900000      6.214196      6.214196     12.428392
      3.920000      6.871378      6.871378     13.742756
      3.940000      7.184448      7.184448     14.368896
      3.960000      7.075700      7.075700     14.151400
      3.980000      6.565503      6.565503     13.131005
      4.000000      5.766527      5.766527     11.533054
      4.020000      4.847796      4.847796      9.695593
      4.040000      3.986641      3.986641      7.973282
      4.060000      3.329275      3.329275      6.658550
      4.080000      2.971589      2.971589      5.943178
      4.100000      2.958731      2.958731      5.917462
      4.120000      3.294091      3.294091      6.588183
      4.140000      3.948846      3.948846      7.897691
      4.160000      4.868891      4.868891      9.737783
      4.180000      5.980794      5.980794     11.961589
      4.200000      7.198758      7.198758     14.397516
      4.220000      8.432060      8.432060     16.864121
      4.240000      9.591023      9.591023     19.182045
      4.260000     10.591699     10.591699     21.183399
      4.280000     11.362876     11.362876     22.725752
      4.300000     11.858662     11.858662     23.717324
      4.320000     12.073776     12.073776     24.147552
      4.340000     12.050975     12.050975     24.101951
      4.360000     11.869269     11.869269     23.738539
      4.380000     11.611889     11.611889     23.223778
      4.400000     11.328715     11.328715     22.657430
      4.420000     11.016308     11.016308     22.032615
      4.440000     10.630731     10.630731     21.261461
      4.460000     10.127501     10.127501     20.255001
      4.480000      9.503875      9.503875     19.007750
      4.500000      8.815917      8.815917     17.631834
      4.520000      8.159046      8.159046     16.318092
      4.540000      7.624713      7.624713     15.249426
      4.560000      7.260670      7.260670     14.521339
      4.580000      7.058290      7.058290     14.116581
      4.600000      6.971284      6.971284     13.942569
      4.620000      6.949595      6.949595     13.899190
      4.640000      6.963912      6.963912     13.927823
      4.660000      7.004845      7.004845     14.009689
      4.680000      7.059876      7.059876     14.119752
      4.700000      7.087629      7.087629     14.175257
      4.720000      7.011586      7.011586     14.023172
      4.740000      6.742360      6.742360     13.484719
      4.760000      6.217841      6.217841     12.435683
      4.780000      5.437776      5.437776     10.875552
      4.800000      4.472148      4.472148      8.944297
      4.820000      3.438733      3.438733      6.877466
      4.840000      2.462739      2.462739      4.925479
      4.860000      1.639334      1.639334      3.278667
      4.880000      1.014721      1.014721      2.029442
      4.900000      0.589212      0.589212      1.178424
      4.920000      0.335099      0.335099      0.670198
      4.940000      0.218422      0.218422      0.436843
      4.960000      0.216130      0.216130      0.432260
      4.980000      0.324678      0.324678      0.649357
      5.000000      0.559344      0.559344      1.118688
      5.020000      0.944939      0.944939      1.889878
      5.040000      1.499576      1.499576      2.999153
      5.060000      2.215308      2.215308      4.430616
      5.080000      3.042458      3.042458      6.084916
      5.100000      3.885937      3.885937      7.771874
      5.120000      4.619193      4.619193      9.238385
      5.140000      5.114371      5.114371     10.228743
      5.160000      5.278930      5.278930     10.557859
      5.180000      5.084387      5.084387     10.168775
      5.200000      4.575505      4.575505      9.151010
      5.220000      3.856886      3.856886      7.713772
      5.240000      3.063903      3.063903      6.127806
      5.260000      2.330465      2.330465      4.660930
      5.280000      1.765018      1.765018      3.530037
      5.300000      1.440041      1.440041      2.880083
      5.320000      1.393445      1.393445      2.786889
      5.340000      1.636417      1.636417      3.272833
      5.360000      2.162425      2.162425      4.324850
      5.380000      2.954443      2.954443      5.908887
      5.400000      3.989304      3.989304      7.978609
      5.420000      5.238200      5.238200     10.476400
      5.440000      6.662140      6.662140     13.324280
      5.460000      8.202871      8.202871     16.405742
      5.480000      9.773658      9.773658     19.547316
      5.500000     11.257472     11.257472     22.514943
      5.520000     12.518803     12.518803     25.037605
      5.540000     13.428762     13.428762     26.857525
      5.560000     13.895337     13.895337     27.790675
      5.580000     13.887094     13.887094     27.774189
      5.600000     13.441833     13.441833     26.883667
      5.620000     12.658997     12.658997     25.317994
      5.640000     11.680935     11.680935     23.361870
      5.660000     10.669814     10.669814     21.339628
      5.680000      9.784373      9.784373     19.568747
      5.700000      9.157190      9.157190     18.314379
      5.720000      8.872173      8.872173     17.744345
      5.740000      8.945026      8.945026     17.890052
      5.760000      9.314187      9.314187     18.628374
      5.780000      9.851584      9.851584     19.703168
      5.800000     10.397248     10.397248     20.794497
      5.820000     10.809881     10.809881     21.619761
      5.840000     11.013319     11.013319     22.026638
      5.860000     11.015710     11.015710     22.031420
      5.880000     10.889180     10.889180     21.778360
      5.900000     10.718697     10.718697     21.437393
      5.920000     10.547361     10.547361     21.094723
      5.940000     10.349057     10.349057     20.698114
      5.960000     10.044610     10.044610     20.089220
      5.980000      9.552808      9.552808     19.105616
      6.000000      8.847762      8.847762     17.695523
      6.020000      7.990979      7.990979     15.981959
      6.040000      7.121049      7.121049     14.242099
      6.060000      6.406520      6.406520     12.813040
      6.080000      5.985249      5.985249     11.970498
      6.100000      5.917559      5.917559     11.835118
      6.120000      6.171084      6.171084     12.342167
      6.140000      6.639123      6.639123     13.278245
      6.160000      7.180512      7.180512     14.361024
      6.180000      7.663228      7.663228     15.326456
      6.200000      7.996960      7.996960     15.993919
      6.220000      8.147921      8.147921     16.295842
      6.240000      8.136871      8.136871     16.273743
      6.260000      8.024971      8.024971     16.049942
      6.280000      7.891963      7.891963     15.783926
      6.300000      7.810437      7.810437     15.620875
      6.320000      7.821505      7.821505     15.643010
      6.340000      7.920164      7.920164     15.840327
      6.360000      8.058737      8.058737     16.117473
      6.380000      8.170249      8.170249     16.340498
      6.400000      8.202152      8.202152     16.404304
      6.420000      8.141933      8.141933     16.283867
      6.440000      8.018000      8.018000     16.035999
      6.460000      7.873471      7.873471     15.746942
      6.480000      7.729048      7.729048     15.458095
      6.500000      7.560801      7.560801     15.121601
      6.520000      7.311051      7.311051     14.622103
      6.540000      6.929088      6.929088     13.858176
      6.560000      6.417467      6.417467     12.834934
      6.580000      5.853735      5.853735     11.707471
      6.600000      5.371008      5.371008     10.742016
      6.620000      5.104980      5.104980     10.209960
      6.640000      5.134507      5.134507     10.269014
      6.660000      5.446589      5.446589     10.893179
      6.680000      5.943576      5.943576     11.887152
      6.700000      6.488618      6.488618     12.977237
      6.720000      6.966344      6.966344     13.932687
      6.740000      7.328713      7.328713     14.657426
      6.760000      7.604407      7.604407     15.208814
      6.780000      7.869509      7.869509     15.739018
      6.800000      8.197403      8.197403     16.394806
      6.820000      8.615477      8.615477     17.230953
      6.840000      9.090162      9.090162     18.180325
      6.860000      9.544387      9.544387     19.088774
      6.880000      9.893656      9.893656     19.787312
      6.900000     10.079385     10.079385     20.158769
      6.920000     10.083637     10.083637     20.167275
      6.940000      9.922599      9.922599     19.845198
      6.960000      9.627553      9.627553     19.255106
      6.980000      9.225880      9.225880     18.451759
      7.000000      8.730990      8.730990     17.461981
      7.020000      8.143865      8.143865     16.287729
      7.040000      7.464004      7.464004     14.928008
      7.060000      6.705111      6.705111     13.410221
      7.080000      5.909571      5.909571     11.819142
      7.100000      5.155506      5.155506     10.311012
      7.120000      4.551699      4.551699      9.103398
      7.140000      4.219638      4.219638      8.439275
      7.160000      4.266709      4.266709      8.533419
      7.180000      4.757736      4.757736      9.515471
      7.200000      5.692167      5.692167     11.384335
      7.220000      6.992403      6.992403     13.984806
      7.240000      8.506766      8.506766     17.013531
      7.260000     10.029181     10.029181     20.058362
      7.280000     11.335066     11.335066     22.670131
      7.300000     12.228055     12.228055     24.456109
      7.320000     12.586064     12.586064     25.172127
      7.340000     12.391744     12.391744     24.783488
      7.360000     11.735447     11.735447     23.470893
      7.380000     10.788471     10.788471     21.576942
      7.400000      9.755847      9.755847     19.511693
      7.420000      8.824595      8.824595     17.649190
      7.440000      8.122145      8.122145     16.244289
      7.460000      7.692988      7.692988     15.385976
      7.480000      7.495686      7.495686     14.991371
      7.500000      7.420057      7.420057     14.840115
      7.520000      7.323451      7.323451     14.646902
      7.540000      7.080747      7.080747     14.161493
      7.560000      6.634907      6.634907     13.269813
      7.580000      6.029203      6.029203     12.058406
      7.600000      5.405459      5.405459     10.810918
      7.620000      4.965295      4.965295      9.930590
      7.640000      4.906635      4.906635      9.813271
      7.660000      5.357193      5.357193     10.714386
      7.680000      6.326930      6.326930     12.653860
      7.700000      7.694797      7.694797     15.389595
      7.720000      9.234970      9.234970     18.469940
      7.740000     10.675964     10.675964     21.351929
      7.760000     11.774034     11.774034     23.548068
      7.780000     12.374571     12.374571     24.749142
      7.800000     12.438225     12.438225     24.876450
      7.820000     12.024083     12.024083     24.048166
      7.840000     11.243360     11.243360     22.486720
      7.860000     10.210707     10.210707     20.421414
      7.880000      9.017215      9.017215     18.034430
      7.900000      7.732133      7.732133     15.464265
      7.920000      6.421691      6.421691     12.843382
      7.940000      5.165627      5.165627     10.331253
      7.960000      4.058115      4.058115      8.116230
      7.980000      3.192881      3.192881      6.385762
      8.000000      2.642294      2.642294      5.284588
      8.020000      2.442155      2.442155      4.884310
      8.040000      2.589019      2.589019      5.178038
      8.060000      3.050057      3.050057      6.100114
      8.080000      3.780123      3.780123      7.560245
      8.100000      4.737984      4.737984      9.475967
      8.120000      5.893512      5.893512     11.787025
      8.140000      7.220398      7.220398     14.440795
      8.160000      8.675020      8.675020     17.350040
      8.180000     10.170461     10.170461     20.340922
      8.200000     11.561405     11.561405     23.122810
      8.220000     12.655737     12.655737     25.311475
      8.240000     13.258780     13.258780     26.517561
      8.260000     13.239010     13.239010     26.478021
      8.280000     12.588659     12.588659     25.177317
      8.300000     11.449277     11.449277     22.898555
      8.320000     10.085548     10.085548     20.171096
      8.340000      8.814324      8.814324     17.628649
      8.360000      7.916954      7.916954     15.833908
      8.380000      7.569381      7.569381     15.138763
      8.400000      7.813655      7.813655     15.627310
      8.420000      8.573364      8.573364     17.146729
      8.440000      9.696447      9.696447     19.392894
      8.460000     11.001479     11.001479     22.002958
      8.480000     12.310229     12.310229     24.620458
      8.500000     13.463749     13.463749     26.927498
      8.520000     14.331029     14.331029     28.662058
      8.540000     14.820349     14.820349     29.640698
      8.560000     14.894682     14.894682     29.789365
      8.580000     14.582424     14.582424     29.164848
      8.600000     13.972607     13.972607     27.945214
      8.620000     13.191399     13.191399     26.382798
      8.640000     12.367513     12.367513     24.735025
      8.660000     11.600099     11.600099     23.200198
      8.680000     10.940989     10.940989     21.881977
      8.700000     10.396855     10.396855     20.793710
      8.720000      9.949748      9.949748     19.899497
      8.740000      9.587501      9.587501     19.175002
      8.760000      9.329387      9.329387     18.658774
      8.780000      9.230665      9.230665     18.461330
      8.800000      9.357106      9.357106     18.714213
      8.820000      9.737222      9.737222     19.474443
      8.840000     10.316976     10.316976     20.633951
      8.860000     10.946866     10.946866     21.893732
      8.880000     11.417662     11.417662     22.835325
      8.900000     11.534889     11.534889     23.069777
      8.920000     11.198701     11.198701     22.397403
      8.940000     10.449907     10.449907     20.899814
      8.960000      9.458376      9.458376     18.916753
      8.980000      8.458262      8.458262     16.916524
      9.000000      7.659640      7.659640     15.319280
      9.020000      7.175714      7.175714     14.351429
      9.040000      6.995075      6.995075     13.990150
      9.060000      7.005973      7.005973     14.011946
      9.080000      7.056036      7.056036     14.112072
      9.100000      7.017421      7.017421     14.034841
      9.120000      6.829482      6.829482     13.658963
      9.140000      6.505812      6.505812     13.011624
      9.160000      6.111031      6.111031     12.222062
      9.180000      5.724976      5.724976     11.449953
      9.200000      5.412783      5.412783     10.825566
      9.220000      5.210786      5.210786     10.421572
      9.240000      5.127453      5.127453     10.254907
      9.260000      5.152456      5.152456     10.304912
      9.280000      5.267587      5.267587     10.535174
      9.300000      5.457269      5.457269     10.914537
      9.320000      5.718639      5.718639     11.437278
      9.340000      6.069249      6.069249     12.138498
      9.360000      6.546644      6.546644     13.093287
      9.380000      7.193798      7.193798     14.387597
      9.400000      8.030856      8.030856     16.061713
      9.420000      9.024269      9.024269     18.048538
      9.440000     10.071560     10.071560     20.143121
      9.460000     11.016105     11.016105     22.032211
      9.480000     11.691257     11.691257     23.382513
      9.500000     11.975734     11.975734     23.951469
      9.520000     11.834647     11.834647     23.669294
      9.540000     11.328794     11.328794     22.657589
      9.560000     10.592993     10.592993     21.185987
      9.580000      9.798678      9.798678     19.597356
      9.600000      9.117394      9.117394     18.234789
      9.620000      8.692230      8.692230     17.384459
      9.640000      8.614689      8.614689     17.229378
      9.660000      8.904164      8.904164     17.808328
      9.680000      9.494834      9.494834     18.989668
      9.700000     10.241108     10.241108     20.482216
      9.720000     10.949080     10.949080     21.898161
      9.740000     11.428589     11.428589     22.857178
      9.760000     11.547371     11.547371     23.094741
      9.780000     11.265362     11.265362     22.530724
      9.800000     10.636117     10.636117     21.272233
      9.820000      9.777856      9.777856     19.555711
      9.840000      8.829480      8.829480     17.658961
      9.860000      7.910560      7.910560     15.821120
      9.880000      7.098723      7.098723     14.197447
      9.900000      6.427852      6.427852     12.855704
      9.920000      5.901740      5.901740     11.803480
      9.940000      5.513867      5.513867     11.027734
      9.960000      5.264776      5.264776     10.529551
      9.980000      5.172156      5.172156     10.344312
     10.000000      5.272595      5.272595     10.545189
