# EIG2DOS: Utility for SIESTA to obtain the electronic density of states
#  E. Artacho, Apr 1999, A. Garcia, Apr 2012
# ------------------------------------------
# Eigenvalues read from GRP_doping.EIG
# Using smearing parameter:   0.100
# Using   1001 points in energy range
# Selected bands: 1 to: 936
# Emin, emax in file for selected band(s):    -39.3929200    236.2541800
# Nbands, Nspin, Nk   =    936     1   231
# E_F                 =    -3.6662 eV --> (shifted to ZERO)
# Broadening          =     0.1000 eV
#
#        E            N(up)  (=)   N(down)         Ntot
    -10.000000      0.562053      0.562053      1.124106
     -9.980000      0.628924      0.628924      1.257847
     -9.960000      0.915986      0.915986      1.831972
     -9.940000      1.487097      1.487097      2.974193
     -9.920000      2.398384      2.398384      4.796768
     -9.900000      3.672510      3.672510      7.345021
     -9.880000      5.270319      5.270319     10.540639
     -9.860000      7.075141      7.075141     14.150282
     -9.840000      8.903516      8.903516     17.807032
     -9.820000     10.544740     10.544740     21.089481
     -9.800000     11.815601     11.815601     23.631203
     -9.780000     12.606287     12.606287     25.212574
     -9.760000     12.897217     12.897217     25.794434
     -9.740000     12.743140     12.743140     25.486281
     -9.720000     12.239022     12.239022     24.478043
     -9.700000     11.489049     11.489049     22.978099
     -9.680000     10.591567     10.591567     21.183135
     -9.660000      9.637233      9.637233     19.274465
     -9.640000      8.708345      8.708345     17.416690
     -9.620000      7.870576      7.870576     15.741152
     -9.600000      7.159318      7.159318     14.318636
     -9.580000      6.570897      6.570897     13.141794
     -9.560000      6.067484      6.067484     12.134968
     -9.540000      5.596235      5.596235     11.192470
     -9.520000      5.115239      5.115239     10.230478
     -9.500000      4.616172      4.616172      9.232343
     -9.480000      4.135706      4.135706      8.271412
     -9.460000      3.751557      3.751557      7.503114
     -9.440000      3.562876      3.562876      7.125752
     -9.420000      3.659017      3.659017      7.318034
     -9.400000      4.085887      4.085887      8.171774
     -9.380000      4.823059      4.823059      9.646118
     -9.360000      5.783677      5.783677     11.567354
     -9.340000      6.840673      6.840673     13.681346
     -9.320000      7.869664      7.869664     15.739329
     -9.300000      8.788773      8.788773     17.577546
     -9.280000      9.576124      9.576124     19.152247
     -9.260000     10.257928     10.257928     20.515857
     -9.240000     10.876302     10.876302     21.752603
     -9.220000     11.455429     11.455429     22.910857
     -9.200000     11.981993     11.981993     23.963986
     -9.180000     12.404754     12.404754     24.809508
     -9.160000     12.647912     12.647912     25.295825
     -9.140000     12.629693     12.629693     25.259386
     -9.120000     12.280766     12.280766     24.561533
     -9.100000     11.561281     11.561281     23.122562
     -9.080000     10.475889     10.475889     20.951779
     -9.060000      9.083196      9.083196     18.166391
     -9.040000      7.493548      7.493548     14.987095
     -9.020000      5.851225      5.851225     11.702449
     -9.000000      4.303980      4.303980      8.607960
     -8.980000      2.970267      2.970267      5.940534
     -8.960000      1.916684      1.916684      3.833367
     -8.940000      1.153283      1.153283      2.306566
     -8.920000      0.645645      0.645645      1.291290
     -8.900000      0.335715      0.335715      0.671431
     -8.880000      0.161919      0.161919      0.323837
     -8.860000      0.072388      0.072388      0.144776
     -8.840000      0.030070      0.030070      0.060140
     -8.820000      0.011952      0.011952      0.023903
     -8.800000      0.005715      0.005715      0.011430
     -8.780000      0.006486      0.006486      0.012972
     -8.760000      0.015234      0.015234      0.030468
     -8.740000      0.039531      0.039531      0.079062
     -8.720000      0.096866      0.096866      0.193731
     -8.700000      0.219929      0.219929      0.439858
     -8.680000      0.461794      0.461794      0.923589
     -8.660000      0.896672      0.896672      1.793343
     -8.640000      1.610250      1.610250      3.220501
     -8.620000      2.674846      2.674846      5.349692
     -8.600000      4.110814      4.110814      8.221628
     -8.580000      5.846140      5.846140     11.692281
     -8.560000      7.695400      7.695400     15.390799
     -8.540000      9.379108      9.379108     18.758215
     -8.520000     10.590040     10.590040     21.180081
     -8.500000     11.088771     11.088771     22.177543
     -8.480000     10.790527     10.790527     21.581055
     -8.460000      9.803915      9.803915     19.607830
     -8.440000      8.402576      8.402576     16.805152
     -8.420000      6.941794      6.941794     13.883588
     -8.400000      5.755151      5.755151     11.510303
     -8.380000      5.069936      5.069936     10.139873
     -8.360000      4.966365      4.966365      9.932729
     -8.340000      5.385792      5.385792     10.771584
     -8.320000      6.176796      6.176796     12.353591
     -8.300000      7.158541      7.158541     14.317083
     -8.280000      8.177861      8.177861     16.355721
     -8.260000      9.140530      9.140530     18.281061
     -8.240000     10.009257     10.009257     20.018514
     -8.220000     10.777305     10.777305     21.554611
     -8.200000     11.438446     11.438446     22.876892
     -8.180000     11.972533     11.972533     23.945066
     -8.160000     12.352334     12.352334     24.704669
     -8.140000     12.561694     12.561694     25.123388
     -8.120000     12.609091     12.609091     25.218182
     -8.100000     12.526741     12.526741     25.053482
     -8.080000     12.356376     12.356376     24.712752
     -8.060000     12.130041     12.130041     24.260082
     -8.040000     11.854724     11.854724     23.709449
     -8.020000     11.506480     11.506480     23.012959
     -8.000000     11.036366     11.036366     22.072731
     -7.980000     10.387515     10.387515     20.775030
     -7.960000      9.518869      9.518869     19.037737
     -7.940000      8.427346      8.427346     16.854693
     -7.920000      7.159275      7.159275     14.318550
     -7.900000      5.805710      5.805710     11.611421
     -7.880000      4.483507      4.483507      8.967015
     -7.860000      3.310434      3.310434      6.620868
     -7.840000      2.384433      2.384433      4.768866
     -7.820000      1.773260      1.773260      3.546520
     -7.800000      1.513731      1.513731      3.027462
     -7.780000      1.614099      1.614099      3.228199
     -7.760000      2.052541      2.052541      4.105081
     -7.740000      2.770177      2.770177      5.540354
     -7.720000      3.665295      3.665295      7.330590
     -7.700000      4.600321      4.600321      9.200641
     -7.680000      5.429503      5.429503     10.859006
     -7.660000      6.043122      6.043122     12.086244
     -7.640000      6.410311      6.410311     12.820622
     -7.620000      6.597403      6.597403     13.194806
     -7.600000      6.747947      6.747947     13.495894
     -7.580000      7.030122      7.030122     14.060245
     -7.560000      7.574783      7.574783     15.149565
     -7.540000      8.430932      8.430932     16.861864
     -7.520000      9.553068      9.553068     19.106135
     -7.500000     10.816354     10.816354     21.632708
     -7.480000     12.044824     12.044824     24.089648
     -7.460000     13.041029     13.041029     26.082058
     -7.440000     13.616607     13.616607     27.233215
     -7.420000     13.629207     13.629207     27.258414
     -7.400000     13.025008     13.025008     26.050015
     -7.380000     11.873004     11.873004     23.746007
     -7.360000     10.370332     10.370332     20.740663
     -7.340000      8.805691      8.805691     17.611383
     -7.320000      7.486737      7.486737     14.973474
     -7.300000      6.655026      6.655026     13.310052
     -7.280000      6.418418      6.418418     12.836836
     -7.260000      6.723928      6.723928     13.447856
     -7.240000      7.379307      7.379307     14.758614
     -7.220000      8.115532      8.115532     16.231064
     -7.200000      8.669480      8.669480     17.338960
     -7.180000      8.859560      8.859560     17.719119
     -7.160000      8.629775      8.629775     17.259551
     -7.140000      8.050145      8.050145     16.100291
     -7.120000      7.279079      7.279079     14.558158
     -7.100000      6.507581      6.507581     13.015163
     -7.080000      5.908300      5.908300     11.816600
     -7.060000      5.603699      5.603699     11.207397
     -7.040000      5.653894      5.653894     11.307788
     -7.020000      6.055674      6.055674     12.111349
     -7.000000      6.745068      6.745068     13.490136
     -6.980000      7.603468      7.603468     15.206935
     -6.960000      8.473341      8.473341     16.946682
     -6.940000      9.187454      9.187454     18.374908
     -6.920000      9.606624      9.606624     19.213249
     -6.900000      9.653133      9.653133     19.306267
     -6.880000      9.327381      9.327381     18.654762
     -6.860000      8.704173      8.704173     17.408347
     -6.840000      7.914816      7.914816     15.829631
     -6.820000      7.124256      7.124256     14.248513
     -6.800000      6.507792      6.507792     13.015584
     -6.780000      6.225289      6.225289     12.450578
     -6.760000      6.389872      6.389872     12.779744
     -6.740000      7.034513      7.034513     14.069026
     -6.720000      8.088929      8.088929     16.177858
     -6.700000      9.382433      9.382433     18.764865
     -6.680000     10.680672     10.680672     21.361344
     -6.660000     11.747787     11.747787     23.495574
     -6.640000     12.409799     12.409799     24.819598
     -6.620000     12.591349     12.591349     25.182698
     -6.600000     12.311018     12.311018     24.622036
     -6.580000     11.643639     11.643639     23.287279
     -6.560000     10.675846     10.675846     21.351692
     -6.540000      9.481008      9.481008     18.962017
     -6.520000      8.122234      8.122234     16.244468
     -6.500000      6.671122      6.671122     13.342244
     -6.480000      5.221259      5.221259     10.442518
     -6.460000      3.883771      3.883771      7.767543
     -6.440000      2.768625      2.768625      5.537250
     -6.420000      1.965850      1.965850      3.931699
     -6.400000      1.538407      1.538407      3.076814
     -6.380000      1.526912      1.526912      3.053824
     -6.360000      1.955773      1.955773      3.911546
     -6.340000      2.828448      2.828448      5.656895
     -6.320000      4.107551      4.107551      8.215102
     -6.300000      5.688422      5.688422     11.376845
     -6.280000      7.384349      7.384349     14.768698
     -6.260000      8.941155      8.941155     17.882311
     -6.240000     10.086611     10.086611     20.173223
     -6.220000     10.601571     10.601571     21.203143
     -6.200000     10.385413     10.385413     20.770827
     -6.180000      9.487621      9.487621     18.975241
     -6.160000      8.091784      8.091784     16.183569
     -6.140000      6.460025      6.460025     12.920050
     -6.120000      4.862460      4.862460      9.724920
     -6.100000      3.519217      3.519217      7.038434
     -6.080000      2.571906      2.571906      5.143812
     -6.060000      2.085154      2.085154      4.170308
     -6.040000      2.066258      2.066258      4.132515
     -6.020000      2.487255      2.487255      4.974511
     -6.000000      3.297943      3.297943      6.595885
     -5.980000      4.426157      4.426157      8.852315
     -5.960000      5.768954      5.768954     11.537907
     -5.940000      7.183272      7.183272     14.366544
     -5.920000      8.486755      8.486755     16.973509
     -5.900000      9.477339      9.477339     18.954678
     -5.880000      9.972871      9.972871     19.945742
     -5.860000      9.860530      9.860530     19.721059
     -5.840000      9.136183      9.136183     18.272366
     -5.820000      7.913474      7.913474     15.826948
     -5.800000      6.394422      6.394422     12.788843
     -5.780000      4.811801      4.811801      9.623602
     -5.760000      3.367173      3.367173      6.734346
     -5.740000      2.188645      2.188645      4.377291
     -5.720000      1.320212      1.320212      2.640424
     -5.700000      0.738555      0.738555      1.477109
     -5.680000      0.383118      0.383118      0.766237
     -5.660000      0.184761      0.184761      0.369523
     -5.640000      0.084522      0.084522      0.169045
     -5.620000      0.041513      0.041513      0.083026
     -5.600000      0.033612      0.033612      0.067223
     -5.580000      0.055665      0.055665      0.111329
     -5.560000      0.118465      0.118465      0.236929
     -5.540000      0.249437      0.249437      0.498874
     -5.520000      0.493651      0.493651      0.987303
     -5.500000      0.912060      0.912060      1.824120
     -5.480000      1.573418      1.573418      3.146835
     -5.460000      2.537898      2.537898      5.075795
     -5.440000      3.834231      3.834231      7.668463
     -5.420000      5.436972      5.436972     10.873944
     -5.400000      7.253441      7.253441     14.506883
     -5.380000      9.128329      9.128329     18.256658
     -5.360000     10.867393     10.867393     21.734786
     -5.340000     12.273447     12.273447     24.546894
     -5.320000     13.182853     13.182853     26.365707
     -5.300000     13.492196     13.492196     26.984392
     -5.280000     13.171024     13.171024     26.342049
     -5.260000     12.262507     12.262507     24.525015
     -5.240000     10.875462     10.875462     21.750924
     -5.220000      9.169026      9.169026     18.338052
     -5.200000      7.329527      7.329527     14.659053
     -5.180000      5.541114      5.541114     11.082228
     -5.160000      3.956469      3.956469      7.912937
     -5.140000      2.676915      2.676915      5.353830
     -5.120000      1.749035      1.749035      3.498070
     -5.100000      1.178001      1.178001      2.356002
     -5.080000      0.950316      0.950316      1.900632
     -5.060000      1.054601      1.054601      2.109201
     -5.040000      1.490337      1.490337      2.980673
     -5.020000      2.260204      2.260204      4.520409
     -5.000000      3.349512      3.349512      6.699024
     -4.980000      4.703151      4.703151      9.406303
     -4.960000      6.213225      6.213225     12.426449
     -4.940000      7.726779      7.726779     15.453559
     -4.920000      9.073775      9.073775     18.147551
     -4.900000     10.105233     10.105233     20.210466
     -4.880000     10.726610     10.726610     21.453220
     -4.860000     10.914930     10.914930     21.829861
     -4.840000     10.717361     10.717361     21.434721
     -4.820000     10.237180     10.237180     20.474360
     -4.800000      9.615251      9.615251     19.230502
     -4.780000      9.011178      9.011178     18.022355
     -4.760000      8.582956      8.582956     17.165911
     -4.740000      8.461965      8.461965     16.923931
     -4.720000      8.723378      8.723378     17.446755
     -4.700000      9.358396      9.358396     18.716792
     -4.680000     10.260126     10.260126     20.520252
     -4.660000     11.235162     11.235162     22.470324
     -4.640000     12.046096     12.046096     24.092193
     -4.620000     12.477627     12.477627     24.955254
     -4.600000     12.406223     12.406223     24.812447
     -4.580000     11.847642     11.847642     23.695284
     -4.560000     10.962037     10.962037     21.924073
     -4.540000     10.011115     10.011115     20.022231
     -4.520000      9.279060      9.279060     18.558120
     -4.500000      8.981959      8.981959     17.963918
     -4.480000      9.195621      9.195621     18.391242
     -4.460000      9.827850      9.827850     19.655701
     -4.440000     10.648508     10.648508     21.297017
     -4.420000     11.370421     11.370421     22.740842
     -4.400000     11.752261     11.752261     23.504522
     -4.380000     11.681442     11.681442     23.362885
     -4.360000     11.200684     11.200684     22.401367
     -4.340000     10.467295     10.467295     20.934589
     -4.320000      9.667769      9.667769     19.335537
     -4.300000      8.933061      8.933061     17.866122
     -4.280000      8.297734      8.297734     16.595468
     -4.260000      7.719472      7.719472     15.438944
     -4.240000      7.140230      7.140230     14.280460
     -4.220000      6.547793      6.547793     13.095587
     -4.200000      5.999713      5.999713     11.999427
     -4.180000      5.596987      5.596987     11.193974
     -4.160000      5.425773      5.425773     10.851546
     -4.140000      5.503539      5.503539     11.007078
     -4.120000      5.762269      5.762269     11.524537
     -4.100000      6.079665      6.079665     12.159329
     -4.080000      6.342386      6.342386     12.684772
     -4.060000      6.507326      6.507326     13.014652
     -4.040000      6.626602      6.626602     13.253203
     -4.020000      6.819715      6.819715     13.639430
     -4.000000      7.203841      7.203841     14.407681
     -3.980000      7.816787      7.816787     15.633574
     -3.960000      8.573887      8.573887     17.147774
     -3.940000      9.284844      9.284844     18.569689
     -3.920000      9.726017      9.726017     19.452033
     -3.900000      9.733990      9.733990     19.467981
     -3.880000      9.274645      9.274645     18.549289
     -3.860000      8.455268      8.455268     16.910536
     -3.840000      7.477538      7.477538     14.955076
     -3.820000      6.558081      6.558081     13.116161
     -3.800000      5.855016      5.855016     11.710031
     -3.780000      5.429703      5.429703     10.859407
     -3.760000      5.251690      5.251690     10.503380
     -3.740000      5.234863      5.234863     10.469725
     -3.720000      5.283036      5.283036     10.566073
     -3.700000      5.325087      5.325087     10.650173
     -3.680000      5.329341      5.329341     10.658683
     -3.660000      5.298416      5.298416     10.596831
     -3.640000      5.253776      5.253776     10.507553
     -3.620000      5.220999      5.220999     10.441997
     -3.600000      5.222064      5.222064     10.444127
     -3.580000      5.273839      5.273839     10.547678
     -3.560000      5.387178      5.387178     10.774356
     -3.540000      5.562238      5.562238     11.124477
     -3.520000      5.781417      5.781417     11.562834
     -3.500000      6.006600      6.006600     12.013200
     -3.480000      6.187000      6.187000     12.374001
     -3.460000      6.276994      6.276994     12.553988
     -3.440000      6.255000      6.255000     12.509999
     -3.420000      6.131770      6.131770     12.263539
     -3.400000      5.942549      5.942549     11.885097
     -3.380000      5.728427      5.728427     11.456853
     -3.360000      5.519469      5.519469     11.038937
     -3.340000      5.330107      5.330107     10.660213
     -3.320000      5.167673      5.167673     10.335346
     -3.300000      5.045455      5.045455     10.090910
     -3.280000      4.989178      4.989178      9.978356
     -3.260000      5.031098      5.031098     10.062196
     -3.240000      5.194085      5.194085     10.388170
     -3.220000      5.473586      5.473586     10.947172
     -3.200000      5.826166      5.826166     11.652333
     -3.180000      6.170588      6.170588     12.341176
     -3.160000      6.403231      6.403231     12.806462
     -3.140000      6.424815      6.424815     12.849631
     -3.120000      6.170617      6.170617     12.341234
     -3.100000      5.633430      5.633430     11.266860
     -3.080000      4.869830      4.869830      9.739660
     -3.060000      3.986461      3.986461      7.972921
     -3.040000      3.111347      3.111347      6.222695
     -3.020000      2.361152      2.361152      4.722303
     -3.000000      1.815574      1.815574      3.631148
     -2.980000      1.505470      1.505470      3.010939
     -2.960000      1.414999      1.414999      2.829998
     -2.940000      1.493887      1.493887      2.987773
     -2.920000      1.674645      1.674645      3.349290
     -2.900000      1.890473      1.890473      3.780946
     -2.880000      2.090730      2.090730      4.181459
     -2.860000      2.251832      2.251832      4.503663
     -2.840000      2.382232      2.382232      4.764464
     -2.820000      2.521002      2.521002      5.042005
     -2.800000      2.729967      2.729967      5.459934
     -2.780000      3.079210      3.079210      6.158421
     -2.760000      3.626022      3.626022      7.252044
     -2.740000      4.389571      4.389571      8.779142
     -2.720000      5.328186      5.328186     10.656371
     -2.700000      6.330388      6.330388     12.660776
     -2.680000      7.230108      7.230108     14.460216
     -2.660000      7.847914      7.847914     15.695827
     -2.640000      8.046599      8.046599     16.093199
     -2.620000      7.779298      7.779298     15.558597
     -2.600000      7.109215      7.109215     14.218429
     -2.580000      6.192686      6.192686     12.385372
     -2.560000      5.233887      5.233887     10.467775
     -2.540000      4.429939      4.429939      8.859879
     -2.520000      3.924836      3.924836      7.849671
     -2.500000      3.782755      3.782755      7.565510
     -2.480000      3.983010      3.983010      7.966020
     -2.460000      4.434452      4.434452      8.868905
     -2.440000      5.005692      5.005692     10.011383
     -2.420000      5.565388      5.565388     11.130776
     -2.400000      6.022542      6.022542     12.045083
     -2.380000      6.352747      6.352747     12.705495
     -2.360000      6.597923      6.597923     13.195846
     -2.340000      6.836878      6.836878     13.673756
     -2.320000      7.138894      7.138894     14.277787
     -2.300000      7.523276      7.523276     15.046552
     -2.280000      7.946075      7.946075     15.892149
     -2.260000      8.320109      8.320109     16.640218
     -2.240000      8.555390      8.555390     17.110780
     -2.220000      8.597045      8.597045     17.194090
     -2.200000      8.443370      8.443370     16.886740
     -2.180000      8.142063      8.142063     16.284125
     -2.160000      7.775394      7.775394     15.550788
     -2.140000      7.445938      7.445938     14.891875
     -2.120000      7.265268      7.265268     14.530536
     -2.100000      7.338588      7.338588     14.677176
     -2.080000      7.737761      7.737761     15.475523
     -2.060000      8.465084      8.465084     16.930169
     -2.040000      9.423308      9.423308     18.846616
     -2.020000     10.413671     10.413671     20.827342
     -2.000000     11.176136     11.176136     22.352272
     -1.980000     11.466181     11.466181     22.932363
     -1.960000     11.140620     11.140620     22.281239
     -1.940000     10.214789     10.214789     20.429579
     -1.920000      8.863413      8.863413     17.726826
     -1.900000      7.363335      7.363335     14.726669
     -1.880000      6.003556      6.003556     12.007113
     -1.860000      5.000878      5.000878     10.001756
     -1.840000      4.452320      4.452320      8.904641
     -1.820000      4.335148      4.335148      8.670297
     -1.800000      4.544649      4.544649      9.089297
     -1.780000      4.948513      4.948513      9.897025
     -1.760000      5.436595      5.436595     10.873191
     -1.740000      5.951640      5.951640     11.903280
     -1.720000      6.495022      6.495022     12.990043
     -1.700000      7.108920      7.108920     14.217840
     -1.680000      7.842548      7.842548     15.685096
     -1.660000      8.715257      8.715257     17.430514
     -1.640000      9.691678      9.691678     19.383356
     -1.620000     10.680457     10.680457     21.360914
     -1.600000     11.557790     11.557790     23.115581
     -1.580000     12.204228     12.204228     24.408457
     -1.560000     12.536085     12.536085     25.072170
     -1.540000     12.516979     12.516979     25.033958
     -1.520000     12.148488     12.148488     24.296976
     -1.500000     11.452251     11.452251     22.904501
     -1.480000     10.459331     10.459331     20.918663
     -1.460000      9.214025      9.214025     18.428050
     -1.440000      7.785831      7.785831     15.571661
     -1.420000      6.275849      6.275849     12.551698
     -1.400000      4.807873      4.807873      9.615746
     -1.380000      3.505949      3.505949      7.011898
     -1.360000      2.469809      2.469809      4.939617
     -1.340000      1.760457      1.760457      3.520914
     -1.320000      1.400828      1.400828      2.801657
     -1.300000      1.387074      1.387074      2.774148
     -1.280000      1.700953      1.700953      3.401905
     -1.260000      2.315194      2.315194      4.630388
     -1.240000      3.189484      3.189484      6.378969
     -1.220000      4.261073      4.261073      8.522146
     -1.200000      5.437662      5.437662     10.875324
     -1.180000      6.599706      6.599706     13.199411
     -1.160000      7.614812      7.614812     15.229623
     -1.140000      8.360821      8.360821     16.721641
     -1.120000      8.749667      8.749667     17.499334
     -1.100000      8.743983      8.743983     17.487966
     -1.080000      8.362536      8.362536     16.725072
     -1.060000      7.675985      7.675985     15.351969
     -1.040000      6.797232      6.797232     13.594464
     -1.020000      5.869410      5.869410     11.738820
     -1.000000      5.051192      5.051192     10.102384
     -0.980000      4.497312      4.497312      8.994625
     -0.960000      4.333971      4.333971      8.667943
     -0.940000      4.633317      4.633317      9.266634
     -0.920000      5.395341      5.395341     10.790681
     -0.900000      6.546176      6.546176     13.092352
     -0.880000      7.957331      7.957331     15.914661
     -0.860000      9.481859      9.481859     18.963718
     -0.840000     10.994631     10.994631     21.989262
     -0.820000     12.419957     12.419957     24.839914
     -0.800000     13.734618     13.734618     27.469236
     -0.780000     14.946346     14.946346     29.892691
     -0.760000     16.060234     16.060234     32.120467
     -0.740000     17.050579     17.050579     34.101158
     -0.720000     17.850614     17.850614     35.701227
     -0.700000     18.362200     18.362200     36.724400
     -0.680000     18.479416     18.479416     36.958833
     -0.660000     18.117767     18.117767     36.235534
     -0.640000     17.242086     17.242086     34.484172
     -0.620000     15.886614     15.886614     31.773228
     -0.600000     14.159750     14.159750     28.319501
     -0.580000     12.227551     12.227551     24.455103
     -0.560000     10.277501     10.277501     20.555002
     -0.540000      8.474682      8.474682     16.949364
     -0.520000      6.928672      6.928672     13.857343
     -0.500000      5.685211      5.685211     11.370423
     -0.480000      4.743462      4.743462      9.486923
     -0.460000      4.085790      4.085790      8.171579
     -0.440000      3.701501      3.701501      7.403003
     -0.420000      3.591724      3.591724      7.183449
     -0.400000      3.755463      3.755463      7.510926
     -0.380000      4.168579      4.168579      8.337157
     -0.360000      4.771602      4.771602      9.543205
     -0.340000      5.477007      5.477007     10.954015
     -0.320000      6.194902      6.194902     12.389803
     -0.300000      6.864279      6.864279     13.728558
     -0.280000      7.471732      7.471732     14.943465
     -0.260000      8.044963      8.044963     16.089926
     -0.240000      8.622713      8.622713     17.245426
     -0.220000      9.217928      9.217928     18.435856
     -0.200000      9.796959      9.796959     19.593919
     -0.180000     10.289479     10.289479     20.578957
     -0.160000     10.625915     10.625915     21.251831
     -0.140000     10.782835     10.782835     21.565669
     -0.120000     10.811579     10.811579     21.623158
     -0.100000     10.833771     10.833771     21.667541
     -0.080000     11.002971     11.002971     22.005943
     -0.060000     11.446658     11.446658     22.893316
     -0.040000     12.210781     12.210781     24.421563
     -0.020000     13.228761     13.228761     26.457522
      0.000000     14.328548     14.328548     28.657096
      0.020000     15.278106     15.278106     30.556212
      0.040000     15.855643     15.855643     31.711287
      0.060000     15.921356     15.921356     31.842713
      0.080000     15.465898     15.465898     30.931797
      0.100000     14.617853     14.617853     29.235706
      0.120000     13.605765     13.605765     27.211531
      0.140000     12.685952     12.685952     25.371903
      0.160000     12.060550     12.060550     24.121100
      0.180000     11.815840     11.815840     23.631680
      0.200000     11.904507     11.904507     23.809014
      0.220000     12.177639     12.177639     24.355278
      0.240000     12.449952     12.449952     24.899904
      0.260000     12.566832     12.566832     25.133664
      0.280000     12.443647     12.443647     24.887293
      0.300000     12.066093     12.066093     24.132186
      0.320000     11.463511     11.463511     22.927022
      0.340000     10.679766     10.679766     21.359531
      0.360000      9.760727      9.760727     19.521454
      0.380000      8.759704      8.759704     17.519409
      0.400000      7.747262      7.747262     15.494524
      0.420000      6.810859      6.810859     13.621719
      0.440000      6.041206      6.041206     12.082413
      0.460000      5.514547      5.514547     11.029094
      0.480000      5.282505      5.282505     10.565009
      0.500000      5.372671      5.372671     10.745343
      0.520000      5.792345      5.792345     11.584690
      0.540000      6.524532      6.524532     13.049064
      0.560000      7.512769      7.512769     15.025537
      0.580000      8.643983      8.643983     17.287966
      0.600000      9.746732      9.746732     19.493464
      0.620000     10.618512     10.618512     21.237024
      0.640000     11.080721     11.080721     22.161442
      0.660000     11.041663     11.041663     22.083326
      0.680000     10.538259     10.538259     21.076518
      0.700000      9.733130      9.733130     19.466261
      0.720000      8.863222      8.863222     17.726443
      0.740000      8.158609      8.158609     16.317218
      0.760000      7.763690      7.763690     15.527380
      0.780000      7.691468      7.691468     15.382936
      0.800000      7.827214      7.827214     15.654428
      0.820000      7.977869      7.977869     15.955738
      0.840000      7.946581      7.946581     15.893162
      0.860000      7.603757      7.603757     15.207514
      0.880000      6.929517      6.929517     13.859034
      0.900000      6.015445      6.015445     12.030890
      0.920000      5.030211      5.030211     10.060423
      0.940000      4.166434      4.166434      8.332869
      0.960000      3.589817      3.589817      7.179634
      0.980000      3.406042      3.406042      6.812084
      1.000000      3.650499      3.650499      7.300997
      1.020000      4.296325      4.296325      8.592649
      1.040000      5.271129      5.271129     10.542257
      1.060000      6.472855      6.472855     12.945709
      1.080000      7.779451      7.779451     15.558901
      1.100000      9.053305      9.053305     18.106610
      1.120000     10.146929     10.146929     20.293857
      1.140000     10.917707     10.917707     21.835413
      1.160000     11.254646     11.254646     22.509291
      1.180000     11.110683     11.110683     22.221365
      1.200000     10.526269     10.526269     21.052538
      1.220000      9.629836      9.629836     19.259672
      1.240000      8.609954      8.609954     17.219908
      1.260000      7.667448      7.667448     15.334896
      1.280000      6.965280      6.965280     13.930559
      1.300000      6.594396      6.594396     13.188791
      1.320000      6.565630      6.565630     13.131260
      1.340000      6.826245      6.826245     13.652489
      1.360000      7.290329      7.290329     14.580657
      1.380000      7.868459      7.868459     15.736918
      1.400000      8.484747      8.484747     16.969494
      1.420000      9.077272      9.077272     18.154544
      1.440000      9.587442      9.587442     19.174885
      1.460000      9.949936      9.949936     19.899872
      1.480000     10.093827     10.093827     20.187653
      1.500000      9.957552      9.957552     19.915103
      1.520000      9.510681      9.510681     19.021362
      1.540000      8.770300      8.770300     17.540601
      1.560000      7.802473      7.802473     15.604945
      1.580000      6.707426      6.707426     13.414852
      1.600000      5.595236      5.595236     11.190471
      1.620000      4.562135      4.562135      9.124270
      1.640000      3.675336      3.675336      7.350672
      1.660000      2.969034      2.969034      5.938068
      1.680000      2.449547      2.449547      4.899094
      1.700000      2.105265      2.105265      4.210529
      1.720000      1.917102      1.917102      3.834204
      1.740000      1.866481      1.866481      3.732962
      1.760000      1.939592      1.939592      3.879184
      1.780000      2.128456      2.128456      4.256912
      1.800000      2.430512      2.430512      4.861023
      1.820000      2.848404      2.848404      5.696807
      1.840000      3.389747      3.389747      6.779494
      1.860000      4.063960      4.063960      8.127919
      1.880000      4.872300      4.872300      9.744601
      1.900000      5.790570      5.790570     11.581141
      1.920000      6.751076      6.751076     13.502152
      1.940000      7.636541      7.636541     15.273082
      1.960000      8.297327      8.297327     16.594653
      1.980000      8.592285      8.592285     17.184570
      2.000000      8.438453      8.438453     16.876906
      2.020000      7.846202      7.846202     15.692403
      2.040000      6.921663      6.921663     13.843325
      2.060000      5.834800      5.834800     11.669600
      2.080000      4.768562      4.768562      9.537124
      2.100000      3.871495      3.871495      7.742990
      2.120000      3.230390      3.230390      6.460780
      2.140000      2.867027      2.867027      5.734054
      2.160000      2.752678      2.752678      5.505356
      2.180000      2.830509      2.830509      5.661018
      2.200000      3.038158      3.038158      6.076316
      2.220000      3.326316      3.326316      6.652632
      2.240000      3.670962      3.670962      7.341925
      2.260000      4.077115      4.077115      8.154230
      2.280000      4.572547      4.572547      9.145094
      2.300000      5.192520      5.192520     10.385040
      2.320000      5.960543      5.960543     11.921086
      2.340000      6.873057      6.873057     13.746115
      2.360000      7.895032      7.895032     15.790064
      2.380000      8.968258      8.968258     17.936516
      2.400000     10.027145     10.027145     20.054290
      2.420000     11.012600     11.012600     22.025200
      2.440000     11.876561     11.876561     23.753121
      2.460000     12.577377     12.577377     25.154754
      2.480000     13.074210     13.074210     26.148421
      2.500000     13.330370     13.330370     26.660739
      2.520000     13.328381     13.328381     26.656761
      2.540000     13.088087     13.088087     26.176175
      2.560000     12.672766     12.672766     25.345533
      2.580000     12.174011     12.174011     24.348021
      2.600000     11.681286     11.681286     23.362572
      2.620000     11.254676     11.254676     22.509353
      2.640000     10.917839     10.917839     21.835678
      2.660000     10.672355     10.672355     21.344710
      2.680000     10.517401     10.517401     21.034802
      2.700000     10.455084     10.455084     20.910167
      2.720000     10.475506     10.475506     20.951012
      2.740000     10.534908     10.534908     21.069817
      2.760000     10.548396     10.548396     21.096793
      2.780000     10.409087     10.409087     20.818173
      2.800000     10.026263     10.026263     20.052525
      2.820000      9.361818      9.361818     18.723637
      2.840000      8.446052      8.446052     16.892104
      2.860000      7.367504      7.367504     14.735009
      2.880000      6.245952      6.245952     12.491904
      2.900000      5.203691      5.203691     10.407383
      2.920000      4.346539      4.346539      8.693079
      2.940000      3.757580      3.757580      7.515159
      2.960000      3.499416      3.499416      6.998832
      2.980000      3.617527      3.617527      7.235054
      3.000000      4.138119      4.138119      8.276238
      3.020000      5.057576      5.057576     10.115153
      3.040000      6.326064      6.326064     12.652127
      3.060000      7.833340      7.833340     15.666680
      3.080000      9.407614      9.407614     18.815228
      3.100000     10.835461     10.835461     21.670922
      3.120000     11.902157     11.902157     23.804314
      3.140000     12.441049     12.441049     24.882097
      3.160000     12.374185     12.374185     24.748370
      3.180000     11.729039     11.729039     23.458078
      3.200000     10.626716     10.626716     21.253432
      3.220000      9.249245      9.249245     18.498490
      3.240000      7.800222      7.800222     15.600443
      3.260000      6.471329      6.471329     12.942659
      3.280000      5.419986      5.419986     10.839972
      3.300000      4.756005      4.756005      9.512011
      3.320000      4.532098      4.532098      9.064196
      3.340000      4.735264      4.735264      9.470528
      3.360000      5.281613      5.281613     10.563226
      3.380000      6.021895      6.021895     12.043790
      3.400000      6.764851      6.764851     13.529703
      3.420000      7.318468      7.318468     14.636936
      3.440000      7.538322      7.538322     15.076645
      3.460000      7.364620      7.364620     14.729240
      3.480000      6.831875      6.831875     13.663750
      3.500000      6.047861      6.047861     12.095721
      3.520000      5.153857      5.153857     10.307713
      3.540000      4.286162      4.286162      8.572323
      3.560000      3.554283      3.554283      7.108566
      3.580000      3.038009      3.038009      6.076018
      3.600000      2.793259      2.793259      5.586518
      3.620000      2.853208      2.853208      5.706417
      3.640000      3.218183      3.218183      6.436366
      3.660000      3.839865      3.839865      7.679730
      3.680000      4.614113      4.614113      9.228226
      3.700000      5.395646      5.395646     10.791292
      3.720000      6.036299      6.036299     12.072599
      3.740000      6.432861      6.432861     12.865722
      3.760000      6.561068      6.561068     13.122136
      3.780000      6.476813      6.476813     12.953627
      3.800000      6.282717      6.282717     12.565434
      3.820000      6.077403      6.077403     12.154807
      3.840000      5.913768      5.913768     11.827536
      3.860000      5.785986      5.785986     11.571971
      3.880000      5.648491      5.648491     11.296982
      3.900000      5.454530      5.454530     10.909059
      3.920000      5.195104      5.195104     10.390208
      3.940000      4.921827      4.921827      9.843655
      3.960000      4.744811      4.744811      9.489621
      3.980000      4.804802      4.804802      9.609604
      4.000000      5.225932      5.225932     10.451863
      4.020000      6.062083      6.062083     12.124165
      4.040000      7.255465      7.255465     14.510930
      4.060000      8.627103      8.627103     17.254207
      4.080000      9.911703      9.911703     19.823405
      4.100000     10.832911     10.832911     21.665821
      4.120000     11.194949     11.194949     22.389898
      4.140000     10.953577     10.953577     21.907154
      4.160000     10.233134     10.233134     20.466267
      4.180000      9.278429      9.278429     18.556858
      4.200000      8.360877      8.360877     16.721755
      4.220000      7.681158      7.681158     15.362316
      4.240000      7.312615      7.312615     14.625231
      4.260000      7.208598      7.208598     14.417196
      4.280000      7.263813      7.263813     14.527626
      4.300000      7.392321      7.392321     14.784642
      4.320000      7.577997      7.577997     15.155994
      4.340000      7.870806      7.870806     15.741612
      4.360000      8.334121      8.334121     16.668242
      4.380000      8.976333      8.976333     17.952665
      4.400000      9.708311      9.708311     19.416623
      4.420000     10.352957     10.352957     20.705914
      4.440000     10.704008     10.704008     21.408017
      4.460000     10.605688     10.605688     21.211376
      4.480000     10.016188     10.016188     20.032376
      4.500000      9.028846      9.028846     18.057691
      4.520000      7.846270      7.846270     15.692540
      4.540000      6.721787      6.721787     13.443573
      4.560000      5.890722      5.890722     11.781445
      4.580000      5.511273      5.511273     11.022546
      4.600000      5.627080      5.627080     11.254159
      4.620000      6.157350      6.157350     12.314700
      4.640000      6.916727      6.916727     13.833453
      4.660000      7.663026      7.663026     15.326052
      4.680000      8.163405      8.163405     16.326810
      4.700000      8.260294      8.260294     16.520588
      4.720000      7.914191      7.914191     15.828381
      4.740000      7.206981      7.206981     14.413961
      4.760000      6.305764      6.305764     12.611528
      4.780000      5.404349      5.404349     10.808699
      4.800000      4.667251      4.667251      9.334501
      4.820000      4.195258      4.195258      8.390516
      4.840000      4.017733      4.017733      8.035466
      4.860000      4.104326      4.104326      8.208652
      4.880000      4.384465      4.384465      8.768931
      4.900000      4.766396      4.766396      9.532792
      4.920000      5.153426      5.153426     10.306852
      4.940000      5.458224      5.458224     10.916447
      4.960000      5.615162      5.615162     11.230324
      4.980000      5.588401      5.588401     11.176803
      5.000000      5.373032      5.373032     10.746064
      5.020000      4.989185      4.989185      9.978371
      5.040000      4.472469      4.472469      8.944937
      5.060000      3.865349      3.865349      7.730697
      5.080000      3.212110      3.212110      6.424221
      5.100000      2.556632      2.556632      5.113263
      5.120000      1.940346      1.940346      3.880692
      5.140000      1.398769      1.398769      2.797538
      5.160000      0.957534      0.957534      1.915069
      5.180000      0.630640      0.630640      1.261280
      5.200000      0.423071      0.423071      0.846142
      5.220000      0.337620      0.337620      0.675240
      5.240000      0.383139      0.383139      0.766277
      5.260000      0.579929      0.579929      1.159858
      5.280000      0.958270      0.958270      1.916540
      5.300000      1.548243      1.548243      3.096486
      5.320000      2.362930      2.362930      4.725859
      5.340000      3.381337      3.381337      6.762674
      5.360000      4.539683      4.539683      9.079366
      5.380000      5.737306      5.737306     11.474612
      5.400000      6.856438      6.856438     13.712877
      5.420000      7.787341      7.787341     15.574683
      5.440000      8.447659      8.447659     16.895317
      5.460000      8.790114      8.790114     17.580227
      5.480000      8.801991      8.801991     17.603982
      5.500000      8.505076      8.505076     17.010152
      5.520000      7.960660      7.960660     15.921320
      5.540000      7.274132      7.274132     14.548265
      5.560000      6.587075      6.587075     13.174149
      5.580000      6.049150      6.049150     12.098299
      5.600000      5.775759      5.775759     11.551518
      5.620000      5.810494      5.810494     11.620987
      5.640000      6.113430      6.113430     12.226860
      5.660000      6.584374      6.584374     13.168747
      5.680000      7.110971      7.110971     14.221942
      5.700000      7.617010      7.617010     15.234019
      5.720000      8.085546      8.085546     16.171092
      5.740000      8.545634      8.545634     17.091268
      5.760000      9.032062      9.032062     18.064124
      5.780000      9.542373      9.542373     19.084746
      5.800000     10.016004     10.016004     20.032009
      5.820000     10.347260     10.347260     20.694519
      5.840000     10.425628     10.425628     20.851256
      5.860000     10.184061     10.184061     20.368121
      5.880000      9.633687      9.633687     19.267373
      5.900000      8.870906      8.870906     17.741813
      5.920000      8.054488      8.054488     16.108976
      5.940000      7.360975      7.360975     14.721950
      5.960000      6.933277      6.933277     13.866554
      5.980000      6.838897      6.838897     13.677793
      6.000000      7.051033      7.051033     14.102065
      6.020000      7.458934      7.458934     14.917868
      6.040000      7.904802      7.904802     15.809604
      6.060000      8.235601      8.235601     16.471202
      6.080000      8.352097      8.352097     16.704194
      6.100000      8.237309      8.237309     16.474617
      6.120000      7.953694      7.953694     15.907389
      6.140000      7.610998      7.610998     15.221995
      6.160000      7.319073      7.319073     14.638147
      6.180000      7.145788      7.145788     14.291576
      6.200000      7.096096      7.096096     14.192192
      6.220000      7.117314      7.117314     14.234627
      6.240000      7.124188      7.124188     14.248376
      6.260000      7.031534      7.031534     14.063067
      6.280000      6.783303      6.783303     13.566606
      6.300000      6.371710      6.371710     12.743419
      6.320000      5.843982      5.843982     11.687963
      6.340000      5.295714      5.295714     10.591427
      6.360000      4.850375      4.850375      9.700750
      6.380000      4.627306      4.627306      9.254611
      6.400000      4.706148      4.706148      9.412295
      6.420000      5.100970      5.100970     10.201941
      6.440000      5.757109      5.757109     11.514218
      6.460000      6.575016      6.575016     13.150032
      6.480000      7.451081      7.451081     14.902162
      6.500000      8.313994      8.313994     16.627987
      6.520000      9.135779      9.135779     18.271558
      6.540000      9.911284      9.911284     19.822569
      6.560000     10.620521     10.620521     21.241042
      6.580000     11.200931     11.200931     22.401862
      6.600000     11.551728     11.551728     23.103456
      6.620000     11.572408     11.572408     23.144817
      6.640000     11.215459     11.215459     22.430918
      6.660000     10.523511     10.523511     21.047023
      6.680000      9.629191      9.629191     19.258382
      6.700000      8.715739      8.715739     17.431478
      6.720000      7.956013      7.956013     15.912025
      6.740000      7.456777      7.456777     14.913554
      6.760000      7.231040      7.231040     14.462080
      6.780000      7.207280      7.207280     14.414561
      6.800000      7.267913      7.267913     14.535827
      6.820000      7.297914      7.297914     14.595827
      6.840000      7.222874      7.222874     14.445748
      6.860000      7.023906      7.023906     14.047812
      6.880000      6.729528      6.729528     13.459057
      6.900000      6.394739      6.394739     12.789478
      6.920000      6.079838      6.079838     12.159677
      6.940000      5.836763      5.836763     11.673526
      6.960000      5.703380      5.703380     11.406760
      6.980000      5.701578      5.701578     11.403156
      7.000000      5.835078      5.835078     11.670155
      7.020000      6.086195      6.086195     12.172390
      7.040000      6.414325      6.414325     12.828650
      7.060000      6.760437      6.760437     13.520875
      7.080000      7.060437      7.060437     14.120873
      7.100000      7.266193      7.266193     14.532385
      7.120000      7.367816      7.367816     14.735633
      7.140000      7.406986      7.406986     14.813972
      7.160000      7.471716      7.471716     14.943433
      7.180000      7.669192      7.669192     15.338385
      7.200000      8.083360      8.083360     16.166721
      7.220000      8.733284      8.733284     17.466567
      7.240000      9.551525      9.551525     19.103050
      7.260000     10.395746     10.395746     20.791493
      7.280000     11.092411     11.092411     22.184822
      7.300000     11.495099     11.495099     22.990197
      7.320000     11.530881     11.530881     23.061762
      7.340000     11.213388     11.213388     22.426776
      7.360000     10.619461     10.619461     21.238922
      7.380000      9.846832      9.846832     19.693663
      7.400000      8.979496      8.979496     17.958993
      7.420000      8.078945      8.078945     16.157891
      7.440000      7.199562      7.199562     14.399125
      7.460000      6.409672      6.409672     12.819343
      7.480000      5.797344      5.797344     11.594689
      7.500000      5.452535      5.452535     10.905070
      7.520000      5.434578      5.434578     10.869155
      7.540000      5.744551      5.744551     11.489102
      7.560000      6.319454      6.319454     12.638908
      7.580000      7.052275      7.052275     14.104550
      7.600000      7.827391      7.827391     15.654783
      7.620000      8.552960      8.552960     17.105919
      7.640000      9.175154      9.175154     18.350308
      7.660000      9.670698      9.670698     19.341397
      7.680000     10.026808     10.026808     20.053616
      7.700000     10.223738     10.223738     20.447477
      7.720000     10.231555     10.231555     20.463109
      7.740000     10.022724     10.022724     20.045448
      7.760000      9.592548      9.592548     19.185095
      7.780000      8.975620      8.975620     17.951240
      7.800000      8.249182      8.249182     16.498365
      7.820000      7.520310      7.520310     15.040619
      7.840000      6.899948      6.899948     13.799897
      7.860000      6.471445      6.471445     12.942890
      7.880000      6.264191      6.264191     12.528381
      7.900000      6.243449      6.243449     12.486898
      7.920000      6.323333      6.323333     12.646667
      7.940000      6.400874      6.400874     12.801747
      7.960000      6.398636      6.398636     12.797272
      7.980000      6.297767      6.297767     12.595534
      8.000000      6.147186      6.147186     12.294373
      8.020000      6.046425      6.046425     12.092850
      8.040000      6.111998      6.111998     12.223997
      8.060000      6.442539      6.442539     12.885078
      8.080000      7.093631      7.093631     14.187261
      8.100000      8.064133      8.064133     16.128266
      8.120000      9.289678      9.289678     18.579356
      8.140000     10.640843     10.640843     21.281686
      8.160000     11.930860     11.930860     23.861721
      8.180000     12.942366     12.942366     25.884731
      8.200000     13.477516     13.477516     26.955031
      8.220000     13.421428     13.421428     26.842857
      8.240000     12.794724     12.794724     25.589448
      8.260000     11.768360     11.768360     23.536720
      8.280000     10.627234     10.627234     21.254467
      8.300000      9.691599      9.691599     19.383198
      8.320000      9.224575      9.224575     18.449149
      8.340000      9.359952      9.359952     18.719903
      8.360000     10.075161     10.075161     20.150321
      8.380000     11.214890     11.214890     22.429779
      8.400000     12.550353     12.550353     25.100706
      8.420000     13.846464     13.846464     27.692927
      8.440000     14.910148     14.910148     29.820296
      8.460000     15.607405     15.607405     31.214809
      8.480000     15.856048     15.856048     31.712097
      8.500000     15.613098     15.613098     31.226195
      8.520000     14.872735     14.872735     29.745469
      8.540000     13.676413     13.676413     27.352827
      8.560000     12.123220     12.123220     24.246439
      8.580000     10.366554     10.366554     20.733108
      8.600000      8.592741      8.592741     17.185482
      8.620000      6.989140      6.989140     13.978280
      8.640000      5.714383      5.714383     11.428765
      8.660000      4.879549      4.879549      9.759097
      8.680000      4.541697      4.541697      9.083395
      8.700000      4.706310      4.706310      9.412621
      8.720000      5.334614      5.334614     10.669228
      8.740000      6.353028      6.353028     12.706055
      8.760000      7.662420      7.662420     15.324840
      8.780000      9.144590      9.144590     18.289181
      8.800000     10.664730     10.664730     21.329460
      8.820000     12.072740     12.072740     24.145481
      8.840000     13.210703     13.210703     26.421407
      8.860000     13.933448     13.933448     27.866896
      8.880000     14.141311     14.141311     28.282622
      8.900000     13.812667     13.812667     27.625335
      8.920000     13.017594     13.017594     26.035188
      8.940000     11.900296     11.900296     23.800591
      8.960000     10.634548     10.634548     21.269097
      8.980000      9.372482      9.372482     18.744964
      9.000000      8.210914      8.210914     16.421829
      9.020000      7.188413      7.188413     14.376827
      9.040000      6.308310      6.308310     12.616619
      9.060000      5.569908      5.569908     11.139817
      9.080000      4.989139      4.989139      9.978277
      9.100000      4.598938      4.598938      9.197875
      9.120000      4.431640      4.431640      8.863281
      9.140000      4.494040      4.494040      8.988080
      9.160000      4.748191      4.748191      9.496382
      9.180000      5.108402      5.108402     10.216804
      9.200000      5.458964      5.458964     10.917928
      9.220000      5.689252      5.689252     11.378505
      9.240000      5.734850      5.734850     11.469700
      9.260000      5.608344      5.608344     11.216687
      9.280000      5.404997      5.404997     10.809993
      9.300000      5.277384      5.277384     10.554768
      9.320000      5.385733      5.385733     10.771466
      9.340000      5.840889      5.840889     11.681777
      9.360000      6.659778      6.659778     13.319556
      9.380000      7.748744      7.748744     15.497489
      9.400000      8.921406      8.921406     17.842811
      9.420000      9.947994      9.947994     19.895987
      9.440000     10.623756     10.623756     21.247512
      9.460000     10.835876     10.835876     21.671752
      9.480000     10.604712     10.604712     21.209423
      9.500000     10.080706     10.080706     20.161411
      9.520000      9.494540      9.494540     18.989080
      9.540000      9.078934      9.078934     18.157868
      9.560000      8.994223      8.994223     17.988445
      9.580000      9.287264      9.287264     18.574528
      9.600000      9.895223      9.895223     19.790446
      9.620000     10.683552     10.683552     21.367104
      9.640000     11.494591     11.494591     22.989182
      9.660000     12.185739     12.185739     24.371479
      9.680000     12.649401     12.649401     25.298801
      9.700000     12.819774     12.819774     25.639549
      9.720000     12.675626     12.675626     25.351251
      9.740000     12.243041     12.243041     24.486082
      9.760000     11.594512     11.594512     23.189025
      9.780000     10.837923     10.837923     21.675846
      9.800000     10.093510     10.093510     20.187020
      9.820000      9.464742      9.464742     18.929484
      9.840000      9.013868      9.013868     18.027735
      9.860000      8.751045      8.751045     17.502091
      9.880000      8.639243      8.639243     17.278486
      9.900000      8.610657      8.610657     17.221314
      9.920000      8.588393      8.588393     17.176786
      9.940000      8.509245      8.509245     17.018490
      9.960000      8.345560      8.345560     16.691120
      9.980000      8.122757      8.122757     16.245514
     10.000000      7.924784      7.924784     15.849568
