# EIG2DOS: Utility for SIESTA to obtain the electronic density of states
#  E. Artacho, Apr 1999, A. Garcia, Apr 2012
# ------------------------------------------
# Eigenvalues read from GRP_doping.EIG
# Using smearing parameter:   0.100
# Using   1001 points in energy range
# Selected bands: 1 to: 936
# Emin, emax in file for selected band(s):    -24.0518900    246.7795600
# Nbands, Nspin, Nk   =    936     1    56
# E_F                 =    -5.3317 eV --> (shifted to ZERO)
# Broadening          =     0.1000 eV
#
#        E            N(up)  (=)   N(down)         Ntot
    -10.000000      4.853404      4.853404      9.706808
     -9.980000      4.774375      4.774375      9.548751
     -9.960000      4.749031      4.749031      9.498063
     -9.940000      4.798949      4.798949      9.597897
     -9.920000      4.938457      4.938457      9.876914
     -9.900000      5.167241      5.167241     10.334481
     -9.880000      5.464461      5.464461     10.928923
     -9.860000      5.789274      5.789274     11.578547
     -9.840000      6.089834      6.089834     12.179668
     -9.820000      6.318213      6.318213     12.636427
     -9.800000      6.444933      6.444933     12.889865
     -9.780000      6.466507      6.466507     12.933015
     -9.760000      6.402829      6.402829     12.805657
     -9.740000      6.286352      6.286352     12.572704
     -9.720000      6.148916      6.148916     12.297832
     -9.700000      6.012342      6.012342     12.024684
     -9.680000      5.886021      5.886021     11.772041
     -9.660000      5.770479      5.770479     11.540958
     -9.640000      5.663170      5.663170     11.326340
     -9.620000      5.562686      5.562686     11.125372
     -9.600000      5.469771      5.469771     10.939543
     -9.580000      5.386094      5.386094     10.772187
     -9.560000      5.312944      5.312944     10.625889
     -9.540000      5.251419      5.251419     10.502838
     -9.520000      5.203928      5.203928     10.407856
     -9.500000      5.175576      5.175576     10.351153
     -9.480000      5.173924      5.173924     10.347848
     -9.460000      5.206758      5.206758     10.413516
     -9.440000      5.278938      5.278938     10.557876
     -9.420000      5.390071      5.390071     10.780142
     -9.400000      5.534361      5.534361     11.068721
     -9.380000      5.702679      5.702679     11.405358
     -9.360000      5.885568      5.885568     11.771136
     -9.340000      6.075412      6.075412     12.150824
     -9.320000      6.266808      6.266808     12.533616
     -9.300000      6.455590      6.455590     12.911181
     -9.280000      6.637850      6.637850     13.275699
     -9.260000      6.809735      6.809735     13.619471
     -9.240000      6.967460      6.967460     13.934921
     -9.220000      7.106263      7.106263     14.212526
     -9.200000      7.218153      7.218153     14.436305
     -9.180000      7.290246      7.290246     14.580492
     -9.160000      7.306303      7.306303     14.612607
     -9.140000      7.252480      7.252480     14.504961
     -9.120000      7.125223      7.125223     14.250447
     -9.100000      6.937171      6.937171     13.874341
     -9.080000      6.717512      6.717512     13.435024
     -9.060000      6.506094      6.506094     13.012189
     -9.040000      6.343545      6.343545     12.687090
     -9.020000      6.261079      6.261079     12.522158
     -9.000000      6.273133      6.273133     12.546266
     -8.980000      6.374537      6.374537     12.749073
     -8.960000      6.542613      6.542613     13.085227
     -8.940000      6.743657      6.743657     13.487315
     -8.920000      6.942370      6.942370     13.884740
     -8.900000      7.111760      7.111760     14.223519
     -8.880000      7.240157      7.240157     14.480314
     -8.860000      7.332318      7.332318     14.664635
     -8.840000      7.403640      7.403640     14.807280
     -8.820000      7.469813      7.469813     14.939626
     -8.800000      7.536863      7.536863     15.073727
     -8.780000      7.596782      7.596782     15.193564
     -8.760000      7.631176      7.631176     15.262352
     -8.740000      7.621159      7.621159     15.242317
     -8.720000      7.558431      7.558431     15.116862
     -8.700000      7.451978      7.451978     14.903957
     -8.680000      7.327138      7.327138     14.654277
     -8.660000      7.217475      7.217475     14.434951
     -8.640000      7.153103      7.153103     14.306206
     -8.620000      7.150359      7.150359     14.300717
     -8.600000      7.206822      7.206822     14.413645
     -8.580000      7.303215      7.303215     14.606431
     -8.560000      7.410963      7.410963     14.821926
     -8.540000      7.502184      7.502184     15.004369
     -8.520000      7.558212      7.558212     15.116424
     -8.500000      7.573502      7.573502     15.147003
     -8.480000      7.553785      7.553785     15.107571
     -8.460000      7.509879      7.509879     15.019758
     -8.440000      7.450576      7.450576     14.901153
     -8.420000      7.378389      7.378389     14.756778
     -8.400000      7.290068      7.290068     14.580137
     -8.380000      7.180955      7.180955     14.361910
     -8.360000      7.050075      7.050075     14.100150
     -8.340000      6.902956      6.902956     13.805913
     -8.320000      6.751060      6.751060     13.502121
     -8.300000      6.608823      6.608823     13.217646
     -8.280000      6.490070      6.490070     12.980140
     -8.260000      6.404939      6.404939     12.809877
     -8.240000      6.357593      6.357593     12.715186
     -8.220000      6.344984      6.344984     12.689967
     -8.200000      6.357327      6.357327     12.714653
     -8.180000      6.380862      6.380862     12.761724
     -8.160000      6.402328      6.402328     12.804656
     -8.140000      6.413354      6.413354     12.826707
     -8.120000      6.412819      6.412819     12.825638
     -8.100000      6.406418      6.406418     12.812836
     -8.080000      6.404153      6.404153     12.808306
     -8.060000      6.417195      6.417195     12.834391
     -8.040000      6.455152      6.455152     12.910304
     -8.020000      6.524020      6.524020     13.048041
     -8.000000      6.624716      6.624716     13.249433
     -7.980000      6.752261      6.752261     13.504522
     -7.960000      6.896128      6.896128     13.792257
     -7.940000      7.042380      7.042380     14.084760
     -7.920000      7.177589      7.177589     14.355178
     -7.900000      7.293329      7.293329     14.586659
     -7.880000      7.388873      7.388873     14.777745
     -7.860000      7.469921      7.469921     14.939841
     -7.840000      7.543248      7.543248     15.086497
     -7.820000      7.610105      7.610105     15.220211
     -7.800000      7.662819      7.662819     15.325638
     -7.780000      7.687504      7.687504     15.375008
     -7.760000      7.671748      7.671748     15.343496
     -7.740000      7.612520      7.612520     15.225040
     -7.720000      7.519308      7.519308     15.038616
     -7.700000      7.410935      7.410935     14.821871
     -7.680000      7.308944      7.308944     14.617887
     -7.660000      7.232309      7.232309     14.464617
     -7.640000      7.196187      7.196187     14.392374
     -7.620000      7.213296      7.213296     14.426591
     -7.600000      7.293960      7.293960     14.587919
     -7.580000      7.442012      7.442012     14.884023
     -7.560000      7.647686      7.647686     15.295372
     -7.540000      7.882278      7.882278     15.764555
     -7.520000      8.099825      8.099825     16.199650
     -7.500000      8.247902      8.247902     16.495805
     -7.480000      8.284543      8.284543     16.569086
     -7.460000      8.194263      8.194263     16.388526
     -7.440000      7.995489      7.995489     15.990978
     -7.420000      7.735153      7.735153     15.470305
     -7.400000      7.472296      7.472296     14.944592
     -7.380000      7.258128      7.258128     14.516255
     -7.360000      7.121767      7.121767     14.243535
     -7.340000      7.067655      7.067655     14.135309
     -7.320000      7.084032      7.084032     14.168063
     -7.300000      7.155907      7.155907     14.311815
     -7.280000      7.274112      7.274112     14.548224
     -7.260000      7.435392      7.435392     14.870784
     -7.240000      7.634771      7.634771     15.269542
     -7.220000      7.856507      7.856507     15.713014
     -7.200000      8.070797      8.070797     16.141593
     -7.180000      8.239568      8.239568     16.479137
     -7.160000      8.328949      8.328949     16.657898
     -7.140000      8.322017      8.322017     16.644034
     -7.120000      8.225512      8.225512     16.451023
     -7.100000      8.067770      8.067770     16.135539
     -7.080000      7.889711      7.889711     15.779423
     -7.060000      7.733436      7.733436     15.466871
     -7.040000      7.632782      7.632782     15.265563
     -7.020000      7.607931      7.607931     15.215861
     -7.000000      7.663749      7.663749     15.327499
     -6.980000      7.790715      7.790715     15.581430
     -6.960000      7.968040      7.968040     15.936079
     -6.940000      8.169690      8.169690     16.339380
     -6.920000      8.373656      8.373656     16.747311
     -6.900000      8.572537      8.572537     17.145074
     -6.880000      8.780877      8.780877     17.561753
     -6.860000      9.034173      9.034173     18.068347
     -6.840000      9.377650      9.377650     18.755299
     -6.820000      9.848181      9.848181     19.696361
     -6.800000     10.456846     10.456846     20.913692
     -6.780000     11.179581     11.179581     22.359162
     -6.760000     11.959455     11.959455     23.918910
     -6.740000     12.718939     12.718939     25.437878
     -6.720000     13.377143     13.377143     26.754286
     -6.700000     13.866561     13.866561     27.733123
     -6.680000     14.145479     14.145479     28.290957
     -6.660000     14.204156     14.204156     28.408312
     -6.640000     14.064410     14.064410     28.128819
     -6.620000     13.773187     13.773187     27.546374
     -6.600000     13.391790     13.391790     26.783580
     -6.580000     12.983399     12.983399     25.966798
     -6.560000     12.602025     12.602025     25.204050
     -6.540000     12.285376     12.285376     24.570753
     -6.520000     12.052654     12.052654     24.105309
     -6.500000     11.906740     11.906740     23.813480
     -6.480000     11.839411     11.839411     23.678822
     -6.460000     11.838081     11.838081     23.676161
     -6.440000     11.892603     11.892603     23.785206
     -6.420000     12.000564     12.000564     24.001127
     -6.400000     12.169416     12.169416     24.338832
     -6.380000     12.414351     12.414351     24.828702
     -6.360000     12.752009     12.752009     25.504018
     -6.340000     13.191625     13.191625     26.383250
     -6.320000     13.726278     13.726278     27.452556
     -6.300000     14.327323     14.327323     28.654646
     -6.280000     14.944771     14.944771     29.889542
     -6.260000     15.515135     15.515135     31.030270
     -6.240000     15.975883     15.975883     31.951765
     -6.220000     16.282369     16.282369     32.564737
     -6.200000     16.420632     16.420632     32.841264
     -6.180000     16.409755     16.409755     32.819511
     -6.160000     16.291650     16.291650     32.583300
     -6.140000     16.112596     16.112596     32.225192
     -6.120000     15.905768     15.905768     31.811535
     -6.100000     15.683830     15.683830     31.367660
     -6.080000     15.444832     15.444832     30.889663
     -6.060000     15.186559     15.186559     30.373119
     -6.040000     14.919464     14.919464     29.838929
     -6.020000     14.669595     14.669595     29.339190
     -6.000000     14.469705     14.469705     28.939409
     -5.980000     14.344325     14.344325     28.688650
     -5.960000     14.298334     14.298334     28.596668
     -5.940000     14.316386     14.316386     28.632773
     -5.920000     14.373991     14.373991     28.747983
     -5.900000     14.453844     14.453844     28.907689
     -5.880000     14.557434     14.557434     29.114869
     -5.860000     14.704230     14.704230     29.408459
     -5.840000     14.918034     14.918034     29.836069
     -5.820000     15.208109     15.208109     30.416217
     -5.800000     15.556226     15.556226     31.112452
     -5.780000     15.917583     15.917583     31.835166
     -5.760000     16.235512     16.235512     32.471024
     -5.740000     16.462512     16.462512     32.925024
     -5.720000     16.577427     16.577427     33.154855
     -5.700000     16.591456     16.591456     33.182912
     -5.680000     16.541551     16.541551     33.083102
     -5.660000     16.475360     16.475360     32.950719
     -5.640000     16.434716     16.434716     32.869431
     -5.620000     16.444211     16.444211     32.888423
     -5.600000     16.508232     16.508232     33.016464
     -5.580000     16.615718     16.615718     33.231436
     -5.560000     16.748814     16.748814     33.497627
     -5.540000     16.890698     16.890698     33.781395
     -5.520000     17.029412     17.029412     34.058823
     -5.500000     17.157193     17.157193     34.314387
     -5.480000     17.267266     17.267266     34.534532
     -5.460000     17.351115     17.351115     34.702231
     -5.440000     17.398734     17.398734     34.797469
     -5.420000     17.402433     17.402433     34.804865
     -5.400000     17.362420     17.362420     34.724839
     -5.380000     17.290655     17.290655     34.581311
     -5.360000     17.209613     17.209613     34.419225
     -5.340000     17.144985     17.144985     34.289969
     -5.320000     17.114981     17.114981     34.229961
     -5.300000     17.121506     17.121506     34.243013
     -5.280000     17.148335     17.148335     34.296671
     -5.260000     17.168018     17.168018     34.336035
     -5.240000     17.154423     17.154423     34.308846
     -5.220000     17.094221     17.094221     34.188442
     -5.200000     16.990578     16.990578     33.981155
     -5.180000     16.856414     16.856414     33.712828
     -5.160000     16.700824     16.700824     33.401649
     -5.140000     16.517071     16.517071     33.034142
     -5.120000     16.280568     16.280568     32.561137
     -5.100000     15.959724     15.959724     31.919449
     -5.080000     15.534525     15.534525     31.069049
     -5.060000     15.012503     15.012503     30.025006
     -5.040000     14.432965     14.432965     28.865929
     -5.020000     13.857239     13.857239     27.714477
     -5.000000     13.350481     13.350481     26.700963
     -4.980000     12.964071     12.964071     25.928143
     -4.960000     12.725315     12.725315     25.450631
     -4.940000     12.635766     12.635766     25.271532
     -4.920000     12.675214     12.675214     25.350427
     -4.900000     12.807617     12.807617     25.615234
     -4.880000     12.987052     12.987052     25.974104
     -4.860000     13.163677     13.163677     26.327354
     -4.840000     13.290093     13.290093     26.580186
     -4.820000     13.327542     13.327542     26.655084
     -4.800000     13.250504     13.250504     26.501009
     -4.780000     13.048575     13.048575     26.097149
     -4.760000     12.725854     12.725854     25.451708
     -4.740000     12.299385     12.299385     24.598770
     -4.720000     11.798149     11.798149     23.596297
     -4.700000     11.262774     11.262774     22.525547
     -4.680000     10.744425     10.744425     21.488850
     -4.660000     10.300979     10.300979     20.601958
     -4.640000      9.989982      9.989982     19.979965
     -4.620000      9.860045      9.860045     19.720090
     -4.600000      9.943301      9.943301     19.886603
     -4.580000     10.250485     10.250485     20.500970
     -4.560000     10.768029     10.768029     21.536058
     -4.540000     11.455812     11.455812     22.911624
     -4.520000     12.246013     12.246013     24.492027
     -4.500000     13.046666     13.046666     26.093333
     -4.480000     13.754462     13.754462     27.508924
     -4.460000     14.277621     14.277621     28.555243
     -4.440000     14.562539     14.562539     29.125079
     -4.420000     14.612365     14.612365     29.224729
     -4.400000     14.486527     14.486527     28.973054
     -4.380000     14.278304     14.278304     28.556608
     -4.360000     14.078499     14.078499     28.156997
     -4.340000     13.940779     13.940779     27.881557
     -4.320000     13.863919     13.863919     27.727838
     -4.300000     13.798197     13.798197     27.596394
     -4.280000     13.671865     13.671865     27.343730
     -4.260000     13.424808     13.424808     26.849615
     -4.240000     13.034459     13.034459     26.068918
     -4.220000     12.524252     12.524252     25.048504
     -4.200000     11.953731     11.953731     23.907463
     -4.180000     11.396953     11.396953     22.793905
     -4.160000     10.918699     10.918699     21.837398
     -4.140000     10.556586     10.556586     21.113171
     -4.120000     10.313723     10.313723     20.627445
     -4.100000     10.163253     10.163253     20.326505
     -4.080000     10.063154     10.063154     20.126307
     -4.060000      9.976658      9.976658     19.953316
     -4.040000      9.890867      9.890867     19.781733
     -4.020000      9.825421      9.825421     19.650843
     -4.000000      9.826170      9.826170     19.652340
     -3.980000      9.945321      9.945321     19.890643
     -3.960000     10.216554     10.216554     20.433108
     -3.940000     10.636671     10.636671     21.273343
     -3.920000     11.162279     11.162279     22.324558
     -3.900000     11.722049     11.722049     23.444098
     -3.880000     12.237264     12.237264     24.474529
     -3.860000     12.640481     12.640481     25.280962
     -3.840000     12.885749     12.885749     25.771499
     -3.820000     12.950675     12.950675     25.901350
     -3.800000     12.835203     12.835203     25.670406
     -3.780000     12.561288     12.561288     25.122577
     -3.760000     12.173050     12.173050     24.346101
     -3.740000     11.733372     11.733372     23.466744
     -3.720000     11.313628     11.313628     22.627255
     -3.700000     10.977799     10.977799     21.955598
     -3.680000     10.766847     10.766847     21.533694
     -3.660000     10.690311     10.690311     21.380622
     -3.640000     10.728974     10.728974     21.457947
     -3.620000     10.847313     10.847313     21.694625
     -3.600000     11.010256     11.010256     22.020512
     -3.580000     11.197171     11.197171     22.394341
     -3.560000     11.407138     11.407138     22.814276
     -3.540000     11.652833     11.652833     23.305665
     -3.520000     11.944981     11.944981     23.889962
     -3.500000     12.274255     12.274255     24.548510
     -3.480000     12.600218     12.600218     25.200436
     -3.460000     12.855046     12.855046     25.710091
     -3.440000     12.962821     12.962821     25.925642
     -3.420000     12.866513     12.866513     25.733027
     -3.400000     12.549911     12.549911     25.099822
     -3.380000     12.044349     12.044349     24.088699
     -3.360000     11.418596     11.418596     22.837192
     -3.340000     10.758724     10.758724     21.517448
     -3.320000     10.147756     10.147756     20.295513
     -3.300000      9.651376      9.651376     19.302753
     -3.280000      9.310191      9.310191     18.620382
     -3.260000      9.136028      9.136028     18.272055
     -3.240000      9.111121      9.111121     18.222242
     -3.220000      9.191962      9.191962     18.383924
     -3.200000      9.319901      9.319901     18.639802
     -3.180000      9.437059      9.437059     18.874119
     -3.160000      9.501618      9.501618     19.003235
     -3.140000      9.495556      9.495556     18.991113
     -3.120000      9.421903      9.421903     18.843805
     -3.100000      9.294827      9.294827     18.589654
     -3.080000      9.129637      9.129637     18.259275
     -3.060000      8.938214      8.938214     17.876427
     -3.040000      8.730313      8.730313     17.460626
     -3.020000      8.516857      8.516857     17.033714
     -3.000000      8.310999      8.310999     16.621998
     -2.980000      8.125993      8.125993     16.251986
     -2.960000      7.972263      7.972263     15.944526
     -2.940000      7.856549      7.856549     15.713098
     -2.920000      7.783433      7.783433     15.566867
     -2.900000      7.756730      7.756730     15.513459
     -2.880000      7.777867      7.777867     15.555735
     -2.860000      7.841056      7.841056     15.682111
     -2.840000      7.928429      7.928429     15.856858
     -2.820000      8.009681      8.009681     16.019362
     -2.800000      8.048653      8.048653     16.097306
     -2.780000      8.015225      8.015225     16.030451
     -2.760000      7.897303      7.897303     15.794606
     -2.740000      7.707002      7.707002     15.414003
     -2.720000      7.477799      7.477799     14.955599
     -2.700000      7.253962      7.253962     14.507924
     -2.680000      7.077303      7.077303     14.154606
     -2.660000      6.977061      6.977061     13.954123
     -2.640000      6.965957      6.965957     13.931914
     -2.620000      7.041352      7.041352     14.082704
     -2.600000      7.187996      7.187996     14.375992
     -2.580000      7.379985      7.379985     14.759971
     -2.560000      7.583043      7.583043     15.166086
     -2.540000      7.760604      7.760604     15.521207
     -2.520000      7.885527      7.885527     15.771055
     -2.500000      7.954226      7.954226     15.908452
     -2.480000      7.995410      7.995410     15.990821
     -2.460000      8.065900      8.065900     16.131800
     -2.440000      8.231910      8.231910     16.463820
     -2.420000      8.542576      8.542576     17.085151
     -2.400000      9.007695      9.007695     18.015391
     -2.380000      9.590161      9.590161     19.180323
     -2.360000     10.216205     10.216205     20.432410
     -2.340000     10.798105     10.798105     21.596210
     -2.320000     11.259433     11.259433     22.518867
     -2.300000     11.554020     11.554020     23.108039
     -2.280000     11.674419     11.674419     23.348838
     -2.260000     11.649957     11.649957     23.299913
     -2.240000     11.536457     11.536457     23.072914
     -2.220000     11.400373     11.400373     22.800746
     -2.200000     11.300947     11.300947     22.601895
     -2.180000     11.275281     11.275281     22.550562
     -2.160000     11.331135     11.331135     22.662271
     -2.140000     11.449545     11.449545     22.899090
     -2.120000     11.595109     11.595109     23.190218
     -2.100000     11.728857     11.728857     23.457715
     -2.080000     11.818890     11.818890     23.637781
     -2.060000     11.846845     11.846845     23.693690
     -2.040000     11.810911     11.810911     23.621823
     -2.020000     11.726515     11.726515     23.453029
     -2.000000     11.624162     11.624162     23.248324
     -1.980000     11.542759     11.542759     23.085517
     -1.960000     11.518037     11.518037     23.036074
     -1.940000     11.569276     11.569276     23.138553
     -1.920000     11.690274     11.690274     23.380547
     -1.900000     11.849715     11.849715     23.699430
     -1.880000     12.001397     12.001397     24.002793
     -1.860000     12.099276     12.099276     24.198553
     -1.840000     12.109998     12.109998     24.219997
     -1.820000     12.017910     12.017910     24.035820
     -1.800000     11.822554     11.822554     23.645107
     -1.780000     11.532350     11.532350     23.064699
     -1.760000     11.158453     11.158453     22.316907
     -1.740000     10.710663     10.710663     21.421325
     -1.720000     10.195596     10.195596     20.391192
     -1.700000      9.617484      9.617484     19.234968
     -1.680000      8.982434      8.982434     17.964868
     -1.660000      8.305712      8.305712     16.611424
     -1.640000      7.618601      7.618601     15.237203
     -1.620000      6.969554      6.969554     13.939109
     -1.600000      6.416553      6.416553     12.833106
     -1.580000      6.012994      6.012994     12.025988
     -1.560000      5.793951      5.793951     11.587902
     -1.540000      5.769360      5.769360     11.538719
     -1.520000      5.925651      5.925651     11.851303
     -1.500000      6.231842      6.231842     12.463683
     -1.480000      6.644605      6.644605     13.289209
     -1.460000      7.110339      7.110339     14.220678
     -1.440000      7.567071      7.567071     15.134143
     -1.420000      7.950646      7.950646     15.901293
     -1.400000      8.206361      8.206361     16.412721
     -1.380000      8.301837      8.301837     16.603675
     -1.360000      8.234263      8.234263     16.468526
     -1.340000      8.027607      8.027607     16.055214
     -1.320000      7.721345      7.721345     15.442690
     -1.300000      7.357035      7.357035     14.714071
     -1.280000      6.969478      6.969478     13.938956
     -1.260000      6.585296      6.585296     13.170591
     -1.240000      6.226691      6.226691     12.453382
     -1.220000      5.915333      5.915333     11.830665
     -1.200000      5.672236      5.672236     11.344472
     -1.180000      5.513040      5.513040     11.026080
     -1.160000      5.441699      5.441699     10.883399
     -1.140000      5.446988      5.446988     10.893976
     -1.120000      5.504543      5.504543     11.009085
     -1.100000      5.583723      5.583723     11.167445
     -1.080000      5.655651      5.655651     11.311302
     -1.060000      5.698452      5.698452     11.396905
     -1.040000      5.698002      5.698002     11.396005
     -1.020000      5.645672      5.645672     11.291344
     -1.000000      5.536166      5.536166     11.072333
     -0.980000      5.367626      5.367626     10.735253
     -0.960000      5.143695      5.143695     10.287389
     -0.940000      4.875442      4.875442      9.750885
     -0.920000      4.581227      4.581227      9.162453
     -0.900000      4.284210      4.284210      8.568420
     -0.880000      4.008711      4.008711      8.017423
     -0.860000      3.776650      3.776650      7.553299
     -0.840000      3.604479      3.604479      7.208958
     -0.820000      3.500509      3.500509      7.001018
     -0.800000      3.463022      3.463022      6.926044
     -0.780000      3.480434      3.480434      6.960868
     -0.760000      3.534593      3.534593      7.069186
     -0.740000      3.606700      3.606700      7.213400
     -0.720000      3.683344      3.683344      7.366689
     -0.700000      3.759549      3.759549      7.519098
     -0.680000      3.837272      3.837272      7.674545
     -0.660000      3.920562      3.920562      7.841124
     -0.640000      4.010504      4.010504      8.021008
     -0.620000      4.102938      4.102938      8.205876
     -0.600000      4.189863      4.189863      8.379725
     -0.580000      4.263140      4.263140      8.526279
     -0.560000      4.318024      4.318024      8.636048
     -0.540000      4.354644      4.354644      8.709287
     -0.520000      4.377081      4.377081      8.754162
     -0.500000      4.390913      4.390913      8.781826
     -0.480000      4.400246      4.400246      8.800492
     -0.460000      4.404891      4.404891      8.809783
     -0.440000      4.398194      4.398194      8.796389
     -0.420000      4.366612      4.366612      8.733223
     -0.400000      4.292478      4.292478      8.584955
     -0.380000      4.160452      4.160452      8.320905
     -0.360000      3.965771      3.965771      7.931541
     -0.340000      3.720354      3.720354      7.440708
     -0.320000      3.453034      3.453034      6.906068
     -0.300000      3.202992      3.202992      6.405985
     -0.280000      3.009093      3.009093      6.018185
     -0.260000      2.899516      2.899516      5.799032
     -0.240000      2.885057      2.885057      5.770114
     -0.220000      2.957018      2.957018      5.914037
     -0.200000      3.089056      3.089056      6.178113
     -0.180000      3.242331      3.242331      6.484662
     -0.160000      3.373705      3.373705      6.747410
     -0.140000      3.446013      3.446013      6.892026
     -0.120000      3.437606      3.437606      6.875213
     -0.100000      3.347348      3.347348      6.694696
     -0.080000      3.192601      3.192601      6.385203
     -0.060000      3.001212      3.001212      6.002425
     -0.040000      2.801629      2.801629      5.603258
     -0.020000      2.615772      2.615772      5.231544
      0.000000      2.456730      2.456730      4.913460
      0.020000      2.329888      2.329888      4.659777
      0.040000      2.234462      2.234462      4.468923
      0.060000      2.163650      2.163650      4.327299
      0.080000      2.104402      2.104402      4.208805
      0.100000      2.039329      2.039329      4.078658
      0.120000      1.952094      1.952094      3.904189
      0.140000      1.834625      1.834625      3.669250
      0.160000      1.692216      1.692216      3.384433
      0.180000      1.543127      1.543127      3.086253
      0.200000      1.412197      1.412197      2.824393
      0.220000      1.321293      1.321293      2.642586
      0.240000      1.280814      1.280814      2.561629
      0.260000      1.285650      1.285650      2.571300
      0.280000      1.316798      1.316798      2.633596
      0.300000      1.347723      1.347723      2.695446
      0.320000      1.353122      1.353122      2.706243
      0.340000      1.317165      1.317165      2.634330
      0.360000      1.238444      1.238444      2.476888
      0.380000      1.129879      1.129879      2.259757
      0.400000      1.013663      1.013663      2.027326
      0.420000      0.913229      0.913229      1.826459
      0.440000      0.845355      0.845355      1.690709
      0.460000      0.815212      0.815212      1.630424
      0.480000      0.815739      0.815739      1.631478
      0.500000      0.830967      0.830967      1.661933
      0.520000      0.841800      0.841800      1.683599
      0.540000      0.832295      0.832295      1.664590
      0.560000      0.794582      0.794582      1.589165
      0.580000      0.730935      0.730935      1.461870
      0.600000      0.652271      0.652271      1.304542
      0.620000      0.573590      0.573590      1.147180
      0.640000      0.508181      0.508181      1.016362
      0.660000      0.463090      0.463090      0.926179
      0.680000      0.437758      0.437758      0.875515
      0.700000      0.426079      0.426079      0.852159
      0.720000      0.420353      0.420353      0.840706
      0.740000      0.414801      0.414801      0.829603
      0.760000      0.406923      0.406923      0.813847
      0.780000      0.396505      0.396505      0.793010
      0.800000      0.383535      0.383535      0.767071
      0.820000      0.366726      0.366726      0.733453
      0.840000      0.343634      0.343634      0.687268
      0.860000      0.312185      0.312185      0.624369
      0.880000      0.272506      0.272506      0.545012
      0.900000      0.227919      0.227919      0.455837
      0.920000      0.184571      0.184571      0.369143
      0.940000      0.149995      0.149995      0.299989
      0.960000      0.131240      0.131240      0.262480
      0.980000      0.133195      0.133195      0.266389
      1.000000      0.157320      0.157320      0.314640
      1.020000      0.200922      0.200922      0.401843
      1.040000      0.257144      0.257144      0.514289
      1.060000      0.316071      0.316071      0.632143
      1.080000      0.367130      0.367130      0.734260
      1.100000      0.402428      0.402428      0.804856
      1.120000      0.419911      0.419911      0.839822
      1.140000      0.424882      0.424882      0.849764
      1.160000      0.428817      0.428817      0.857634
      1.180000      0.445467      0.445467      0.890935
      1.200000      0.485513      0.485513      0.971027
      1.220000      0.551857      0.551857      1.103715
      1.240000      0.637649      0.637649      1.275299
      1.260000      0.728150      0.728150      1.456301
      1.280000      0.805951      0.805951      1.611903
      1.300000      0.857571      0.857571      1.715142
      1.320000      0.878805      0.878805      1.757609
      1.340000      0.876695      0.876695      1.753390
      1.360000      0.867355      0.867355      1.734709
      1.380000      0.870388      0.870388      1.740776
      1.400000      0.901786      0.901786      1.803571
      1.420000      0.967685      0.967685      1.935370
      1.440000      1.061328      1.061328      2.122656
      1.460000      1.164759      1.164759      2.329518
      1.480000      1.255258      1.255258      2.510517
      1.500000      1.314450      1.314450      2.628899
      1.520000      1.336418      1.336418      2.672836
      1.540000      1.331089      1.331089      2.662177
      1.560000      1.320956      1.320956      2.641913
      1.580000      1.332294      1.332294      2.664588
      1.600000      1.384558      1.384558      2.769115
      1.620000      1.482506      1.482506      2.965012
      1.640000      1.614245      1.614245      3.228491
      1.660000      1.755859      1.755859      3.511718
      1.680000      1.880700      1.880700      3.761401
      1.700000      1.969804      1.969804      3.939607
      1.720000      2.019529      2.019529      4.039058
      1.740000      2.043556      2.043556      4.087112
      1.760000      2.068374      2.068374      4.136748
      1.780000      2.123890      2.123890      4.247779
      1.800000      2.232689      2.232689      4.465378
      1.820000      2.401914      2.401914      4.803828
      1.840000      2.620410      2.620410      5.240821
      1.860000      2.861617      2.861617      5.723234
      1.880000      3.090816      3.090816      6.181633
      1.900000      3.274632      3.274632      6.549264
      1.920000      3.390603      3.390603      6.781207
      1.940000      3.434605      3.434605      6.869209
      1.960000      3.423687      3.423687      6.847374
      1.980000      3.392506      3.392506      6.785012
      2.000000      3.383523      3.383523      6.767046
      2.020000      3.434038      3.434038      6.868076
      2.040000      3.564954      3.564954      7.129909
      2.060000      3.775453      3.775453      7.550905
      2.080000      4.044771      4.044771      8.089543
      2.100000      4.339032      4.339032      8.678064
      2.120000      4.619594      4.619594      9.239188
      2.140000      4.850261      4.850261      9.700522
      2.160000      5.002658      5.002658     10.005317
      2.180000      5.060562      5.060562     10.121123
      2.200000      5.023905      5.023905     10.047810
      2.220000      4.911924      4.911924      9.823849
      2.240000      4.763430      4.763430      9.526859
      2.260000      4.632036      4.632036      9.264072
      2.280000      4.575971      4.575971      9.151941
      2.300000      4.645169      4.645169      9.290338
      2.320000      4.870635      4.870635      9.741270
      2.340000      5.260377      5.260377     10.520754
      2.360000      5.802569      5.802569     11.605138
      2.380000      6.472362      6.472362     12.944725
      2.400000      7.237257      7.237257     14.474513
      2.420000      8.058310      8.058310     16.116619
      2.440000      8.888739      8.888739     17.777479
      2.460000      9.673964      9.673964     19.347928
      2.480000     10.355952     10.355952     20.711904
      2.500000     10.881140     10.881140     21.762281
      2.520000     11.208398     11.208398     22.416796
      2.540000     11.313697     11.313697     22.627394
      2.560000     11.190760     11.190760     22.381520
      2.580000     10.849579     10.849579     21.699159
      2.600000     10.315366     10.315366     20.630733
      2.620000      9.628934      9.628934     19.257868
      2.640000      8.847197      8.847197     17.694395
      2.660000      8.040969      8.040969     16.081939
      2.680000      7.287639      7.287639     14.575279
      2.700000      6.658618      6.658618     13.317236
      2.720000      6.204627      6.204627     12.409253
      2.740000      5.944281      5.944281     11.888562
      2.760000      5.861249      5.861249     11.722497
      2.780000      5.912061      5.912061     11.824121
      2.800000      6.041833      6.041833     12.083667
      2.820000      6.201465      6.201465     12.402930
      2.840000      6.359494      6.359494     12.718988
      2.860000      6.504881      6.504881     13.009761
      2.880000      6.641446      6.641446     13.282892
      2.900000      6.778084      6.778084     13.556169
      2.920000      6.919654      6.919654     13.839308
      2.940000      7.061894      7.061894     14.123789
      2.960000      7.191097      7.191097     14.382194
      2.980000      7.287162      7.287162     14.574323
      3.000000      7.328099      7.328099     14.656198
      3.020000      7.294914      7.294914     14.589829
      3.040000      7.176857      7.176857     14.353714
      3.060000      6.976831      6.976831     13.953661
      3.080000      6.715193      6.715193     13.430385
      3.100000      6.428912      6.428912     12.857824
      3.120000      6.164029      6.164029     12.328058
      3.140000      5.962765      5.962765     11.925529
      3.160000      5.850190      5.850190     11.700380
      3.180000      5.826272      5.826272     11.652544
      3.200000      5.866554      5.866554     11.733109
      3.220000      5.930515      5.930515     11.861029
      3.240000      5.973679      5.973679     11.947358
      3.260000      5.959281      5.959281     11.918562
      3.280000      5.866823      5.866823     11.733647
      3.300000      5.696498      5.696498     11.392996
      3.320000      5.469072      5.469072     10.938145
      3.340000      5.221122      5.221122     10.442243
      3.360000      4.996266      4.996266      9.992532
      3.380000      4.834486      4.834486      9.668972
      3.400000      4.762605      4.762605      9.525210
      3.420000      4.788726      4.788726      9.577452
      3.440000      4.901743      4.901743      9.803486
      3.460000      5.075151      5.075151     10.150303
      3.480000      5.273264      5.273264     10.546529
      3.500000      5.458115      5.458115     10.916229
      3.520000      5.596100      5.596100     11.192199
      3.540000      5.663915      5.663915     11.327830
      3.560000      5.652976      5.652976     11.305951
      3.580000      5.570814      5.570814     11.141627
      3.600000      5.437984      5.437984     10.875969
      3.620000      5.280648      5.280648     10.561295
      3.640000      5.121524      5.121524     10.243048
      3.660000      4.973563      4.973563      9.947127
      3.680000      4.839587      4.839587      9.679175
      3.700000      4.717561      4.717561      9.435122
      3.720000      4.607351      4.607351      9.214703
      3.740000      4.513810      4.513810      9.027620
      3.760000      4.443881      4.443881      8.887762
      3.780000      4.400192      4.400192      8.800385
      3.800000      4.376563      4.376563      8.753127
      3.820000      4.359620      4.359620      8.719239
      3.840000      4.336206      4.336206      8.672413
      3.860000      4.301990      4.301990      8.603980
      3.880000      4.265745      4.265745      8.531489
      3.900000      4.246658      4.246658      8.493316
      3.920000      4.266153      4.266153      8.532305
      3.940000      4.338263      4.338263      8.676526
      3.960000      4.462472      4.462472      8.924944
      3.980000      4.621117      4.621117      9.242234
      4.000000      4.781790      4.781790      9.563579
      4.020000      4.904283      4.904283      9.808567
      4.040000      4.951037      4.951037      9.902073
      4.060000      4.898929      4.898929      9.797859
      4.080000      4.748835      4.748835      9.497671
      4.100000      4.528750      4.528750      9.057500
      4.120000      4.287747      4.287747      8.575494
      4.140000      4.081511      4.081511      8.163021
      4.160000      3.954221      3.954221      7.908442
      4.180000      3.923949      3.923949      7.847897
      4.200000      3.977786      3.977786      7.955571
      4.220000      4.078909      4.078909      8.157819
      4.240000      4.182436      4.182436      8.364873
      4.260000      4.253042      4.253042      8.506084
      4.280000      4.276823      4.276823      8.553646
      4.300000      4.262976      4.262976      8.525953
      4.320000      4.235812      4.235812      8.471625
      4.340000      4.221822      4.221822      8.443645
      4.360000      4.238001      4.238001      8.476002
      4.380000      4.286043      4.286043      8.572087
      4.400000      4.353679      4.353679      8.707358
      4.420000      4.421160      4.421160      8.842321
      4.440000      4.469262      4.469262      8.938523
      4.460000      4.485344      4.485344      8.970687
      4.480000      4.465555      4.465555      8.931110
      4.500000      4.413182      4.413182      8.826365
      4.520000      4.334820      4.334820      8.669641
      4.540000      4.236884      4.236884      8.473767
      4.560000      4.124643      4.124643      8.249286
      4.580000      4.004321      4.004321      8.008642
      4.600000      3.886505      3.886505      7.773009
      4.620000      3.787658      3.787658      7.575315
      4.640000      3.727199      3.727199      7.454397
      4.660000      3.720493      3.720493      7.440986
      4.680000      3.771363      3.771363      7.542725
      4.700000      3.868757      3.868757      7.737515
      4.720000      3.989925      3.989925      7.979850
      4.740000      4.108242      4.108242      8.216484
      4.760000      4.200987      4.200987      8.401973
      4.780000      4.253093      4.253093      8.506186
      4.800000      4.256555      4.256555      8.513110
      4.820000      4.208547      4.208547      8.417094
      4.840000      4.111612      4.111612      8.223224
      4.860000      3.976327      3.976327      7.952653
      4.880000      3.823469      3.823469      7.646937
      4.900000      3.681930      3.681930      7.363861
      4.920000      3.581279      3.581279      7.162558
      4.940000      3.541856      3.541856      7.083712
      4.960000      3.567614      3.567614      7.135227
      4.980000      3.645802      3.645802      7.291603
      5.000000      3.753855      3.753855      7.507709
      5.020000      3.869752      3.869752      7.739504
      5.040000      3.980168      3.980168      7.960336
      5.060000      4.082119      4.082119      8.164238
      5.080000      4.177756      4.177756      8.355513
      5.100000      4.266183      4.266183      8.532366
      5.120000      4.338004      4.338004      8.676008
      5.140000      4.376563      4.376563      8.753126
      5.160000      4.365493      4.365493      8.730986
      5.180000      4.298091      4.298091      8.596182
      5.200000      4.182764      4.182764      8.365527
      5.220000      4.041082      4.041082      8.082163
      5.240000      3.899398      3.899398      7.798796
      5.260000      3.778640      3.778640      7.557280
      5.280000      3.687681      3.687681      7.375363
      5.300000      3.623250      3.623250      7.246499
      5.320000      3.575397      3.575397      7.150795
      5.340000      3.534748      3.534748      7.069496
      5.360000      3.497585      3.497585      6.995171
      5.380000      3.467010      3.467010      6.934021
      5.400000      3.450820      3.450820      6.901640
      5.420000      3.457836      3.457836      6.915672
      5.440000      3.493972      3.493972      6.987943
      5.460000      3.558678      3.558678      7.117355
      5.480000      3.642573      3.642573      7.285146
      5.500000      3.727670      3.727670      7.455340
      5.520000      3.791343      3.791343      7.582686
      5.540000      3.813387      3.813387      7.626775
      5.560000      3.783241      3.783241      7.566483
      5.580000      3.703669      3.703669      7.407338
      5.600000      3.588929      3.588929      7.177857
      5.620000      3.458661      3.458661      6.917322
      5.640000      3.331069      3.331069      6.662138
      5.660000      3.218820      3.218820      6.437641
      5.680000      3.128835      3.128835      6.257669
      5.700000      3.064574      3.064574      6.129147
      5.720000      3.028404      3.028404      6.056807
      5.740000      3.022336      3.022336      6.044671
      5.760000      3.047013      3.047013      6.094026
      5.780000      3.099962      3.099962      6.199923
      5.800000      3.174296      3.174296      6.348592
      5.820000      3.258585      3.258585      6.517169
      5.840000      3.337988      3.337988      6.675976
      5.860000      3.396471      3.396471      6.792942
      5.880000      3.419813      3.419813      6.839626
      5.900000      3.398999      3.398999      6.797999
      5.920000      3.333193      3.333193      6.666386
      5.940000      3.231093      3.231093      6.462186
      5.960000      3.109543      3.109543      6.219087
      5.980000      2.989223      2.989223      5.978446
      6.000000      2.888856      2.888856      5.777712
      6.020000      2.820524      2.820524      5.641047
      6.040000      2.788211      2.788211      5.576422
      6.060000      2.789716      2.789716      5.579432
      6.080000      2.819919      2.819919      5.639839
      6.100000      2.872954      2.872954      5.745909
      6.120000      2.942336      2.942336      5.884671
      6.140000      3.020148      3.020148      6.040295
      6.160000      3.097031      3.097031      6.194062
      6.180000      3.163553      3.163553      6.327106
      6.200000      3.211974      3.211974      6.423949
      6.220000      3.237110      3.237110      6.474220
      6.240000      3.236141      3.236141      6.472281
      6.260000      3.208474      3.208474      6.416949
      6.280000      3.156651      3.156651      6.313301
      6.300000      3.087848      3.087848      6.175697
      6.320000      3.014333      3.014333      6.028666
      6.340000      2.951534      2.951534      5.903069
      6.360000      2.914190      2.914190      5.828381
      6.380000      2.912524      2.912524      5.825048
      6.400000      2.950274      2.950274      5.900547
      6.420000      3.024792      3.024792      6.049584
      6.440000      3.127959      3.127959      6.255918
      6.460000      3.246707      3.246707      6.493414
      6.480000      3.363416      3.363416      6.726831
      6.500000      3.457665      3.457665      6.915331
      6.520000      3.510422      3.510422      7.020843
      6.540000      3.509723      3.509723      7.019446
      6.560000      3.454993      3.454993      6.909985
      6.580000      3.357017      3.357017      6.714034
      6.600000      3.232957      3.232957      6.465914
      6.620000      3.099015      3.099015      6.198029
      6.640000      2.965215      2.965215      5.930431
      6.660000      2.835574      2.835574      5.671148
      6.680000      2.713237      2.713237      5.426474
      6.700000      2.606539      2.606539      5.213079
      6.720000      2.530931      2.530931      5.061861
      6.740000      2.504269      2.504269      5.008537
      6.760000      2.537414      2.537414      5.074828
      6.780000      2.625417      2.625417      5.250834
      6.800000      2.744784      2.744784      5.489569
      6.820000      2.859218      2.859218      5.718436
      6.840000      2.931813      2.931813      5.863625
      6.860000      2.938414      2.938414      5.876828
      6.880000      2.876380      2.876380      5.752761
      6.900000      2.765251      2.765251      5.530501
      6.920000      2.639412      2.639412      5.278823
      6.940000      2.535933      2.535933      5.071866
      6.960000      2.482223      2.482223      4.964446
      6.980000      2.487873      2.487873      4.975745
      7.000000      2.543392      2.543392      5.086784
      7.020000      2.626086      2.626086      5.252172
      7.040000      2.710587      2.710587      5.421174
      7.060000      2.779571      2.779571      5.559142
      7.080000      2.829874      2.829874      5.659748
      7.100000      2.871171      2.871171      5.742341
      7.120000      2.917924      2.917924      5.835847
      7.140000      2.978721      2.978721      5.957441
      7.160000      3.048596      3.048596      6.097192
      7.180000      3.108567      3.108567      6.217134
      7.200000      3.133070      3.133070      6.266141
      7.220000      3.102035      3.102035      6.204070
      7.240000      3.011891      3.011891      6.023782
      7.260000      2.880127      2.880127      5.760253
      7.280000      2.740861      2.740861      5.481721
      7.300000      2.632987      2.632987      5.265974
      7.320000      2.585745      2.585745      5.171491
      7.340000      2.607592      2.607592      5.215185
      7.360000      2.682698      2.682698      5.365396
      7.380000      2.776241      2.776241      5.552482
      7.400000      2.846394      2.846394      5.692787
      7.420000      2.858635      2.858635      5.717269
      7.440000      2.797356      2.797356      5.594711
      7.460000      2.670721      2.670721      5.341442
      7.480000      2.507133      2.507133      5.014265
      7.500000      2.344767      2.344767      4.689534
      7.520000      2.218356      2.218356      4.436711
      7.540000      2.148358      2.148358      4.296716
      7.560000      2.136413      2.136413      4.272826
      7.580000      2.167985      2.167985      4.335969
      7.600000      2.220078      2.220078      4.440156
      7.620000      2.270289      2.270289      4.540578
      7.640000      2.303793      2.303793      4.607586
      7.660000      2.316496      2.316496      4.632991
      7.680000      2.314242      2.314242      4.628484
      7.700000      2.309020      2.309020      4.618039
      7.720000      2.313500      2.313500      4.627001
      7.740000      2.335616      2.335616      4.671231
      7.760000      2.375120      2.375120      4.750240
      7.780000      2.423869      2.423869      4.847739
      7.800000      2.470185      2.470185      4.940370
      7.820000      2.505454      2.505454      5.010908
      7.840000      2.529336      2.529336      5.058673
      7.860000      2.550105      2.550105      5.100210
      7.880000      2.579239      2.579239      5.158477
      7.900000      2.623076      2.623076      5.246152
      7.920000      2.676653      2.676653      5.353307
      7.940000      2.724068      2.724068      5.448136
      7.960000      2.746026      2.746026      5.492053
      7.980000      2.730998      2.730998      5.461995
      8.000000      2.684151      2.684151      5.368302
      8.020000      2.629414      2.629414      5.258828
      8.040000      2.603599      2.603599      5.207198
      8.060000      2.645432      2.645432      5.290864
      8.080000      2.784218      2.784218      5.568436
      8.100000      3.032089      3.032089      6.064177
      8.120000      3.381283      3.381283      6.762565
      8.140000      3.805690      3.805690      7.611380
      8.160000      4.265261      4.265261      8.530522
      8.180000      4.712652      4.712652      9.425305
      8.200000      5.102077      5.102077     10.204154
      8.220000      5.399620      5.399620     10.799240
      8.240000      5.592660      5.592660     11.185320
      8.260000      5.695206      5.695206     11.390413
      8.280000      5.747025      5.747025     11.494051
      8.300000      5.806732      5.806732     11.613465
      8.320000      5.940699      5.940699     11.881398
      8.340000      6.209845      6.209845     12.419691
      8.360000      6.655985      6.655985     13.311969
      8.380000      7.289848      7.289848     14.579696
      8.400000      8.084215      8.084215     16.168429
      8.420000      8.975926      8.975926     17.951852
      8.440000      9.878405      9.878405     19.756810
      8.460000     10.702108     10.702108     21.404215
      8.480000     11.376569     11.376569     22.753139
      8.500000     11.866585     11.866585     23.733170
      8.520000     12.177015     12.177015     24.354031
      8.540000     12.344520     12.344520     24.689041
      8.560000     12.418992     12.418992     24.837984
      8.580000     12.441689     12.441689     24.883378
      8.600000     12.429736     12.429736     24.859472
      8.620000     12.375416     12.375416     24.750832
      8.640000     12.262119     12.262119     24.524238
      8.660000     12.089119     12.089119     24.178238
      8.680000     11.890518     11.890518     23.781036
      8.700000     11.735471     11.735471     23.470942
      8.720000     11.707420     11.707420     23.414839
      8.740000     11.872975     11.872975     23.745949
      8.760000     12.257447     12.257447     24.514894
      8.780000     12.839560     12.839560     25.679120
      8.800000     13.565930     13.565930     27.131860
      8.820000     14.374811     14.374811     28.749623
      8.840000     15.215218     15.215218     30.430435
      8.860000     16.052909     16.052909     32.105819
      8.880000     16.864157     16.864157     33.728314
      8.900000     17.625182     17.625182     35.250364
      8.920000     18.306094     18.306094     36.612187
      8.940000     18.873849     18.873849     37.747699
      8.960000     19.302982     19.302982     38.605963
      8.980000     19.589025     19.589025     39.178050
      9.000000     19.758773     19.758773     39.517545
      9.020000     19.872770     19.872770     39.745541
      9.040000     20.017503     20.017503     40.035006
      9.060000     20.287100     20.287100     40.574199
      9.080000     20.757330     20.757330     41.514659
      9.100000     21.458095     21.458095     42.916191
      9.120000     22.353383     22.353383     44.706766
      9.140000     23.337630     23.337630     46.675259
      9.160000     24.253212     24.253212     48.506423
      9.180000     24.926020     24.926020     49.852040
      9.200000     25.208239     25.208239     50.416479
      9.220000     25.013922     25.013922     50.027843
      9.240000     24.336098     24.336098     48.672195
      9.260000     23.242463     23.242463     46.484925
      9.280000     21.855324     21.855324     43.710649
      9.300000     20.325787     20.325787     40.651574
      9.320000     18.810401     18.810401     37.620801
      9.340000     17.453162     17.453162     34.906323
      9.360000     16.371198     16.371198     32.742396
      9.380000     15.641895     15.641895     31.283789
      9.400000     15.292205     15.292205     30.584410
      9.420000     15.294053     15.294053     30.588107
      9.440000     15.569723     15.569723     31.139447
      9.460000     16.007426     16.007426     32.014852
      9.480000     16.482748     16.482748     32.965497
      9.500000     16.879746     16.879746     33.759492
      9.520000     17.107086     17.107086     34.214171
      9.540000     17.107853     17.107853     34.215706
      9.560000     16.863808     16.863808     33.727616
      9.580000     16.395195     16.395195     32.790390
      9.600000     15.756616     15.756616     31.513233
      9.620000     15.029228     15.029228     30.058456
      9.640000     14.309643     14.309643     28.619286
      9.660000     13.696254     13.696254     27.392508
      9.680000     13.274171     13.274171     26.548342
      9.700000     13.100891     13.100891     26.201781
      9.720000     13.195808     13.195808     26.391616
      9.740000     13.536658     13.536658     27.073316
      9.760000     14.064331     14.064331     28.128662
      9.780000     14.694697     14.694697     29.389394
      9.800000     15.333768     15.333768     30.667535
      9.820000     15.891984     15.891984     31.783968
      9.840000     16.294907     16.294907     32.589814
      9.860000     16.489875     16.489875     32.979749
      9.880000     16.449749     16.449749     32.899498
      9.900000     16.174835     16.174835     32.349670
      9.920000     15.692901     15.692901     31.385802
      9.940000     15.056231     15.056231     30.112462
      9.960000     14.334898     14.334898     28.669796
      9.980000     13.606873     13.606873     27.213745
     10.000000     12.947082     12.947082     25.894163
