# EIG2DOS: Utility for SIESTA to obtain the electronic density of states
#  E. Artacho, Apr 1999, A. Garcia, Apr 2012
# ------------------------------------------
# Eigenvalues read from GRP_doping.EIG
# Using smearing parameter:   0.100
# Using   1001 points in energy range
# Selected bands: 1 to: 936
# Emin, emax in file for selected band(s):    -36.6600100    254.9821900
# Nbands, Nspin, Nk   =    936     1   231
# E_F                 =    -3.8672 eV --> (shifted to ZERO)
# Broadening          =     0.1000 eV
#
#        E            N(up)  (=)   N(down)         Ntot
    -10.000000      0.001472      0.001472      0.002944
     -9.980000      0.001963      0.001963      0.003926
     -9.960000      0.005126      0.005126      0.010253
     -9.940000      0.013971      0.013971      0.027941
     -9.920000      0.035593      0.035593      0.071186
     -9.900000      0.083890      0.083890      0.167779
     -9.880000      0.182781      0.182781      0.365561
     -9.860000      0.368256      0.368256      0.736513
     -9.840000      0.686430      0.686430      1.372859
     -9.820000      1.184733      1.184733      2.369466
     -9.800000      1.895639      1.895639      3.791277
     -9.780000      2.817059      2.817059      5.634119
     -9.760000      3.898585      3.898585      7.797170
     -9.740000      5.043707      5.043707     10.087414
     -9.720000      6.131871      6.131871     12.263742
     -9.700000      7.052457      7.052457     14.104915
     -9.680000      7.733340      7.733340     15.466680
     -9.660000      8.148235      8.148235     16.296470
     -9.640000      8.300923      8.300923     16.601846
     -9.620000      8.201306      8.201306     16.402612
     -9.600000      7.854491      7.854491     15.708981
     -9.580000      7.273513      7.273513     14.547026
     -9.560000      6.506640      6.506640     13.013281
     -9.540000      5.656904      5.656904     11.313808
     -9.520000      4.874754      4.874754      9.749509
     -9.500000      4.321406      4.321406      8.642812
     -9.480000      4.118175      4.118175      8.236350
     -9.460000      4.304906      4.304906      8.609812
     -9.440000      4.825876      4.825876      9.651751
     -9.420000      5.549146      5.549146     11.098292
     -9.400000      6.311821      6.311821     12.623641
     -9.380000      6.974168      6.974168     13.948336
     -9.360000      7.463056      7.463056     14.926111
     -9.340000      7.790272      7.790272     15.580543
     -9.320000      8.041677      8.041677     16.083354
     -9.300000      8.343553      8.343553     16.687106
     -9.280000      8.818337      8.818337     17.636675
     -9.260000      9.542480      9.542480     19.084960
     -9.240000     10.517087     10.517087     21.034174
     -9.220000     11.659605     11.659605     23.319210
     -9.200000     12.820760     12.820760     25.641520
     -9.180000     13.823197     13.823197     27.646393
     -9.160000     14.508615     14.508615     29.017230
     -9.140000     14.775168     14.775168     29.550336
     -9.120000     14.592085     14.592085     29.184169
     -9.100000     13.991892     13.991892     27.983784
     -9.080000     13.052740     13.052740     26.105481
     -9.060000     11.884910     11.884910     23.769820
     -9.040000     10.625669     10.625669     21.251338
     -9.020000      9.433835      9.433835     18.867670
     -9.000000      8.470749      8.470749     16.941498
     -8.980000      7.862769      7.862769     15.725538
     -8.960000      7.656581      7.656581     15.313161
     -8.940000      7.790822      7.790822     15.581643
     -8.920000      8.105555      8.105555     16.211111
     -8.900000      8.393916      8.393916     16.787831
     -8.880000      8.477319      8.477319     16.954638
     -8.860000      8.271480      8.271480     16.542959
     -8.840000      7.814352      7.814352     15.628703
     -8.820000      7.246476      7.246476     14.492952
     -8.800000      6.756339      6.756339     13.512678
     -8.780000      6.515377      6.515377     13.030754
     -8.760000      6.625150      6.625150     13.250301
     -8.740000      7.089036      7.089036     14.178073
     -8.720000      7.811460      7.811460     15.622919
     -8.700000      8.622850      8.622850     17.245699
     -8.680000      9.325242      9.325242     18.650484
     -8.660000      9.747866      9.747866     19.495732
     -8.640000      9.795432      9.795432     19.590864
     -8.620000      9.470560      9.470560     18.941120
     -8.600000      8.860667      8.860667     17.721334
     -8.580000      8.096123      8.096123     16.192246
     -8.560000      7.300770      7.300770     14.601541
     -8.540000      6.558500      6.558500     13.116999
     -8.520000      5.908567      5.908567     11.817133
     -8.500000      5.364854      5.364854     10.729708
     -8.480000      4.941326      4.941326      9.882653
     -8.460000      4.664914      4.664914      9.329828
     -8.440000      4.567510      4.567510      9.135019
     -8.420000      4.663418      4.663418      9.326836
     -8.400000      4.928226      4.928226      9.856453
     -8.380000      5.294191      5.294191     10.588383
     -8.360000      5.667027      5.667027     11.334054
     -8.340000      5.956300      5.956300     11.912599
     -8.320000      6.104280      6.104280     12.208561
     -8.300000      6.099963      6.099963     12.199925
     -8.280000      5.973955      5.973955     11.947911
     -8.260000      5.779987      5.779987     11.559974
     -8.240000      5.574148      5.574148     11.148296
     -8.220000      5.401724      5.401724     10.803448
     -8.200000      5.295713      5.295713     10.591427
     -8.180000      5.284734      5.284734     10.569469
     -8.160000      5.403843      5.403843     10.807687
     -8.140000      5.700413      5.700413     11.400827
     -8.120000      6.228303      6.228303     12.456605
     -8.100000      7.027309      7.027309     14.054617
     -8.080000      8.092000      8.092000     16.184001
     -8.060000      9.343000      9.343000     18.685999
     -8.040000     10.619385     10.619385     21.238770
     -8.020000     11.706361     11.706361     23.412722
     -8.000000     12.395770     12.395770     24.791539
     -7.980000     12.556246     12.556246     25.112492
     -7.960000     12.179041     12.179041     24.358082
     -7.940000     11.375015     11.375015     22.750029
     -7.920000     10.324206     10.324206     20.648413
     -7.900000      9.205153      9.205153     18.410306
     -7.880000      8.139590      8.139590     16.279180
     -7.860000      7.175017      7.175017     14.350033
     -7.840000      6.303920      6.303920     12.607840
     -7.820000      5.500857      5.500857     11.001715
     -7.800000      4.756110      4.756110      9.512220
     -7.780000      4.093973      4.093973      8.187945
     -7.760000      3.574815      3.574815      7.149630
     -7.740000      3.285405      3.285405      6.570811
     -7.720000      3.321200      3.321200      6.642401
     -7.700000      3.762007      3.762007      7.524015
     -7.680000      4.643008      4.643008      9.286016
     -7.660000      5.927418      5.927418     11.854837
     -7.640000      7.492033      7.492033     14.984066
     -7.620000      9.137602      9.137602     18.275204
     -7.600000     10.628679     10.628679     21.257357
     -7.580000     11.753428     11.753428     23.506856
     -7.560000     12.380350     12.380350     24.760701
     -7.540000     12.486347     12.486347     24.972695
     -7.520000     12.143991     12.143991     24.287983
     -7.500000     11.478623     11.478623     22.957245
     -7.480000     10.622334     10.622334     21.244668
     -7.460000      9.689493      9.689493     19.378986
     -7.440000      8.778897      8.778897     17.557794
     -7.420000      7.986524      7.986524     15.973048
     -7.400000      7.406574      7.406574     14.813148
     -7.380000      7.110918      7.110918     14.221835
     -7.360000      7.117030      7.117030     14.234059
     -7.340000      7.366420      7.366420     14.732840
     -7.320000      7.731658      7.731658     15.463315
     -7.300000      8.054510      8.054510     16.109019
     -7.280000      8.201098      8.201098     16.402195
     -7.260000      8.111270      8.111270     16.222540
     -7.240000      7.821509      7.821509     15.643018
     -7.220000      7.451201      7.451201     14.902402
     -7.200000      7.156124      7.156124     14.312248
     -7.180000      7.065520      7.065520     14.131040
     -7.160000      7.226122      7.226122     14.452244
     -7.140000      7.575401      7.575401     15.150802
     -7.120000      7.956498      7.956498     15.912995
     -7.100000      8.171250      8.171250     16.342501
     -7.080000      8.051469      8.051469     16.102938
     -7.060000      7.519899      7.519899     15.039799
     -7.040000      6.616674      6.616674     13.233349
     -7.020000      5.483030      5.483030     10.966061
     -7.000000      4.313173      4.313173      8.626347
     -6.980000      3.296888      3.296888      6.593776
     -6.960000      2.574415      2.574415      5.148830
     -6.940000      2.214358      2.214358      4.428716
     -6.920000      2.213295      2.213295      4.426590
     -6.900000      2.509318      2.509318      5.018636
     -6.880000      3.002083      3.002083      6.004166
     -6.860000      3.575271      3.575271      7.150542
     -6.840000      4.119321      4.119321      8.238641
     -6.820000      4.551725      4.551725      9.103450
     -6.800000      4.831067      4.831067      9.662134
     -6.780000      4.961555      4.961555      9.923110
     -6.760000      4.987359      4.987359      9.974719
     -6.740000      4.978819      4.978819      9.957638
     -6.720000      5.014095      5.014095     10.028191
     -6.700000      5.160162      5.160162     10.320325
     -6.680000      5.457079      5.457079     10.914158
     -6.660000      5.909450      5.909450     11.818900
     -6.640000      6.487718      6.487718     12.975437
     -6.620000      7.138616      7.138616     14.277232
     -6.600000      7.799808      7.799808     15.599616
     -6.580000      8.411542      8.411542     16.823084
     -6.560000      8.920401      8.920401     17.840802
     -6.540000      9.276378      9.276378     18.552756
     -6.520000      9.430168      9.430168     18.860336
     -6.500000      9.338117      9.338117     18.676234
     -6.480000      8.976460      8.976460     17.952921
     -6.460000      8.358232      8.358232     16.716464
     -6.440000      7.541851      7.541851     15.083701
     -6.420000      6.623492      6.623492     13.246985
     -6.400000      5.713995      5.713995     11.427990
     -6.380000      4.909366      4.909366      9.818731
     -6.360000      4.266822      4.266822      8.533645
     -6.340000      3.794874      3.794874      7.589749
     -6.320000      3.459330      3.459330      6.918660
     -6.300000      3.201301      3.201301      6.402602
     -6.280000      2.960295      2.960295      5.920590
     -6.260000      2.695140      2.695140      5.390281
     -6.240000      2.396845      2.396845      4.793690
     -6.220000      2.089984      2.089984      4.179968
     -6.200000      1.822713      1.822713      3.645426
     -6.180000      1.649232      1.649232      3.298463
     -6.160000      1.611210      1.611210      3.222421
     -6.140000      1.725002      1.725002      3.450004
     -6.120000      1.979127      1.979127      3.958255
     -6.100000      2.342367      2.342367      4.684735
     -6.080000      2.778462      2.778462      5.556924
     -6.060000      3.260699      3.260699      6.521398
     -6.040000      3.779934      3.779934      7.559869
     -6.020000      4.342839      4.342839      8.685678
     -6.000000      4.961875      4.961875      9.923749
     -5.980000      5.642169      5.642169     11.284337
     -5.960000      6.371287      6.371287     12.742575
     -5.940000      7.115990      7.115990     14.231981
     -5.920000      7.826897      7.826897     15.653794
     -5.900000      8.449077      8.449077     16.898153
     -5.880000      8.934329      8.934329     17.868658
     -5.860000      9.249803      9.249803     18.499606
     -5.840000      9.378731      9.378731     18.757462
     -5.820000      9.313496      9.313496     18.626992
     -5.800000      9.047242      9.047242     18.094483
     -5.780000      8.573059      8.573059     17.146118
     -5.760000      7.895416      7.895416     15.790831
     -5.740000      7.048591      7.048591     14.097181
     -5.720000      6.108853      6.108853     12.217706
     -5.700000      5.188223      5.188223     10.376446
     -5.680000      4.408249      4.408249      8.816497
     -5.660000      3.864803      3.864803      7.729606
     -5.640000      3.600455      3.600455      7.200911
     -5.620000      3.596085      3.596085      7.192169
     -5.600000      3.782413      3.782413      7.564825
     -5.580000      4.062928      4.062928      8.125855
     -5.560000      4.337439      4.337439      8.674878
     -5.540000      4.519798      4.519798      9.039595
     -5.520000      4.549369      4.549369      9.098738
     -5.500000      4.398829      4.398829      8.797658
     -5.480000      4.079386      4.079386      8.158772
     -5.460000      3.641110      3.641110      7.282220
     -5.440000      3.164589      3.164589      6.329179
     -5.420000      2.742623      2.742623      5.485246
     -5.400000      2.455753      2.455753      4.911506
     -5.380000      2.349671      2.349671      4.699343
     -5.360000      2.423021      2.423021      4.846042
     -5.340000      2.630380      2.630380      5.260760
     -5.320000      2.899166      2.899166      5.798333
     -5.300000      3.153768      3.153768      6.307536
     -5.280000      3.337904      3.337904      6.675807
     -5.260000      3.427923      3.427923      6.855847
     -5.240000      3.434425      3.434425      6.868851
     -5.220000      3.394594      3.394594      6.789189
     -5.200000      3.360525      3.360525      6.721050
     -5.180000      3.388327      3.388327      6.776655
     -5.160000      3.530076      3.530076      7.060152
     -5.140000      3.827923      3.827923      7.655845
     -5.120000      4.308913      4.308913      8.617827
     -5.100000      4.980448      4.980448      9.960895
     -5.080000      5.828301      5.828301     11.656602
     -5.060000      6.819393      6.819393     13.638785
     -5.040000      7.909019      7.909019     15.818038
     -5.020000      9.048737      9.048737     18.097474
     -5.000000     10.189955     10.189955     20.379909
     -4.980000     11.281837     11.281837     22.563674
     -4.960000     12.268281     12.268281     24.536561
     -4.940000     13.091433     13.091433     26.182867
     -4.920000     13.704157     13.704157     27.408314
     -4.900000     14.083746     14.083746     28.167491
     -4.880000     14.233757     14.233757     28.467515
     -4.860000     14.167723     14.167723     28.335446
     -4.840000     13.884545     13.884545     27.769090
     -4.820000     13.356822     13.356822     26.713645
     -4.800000     12.547921     12.547921     25.095842
     -4.780000     11.453035     11.453035     22.906071
     -4.760000     10.139484     10.139484     20.278969
     -4.740000      8.758143      8.758143     17.516287
     -4.720000      7.513900      7.513900     15.027800
     -4.700000      6.606059      6.606059     13.212117
     -4.680000      6.164472      6.164472     12.328944
     -4.660000      6.207379      6.207379     12.414758
     -4.640000      6.636612      6.636612     13.273224
     -4.620000      7.272147      7.272147     14.544294
     -4.600000      7.914907      7.914907     15.829813
     -4.580000      8.415812      8.415812     16.831625
     -4.560000      8.724044      8.724044     17.448087
     -4.540000      8.893621      8.893621     17.787242
     -4.520000      9.045986      9.045986     18.091972
     -4.500000      9.308717      9.308717     18.617434
     -4.480000      9.762430      9.762430     19.524861
     -4.460000     10.419793     10.419793     20.839586
     -4.440000     11.237390     11.237390     22.474780
     -4.420000     12.140175     12.140175     24.280351
     -4.400000     13.035627     13.035627     26.071255
     -4.380000     13.811799     13.811799     27.623598
     -4.360000     14.334451     14.334451     28.668902
     -4.340000     14.463992     14.463992     28.927984
     -4.320000     14.097227     14.097227     28.194453
     -4.300000     13.215283     13.215283     26.430566
     -4.280000     11.908400     11.908400     23.816799
     -4.260000     10.359885     10.359885     20.719769
     -4.240000      8.796200      8.796200     17.592400
     -4.220000      7.428546      7.428546     14.857093
     -4.200000      6.411421      6.411421     12.822842
     -4.180000      5.828409      5.828409     11.656819
     -4.160000      5.698106      5.698106     11.396212
     -4.140000      5.985264      5.985264     11.970528
     -4.120000      6.606767      6.606767     13.213535
     -4.100000      7.433306      7.433306     14.866611
     -4.080000      8.296814      8.296814     16.593627
     -4.060000      9.014293      9.014293     18.028586
     -4.040000      9.429407      9.429407     18.858814
     -4.020000      9.459678      9.459678     18.919355
     -4.000000      9.128221      9.128221     18.256441
     -3.980000      8.561811      8.561811     17.123621
     -3.960000      7.951231      7.951231     15.902463
     -3.940000      7.487379      7.487379     14.974757
     -3.920000      7.297386      7.297386     14.594771
     -3.900000      7.404139      7.404139     14.808278
     -3.880000      7.722102      7.722102     15.444204
     -3.860000      8.088619      8.088619     16.177237
     -3.840000      8.318480      8.318480     16.636960
     -3.820000      8.263358      8.263358     16.526716
     -3.800000      7.857675      7.857675     15.715351
     -3.780000      7.137986      7.137986     14.275972
     -3.760000      6.231933      6.231933     12.463867
     -3.740000      5.321967      5.321967     10.643934
     -3.720000      4.595023      4.595023      9.190045
     -3.700000      4.191329      4.191329      8.382658
     -3.680000      4.164700      4.164700      8.329401
     -3.660000      4.464681      4.464681      8.929363
     -3.640000      4.947496      4.947496      9.894993
     -3.620000      5.416216      5.416216     10.832432
     -3.600000      5.680619      5.680619     11.361237
     -3.580000      5.617534      5.617534     11.235068
     -3.560000      5.209356      5.209356     10.418713
     -3.540000      4.545995      4.545995      9.091990
     -3.520000      3.791020      3.791020      7.582041
     -3.500000      3.127594      3.127594      6.255188
     -3.480000      2.705576      2.705576      5.411151
     -3.460000      2.606172      2.606172      5.212344
     -3.440000      2.829901      2.829901      5.659802
     -3.420000      3.304742      3.304742      6.609485
     -3.400000      3.907837      3.907837      7.815675
     -3.380000      4.494687      4.494687      8.989375
     -3.360000      4.931032      4.931032      9.862064
     -3.340000      5.122553      5.122553     10.245106
     -3.320000      5.036701      5.036701     10.073401
     -3.300000      4.711008      4.711008      9.422015
     -3.280000      4.244346      4.244346      8.488692
     -3.260000      3.771658      3.771658      7.543315
     -3.240000      3.427647      3.427647      6.855295
     -3.220000      3.309235      3.309235      6.618471
     -3.200000      3.448494      3.448494      6.896989
     -3.180000      3.805971      3.805971      7.611943
     -3.160000      4.288236      4.288236      8.576473
     -3.140000      4.784490      4.784490      9.568980
     -3.120000      5.208477      5.208477     10.416955
     -3.100000      5.528146      5.528146     11.056291
     -3.080000      5.769450      5.769450     11.538899
     -3.060000      5.991749      5.991749     11.983497
     -3.040000      6.245658      6.245658     12.491317
     -3.020000      6.533538      6.533538     13.067075
     -3.000000      6.792925      6.792925     13.585850
     -2.980000      6.913192      6.913192     13.826385
     -2.960000      6.779481      6.779481     13.558962
     -2.940000      6.323608      6.323608     12.647216
     -2.920000      5.557306      5.557306     11.114613
     -2.900000      4.572123      4.572123      9.144245
     -2.880000      3.507726      3.507726      7.015451
     -2.860000      2.505894      2.505894      5.011788
     -2.840000      1.672031      1.672031      3.344062
     -2.820000      1.058448      1.058448      2.116896
     -2.800000      0.670232      0.670232      1.340465
     -2.780000      0.484006      0.484006      0.968011
     -2.760000      0.467053      0.467053      0.934106
     -2.740000      0.588380      0.588380      1.176760
     -2.720000      0.820086      0.820086      1.640172
     -2.700000      1.133053      1.133053      2.266106
     -2.680000      1.493259      1.493259      2.986517
     -2.660000      1.863816      1.863816      3.727631
     -2.640000      2.214094      2.214094      4.428188
     -2.620000      2.532820      2.532820      5.065641
     -2.600000      2.838766      2.838766      5.677532
     -2.580000      3.182144      3.182144      6.364288
     -2.560000      3.632498      3.632498      7.264997
     -2.540000      4.254052      4.254052      8.508103
     -2.520000      5.075639      5.075639     10.151279
     -2.500000      6.067201      6.067201     12.134403
     -2.480000      7.135394      7.135394     14.270787
     -2.460000      8.145079      8.145079     16.290159
     -2.440000      8.962113      8.962113     17.924225
     -2.420000      9.501133      9.501133     19.002266
     -2.400000      9.757146      9.757146     19.514293
     -2.380000      9.805576      9.805576     19.611153
     -2.360000      9.769596      9.769596     19.539192
     -2.340000      9.768331      9.768331     19.536662
     -2.320000      9.867638      9.867638     19.735275
     -2.300000     10.053819     10.053819     20.107637
     -2.280000     10.241457     10.241457     20.482915
     -2.260000     10.313029     10.313029     20.626057
     -2.240000     10.174328     10.174328     20.348655
     -2.220000      9.801267      9.801267     19.602535
     -2.200000      9.255305      9.255305     18.510610
     -2.180000      8.658188      8.658188     17.316376
     -2.160000      8.136798      8.136798     16.273595
     -2.140000      7.765311      7.765311     15.530622
     -2.120000      7.534942      7.534942     15.069883
     -2.100000      7.367982      7.367982     14.735964
     -2.080000      7.169102      7.169102     14.338205
     -2.060000      6.885667      6.885667     13.771334
     -2.040000      6.542797      6.542797     13.085594
     -2.020000      6.232598      6.232598     12.465196
     -2.000000      6.063304      6.063304     12.126608
     -1.980000      6.097906      6.097906     12.195813
     -1.960000      6.318608      6.318608     12.637216
     -1.940000      6.638781      6.638781     13.277562
     -1.920000      6.956231      6.956231     13.912463
     -1.900000      7.216985      7.216985     14.433970
     -1.880000      7.451933      7.451933     14.903866
     -1.860000      7.763539      7.763539     15.527079
     -1.840000      8.267457      8.267457     16.534914
     -1.820000      9.018497      9.018497     18.036995
     -1.800000      9.958745      9.958745     19.917490
     -1.780000     10.914585     10.914585     21.829170
     -1.760000     11.645925     11.645925     23.291850
     -1.740000     11.927096     11.927096     23.854191
     -1.720000     11.625538     11.625538     23.251075
     -1.700000     10.746822     10.746822     21.493644
     -1.680000      9.430704      9.430704     18.861408
     -1.660000      7.904588      7.904588     15.809175
     -1.640000      6.417153      6.417153     12.834307
     -1.620000      5.178604      5.178604     10.357209
     -1.600000      4.325028      4.325028      8.650057
     -1.580000      3.909801      3.909801      7.819602
     -1.560000      3.913705      3.913705      7.827409
     -1.540000      4.262452      4.262452      8.524904
     -1.520000      4.844410      4.844410      9.688819
     -1.500000      5.527247      5.527247     11.054494
     -1.480000      6.175324      6.175324     12.350647
     -1.460000      6.668506      6.668506     13.337013
     -1.440000      6.920032      6.920032     13.840064
     -1.420000      6.889138      6.889138     13.778276
     -1.400000      6.585174      6.585174     13.170348
     -1.380000      6.062983      6.062983     12.125966
     -1.360000      5.412222      5.412222     10.824443
     -1.340000      4.743926      4.743926      9.487852
     -1.320000      4.175868      4.175868      8.351736
     -1.300000      3.815985      3.815985      7.631970
     -1.280000      3.742988      3.742988      7.485976
     -1.260000      3.986542      3.986542      7.973084
     -1.240000      4.514295      4.514295      9.028590
     -1.220000      5.235254      5.235254     10.470508
     -1.200000      6.024513      6.024513     12.049026
     -1.180000      6.763553      6.763553     13.527106
     -1.160000      7.379192      7.379192     14.758384
     -1.140000      7.861403      7.861403     15.722805
     -1.120000      8.249903      8.249903     16.499805
     -1.100000      8.597132      8.597132     17.194265
     -1.080000      8.929515      8.929515     17.859030
     -1.060000      9.229620      9.229620     18.459240
     -1.040000      9.448317      9.448317     18.896633
     -1.020000      9.537492      9.537492     19.074985
     -1.000000      9.482665      9.482665     18.965330
     -0.980000      9.317008      9.317008     18.634016
     -0.960000      9.110794      9.110794     18.221587
     -0.940000      8.944097      8.944097     17.888194
     -0.920000      8.877818      8.877818     17.755637
     -0.900000      8.936079      8.936079     17.872158
     -0.880000      9.104789      9.104789     18.209579
     -0.860000      9.342529      9.342529     18.685058
     -0.840000      9.595775      9.595775     19.191551
     -0.820000      9.812496      9.812496     19.624992
     -0.800000      9.953228      9.953228     19.906455
     -0.780000     10.001854     10.001854     20.003709
     -0.760000      9.976144      9.976144     19.952289
     -0.740000      9.932601      9.932601     19.865201
     -0.720000      9.957376      9.957376     19.914751
     -0.700000     10.139752     10.139752     20.279504
     -0.680000     10.535496     10.535496     21.070992
     -0.660000     11.136553     11.136553     22.273106
     -0.640000     11.863186     11.863186     23.726373
     -0.620000     12.583872     12.583872     25.167745
     -0.600000     13.154178     13.154178     26.308356
     -0.580000     13.457864     13.457864     26.915727
     -0.560000     13.435483     13.435483     26.870965
     -0.540000     13.094096     13.094096     26.188192
     -0.520000     12.499624     12.499624     24.999249
     -0.500000     11.757214     11.757214     23.514428
     -0.480000     10.985815     10.985815     21.971630
     -0.460000     10.293136     10.293136     20.586272
     -0.440000      9.756483      9.756483     19.512966
     -0.420000      9.412539      9.412539     18.825077
     -0.400000      9.255551      9.255551     18.511103
     -0.380000      9.241331      9.241331     18.482662
     -0.360000      9.295748      9.295748     18.591495
     -0.340000      9.329242      9.329242     18.658483
     -0.320000      9.259084      9.259084     18.518169
     -0.300000      9.036780      9.036780     18.073561
     -0.280000      8.671888      8.671888     17.343775
     -0.260000      8.241073      8.241073     16.482145
     -0.240000      7.875615      7.875615     15.751230
     -0.220000      7.729764      7.729764     15.459528
     -0.200000      7.940698      7.940698     15.881395
     -0.180000      8.593569      8.593569     17.187137
     -0.160000      9.701629      9.701629     19.403258
     -0.140000     11.204685     11.204685     22.409371
     -0.120000     12.982894     12.982894     25.965789
     -0.100000     14.879152     14.879152     29.758303
     -0.080000     16.722370     16.722370     33.444740
     -0.060000     18.345664     18.345664     36.691329
     -0.040000     19.597472     19.597472     39.194944
     -0.020000     20.348546     20.348546     40.697093
      0.000000     20.500666     20.500666     41.001332
      0.020000     20.001347     20.001347     40.002694
      0.040000     18.863034     18.863034     37.726068
      0.060000     17.178793     17.178793     34.357587
      0.080000     15.123965     15.123965     30.247930
      0.100000     12.936788     12.936788     25.873575
      0.120000     10.878985     10.878985     21.757969
      0.140000      9.185449      9.185449     18.370898
      0.160000      8.016617      8.016617     16.033234
      0.180000      7.426663      7.426663     14.853326
      0.200000      7.356510      7.356510     14.713019
      0.220000      7.654725      7.654725     15.309450
      0.240000      8.122571      8.122571     16.245143
      0.260000      8.572183      8.572183     17.144366
      0.280000      8.880598      8.880598     17.761196
      0.300000      9.020729      9.020729     18.041458
      0.320000      9.056588      9.056588     18.113176
      0.340000      9.103831      9.103831     18.207662
      0.360000      9.272139      9.272139     18.544277
      0.380000      9.614848      9.614848     19.229696
      0.400000     10.107954     10.107954     20.215907
      0.420000     10.666195     10.666195     21.332389
      0.440000     11.185809     11.185809     22.371618
      0.460000     11.590992     11.590992     23.181983
      0.480000     11.860460     11.860460     23.720920
      0.500000     12.021913     12.021913     24.043827
      0.520000     12.119488     12.119488     24.238977
      0.540000     12.173460     12.173460     24.346921
      0.560000     12.154886     12.154886     24.309773
      0.580000     11.988955     11.988955     23.977909
      0.600000     11.584870     11.584870     23.169739
      0.620000     10.876394     10.876394     21.752788
      0.640000      9.853128      9.853128     19.706257
      0.660000      8.569397      8.569397     17.138793
      0.680000      7.129821      7.129821     14.259641
      0.700000      5.660848      5.660848     11.321696
      0.720000      4.280919      4.280919      8.561838
      0.740000      3.079002      3.079002      6.158005
      0.760000      2.105533      2.105533      4.211067
      0.780000      1.374941      1.374941      2.749881
      0.800000      0.876367      0.876367      1.752734
      0.820000      0.588466      0.588466      1.176931
      0.840000      0.494246      0.494246      0.988493
      0.860000      0.592280      0.592280      1.184561
      0.880000      0.901072      0.901072      1.802145
      0.900000      1.454318      1.454318      2.908637
      0.920000      2.286446      2.286446      4.572893
      0.940000      3.410521      3.410521      6.821041
      0.960000      4.794102      4.794102      9.588204
      0.980000      6.341940      6.341940     12.683881
      1.000000      7.895436      7.895436     15.790871
      1.020000      9.255523      9.255523     18.511047
      1.040000     10.227350     10.227350     20.454700
      1.060000     10.674223     10.674223     21.348446
      1.080000     10.560476     10.560476     21.120952
      1.100000      9.963987      9.963987     19.927973
      1.120000      9.050838      9.050838     18.101677
      1.140000      8.021799      8.021799     16.043597
      1.160000      7.053100      7.053100     14.106200
      1.180000      6.254745      6.254745     12.509491
      1.200000      5.658448      5.658448     11.316895
      1.220000      5.232199      5.232199     10.464399
      1.240000      4.908747      4.908747      9.817495
      1.260000      4.614850      4.614850      9.229700
      1.280000      4.294010      4.294010      8.588020
      1.300000      3.921131      3.921131      7.842262
      1.320000      3.509453      3.509453      7.018906
      1.340000      3.109036      3.109036      6.218071
      1.360000      2.795465      2.795465      5.590929
      1.380000      2.649551      2.649551      5.299101
      1.400000      2.732902      2.732902      5.465804
      1.420000      3.067518      3.067518      6.135035
      1.440000      3.627448      3.627448      7.254897
      1.460000      4.346427      4.346427      8.692854
      1.480000      5.138751      5.138751     10.277502
      1.500000      5.924738      5.924738     11.849476
      1.520000      6.649961      6.649961     13.299922
      1.540000      7.290748      7.290748     14.581496
      1.560000      7.845598      7.845598     15.691196
      1.580000      8.319274      8.319274     16.638548
      1.600000      8.709261      8.709261     17.418521
      1.620000      9.001613      9.001613     18.003226
      1.640000      9.176984      9.176984     18.353968
      1.660000      9.221893      9.221893     18.443787
      1.680000      9.138237      9.138237     18.276474
      1.700000      8.946177      8.946177     17.892354
      1.720000      8.679948      8.679948     17.359896
      1.740000      8.379893      8.379893     16.759785
      1.760000      8.085206      8.085206     16.170411
      1.780000      7.830199      7.830199     15.660398
      1.800000      7.643749      7.643749     15.287498
      1.820000      7.549182      7.549182     15.098364
      1.840000      7.561845      7.561845     15.123690
      1.860000      7.684125      7.684125     15.368249
      1.880000      7.900983      7.900983     15.801967
      1.900000      8.180565      8.180565     16.361131
      1.920000      8.482299      8.482299     16.964598
      1.940000      8.769979      8.769979     17.539957
      1.960000      9.022728      9.022728     18.045455
      1.980000      9.236376      9.236376     18.472752
      2.000000      9.412965      9.412965     18.825930
      2.020000      9.544142      9.544142     19.088285
      2.040000      9.599686      9.599686     19.199373
      2.060000      9.530779      9.530779     19.061559
      2.080000      9.289122      9.289122     18.578244
      2.100000      8.852709      8.852709     17.705419
      2.120000      8.244029      8.244029     16.488059
      2.140000      7.530236      7.530236     15.060472
      2.160000      6.805183      6.805183     13.610366
      2.180000      6.163228      6.163228     12.326457
      2.200000      5.678039      5.678039     11.356077
      2.220000      5.394673      5.394673     10.789346
      2.240000      5.333902      5.333902     10.667804
      2.260000      5.500309      5.500309     11.000618
      2.280000      5.884693      5.884693     11.769387
      2.300000      6.456876      6.456876     12.913753
      2.320000      7.153863      7.153863     14.307726
      2.340000      7.874907      7.874907     15.749814
      2.360000      8.494534      8.494534     16.989067
      2.380000      8.895439      8.895439     17.790878
      2.400000      9.009613      9.009613     18.019226
      2.420000      8.846747      8.846747     17.693493
      2.440000      8.491951      8.491951     16.983902
      2.460000      8.070267      8.070267     16.140534
      2.480000      7.694229      7.694229     15.388458
      2.500000      7.420371      7.420371     14.840742
      2.520000      7.234684      7.234684     14.469368
      2.540000      7.070406      7.070406     14.140812
      2.560000      6.845505      6.845505     13.691010
      2.580000      6.501037      6.501037     13.002074
      2.600000      6.026083      6.026083     12.052165
      2.620000      5.464350      5.464350     10.928699
      2.640000      4.904962      4.904962      9.809925
      2.660000      4.462495      4.462495      8.924990
      2.680000      4.250381      4.250381      8.500763
      2.700000      4.350759      4.350759      8.701519
      2.720000      4.785071      4.785071      9.570142
      2.740000      5.493285      5.493285     10.986570
      2.760000      6.332542      6.332542     12.665083
      2.780000      7.103889      7.103889     14.207779
      2.800000      7.606161      7.606161     15.212322
      2.820000      7.701870      7.701870     15.403739
      2.840000      7.369650      7.369650     14.739299
      2.860000      6.719381      6.719381     13.438763
      2.880000      5.960863      5.960863     11.921726
      2.900000      5.337156      5.337156     10.674313
      2.920000      5.048368      5.048368     10.096736
      2.940000      5.193840      5.193840     10.387680
      2.960000      5.751232      5.751232     11.502464
      2.980000      6.595524      6.595524     13.191048
      3.000000      7.546015      7.546015     15.092031
      3.020000      8.420391      8.420391     16.840782
      3.040000      9.075432      9.075432     18.150864
      3.060000      9.423971      9.423971     18.847941
      3.080000      9.431566      9.431566     18.863132
      3.100000      9.105227      9.105227     18.210453
      3.120000      8.484878      8.484878     16.969756
      3.140000      7.639261      7.639261     15.278522
      3.160000      6.660512      6.660512     13.321024
      3.180000      5.652262      5.652262     11.304525
      3.200000      4.712905      4.712905      9.425811
      3.220000      3.921464      3.921464      7.842928
      3.240000      3.332826      3.332826      6.665652
      3.260000      2.982889      2.982889      5.965778
      3.280000      2.897588      2.897588      5.795175
      3.300000      3.097579      3.097579      6.195157
      3.320000      3.593566      3.593566      7.187131
      3.340000      4.373816      4.373816      8.747631
      3.360000      5.391570      5.391570     10.783140
      3.380000      6.562116      6.562116     13.124233
      3.400000      7.775285      7.775285     15.550569
      3.420000      8.920554      8.920554     17.841108
      3.440000      9.913946      9.913946     19.827892
      3.460000     10.714075     10.714075     21.428149
      3.480000     11.320706     11.320706     22.641413
      3.500000     11.758639     11.758639     23.517278
      3.520000     12.056002     12.056002     24.112004
      3.540000     12.226131     12.226131     24.452262
      3.560000     12.258421     12.258421     24.516841
      3.580000     12.120272     12.120272     24.240545
      3.600000     11.770496     11.770496     23.540992
      3.620000     11.181933     11.181933     22.363866
      3.640000     10.366409     10.366409     20.732818
      3.660000      9.391185      9.391185     18.782371
      3.680000      8.377358      8.377358     16.754716
      3.700000      7.478045      7.478045     14.956091
      3.720000      6.843249      6.843249     13.686499
      3.740000      6.583249      6.583249     13.166499
      3.760000      6.741236      6.741236     13.482472
      3.780000      7.281246      7.281246     14.562491
      3.800000      8.093057      8.093057     16.186114
      3.820000      9.012878      9.012878     18.025756
      3.840000      9.856266      9.856266     19.712531
      3.860000     10.456806     10.456806     20.913612
      3.880000     10.701633     10.701633     21.403265
      3.900000     10.554786     10.554786     21.109571
      3.920000     10.062569     10.062569     20.125137
      3.940000      9.340075      9.340075     18.680151
      3.960000      8.542729      8.542729     17.085459
      3.980000      7.829515      7.829515     15.659029
      4.000000      7.325600      7.325600     14.651199
      4.020000      7.092182      7.092182     14.184364
      4.040000      7.110951      7.110951     14.221902
      4.060000      7.288840      7.288840     14.577681
      4.080000      7.484412      7.484412     14.968824
      4.100000      7.550163      7.550163     15.100327
      4.120000      7.377821      7.377821     14.755641
      4.140000      6.930563      6.930563     13.861126
      4.160000      6.250292      6.250292     12.500583
      4.180000      5.438461      5.438461     10.876922
      4.200000      4.620222      4.620222      9.240444
      4.220000      3.907431      3.907431      7.814862
      4.240000      3.373683      3.373683      6.747366
      4.260000      3.046370      3.046370      6.092740
      4.280000      2.912416      2.912416      5.824831
      4.300000      2.930236      2.930236      5.860472
      4.320000      3.041660      3.041660      6.083319
      4.340000      3.181527      3.181527      6.363053
      4.360000      3.286099      3.286099      6.572198
      4.380000      3.302164      3.302164      6.604328
      4.400000      3.196999      3.196999      6.393998
      4.420000      2.966954      2.966954      5.933908
      4.440000      2.641357      2.641357      5.282713
      4.460000      2.279556      2.279556      4.559113
      4.480000      1.961461      1.961461      3.922922
      4.500000      1.774181      1.774181      3.548363
      4.520000      1.797996      1.797996      3.595991
      4.540000      2.093689      2.093689      4.187378
      4.560000      2.691712      2.691712      5.383425
      4.580000      3.583122      3.583122      7.166243
      4.600000      4.713569      4.713569      9.427138
      4.620000      5.983702      5.983702     11.967403
      4.640000      7.260008      7.260008     14.520015
      4.660000      8.397667      8.397667     16.795335
      4.680000      9.271609      9.271609     18.543217
      4.700000      9.806382      9.806382     19.612764
      4.720000      9.993439      9.993439     19.986878
      4.740000      9.888101      9.888101     19.776202
      4.760000      9.586800      9.586800     19.173600
      4.780000      9.193795      9.193795     18.387591
      4.800000      8.790876      8.790876     17.581752
      4.820000      8.421149      8.421149     16.842297
      4.840000      8.090580      8.090580     16.181159
      4.860000      7.782673      7.782673     15.565346
      4.880000      7.476883      7.476883     14.953767
      4.900000      7.161804      7.161804     14.323607
      4.920000      6.838614      6.838614     13.677227
      4.940000      6.515695      6.515695     13.031390
      4.960000      6.199086      6.199086     12.398173
      4.980000      5.884367      5.884367     11.768733
      5.000000      5.554083      5.554083     11.108166
      5.020000      5.182027      5.182027     10.364054
      5.040000      4.742793      4.742793      9.485586
      5.060000      4.222962      4.222962      8.445925
      5.080000      3.629593      3.629593      7.259186
      5.100000      2.992720      2.992720      5.985441
      5.120000      2.361055      2.361055      4.722111
      5.140000      1.793020      1.793020      3.586040
      5.160000      1.347117      1.347117      2.694234
      5.180000      1.075124      1.075124      2.150249
      5.200000      1.018780      1.018780      2.037560
      5.220000      1.207335      1.207335      2.414670
      5.240000      1.652148      1.652148      3.304296
      5.260000      2.336895      2.336895      4.673791
      5.280000      3.206924      3.206924      6.413847
      5.300000      4.165326      4.165326      8.330652
      5.320000      5.082879      5.082879     10.165758
      5.340000      5.823021      5.823021     11.646043
      5.360000      6.274648      6.274648     12.549296
      5.380000      6.380019      6.380019     12.760038
      5.400000      6.146500      6.146500     12.292999
      5.420000      5.638423      5.638423     11.276847
      5.440000      4.954306      4.954306      9.908612
      5.460000      4.199710      4.199710      8.399420
      5.480000      3.465219      3.465219      6.930438
      5.500000      2.814290      2.814290      5.628579
      5.520000      2.280762      2.280762      4.561524
      5.540000      1.873009      1.873009      3.746018
      5.560000      1.581273      1.581273      3.162545
      5.580000      1.385553      1.385553      2.771105
      5.600000      1.262432      1.262432      2.524864
      5.620000      1.190008      1.190008      2.380016
      5.640000      1.150743      1.150743      2.301486
      5.660000      1.132585      1.132585      2.265170
      5.680000      1.129121      1.129121      2.258243
      5.700000      1.139693      1.139693      2.279386
      5.720000      1.170203      1.170203      2.340406
      5.740000      1.234817      1.234817      2.469634
      5.760000      1.357866      1.357866      2.715731
      5.780000      1.574181      1.574181      3.148363
      5.800000      1.925334      1.925334      3.850667
      5.820000      2.449677      2.449677      4.899353
      5.840000      3.166607      3.166607      6.333214
      5.860000      4.059695      4.059695      8.119390
      5.880000      5.067252      5.067252     10.134505
      5.900000      6.088928      6.088928     12.177857
      5.920000      7.010782      7.010782     14.021564
      5.940000      7.740689      7.740689     15.481379
      5.960000      8.237360      8.237360     16.474719
      5.980000      8.517057      8.517057     17.034114
      6.000000      8.634485      8.634485     17.268971
      6.020000      8.651338      8.651338     17.302675
      6.040000      8.615174      8.615174     17.230348
      6.060000      8.563884      8.563884     17.127768
      6.080000      8.550401      8.550401     17.100803
      6.100000      8.663447      8.663447     17.326894
      6.120000      9.018343      9.018343     18.036686
      6.140000      9.711046      9.711046     19.422093
      6.160000     10.756111     10.756111     21.512223
      6.180000     12.045804     12.045804     24.091608
      6.200000     13.360478     13.360478     26.720956
      6.220000     14.433175     14.433175     28.866351
      6.240000     15.041239     15.041239     30.082478
      6.260000     15.082936     15.082936     30.165872
      6.280000     14.605734     14.605734     29.211468
      6.300000     13.778354     13.778354     27.556708
      6.320000     12.825381     12.825381     25.650762
      6.340000     11.956761     11.956761     23.913522
      6.360000     11.319913     11.319913     22.639826
      6.380000     10.985248     10.985248     21.970497
      6.400000     10.957844     10.957844     21.915689
      6.420000     11.198730     11.198730     22.397461
      6.440000     11.641657     11.641657     23.283314
      6.460000     12.201141     12.201141     24.402283
      6.480000     12.776993     12.776993     25.553986
      6.500000     13.263213     13.263213     26.526427
      6.520000     13.564541     13.564541     27.129083
      6.540000     13.616664     13.616664     27.233327
      6.560000     13.402039     13.402039     26.804078
      6.580000     12.954574     12.954574     25.909147
      6.600000     12.350791     12.350791     24.701583
      6.620000     11.689245     11.689245     23.378489
      6.640000     11.062728     11.062728     22.125456
      6.660000     10.530546     10.530546     21.061092
      6.680000     10.100606     10.100606     20.201213
      6.700000      9.730508      9.730508     19.461016
      6.720000      9.350112      9.350112     18.700223
      6.740000      8.896991      8.896991     17.793982
      6.760000      8.347682      8.347682     16.695364
      6.780000      7.728886      7.728886     15.457772
      6.800000      7.104263      7.104263     14.208526
      6.820000      6.546652      6.546652     13.093304
      6.840000      6.112648      6.112648     12.225296
      6.860000      5.831982      5.831982     11.663964
      6.880000      5.712340      5.712340     11.424680
      6.900000      5.750025      5.750025     11.500051
      6.920000      5.934840      5.934840     11.869680
      6.940000      6.243968      6.243968     12.487936
      6.960000      6.629283      6.629283     13.258565
      6.980000      7.008930      7.008930     14.017860
      7.000000      7.273551      7.273551     14.547103
      7.020000      7.310242      7.310242     14.620485
      7.040000      7.037191      7.037191     14.074382
      7.060000      6.434535      6.434535     12.869071
      7.080000      5.557004      5.557004     11.114008
      7.100000      4.522112      4.522112      9.044224
      7.120000      3.479703      3.479703      6.959407
      7.140000      2.577247      2.577247      5.154494
      7.160000      1.935382      1.935382      3.870763
      7.180000      1.640000      1.640000      3.280000
      7.200000      1.746216      1.746216      3.492432
      7.220000      2.282671      2.282671      4.565342
      7.240000      3.245832      3.245832      6.491665
      7.260000      4.582519      4.582519      9.165039
      7.280000      6.170122      6.170122     12.340245
      7.300000      7.811292      7.811292     15.622585
      7.320000      9.257844      9.257844     18.515688
      7.340000     10.266149     10.266149     20.532299
      7.360000     10.668520     10.668520     21.337041
      7.380000     10.431885     10.431885     20.863769
      7.400000      9.675494      9.675494     19.350987
      7.420000      8.635284      8.635284     17.270568
      7.440000      7.586238      7.586238     15.172476
      7.460000      6.753067      6.753067     13.506134
      7.480000      6.244162      6.244162     12.488325
      7.500000      6.032695      6.032695     12.065391
      7.520000      5.988477      5.988477     11.976954
      7.540000      5.944371      5.944371     11.888741
      7.560000      5.769650      5.769650     11.539299
      7.580000      5.423144      5.423144     10.846289
      7.600000      4.969561      4.969561      9.939122
      7.620000      4.557166      4.557166      9.114331
      7.640000      4.367497      4.367497      8.734993
      7.660000      4.554018      4.554018      9.108035
      7.680000      5.187114      5.187114     10.374228
      7.700000      6.220418      6.220418     12.440836
      7.720000      7.489661      7.489661     14.979323
      7.740000      8.748803      8.748803     17.497606
      7.760000      9.737467      9.737467     19.474934
      7.780000     10.260841     10.260841     20.521681
      7.800000     10.254628     10.254628     20.509257
      7.820000      9.810173      9.810173     19.620347
      7.840000      9.149258      9.149258     18.298516
      7.860000      8.557561      8.557561     17.115123
      7.880000      8.300251      8.300251     16.600502
      7.900000      8.546742      8.546742     17.093483
      7.920000      9.325381      9.325381     18.650762
      7.940000     10.518228     10.518228     21.036455
      7.960000     11.895420     11.895420     23.790841
      7.980000     13.179062     13.179062     26.358125
      8.000000     14.118347     14.118347     28.236694
      8.020000     14.553463     14.553463     29.106925
      8.040000     14.449374     14.449374     28.898748
      8.060000     13.892489     13.892489     27.784978
      8.080000     13.058082     13.058082     26.116164
      8.100000     12.165725     12.165725     24.331449
      8.120000     11.438650     11.438650     22.877300
      8.140000     11.073228     11.073228     22.146456
      8.160000     11.214380     11.214380     22.428761
      8.180000     11.929545     11.929545     23.859090
      8.200000     13.179943     13.179943     26.359887
      8.220000     14.799146     14.799146     29.598293
      8.240000     16.496887     16.496887     32.993775
      8.260000     17.903216     17.903216     35.806432
      8.280000     18.652600     18.652600     37.305200
      8.300000     18.485935     18.485935     36.971869
      8.320000     17.333044     17.333044     34.666089
      8.340000     15.340336     15.340336     30.680671
      8.360000     12.829438     12.829438     25.658877
      8.380000     10.202636     10.202636     20.405273
      8.400000      7.833069      7.833069     15.666138
      8.420000      5.980434      5.980434     11.960868
      8.440000      4.756576      4.756576      9.513151
      8.460000      4.141158      4.141158      8.282316
      8.480000      4.028887      4.028887      8.057774
      8.500000      4.283757      4.283757      8.567514
      8.520000      4.781145      4.781145      9.562289
      8.540000      5.428987      5.428987     10.857974
      8.560000      6.168749      6.168749     12.337498
      8.580000      6.962693      6.962693     13.925387
      8.600000      7.776114      7.776114     15.552227
      8.620000      8.562732      8.562732     17.125465
      8.640000      9.259092      9.259092     18.518183
      8.660000      9.790059      9.790059     19.580118
      8.680000     10.083376     10.083376     20.166753
      8.700000     10.087908     10.087908     20.175815
      8.720000      9.789337      9.789337     19.578673
      8.740000      9.218782      9.218782     18.437564
      8.760000      8.453008      8.453008     16.906015
      8.780000      7.607395      7.607395     15.214790
      8.800000      6.823186      6.823186     13.646372
      8.820000      6.249208      6.249208     12.498415
      8.840000      6.017726      6.017726     12.035452
      8.860000      6.216379      6.216379     12.432757
      8.880000      6.862882      6.862882     13.725764
      8.900000      7.892962      7.892962     15.785925
      8.920000      9.170426      9.170426     18.340851
      8.940000     10.520084     10.520084     21.040169
      8.960000     11.773016     11.773016     23.546032
      8.980000     12.806160     12.806160     25.612320
      9.000000     13.560160     13.560160     27.120321
      9.020000     14.030428     14.030428     28.060856
      9.040000     14.240454     14.240454     28.480908
      9.060000     14.214921     14.214921     28.429842
      9.080000     13.968019     13.968019     27.936038
      9.100000     13.511079     13.511079     27.022157
      9.120000     12.870453     12.870453     25.740906
      9.140000     12.099916     12.099916     24.199831
      9.160000     11.275966     11.275966     22.551932
      9.180000     10.476630     10.476630     20.953260
      9.200000      9.756397      9.756397     19.512794
      9.220000      9.133443      9.133443     18.266886
      9.240000      8.597441      8.597441     17.194882
      9.260000      8.132335      8.132335     16.264671
      9.280000      7.738283      7.738283     15.476567
      9.300000      7.437920      7.437920     14.875840
      9.320000      7.263461      7.263461     14.526922
      9.340000      7.234638      7.234638     14.469276
      9.360000      7.343433      7.343433     14.686866
      9.380000      7.556140      7.556140     15.112280
      9.400000      7.830887      7.830887     15.661775
      9.420000      8.138543      8.138543     16.277086
      9.440000      8.473892      8.473892     16.947783
      9.460000      8.852085      8.852085     17.704170
      9.480000      9.295949      9.295949     18.591897
      9.500000      9.824683      9.824683     19.649367
      9.520000     10.450422     10.450422     20.900843
      9.540000     11.179666     11.179666     22.359332
      9.560000     12.010148     12.010148     24.020297
      9.580000     12.916491     12.916491     25.832982
      9.600000     13.829453     13.829453     27.658906
      9.620000     14.625061     14.625061     29.250121
      9.640000     15.141193     15.141193     30.282386
      9.660000     15.226246     15.226246     30.452492
      9.680000     14.804007     14.804007     29.608013
      9.700000     13.924364     13.924364     27.848728
      9.720000     12.771554     12.771554     25.543108
      9.740000     11.620093     11.620093     23.240185
      9.760000     10.752863     10.752863     21.505726
      9.780000     10.372784     10.372784     20.745569
      9.800000     10.541543     10.541543     21.083085
      9.820000     11.166804     11.166804     22.333608
      9.840000     12.039744     12.039744     24.079487
      9.860000     12.905901     12.905901     25.811802
      9.880000     13.541546     13.541546     27.083091
      9.900000     13.808849     13.808849     27.617697
      9.920000     13.675173     13.675173     27.350346
      9.940000     13.198188     13.198188     26.396375
      9.960000     12.490714     12.490714     24.981429
      9.980000     11.681965     11.681965     23.363930
     10.000000     10.886525     10.886525     21.773050
