# EIG2DOS: Utility for SIESTA to obtain the electronic density of states
#  E. Artacho, Apr 1999, A. Garcia, Apr 2012
# ------------------------------------------
# Eigenvalues read from GRP_doping.EIG
# Using smearing parameter:   0.100
# Using   1001 points in energy range
# Selected bands: 1 to: 936
# Emin, emax in file for selected band(s):    -41.0688200    238.1058400
# Nbands, Nspin, Nk   =    936     1   231
# E_F                 =    -4.0118 eV --> (shifted to ZERO)
# Broadening          =     0.1000 eV
#
#        E            N(up)  (=)   N(down)         Ntot
    -10.000000      6.642605      6.642605     13.285210
     -9.980000      6.650502      6.650502     13.301004
     -9.960000      6.455391      6.455391     12.910782
     -9.940000      6.174458      6.174458     12.348915
     -9.920000      5.919048      5.919048     11.838097
     -9.900000      5.769679      5.769679     11.539357
     -9.880000      5.773793      5.773793     11.547586
     -9.860000      5.958186      5.958186     11.916372
     -9.840000      6.341970      6.341970     12.683940
     -9.820000      6.940532      6.940532     13.881064
     -9.800000      7.760169      7.760169     15.520338
     -9.780000      8.789205      8.789205     17.578410
     -9.760000      9.990852      9.990852     19.981703
     -9.740000     11.298620     11.298620     22.597240
     -9.720000     12.612806     12.612806     25.225613
     -9.700000     13.799998     13.799998     27.599997
     -9.680000     14.703563     14.703563     29.407126
     -9.660000     15.173402     15.173402     30.346804
     -9.640000     15.112580     15.112580     30.225159
     -9.620000     14.521875     14.521875     29.043749
     -9.600000     13.515279     13.515279     27.030558
     -9.580000     12.291000     12.291000     24.582000
     -9.560000     11.069147     11.069147     22.138295
     -9.540000     10.029493     10.029493     20.058987
     -9.520000      9.281873      9.281873     18.563746
     -9.500000      8.876856      8.876856     17.753712
     -9.480000      8.834176      8.834176     17.668352
     -9.460000      9.154920      9.154920     18.309840
     -9.440000      9.800336      9.800336     19.600672
     -9.420000     10.652693     10.652693     21.305387
     -9.400000     11.496407     11.496407     22.992814
     -9.380000     12.051394     12.051394     24.102789
     -9.360000     12.057641     12.057641     24.115283
     -9.340000     11.373005     11.373005     22.746011
     -9.320000     10.032396     10.032396     20.064791
     -9.300000      8.236161      8.236161     16.472321
     -9.280000      6.275114      6.275114     12.550229
     -9.260000      4.432189      4.432189      8.864377
     -9.240000      2.906694      2.906694      5.813388
     -9.220000      1.787417      1.787417      3.574834
     -9.200000      1.072125      1.072125      2.144250
     -9.180000      0.711545      0.711545      1.423090
     -9.160000      0.652599      0.652599      1.305197
     -9.140000      0.864147      0.864147      1.728294
     -9.120000      1.340093      1.340093      2.680187
     -9.100000      2.083671      2.083671      4.167343
     -9.080000      3.082130      3.082130      6.164260
     -9.060000      4.283492      4.283492      8.566985
     -9.040000      5.586463      5.586463     11.172926
     -9.020000      6.849852      6.849852     13.699704
     -9.000000      7.919616      7.919616     15.839232
     -8.980000      8.663437      8.663437     17.326875
     -8.960000      8.999459      8.999459     17.998918
     -8.940000      8.909678      8.909678     17.819356
     -8.920000      8.436860      8.436860     16.873720
     -8.900000      7.670883      7.670883     15.341767
     -8.880000      6.731837      6.731837     13.463673
     -8.860000      5.753501      5.753501     11.507002
     -8.840000      4.866444      4.866444      9.732887
     -8.820000      4.179062      4.179062      8.358125
     -8.800000      3.758226      3.758226      7.516453
     -8.780000      3.615393      3.615393      7.230786
     -8.760000      3.705152      3.705152      7.410304
     -8.740000      3.939225      3.939225      7.878451
     -8.720000      4.212103      4.212103      8.424206
     -8.700000      4.429137      4.429137      8.858274
     -8.680000      4.527566      4.527566      9.055132
     -8.660000      4.485738      4.485738      8.971476
     -8.640000      4.322105      4.322105      8.644210
     -8.620000      4.088896      4.088896      8.177792
     -8.600000      3.863783      3.863783      7.727566
     -8.580000      3.738610      3.738610      7.477219
     -8.560000      3.801879      3.801879      7.603758
     -8.540000      4.114389      4.114389      8.228778
     -8.520000      4.683930      4.683930      9.367860
     -8.500000      5.450498      5.450498     10.900996
     -8.480000      6.292872      6.292872     12.585743
     -8.460000      7.059160      7.059160     14.118320
     -8.440000      7.611915      7.611915     15.223830
     -8.420000      7.869638      7.869638     15.739276
     -8.400000      7.826913      7.826913     15.653826
     -8.380000      7.545582      7.545582     15.091165
     -8.360000      7.123908      7.123908     14.247815
     -8.340000      6.661080      6.661080     13.322160
     -8.320000      6.234513      6.234513     12.469027
     -8.300000      5.897369      5.897369     11.794738
     -8.280000      5.690290      5.690290     11.380580
     -8.260000      5.653320      5.653320     11.306639
     -8.240000      5.826298      5.826298     11.652596
     -8.220000      6.236274      6.236274     12.472547
     -8.200000      6.880759      6.880759     13.761517
     -8.180000      7.718697      7.718697     15.437394
     -8.160000      8.675689      8.675689     17.351378
     -8.140000      9.661243      9.661243     19.322487
     -8.120000     10.589902     10.589902     21.179803
     -8.100000     11.397430     11.397430     22.794861
     -8.080000     12.046395     12.046395     24.092790
     -8.060000     12.519841     12.519841     25.039683
     -8.040000     12.806762     12.806762     25.613523
     -8.020000     12.887574     12.887574     25.775148
     -8.000000     12.729296     12.729296     25.458591
     -7.980000     12.295478     12.295478     24.590956
     -7.960000     11.566682     11.566682     23.133365
     -7.940000     10.559760     10.559760     21.119520
     -7.920000      9.334796      9.334796     18.669591
     -7.900000      7.987002      7.987002     15.974004
     -7.880000      6.630037      6.630037     13.260074
     -7.860000      5.379937      5.379937     10.759874
     -7.840000      4.344254      4.344254      8.688508
     -7.820000      3.614367      3.614367      7.228734
     -7.800000      3.256410      3.256410      6.512819
     -7.780000      3.299458      3.299458      6.598916
     -7.760000      3.725503      3.725503      7.451005
     -7.740000      4.469243      4.469243      8.938487
     -7.720000      5.433472      5.433472     10.866943
     -7.700000      6.517605      6.517605     13.035210
     -7.680000      7.646946      7.646946     15.293893
     -7.660000      8.785538      8.785538     17.571075
     -7.640000      9.922065      9.922065     19.844129
     -7.620000     11.035321     11.035321     22.070642
     -7.600000     12.063103     12.063103     24.126206
     -7.580000     12.901905     12.901905     25.803809
     -7.560000     13.447449     13.447449     26.894899
     -7.540000     13.656728     13.656728     27.313456
     -7.520000     13.591580     13.591580     27.183159
     -7.500000     13.409541     13.409541     26.819081
     -7.480000     13.298784     13.298784     26.597568
     -7.460000     13.389895     13.389895     26.779790
     -7.440000     13.692640     13.692640     27.385279
     -7.420000     14.090339     14.090339     28.180677
     -7.400000     14.389944     14.389944     28.779888
     -7.380000     14.396810     14.396810     28.793621
     -7.360000     13.977066     13.977066     27.954132
     -7.340000     13.086495     13.086495     26.172991
     -7.320000     11.767282     11.767282     23.534563
     -7.300000     10.126779     10.126779     20.253558
     -7.280000      8.311324      8.311324     16.622647
     -7.260000      6.480251      6.480251     12.960502
     -7.240000      4.780530      4.780530      9.561060
     -7.220000      3.323918      3.323918      6.647836
     -7.200000      2.172039      2.172039      4.344078
     -7.180000      1.334785      1.334785      2.669570
     -7.160000      0.782869      0.782869      1.565737
     -7.140000      0.469660      0.469660      0.939321
     -7.120000      0.354565      0.354565      0.709129
     -7.100000      0.421003      0.421003      0.842006
     -7.080000      0.684545      0.684545      1.369090
     -7.060000      1.188742      1.188742      2.377483
     -7.040000      1.987692      1.987692      3.975384
     -7.020000      3.116990      3.116990      6.233980
     -7.000000      4.559751      4.559751      9.119502
     -6.980000      6.220452      6.220452     12.440903
     -6.960000      7.922058      7.922058     15.844116
     -6.940000      9.436877      9.436877     18.873755
     -6.920000     10.548015     10.548015     21.096029
     -6.900000     11.121561     11.121561     22.243121
     -6.880000     11.159068     11.159068     22.318135
     -6.860000     10.803553     10.803553     21.607105
     -6.840000     10.290921     10.290921     20.581842
     -6.820000      9.863979      9.863979     19.727957
     -6.800000      9.684644      9.684644     19.369287
     -6.780000      9.780986      9.780986     19.561973
     -6.760000     10.048543     10.048543     20.097086
     -6.740000     10.299910     10.299910     20.599820
     -6.720000     10.337206     10.337206     20.674413
     -6.700000     10.017768     10.017768     20.035535
     -6.680000      9.293196      9.293196     18.586392
     -6.660000      8.216716      8.216716     16.433431
     -6.640000      6.924888      6.924888     13.849776
     -6.620000      5.603997      5.603997     11.207994
     -6.600000      4.450869      4.450869      8.901738
     -6.580000      3.635727      3.635727      7.271454
     -6.560000      3.272526      3.272526      6.545052
     -6.540000      3.400680      3.400680      6.801360
     -6.520000      3.981471      3.981471      7.962943
     -6.500000      4.911771      4.911771      9.823542
     -6.480000      6.054523      6.054523     12.109046
     -6.460000      7.278060      7.278060     14.556121
     -6.440000      8.487932      8.487932     16.975864
     -6.420000      9.633463      9.633463     19.266927
     -6.400000     10.682854     10.682854     21.365708
     -6.380000     11.581370     11.581370     23.162741
     -6.360000     12.222817     12.222817     24.445633
     -6.340000     12.460841     12.460841     24.921681
     -6.320000     12.162791     12.162791     24.325583
     -6.300000     11.280270     11.280270     22.560540
     -6.280000      9.897709      9.897709     19.795417
     -6.260000      8.232326      8.232326     16.464652
     -6.240000      6.586054      6.586054     13.172109
     -6.220000      5.272723      5.272723     10.545446
     -6.200000      4.548102      4.548102      9.096204
     -6.180000      4.558486      4.558486      9.116972
     -6.160000      5.309626      5.309626     10.619253
     -6.140000      6.654622      6.654622     13.309245
     -6.120000      8.306863      8.306863     16.613725
     -6.100000      9.889788      9.889788     19.779576
     -6.080000     11.026507     11.026507     22.053015
     -6.060000     11.449368     11.449368     22.898735
     -6.040000     11.088152     11.088152     22.176305
     -6.020000     10.094712     10.094712     20.189424
     -6.000000      8.787373      8.787373     17.574746
     -5.980000      7.536662      7.536662     15.073324
     -5.960000      6.641539      6.641539     13.283078
     -5.940000      6.246923      6.246923     12.493846
     -5.920000      6.330394      6.330394     12.660788
     -5.900000      6.752989      6.752989     13.505979
     -5.880000      7.342297      7.342297     14.684594
     -5.860000      7.966201      7.966201     15.932403
     -5.840000      8.565340      8.565340     17.130680
     -5.820000      9.136371      9.136371     18.272743
     -5.800000      9.684539      9.684539     19.369078
     -5.780000     10.178486     10.178486     20.356973
     -5.760000     10.534901     10.534901     21.069802
     -5.740000     10.639944     10.639944     21.279889
     -5.720000     10.392737     10.392737     20.785474
     -5.700000      9.746700      9.746700     19.493401
     -5.680000      8.730157      8.730157     17.460315
     -5.660000      7.441138      7.441138     14.882276
     -5.640000      6.023086      6.023086     12.046171
     -5.620000      4.633288      4.633288      9.266575
     -5.600000      3.415016      3.415016      6.830032
     -5.580000      2.480275      2.480275      4.960551
     -5.560000      1.904568      1.904568      3.809137
     -5.540000      1.729637      1.729637      3.459274
     -5.520000      1.966912      1.966912      3.933823
     -5.500000      2.595792      2.595792      5.191584
     -5.480000      3.556912      3.556912      7.113824
     -5.460000      4.747509      4.747509      9.495018
     -5.440000      6.028246      6.028246     12.056492
     -5.420000      7.245444      7.245444     14.490887
     -5.400000      8.262816      8.262816     16.525632
     -5.380000      8.989994      8.989994     17.979988
     -5.360000      9.396876      9.396876     18.793752
     -5.340000      9.511241      9.511241     19.022482
     -5.320000      9.404576      9.404576     18.809152
     -5.300000      9.172245      9.172245     18.344489
     -5.280000      8.911066      8.911066     17.822133
     -5.260000      8.696723      8.696723     17.393445
     -5.240000      8.567498      8.567498     17.134996
     -5.220000      8.523842      8.523842     17.047685
     -5.200000      8.547522      8.547522     17.095044
     -5.180000      8.630412      8.630412     17.260824
     -5.160000      8.792284      8.792284     17.584567
     -5.140000      9.070918      9.070918     18.141836
     -5.120000      9.486655      9.486655     18.973310
     -5.100000     10.003954     10.003954     20.007908
     -5.080000     10.518684     10.518684     21.037367
     -5.060000     10.886323     10.886323     21.772646
     -5.040000     10.981930     10.981930     21.963859
     -5.020000     10.763282     10.763282     21.526563
     -5.000000     10.304899     10.304899     20.609797
     -4.980000      9.783226      9.783226     19.566452
     -4.960000      9.414711      9.414711     18.829422
     -4.940000      9.369285      9.369285     18.738570
     -4.920000      9.694032      9.694032     19.388065
     -4.900000     10.280450     10.280450     20.560900
     -4.880000     10.892642     10.892642     21.785284
     -4.860000     11.248082     11.248082     22.496164
     -4.840000     11.118680     11.118680     22.237360
     -4.820000     10.410568     10.410568     20.821135
     -4.800000      9.192181      9.192181     18.384362
     -4.780000      7.665436      7.665436     15.330873
     -4.760000      6.099460      6.099460     12.198921
     -4.740000      4.757166      4.757166      9.514332
     -4.720000      3.839056      3.839056      7.678111
     -4.700000      3.453539      3.453539      6.907079
     -4.680000      3.610175      3.610175      7.220349
     -4.660000      4.228232      4.228232      8.456463
     -4.640000      5.156412      5.156412     10.312823
     -4.620000      6.203598      6.203598     12.407196
     -4.600000      7.179435      7.179435     14.358870
     -4.580000      7.937347      7.937347     15.874693
     -4.560000      8.406884      8.406884     16.813769
     -4.540000      8.603041      8.603041     17.206082
     -4.520000      8.608430      8.608430     17.216860
     -4.500000      8.535272      8.535272     17.070544
     -4.480000      8.481459      8.481459     16.962917
     -4.460000      8.495620      8.495620     16.991239
     -4.440000      8.561888      8.561888     17.123776
     -4.420000      8.609134      8.609134     17.218267
     -4.400000      8.542983      8.542983     17.085966
     -4.380000      8.291190      8.291190     16.582381
     -4.360000      7.845065      7.845065     15.690131
     -4.340000      7.276570      7.276570     14.553139
     -4.320000      6.717943      6.717943     13.435885
     -4.300000      6.308165      6.308165     12.616330
     -4.280000      6.129808      6.129808     12.259617
     -4.260000      6.168530      6.168530     12.337061
     -4.240000      6.318193      6.318193     12.636386
     -4.220000      6.430960      6.430960     12.861920
     -4.200000      6.387072      6.387072     12.774144
     -4.180000      6.148262      6.148262     12.296524
     -4.160000      5.768772      5.768772     11.537545
     -4.140000      5.362447      5.362447     10.724895
     -4.120000      5.048183      5.048183     10.096366
     -4.100000      4.904693      4.904693      9.809386
     -4.080000      4.955214      4.955214      9.910427
     -4.060000      5.181818      5.181818     10.363635
     -4.040000      5.551532      5.551532     11.103064
     -4.020000      6.032766      6.032766     12.065532
     -4.000000      6.591195      6.591195     13.182389
     -3.980000      7.171105      7.171105     14.342209
     -3.960000      7.680297      7.680297     15.360595
     -3.940000      7.996350      7.996350     15.992700
     -3.920000      7.999423      7.999423     15.998846
     -3.900000      7.619419      7.619419     15.238838
     -3.880000      6.874129      6.874129     13.748259
     -3.860000      5.877505      5.877505     11.755010
     -3.840000      4.812078      4.812078      9.624155
     -3.820000      3.877306      3.877306      7.754613
     -3.800000      3.235431      3.235431      6.470863
     -3.780000      2.973755      2.973755      5.947511
     -3.760000      3.091488      3.091488      6.182977
     -3.740000      3.508736      3.508736      7.017472
     -3.720000      4.090468      4.090468      8.180936
     -3.700000      4.678945      4.678945      9.357891
     -3.680000      5.129839      5.129839     10.259679
     -3.660000      5.346764      5.346764     10.693528
     -3.640000      5.306349      5.306349     10.612697
     -3.620000      5.064693      5.064693     10.129386
     -3.600000      4.739348      4.739348      9.478696
     -3.580000      4.469320      4.469320      8.938640
     -3.560000      4.365489      4.365489      8.730978
     -3.540000      4.469794      4.469794      8.939588
     -3.520000      4.739482      4.739482      9.478964
     -3.500000      5.062797      5.062797     10.125594
     -3.480000      5.299297      5.299297     10.598593
     -3.460000      5.328089      5.328089     10.656177
     -3.440000      5.085322      5.085322     10.170644
     -3.420000      4.578613      4.578613      9.157226
     -3.400000      3.876796      3.876796      7.753592
     -3.380000      3.082987      3.082987      6.165974
     -3.360000      2.303458      2.303458      4.606915
     -3.340000      1.623576      1.623576      3.247153
     -3.320000      1.096882      1.096882      2.193764
     -3.300000      0.747180      0.747180      1.494361
     -3.280000      0.578800      0.578800      1.157600
     -3.260000      0.588105      0.588105      1.176211
     -3.240000      0.770287      0.770287      1.540575
     -3.220000      1.118598      1.118598      2.237196
     -3.200000      1.617323      1.617323      3.234647
     -3.180000      2.233131      2.233131      4.466262
     -3.160000      2.910478      2.910478      5.820955
     -3.140000      3.574880      3.574880      7.149760
     -3.120000      4.143995      4.143995      8.287989
     -3.100000      4.542829      4.542829      9.085659
     -3.080000      4.718105      4.718105      9.436209
     -3.060000      4.648075      4.648075      9.296150
     -3.040000      4.346596      4.346596      8.693192
     -3.020000      3.861956      3.861956      7.723913
     -3.000000      3.271526      3.271526      6.543053
     -2.980000      2.673300      2.673300      5.346599
     -2.960000      2.175755      2.175755      4.351509
     -2.940000      1.887618      1.887618      3.775236
     -2.920000      1.908257      1.908257      3.816514
     -2.900000      2.317662      2.317662      4.635324
     -2.880000      3.164117      3.164117      6.328234
     -2.860000      4.449334      4.449334      8.898668
     -2.840000      6.114782      6.114782     12.229564
     -2.820000      8.036359      8.036359     16.072719
     -2.800000     10.034265     10.034265     20.068529
     -2.780000     11.900126     11.900126     23.800251
     -2.760000     13.436250     13.436250     26.872501
     -2.740000     14.495887     14.495887     28.991774
     -2.720000     15.011391     15.011391     30.022781
     -2.700000     15.000232     15.000232     30.000463
     -2.680000     14.546458     14.546458     29.092916
     -2.660000     13.765519     13.765519     27.531037
     -2.640000     12.768987     12.768987     25.537974
     -2.620000     11.646982     11.646982     23.293963
     -2.600000     10.476684     10.476684     20.953368
     -2.580000      9.348641      9.348641     18.697282
     -2.560000      8.388444      8.388444     16.776887
     -2.540000      7.750328      7.750328     15.500656
     -2.520000      7.574136      7.574136     15.148273
     -2.500000      7.920374      7.920374     15.840749
     -2.480000      8.716011      8.716011     17.432022
     -2.460000      9.744910      9.744910     19.489819
     -2.440000     10.698913     10.698913     21.397827
     -2.420000     11.276716     11.276716     22.553431
     -2.400000     11.292295     11.292295     22.584589
     -2.380000     10.746600     10.746600     21.493199
     -2.360000      9.830473      9.830473     19.660946
     -2.340000      8.856465      8.856465     17.712931
     -2.320000      8.147103      8.147103     16.294206
     -2.300000      7.923014      7.923014     15.846028
     -2.280000      8.230884      8.230884     16.461768
     -2.260000      8.933162      8.933162     17.866324
     -2.240000      9.758323      9.758323     19.516646
     -2.220000     10.390811     10.390811     20.781623
     -2.200000     10.568666     10.568666     21.137333
     -2.180000     10.156610     10.156610     20.313219
     -2.160000      9.172952      9.172952     18.345903
     -2.140000      7.766568      7.766568     15.533136
     -2.120000      6.158445      6.158445     12.316890
     -2.100000      4.573181      4.573181      9.146363
     -2.080000      3.185140      3.185140      6.370280
     -2.060000      2.093412      2.093412      4.186823
     -2.040000      1.325772      1.325772      2.651543
     -2.020000      0.861263      0.861263      1.722525
     -2.000000      0.657507      0.657507      1.315015
     -1.980000      0.671771      0.671771      1.343541
     -1.960000      0.870853      0.870853      1.741706
     -1.940000      1.230624      1.230624      2.461248
     -1.920000      1.729284      1.729284      3.458567
     -1.900000      2.338978      2.338978      4.677956
     -1.880000      3.019322      3.019322      6.038645
     -1.860000      3.715152      3.715152      7.430304
     -1.840000      4.360296      4.360296      8.720591
     -1.820000      4.888666      4.888666      9.777332
     -1.800000      5.252026      5.252026     10.504051
     -1.780000      5.439859      5.439859     10.879718
     -1.760000      5.492812      5.492812     10.985625
     -1.740000      5.500610      5.500610     11.001220
     -1.720000      5.580404      5.580404     11.160808
     -1.700000      5.840311      5.840311     11.680623
     -1.680000      6.340645      6.340645     12.681289
     -1.660000      7.067584      7.067584     14.135169
     -1.640000      7.929845      7.929845     15.859691
     -1.620000      8.780678      8.780678     17.561357
     -1.600000      9.458834      9.458834     18.917668
     -1.580000      9.835730      9.835730     19.671461
     -1.560000      9.853804      9.853804     19.707607
     -1.540000      9.543777      9.543777     19.087553
     -1.520000      9.015771      9.015771     18.031543
     -1.500000      8.428123      8.428123     16.856247
     -1.480000      7.944806      7.944806     15.889613
     -1.460000      7.694907      7.694907     15.389814
     -1.440000      7.745554      7.745554     15.491108
     -1.420000      8.094854      8.094854     16.189708
     -1.400000      8.685459      8.685459     17.370918
     -1.380000      9.433237      9.433237     18.866474
     -1.360000     10.259796     10.259796     20.519591
     -1.340000     11.114375     11.114375     22.228751
     -1.320000     11.973100     11.973100     23.946199
     -1.300000     12.813629     12.813629     25.627258
     -1.280000     13.578083     13.578083     27.156166
     -1.260000     14.148457     14.148457     28.296914
     -1.240000     14.357146     14.357146     28.714293
     -1.220000     14.037737     14.037737     28.075475
     -1.200000     13.096250     13.096250     26.192501
     -1.180000     11.566913     11.566913     23.133826
     -1.160000      9.621648      9.621648     19.243296
     -1.140000      7.526967      7.526967     15.053934
     -1.120000      5.569823      5.569823     11.139647
     -1.100000      3.986984      3.986984      7.973968
     -1.080000      2.923977      2.923977      5.847954
     -1.060000      2.428509      2.428509      4.857018
     -1.040000      2.465435      2.465435      4.930869
     -1.020000      2.936697      2.936697      5.873393
     -1.000000      3.698845      3.698845      7.397689
     -0.980000      4.582430      4.582430      9.164860
     -0.960000      5.421027      5.421027     10.842053
     -0.940000      6.089640      6.089640     12.179280
     -0.920000      6.539348      6.539348     13.078697
     -0.900000      6.808498      6.808498     13.616996
     -0.880000      6.998253      6.998253     13.996506
     -0.860000      7.219164      7.219164     14.438328
     -0.840000      7.533846      7.533846     15.067692
     -0.820000      7.925854      7.925854     15.851708
     -0.800000      8.311717      8.311717     16.623434
     -0.780000      8.589250      8.589250     17.178500
     -0.760000      8.695195      8.695195     17.390391
     -0.740000      8.640995      8.640995     17.281990
     -0.720000      8.508941      8.508941     17.017882
     -0.700000      8.413288      8.413288     16.826576
     -0.680000      8.448922      8.448922     16.897845
     -0.660000      8.654171      8.654171     17.308343
     -0.640000      9.003627      9.003627     18.007253
     -0.620000      9.428941      9.428941     18.857882
     -0.600000      9.851350      9.851350     19.702699
     -0.580000     10.206913     10.206913     20.413826
     -0.560000     10.454546     10.454546     20.909091
     -0.540000     10.570629     10.570629     21.141258
     -0.520000     10.542374     10.542374     21.084748
     -0.500000     10.369319     10.369319     20.738638
     -0.480000     10.071383     10.071383     20.142767
     -0.460000      9.692858      9.692858     19.385715
     -0.440000      9.293168      9.293168     18.586337
     -0.420000      8.926590      8.926590     17.853180
     -0.400000      8.623882      8.623882     17.247765
     -0.380000      8.388521      8.388521     16.777042
     -0.360000      8.208067      8.208067     16.416133
     -0.340000      8.068222      8.068222     16.136444
     -0.320000      7.955705      7.955705     15.911410
     -0.300000      7.848419      7.848419     15.696839
     -0.280000      7.706578      7.706578     15.413155
     -0.260000      7.482060      7.482060     14.964119
     -0.240000      7.150585      7.150585     14.301171
     -0.220000      6.751425      6.751425     13.502849
     -0.200000      6.407799      6.407799     12.815599
     -0.180000      6.307077      6.307077     12.614153
     -0.160000      6.639979      6.639979     13.279958
     -0.140000      7.520393      7.520393     15.040786
     -0.120000      8.919955      8.919955     17.839910
     -0.100000     10.648536     10.648536     21.297072
     -0.080000     12.394255     12.394255     24.788510
     -0.060000     13.811626     13.811626     27.623252
     -0.040000     14.624750     14.624750     29.249501
     -0.020000     14.705080     14.705080     29.410159
      0.000000     14.095085     14.095085     28.190170
      0.020000     12.974353     12.974353     25.948705
      0.040000     11.589075     11.589075     23.178150
      0.060000     10.176721     10.176721     20.353442
      0.080000      8.911703      8.911703     17.823405
      0.100000      7.882457      7.882457     15.764915
      0.120000      7.096204      7.096204     14.192409
      0.140000      6.500812      6.500812     13.001624
      0.160000      6.013352      6.013352     12.026704
      0.180000      5.548072      5.548072     11.096143
      0.200000      5.039454      5.039454     10.078907
      0.220000      4.457794      4.457794      8.915588
      0.240000      3.815890      3.815890      7.631780
      0.260000      3.166745      3.166745      6.333491
      0.280000      2.593783      2.593783      5.187566
      0.300000      2.196123      2.196123      4.392246
      0.320000      2.071291      2.071291      4.142581
      0.340000      2.296446      2.296446      4.592892
      0.360000      2.908564      2.908564      5.817129
      0.380000      3.885690      3.885690      7.771381
      0.400000      5.135289      5.135289     10.270578
      0.420000      6.498527      6.498527     12.997054
      0.440000      7.776881      7.776881     15.553762
      0.460000      8.778573      8.778573     17.557147
      0.480000      9.371182      9.371182     18.742364
      0.500000      9.520795      9.520795     19.041591
      0.520000      9.302187      9.302187     18.604373
      0.540000      8.876708      8.876708     17.753416
      0.560000      8.447180      8.447180     16.894359
      0.580000      8.204758      8.204758     16.409516
      0.600000      8.280622      8.280622     16.561245
      0.620000      8.710464      8.710464     17.420928
      0.640000      9.417696      9.417696     18.835392
      0.660000     10.222074     10.222074     20.444148
      0.680000     10.878682     10.878682     21.757363
      0.700000     11.143338     11.143338     22.286676
      0.720000     10.846606     10.846606     21.693211
      0.740000      9.948897      9.948897     19.897793
      0.760000      8.552856      8.552856     17.105711
      0.780000      6.867003      6.867003     13.734007
      0.800000      5.137056      5.137056     10.274112
      0.820000      3.574884      3.574884      7.149768
      0.840000      2.312315      2.312315      4.624630
      0.860000      1.391308      1.391308      2.782616
      0.880000      0.784234      0.784234      1.568468
      0.900000      0.427831      0.427831      0.855662
      0.920000      0.254713      0.254713      0.509426
      0.940000      0.213276      0.213276      0.426553
      0.960000      0.274479      0.274479      0.548959
      0.980000      0.428641      0.428641      0.857282
      1.000000      0.676833      0.676833      1.353667
      1.020000      1.021176      1.021176      2.042351
      1.040000      1.457567      1.457567      2.915135
      1.060000      1.973236      1.973236      3.946473
      1.080000      2.549464      2.549464      5.098927
      1.100000      3.167394      3.167394      6.334787
      1.120000      3.813225      3.813225      7.626450
      1.140000      4.479501      4.479501      8.959001
      1.160000      5.161412      5.161412     10.322825
      1.180000      5.849433      5.849433     11.698866
      1.200000      6.520879      6.520879     13.041759
      1.220000      7.133533      7.133533     14.267065
      1.240000      7.625098      7.625098     15.250195
      1.260000      7.922536      7.922536     15.845072
      1.280000      7.962709      7.962709     15.925419
      1.300000      7.719269      7.719269     15.438538
      1.320000      7.223613      7.223613     14.447226
      1.340000      6.566646      6.566646     13.133291
      1.360000      5.876584      5.876584     11.753168
      1.380000      5.282044      5.282044     10.564088
      1.400000      4.879021      4.879021      9.758042
      1.420000      4.717590      4.717590      9.435180
      1.440000      4.810547      4.810547      9.621094
      1.460000      5.151571      5.151571     10.303142
      1.480000      5.725153      5.725153     11.450307
      1.500000      6.498280      6.498280     12.996561
      1.520000      7.399343      7.399343     14.798687
      1.540000      8.302583      8.302583     16.605166
      1.560000      9.037397      9.037397     18.074794
      1.580000      9.429041      9.429041     18.858083
      1.600000      9.357695      9.357695     18.715390
      1.620000      8.808951      8.808951     17.617903
      1.640000      7.890309      7.890309     15.780618
      1.660000      6.804863      6.804863     13.609726
      1.680000      5.794433      5.794433     11.588866
      1.700000      5.076445      5.076445     10.152890
      1.720000      4.796049      4.796049      9.592098
      1.740000      5.002183      5.002183     10.004366
      1.760000      5.644501      5.644501     11.289002
      1.780000      6.584704      6.584704     13.169409
      1.800000      7.619876      7.619876     15.239752
      1.820000      8.519607      8.519607     17.039213
      1.840000      9.076498      9.076498     18.152995
      1.860000      9.160877      9.160877     18.321754
      1.880000      8.761973      8.761973     17.523946
      1.900000      7.997450      7.997450     15.994899
      1.920000      7.083825      7.083825     14.167650
      1.940000      6.276357      6.276357     12.552713
      1.960000      5.798759      5.798759     11.597518
      1.980000      5.784459      5.784459     11.568917
      2.000000      6.243739      6.243739     12.487478
      2.020000      7.061861      7.061861     14.123722
      2.040000      8.027072      8.027072     16.054143
      2.060000      8.883377      8.883377     17.766755
      2.080000      9.397566      9.397566     18.795132
      2.100000      9.422891      9.422891     18.845781
      2.120000      8.938443      8.938443     17.876886
      2.140000      8.049406      8.049406     16.098812
      2.160000      6.948716      6.948716     13.897432
      2.180000      5.856890      5.856890     11.713780
      2.200000      4.963755      4.963755      9.927510
      2.220000      4.390008      4.390008      8.780017
      2.240000      4.173519      4.173519      8.347038
      2.260000      4.274743      4.274743      8.549485
      2.280000      4.593141      4.593141      9.186282
      2.300000      4.990242      4.990242      9.980485
      2.320000      5.318661      5.318661     10.637323
      2.340000      5.455644      5.455644     10.911288
      2.360000      5.335191      5.335191     10.670382
      2.380000      4.969116      4.969116      9.938231
      2.400000      4.448336      4.448336      8.896672
      2.420000      3.921480      3.921480      7.842961
      2.440000      3.555351      3.555351      7.110702
      2.460000      3.487464      3.487464      6.974927
      2.480000      3.783462      3.783462      7.566924
      2.500000      4.412241      4.412241      8.824483
      2.520000      5.249245      5.249245     10.498490
      2.540000      6.112088      6.112088     12.224175
      2.560000      6.821448      6.821448     13.642896
      2.580000      7.267186      7.267186     14.534373
      2.600000      7.452233      7.452233     14.904465
      2.620000      7.491971      7.491971     14.983943
      2.640000      7.564759      7.564759     15.129517
      2.660000      7.831855      7.831855     15.663709
      2.680000      8.360816      8.360816     16.721631
      2.700000      9.087147      9.087147     18.174294
      2.720000      9.833917      9.833917     19.667835
      2.740000     10.383935     10.383935     20.767870
      2.760000     10.574332     10.574332     21.148664
      2.780000     10.370598     10.370598     20.741196
      2.800000      9.884374      9.884374     19.768748
      2.820000      9.325642      9.325642     18.651283
      2.840000      8.912922      8.912922     17.825844
      2.860000      8.786334      8.786334     17.572668
      2.880000      8.965027      8.965027     17.930054
      2.900000      9.364247      9.364247     18.728493
      2.920000      9.854031      9.854031     19.708061
      2.940000     10.321295     10.321295     20.642590
      2.960000     10.701143     10.701143     21.402286
      2.980000     10.967291     10.967291     21.934581
      3.000000     11.099081     11.099081     22.198161
      3.020000     11.055979     11.055979     22.111958
      3.040000     10.782360     10.782360     21.564719
      3.060000     10.242557     10.242557     20.485114
      3.080000      9.464408      9.464408     18.928817
      3.100000      8.562328      8.562328     17.124655
      3.120000      7.721492      7.721492     15.442983
      3.140000      7.145117      7.145117     14.290233
      3.160000      6.985154      6.985154     13.970308
      3.180000      7.284638      7.284638     14.569276
      3.200000      7.955672      7.955672     15.911345
      3.220000      8.803627      8.803627     17.607254
      3.240000      9.590411      9.590411     19.180821
      3.260000     10.113573     10.113573     20.227147
      3.280000     10.270035     10.270035     20.540070
      3.300000     10.078558     10.078558     20.157115
      3.320000      9.653004      9.653004     19.306009
      3.340000      9.140857      9.140857     18.281713
      3.360000      8.656590      8.656590     17.313179
      3.380000      8.239375      8.239375     16.478750
      3.400000      7.850245      7.850245     15.700489
      3.420000      7.404197      7.404197     14.808394
      3.440000      6.818095      6.818095     13.636191
      3.460000      6.051609      6.051609     12.103217
      3.480000      5.125344      5.125344     10.250687
      3.500000      4.112693      4.112693      8.225386
      3.520000      3.113522      3.113522      6.227044
      3.540000      2.223926      2.223926      4.447853
      3.560000      1.515361      1.515361      3.030722
      3.580000      1.030066      1.030066      2.060133
      3.600000      0.791487      0.791487      1.582974
      3.620000      0.821797      0.821797      1.643595
      3.640000      1.155682      1.155682      2.311364
      3.660000      1.840599      1.840599      3.681197
      3.680000      2.918670      2.918670      5.837339
      3.700000      4.393576      4.393576      8.787153
      3.720000      6.195446      6.195446     12.390892
      3.740000      8.163118      8.163118     16.326235
      3.760000     10.060513     10.060513     20.121026
      3.780000     11.629496     11.629496     23.258993
      3.800000     12.661126     12.661126     25.322252
      3.820000     13.053240     13.053240     26.106480
      3.840000     12.826590     12.826590     25.653180
      3.860000     12.094132     12.094132     24.188263
      3.880000     11.004511     11.004511     22.009022
      3.900000      9.692705      9.692705     19.385411
      3.920000      8.260387      8.260387     16.520774
      3.940000      6.785224      6.785224     13.570448
      3.960000      5.340278      5.340278     10.680555
      3.980000      4.003700      4.003700      8.007400
      4.000000      2.852105      2.852105      5.704210
      4.020000      1.945342      1.945342      3.890684
      4.040000      1.315309      1.315309      2.630618
      4.060000      0.965853      0.965853      1.931706
      4.080000      0.881712      0.881712      1.763425
      4.100000      1.039311      1.039311      2.078621
      4.120000      1.413474      1.413474      2.826949
      4.140000      1.979064      1.979064      3.958127
      4.160000      2.710267      2.710267      5.420535
      4.180000      3.580082      3.580082      7.160164
      4.200000      4.559150      4.559150      9.118300
      4.220000      5.610622      5.610622     11.221244
      4.240000      6.679734      6.679734     13.359468
      4.260000      7.683286      7.683286     15.366573
      4.280000      8.510052      8.510052     17.020103
      4.300000      9.041693      9.041693     18.083387
      4.320000      9.192872      9.192872     18.385743
      4.340000      8.954694      8.954694     17.909388
      4.360000      8.418004      8.418004     16.836009
      4.380000      7.759278      7.759278     15.518555
      4.400000      7.189777      7.189777     14.379555
      4.420000      6.887580      6.887580     13.775160
      4.440000      6.940858      6.940858     13.881717
      4.460000      7.324781      7.324781     14.649562
      4.480000      7.917800      7.917800     15.835599
      4.500000      8.545632      8.545632     17.091264
      4.520000      9.032126      9.032126     18.064253
      4.540000      9.238815      9.238815     18.477631
      4.560000      9.085559      9.085559     18.171119
      4.580000      8.555082      8.555082     17.110165
      4.600000      7.688156      7.688156     15.376313
      4.620000      6.573549      6.573549     13.147099
      4.640000      5.332830      5.332830     10.665660
      4.660000      4.099787      4.099787      8.199574
      4.680000      2.997781      2.997781      5.995562
      4.700000      2.121682      2.121682      4.243363
      4.720000      1.530046      1.530046      3.060093
      4.740000      1.247876      1.247876      2.495752
      4.760000      1.274506      1.274506      2.549013
      4.780000      1.589211      1.589211      3.178422
      4.800000      2.150400      2.150400      4.300801
      4.820000      2.890645      2.890645      5.781290
      4.840000      3.714927      3.714927      7.429853
      4.860000      4.509947      4.509947      9.019894
      4.880000      5.167026      5.167026     10.334051
      4.900000      5.612518      5.612518     11.225037
      4.920000      5.832616      5.832616     11.665233
      4.940000      5.878493      5.878493     11.756986
      4.960000      5.844999      5.844999     11.689999
      4.980000      5.828776      5.828776     11.657552
      5.000000      5.883391      5.883391     11.766783
      5.020000      5.992914      5.992914     11.985827
      5.040000      6.077953      6.077953     12.155907
      5.060000      6.032622      6.032622     12.065244
      5.080000      5.775284      5.775284     11.550568
      5.100000      5.289095      5.289095     10.578189
      5.120000      4.633981      4.633981      9.267963
      5.140000      3.926377      3.926377      7.852753
      5.160000      3.298267      3.298267      6.596535
      5.180000      2.855078      2.855078      5.710155
      5.200000      2.649735      2.649735      5.299469
      5.220000      2.680807      2.680807      5.361614
      5.240000      2.911469      2.911469      5.822938
      5.260000      3.297945      3.297945      6.595889
      5.280000      3.813230      3.813230      7.626461
      5.300000      4.454474      4.454474      8.908949
      5.320000      5.229602      5.229602     10.459204
      5.340000      6.128882      6.128882     12.257763
      5.360000      7.096561      7.096561     14.193122
      5.380000      8.021247      8.021247     16.042494
      5.400000      8.757085      8.757085     17.514170
      5.420000      9.171845      9.171845     18.343690
      5.440000      9.200642      9.200642     18.401285
      5.460000      8.876742      8.876742     17.753485
      5.480000      8.320527      8.320527     16.641054
      5.500000      7.690024      7.690024     15.380048
      5.520000      7.117700      7.117700     14.235401
      5.540000      6.665005      6.665005     13.330010
      5.560000      6.314888      6.314888     12.629776
      5.580000      6.001552      6.001552     12.003103
      5.600000      5.658938      5.658938     11.317877
      5.620000      5.263455      5.263455     10.526911
      5.640000      4.852304      4.852304      9.704608
      5.660000      4.511221      4.511221      9.022442
      5.680000      4.338348      4.338348      8.676697
      5.700000      4.400219      4.400219      8.800438
      5.720000      4.699077      4.699077      9.398154
      5.740000      5.166560      5.166560     10.333119
      5.760000      5.687765      5.687765     11.375531
      5.780000      6.145593      6.145593     12.291186
      5.800000      6.464655      6.464655     12.929309
      5.820000      6.633424      6.633424     13.266849
      5.840000      6.694277      6.694277     13.388553
      5.860000      6.708463      6.708463     13.416927
      5.880000      6.716940      6.716940     13.433879
      5.900000      6.719815      6.719815     13.439631
      5.920000      6.685729      6.685729     13.371458
      5.940000      6.584481      6.584481     13.168962
      5.960000      6.422610      6.422610     12.845219
      5.980000      6.260002      6.260002     12.520003
      6.000000      6.196348      6.196348     12.392697
      6.020000      6.332475      6.332475     12.664950
      6.040000      6.724145      6.724145     13.448290
      6.060000      7.349009      7.349009     14.698018
      6.080000      8.100842      8.100842     16.201684
      6.100000      8.813540      8.813540     17.627079
      6.120000      9.306106      9.306106     18.612211
      6.140000      9.432876      9.432876     18.865751
      6.160000      9.122242      9.122242     18.244484
      6.180000      8.391963      8.391963     16.783925
      6.200000      7.338117      7.338117     14.676234
      6.220000      6.104548      6.104548     12.209095
      6.240000      4.845942      4.845942      9.691885
      6.260000      3.697790      3.697790      7.395580
      6.280000      2.760669      2.760669      5.521338
      6.300000      2.098292      2.098292      4.196585
      6.320000      1.742811      1.742811      3.485623
      6.340000      1.699662      1.699662      3.399324
      6.360000      1.947607      1.947607      3.895214
      6.380000      2.435213      2.435213      4.870425
      6.400000      3.079581      3.079581      6.159162
      6.420000      3.773947      3.773947      7.547894
      6.440000      4.406929      4.406929      8.813858
      6.460000      4.889629      4.889629      9.779258
      6.480000      5.181162      5.181162     10.362323
      6.500000      5.301907      5.301907     10.603813
      6.520000      5.327567      5.327567     10.655135
      6.540000      5.364089      5.364089     10.728178
      6.560000      5.510892      5.510892     11.021784
      6.580000      5.825473      5.825473     11.650946
      6.600000      6.304206      6.304206     12.608412
      6.620000      6.889926      6.889926     13.779853
      6.640000      7.505886      7.505886     15.011772
      6.660000      8.101450      8.101450     16.202899
      6.680000      8.685343      8.685343     17.370685
      6.700000      9.325124      9.325124     18.650247
      6.720000     10.107791     10.107791     20.215583
      6.740000     11.078181     11.078181     22.156361
      6.760000     12.186398     12.186398     24.372797
      6.780000     13.273859     13.273859     26.547717
      6.800000     14.109561     14.109561     28.219122
      6.820000     14.463494     14.463494     28.926988
      6.840000     14.185894     14.185894     28.371788
      6.860000     13.259209     13.259209     26.518418
      6.880000     11.804189     11.804189     23.608377
      6.900000     10.043156     10.043156     20.086312
      6.920000      8.239707      8.239707     16.479414
      6.940000      6.637712      6.637712     13.275423
      6.960000      5.415479      5.415479     10.830957
      6.980000      4.660962      4.660962      9.321924
      7.000000      4.367376      4.367376      8.734752
      7.020000      4.446675      4.446675      8.893349
      7.040000      4.758211      4.758211      9.516422
      7.060000      5.148452      5.148452     10.296904
      7.080000      5.494380      5.494380     10.988760
      7.100000      5.739800      5.739800     11.479600
      7.120000      5.912693      5.912693     11.825385
      7.140000      6.114947      6.114947     12.229893
      7.160000      6.483802      6.483802     12.967604
      7.180000      7.135306      7.135306     14.270613
      7.200000      8.109638      8.109638     16.219275
      7.220000      9.340626      9.340626     18.681253
      7.240000     10.664036     10.664036     21.328073
      7.260000     11.863344     11.863344     23.726688
      7.280000     12.735500     12.735500     25.471000
      7.300000     13.151054     13.151054     26.302108
      7.320000     13.087073     13.087073     26.174145
      7.340000     12.624417     12.624417     25.248834
      7.360000     11.915332     11.915332     23.830664
      7.380000     11.135933     11.135933     22.271867
      7.400000     10.439116     10.439116     20.878232
      7.420000      9.919514      9.919514     19.839029
      7.440000      9.597468      9.597468     19.194937
      7.460000      9.424857      9.424857     18.849713
      7.480000      9.310774      9.310774     18.621548
      7.500000      9.158521      9.158521     18.317043
      7.520000      8.899853      8.899853     17.799707
      7.540000      8.512583      8.512583     17.025166
      7.560000      8.015561      8.015561     16.031122
      7.580000      7.446985      7.446985     14.893971
      7.600000      6.840444      6.840444     13.680888
      7.620000      6.212732      6.212732     12.425463
      7.640000      5.569199      5.569199     11.138398
      7.660000      4.922140      4.922140      9.844279
      7.680000      4.311498      4.311498      8.622996
      7.700000      3.816975      3.816975      7.633950
      7.720000      3.554479      3.554479      7.108957
      7.740000      3.654818      3.654818      7.309636
      7.760000      4.227259      4.227259      8.454517
      7.780000      5.315672      5.315672     10.631344
      7.800000      6.860628      6.860628     13.721256
      7.820000      8.684440      8.684440     17.368880
      7.840000     10.513343     10.513343     21.026687
      7.860000     12.038907     12.038907     24.077814
      7.880000     13.002742     13.002742     26.005483
      7.900000     13.273895     13.273895     26.547789
      7.920000     12.886979     12.886979     25.773957
      7.940000     12.024065     12.024065     24.048130
      7.960000     10.947560     10.947560     21.895120
      7.980000      9.911834      9.911834     19.823668
      8.000000      9.088003      9.088003     18.176005
      8.020000      8.527385      8.527385     17.054769
      8.040000      8.171108      8.171108     16.342216
      8.060000      7.895344      7.895344     15.790687
      8.080000      7.570626      7.570626     15.141253
      8.100000      7.112432      7.112432     14.224864
      8.120000      6.507508      6.507508     13.015015
      8.140000      5.812490      5.812490     11.624980
      8.160000      5.132425      5.132425     10.264849
      8.180000      4.591882      4.591882      9.183763
      8.200000      4.308819      4.308819      8.617638
      8.220000      4.374363      4.374363      8.748725
      8.240000      4.836040      4.836040      9.672079
      8.260000      5.682036      5.682036     11.364071
      8.280000      6.829376      6.829376     13.658751
      8.300000      8.124840      8.124840     16.249681
      8.320000      9.368318      9.368318     18.736636
      8.340000     10.361247     10.361247     20.722494
      8.360000     10.969732     10.969732     21.939464
      8.380000     11.179083     11.179083     22.358166
      8.400000     11.112131     11.112131     22.224263
      8.420000     10.993429     10.993429     21.986857
      8.440000     11.064397     11.064397     22.128794
      8.460000     11.480869     11.480869     22.961739
      8.480000     12.239139     12.239139     24.478279
      8.500000     13.167982     13.167982     26.335965
      8.520000     13.993238     13.993238     27.986475
      8.540000     14.444597     14.444597     28.889194
      8.560000     14.353649     14.353649     28.707298
      8.580000     13.700984     13.700984     27.401967
      8.600000     12.601660     12.601660     25.203320
      8.620000     11.250609     11.250609     22.501218
      8.640000      9.862276      9.862276     19.724553
      8.660000      8.628419      8.628419     17.256839
      8.680000      7.698021      7.698021     15.396043
      8.700000      7.170582      7.170582     14.341164
      8.720000      7.094462      7.094462     14.188925
      8.740000      7.468342      7.468342     14.936684
      8.760000      8.246318      8.246318     16.492637
      8.780000      9.343921      9.343921     18.687841
      8.800000     10.640166     10.640166     21.280331
      8.820000     11.976131     11.976131     23.952262
      8.840000     13.160426     13.160426     26.320853
      8.860000     13.995433     13.995433     27.990865
      8.880000     14.327240     14.327240     28.654479
      8.900000     14.101796     14.101796     28.203592
      8.920000     13.396242     13.396242     26.792484
      8.940000     12.401609     12.401609     24.803218
      8.960000     11.359123     11.359123     22.718247
      8.980000     10.479447     10.479447     20.958895
      9.000000      9.882923      9.882923     19.765846
      9.020000      9.583978      9.583978     19.167956
      9.040000      9.516426      9.516426     19.032852
      9.060000      9.576999      9.576999     19.153997
      9.080000      9.662678      9.662678     19.325355
      9.100000      9.689912      9.689912     19.379824
      9.120000      9.598787      9.598787     19.197574
      9.140000      9.352336      9.352336     18.704671
      9.160000      8.938250      8.938250     17.876500
      9.180000      8.372669      8.372669     16.745339
      9.200000      7.700797      7.700797     15.401594
      9.220000      6.990480      6.990480     13.980959
      9.240000      6.320371      6.320371     12.640742
      9.260000      5.768472      5.768472     11.536943
      9.280000      5.405838      5.405838     10.811676
      9.300000      5.294944      5.294944     10.589888
      9.320000      5.487201      5.487201     10.974402
      9.340000      6.014103      6.014103     12.028205
      9.360000      6.872011      6.872011     13.744021
      9.380000      8.007790      8.007790     16.015580
      9.400000      9.315680      9.315680     18.631360
      9.420000     10.652021     10.652021     21.304042
      9.440000     11.865677     11.865677     23.731355
      9.460000     12.833800     12.833800     25.667601
      9.480000     13.489778     13.489778     26.979556
      9.500000     13.833831     13.833831     27.667662
      9.520000     13.923662     13.923662     27.847323
      9.540000     13.849007     13.849007     27.698014
      9.560000     13.697966     13.697966     27.395932
      9.580000     13.524972     13.524972     27.049944
      9.600000     13.330772     13.330772     26.661543
      9.620000     13.062675     13.062675     26.125351
      9.640000     12.637209     12.637209     25.274419
      9.660000     11.977991     11.977991     23.955982
      9.680000     11.053790     11.053790     22.107580
      9.700000      9.900882      9.900882     19.801763
      9.720000      8.621622      8.621622     17.243244
      9.740000      7.363103      7.363103     14.726207
      9.760000      6.287889      6.287889     12.575778
      9.780000      5.548321      5.548321     11.096642
      9.800000      5.268547      5.268547     10.537094
      9.820000      5.530952      5.530952     11.061904
      9.840000      6.361983      6.361983     12.723967
      9.860000      7.717220      7.717220     15.434440
      9.880000      9.472462      9.472462     18.944924
      9.900000     11.430726     11.430726     22.861451
      9.920000     13.351025     13.351025     26.702050
      9.940000     14.995366     14.995366     29.990732
      9.960000     16.180773     16.180773     32.361545
      9.980000     16.819067     16.819067     33.638134
     10.000000     16.930650     16.930650     33.861300
