# EIG2DOS: Utility for SIESTA to obtain the electronic density of states
#  E. Artacho, Apr 1999, A. Garcia, Apr 2012
# ------------------------------------------
# Eigenvalues read from GRP_doping.EIG
# Using smearing parameter:   0.100
# Using   1001 points in energy range
# Selected bands: 1 to: 936
# Emin, emax in file for selected band(s):    -39.3424600    245.5661400
# Nbands, Nspin, Nk   =    936     1   231
# E_F                 =    -3.8081 eV --> (shifted to ZERO)
# Broadening          =     0.1000 eV
#
#        E            N(up)  (=)   N(down)         Ntot
    -10.000000      3.212573      3.212573      6.425145
     -9.980000      3.868138      3.868138      7.736275
     -9.960000      4.523498      4.523498      9.046996
     -9.940000      5.020998      5.020998     10.041997
     -9.920000      5.241129      5.241129     10.482259
     -9.900000      5.131015      5.131015     10.262030
     -9.880000      4.716024      4.716024      9.432049
     -9.860000      4.091261      4.091261      8.182522
     -9.840000      3.396891      3.396891      6.793782
     -9.820000      2.786001      2.786001      5.572001
     -9.800000      2.393558      2.393558      4.787117
     -9.780000      2.311281      2.311281      4.622563
     -9.760000      2.569541      2.569541      5.139082
     -9.740000      3.127009      3.127009      6.254019
     -9.720000      3.871425      3.871425      7.742850
     -9.700000      4.636791      4.636791      9.273582
     -9.680000      5.239185      5.239185     10.478370
     -9.660000      5.524607      5.524607     11.049214
     -9.640000      5.413040      5.413040     10.826080
     -9.620000      4.920580      4.920580      9.841159
     -9.600000      4.149808      4.149808      8.299616
     -9.580000      3.253513      3.253513      6.507026
     -9.560000      2.389248      2.389248      4.778496
     -9.540000      1.684465      1.684465      3.368929
     -9.520000      1.223398      1.223398      2.446795
     -9.500000      1.053648      1.053648      2.107296
     -9.480000      1.200518      1.200518      2.401037
     -9.460000      1.675533      1.675533      3.351065
     -9.440000      2.472064      2.472064      4.944128
     -9.420000      3.551465      3.551465      7.102930
     -9.400000      4.831495      4.831495      9.662990
     -9.380000      6.190085      6.190085     12.380171
     -9.360000      7.490077      7.490077     14.980154
     -9.340000      8.618490      8.618490     17.236979
     -9.320000      9.524544      9.524544     19.049088
     -9.300000     10.239755     10.239755     20.479511
     -9.280000     10.870528     10.870528     21.741057
     -9.260000     11.563374     11.563374     23.126749
     -9.240000     12.450831     12.450831     24.901662
     -9.220000     13.592472     13.592472     27.184943
     -9.200000     14.931398     14.931398     29.862795
     -9.180000     16.288672     16.288672     32.577343
     -9.160000     17.408605     17.408605     34.817210
     -9.140000     18.044471     18.044471     36.088941
     -9.120000     18.048457     18.048457     36.096913
     -9.100000     17.421262     17.421262     34.842524
     -9.080000     16.296664     16.296664     32.593328
     -9.060000     14.874243     14.874243     29.748487
     -9.040000     13.342870     13.342870     26.685740
     -9.020000     11.837285     11.837285     23.674570
     -9.000000     10.441420     10.441420     20.882839
     -8.980000      9.217725      9.217725     18.435451
     -8.960000      8.227197      8.227197     16.454394
     -8.940000      7.518831      7.518831     15.037662
     -8.920000      7.096802      7.096802     14.193604
     -8.900000      6.895272      6.895272     13.790544
     -8.880000      6.788646      6.788646     13.577293
     -8.860000      6.641441      6.641441     13.282881
     -8.840000      6.374088      6.374088     12.748176
     -8.820000      6.008113      6.008113     12.016226
     -8.800000      5.664164      5.664164     11.328329
     -8.780000      5.512097      5.512097     11.024193
     -8.760000      5.697293      5.697293     11.394587
     -8.740000      6.277767      6.277767     12.555533
     -8.720000      7.198490      7.198490     14.396980
     -8.700000      8.309652      8.309652     16.619305
     -8.680000      9.415733      9.415733     18.831465
     -8.660000     10.332083     10.332083     20.664167
     -8.640000     10.928026     10.928026     21.856053
     -8.620000     11.146163     11.146163     22.292327
     -8.600000     10.999085     10.999085     21.998169
     -8.580000     10.551315     10.551315     21.102629
     -8.560000      9.895646      9.895646     19.791293
     -8.540000      9.131791      9.131791     18.263582
     -8.520000      8.353411      8.353411     16.706822
     -8.500000      7.646316      7.646316     15.292633
     -8.480000      7.094643      7.094643     14.189287
     -8.460000      6.785276      6.785276     13.570551
     -8.440000      6.798759      6.798759     13.597518
     -8.420000      7.181749      7.181749     14.363499
     -8.400000      7.909731      7.909731     15.819462
     -8.380000      8.860948      8.860948     17.721896
     -8.360000      9.823287      9.823287     19.646573
     -8.340000     10.541769     10.541769     21.083537
     -8.320000     10.792353     10.792353     21.584707
     -8.300000     10.451613     10.451613     20.903226
     -8.280000      9.532282      9.532282     19.064563
     -8.260000      8.171539      8.171539     16.343077
     -8.240000      6.581417      6.581417     13.162834
     -8.220000      4.985873      4.985873      9.971746
     -8.200000      3.570098      3.570098      7.140196
     -8.180000      2.457179      2.457179      4.914358
     -8.160000      1.712890      1.712890      3.425781
     -8.140000      1.368107      1.368107      2.736213
     -8.120000      1.443179      1.443179      2.886358
     -8.100000      1.959575      1.959575      3.919150
     -8.080000      2.930331      2.930331      5.860662
     -8.060000      4.331198      4.331198      8.662396
     -8.040000      6.066218      6.066218     12.132437
     -8.020000      7.949619      7.949619     15.899238
     -8.000000      9.724068      9.724068     19.448137
     -7.980000     11.120780     11.120780     22.241560
     -7.960000     11.944615     11.944615     23.889231
     -7.940000     12.149303     12.149303     24.298607
     -7.920000     11.866124     11.866124     23.732249
     -7.900000     11.367002     11.367002     22.734004
     -7.880000     10.971402     10.971402     21.942805
     -7.860000     10.931221     10.931221     21.862442
     -7.840000     11.337677     11.337677     22.675354
     -7.820000     12.086254     12.086254     24.172508
     -7.800000     12.913998     12.913998     25.827995
     -7.780000     13.495757     13.495757     26.991513
     -7.760000     13.561878     13.561878     27.123757
     -7.740000     12.989989     12.989989     25.979979
     -7.720000     11.834658     11.834658     23.669316
     -7.700000     10.287756     10.287756     20.575512
     -7.680000      8.594539      8.594539     17.189078
     -7.660000      6.967873      6.967873     13.935746
     -7.640000      5.536770      5.536770     11.073541
     -7.620000      4.341791      4.341791      8.683582
     -7.600000      3.365088      3.365088      6.730175
     -7.580000      2.570818      2.570818      5.141636
     -7.560000      1.935428      1.935428      3.870856
     -7.540000      1.459899      1.459899      2.919799
     -7.520000      1.167245      1.167245      2.334489
     -7.500000      1.092392      1.092392      2.184783
     -7.480000      1.268876      1.268876      2.537752
     -7.460000      1.712808      1.712808      3.425616
     -7.440000      2.404352      2.404352      4.808703
     -7.420000      3.271453      3.271453      6.542906
     -7.400000      4.185704      4.185704      8.371408
     -7.380000      4.980022      4.980022      9.960045
     -7.360000      5.489237      5.489237     10.978473
     -7.340000      5.601383      5.601383     11.202766
     -7.320000      5.298419      5.298419     10.596838
     -7.300000      4.667745      4.667745      9.335489
     -7.280000      3.879912      3.879912      7.759824
     -7.260000      3.144151      3.144151      6.288302
     -7.240000      2.660956      2.660956      5.321912
     -7.220000      2.586010      2.586010      5.172020
     -7.200000      3.007961      3.007961      6.015921
     -7.180000      3.934403      3.934403      7.868806
     -7.160000      5.281960      5.281960     10.563919
     -7.140000      6.874915      6.874915     13.749831
     -7.120000      8.463332      8.463332     16.926665
     -7.100000      9.768213      9.768213     19.536426
     -7.080000     10.548022     10.548022     21.096045
     -7.060000     10.665874     10.665874     21.331748
     -7.040000     10.130564     10.130564     20.261127
     -7.020000      9.092910      9.092910     18.185820
     -7.000000      7.797792      7.797792     15.595584
     -6.980000      6.511467      6.511467     13.022934
     -6.960000      5.452809      5.452809     10.905618
     -6.940000      4.752028      4.752028      9.504056
     -6.920000      4.445557      4.445557      8.891113
     -6.900000      4.500000      4.500000      9.000000
     -6.880000      4.849047      4.849047      9.698095
     -6.860000      5.427070      5.427070     10.854140
     -6.840000      6.188486      6.188486     12.376973
     -6.820000      7.108287      7.108287     14.216575
     -6.800000      8.164635      8.164635     16.329271
     -6.780000      9.310425      9.310425     18.620850
     -6.760000     10.447531     10.447531     20.895062
     -6.740000     11.421506     11.421506     22.843012
     -6.720000     12.049585     12.049585     24.099169
     -6.700000     12.179036     12.179036     24.358072
     -6.680000     11.753234     11.753234     23.506468
     -6.660000     10.852230     10.852230     21.704461
     -6.640000      9.682468      9.682468     19.364937
     -6.620000      8.514090      8.514090     17.028180
     -6.600000      7.590914      7.590914     15.181829
     -6.580000      7.052488      7.052488     14.104975
     -6.560000      6.901870      6.901870     13.803741
     -6.540000      7.030265      7.030265     14.060530
     -6.520000      7.281709      7.281709     14.563419
     -6.500000      7.522286      7.522286     15.044572
     -6.480000      7.678942      7.678942     15.357884
     -6.460000      7.733408      7.733408     15.466815
     -6.440000      7.684942      7.684942     15.369883
     -6.420000      7.513718      7.513718     15.027437
     -6.400000      7.172560      7.172560     14.345121
     -6.380000      6.611947      6.611947     13.223894
     -6.360000      5.818819      5.818819     11.637638
     -6.340000      4.841086      4.841086      9.682172
     -6.320000      3.781442      3.781442      7.562884
     -6.300000      2.765446      2.765446      5.530892
     -6.280000      1.903838      1.903838      3.807676
     -6.260000      1.268944      1.268944      2.537888
     -6.240000      0.892967      0.892967      1.785933
     -6.220000      0.781995      0.781995      1.563990
     -6.200000      0.932263      0.932263      1.864526
     -6.180000      1.336918      1.336918      2.673836
     -6.160000      1.979500      1.979500      3.959000
     -6.140000      2.819741      2.819741      5.639482
     -6.120000      3.783530      3.783530      7.567059
     -6.100000      4.768625      4.768625      9.537249
     -6.080000      5.669823      5.669823     11.339646
     -6.060000      6.414869      6.414869     12.829737
     -6.040000      6.992602      6.992602     13.985204
     -6.020000      7.455292      7.455292     14.910583
     -6.000000      7.889824      7.889824     15.779647
     -5.980000      8.370757      8.370757     16.741515
     -5.960000      8.920083      8.920083     17.840166
     -5.940000      9.495211      9.495211     18.990422
     -5.920000     10.010103     10.010103     20.020206
     -5.900000     10.375766     10.375766     20.751532
     -5.880000     10.537482     10.537482     21.074964
     -5.860000     10.491049     10.491049     20.982097
     -5.840000     10.273485     10.273485     20.546970
     -5.820000      9.936308      9.936308     19.872616
     -5.800000      9.516052      9.516052     19.032103
     -5.780000      9.016373      9.016373     18.032746
     -5.760000      8.410378      8.410378     16.820756
     -5.740000      7.662593      7.662593     15.325186
     -5.720000      6.760512      6.760512     13.521024
     -5.700000      5.740515      5.740515     11.481029
     -5.680000      4.695696      4.695696      9.391392
     -5.660000      3.762432      3.762432      7.524864
     -5.640000      3.092072      3.092072      6.184144
     -5.620000      2.817949      2.817949      5.635897
     -5.600000      3.025109      3.025109      6.050217
     -5.580000      3.725938      3.725938      7.451875
     -5.560000      4.844495      4.844495      9.688989
     -5.540000      6.215958      6.215958     12.431916
     -5.520000      7.609139      7.609139     15.218278
     -5.500000      8.773710      8.773710     17.547420
     -5.480000      9.500721      9.500721     19.001442
     -5.460000      9.674182      9.674182     19.348365
     -5.440000      9.292500      9.292500     18.585001
     -5.420000      8.452737      8.452737     16.905474
     -5.400000      7.308847      7.308847     14.617694
     -5.380000      6.025059      6.025059     12.050119
     -5.360000      4.742143      4.742143      9.484286
     -5.340000      3.562466      3.562466      7.124932
     -5.320000      2.549207      2.549207      5.098414
     -5.300000      1.731790      1.731790      3.463580
     -5.280000      1.112463      1.112463      2.224927
     -5.260000      0.672979      0.672979      1.345957
     -5.240000      0.381963      0.381963      0.763927
     -5.220000      0.202815      0.202815      0.405631
     -5.200000      0.100759      0.100759      0.201517
     -5.180000      0.047647      0.047647      0.095294
     -5.160000      0.024151      0.024151      0.048303
     -5.140000      0.020195      0.020195      0.040391
     -5.120000      0.035167      0.035167      0.070333
     -5.100000      0.079247      0.079247      0.158494
     -5.080000      0.176292      0.176292      0.352584
     -5.060000      0.367108      0.367108      0.734216
     -5.040000      0.710067      0.710067      1.420134
     -5.020000      1.274561      1.274561      2.549123
     -5.000000      2.123478      2.123478      4.246956
     -4.980000      3.285075      3.285075      6.570150
     -4.960000      4.722003      4.722003      9.444005
     -4.940000      6.312141      6.312141     12.624281
     -4.920000      7.856744      7.856744     15.713487
     -4.900000      9.122264      9.122264     18.244529
     -4.880000      9.905786      9.905786     19.811573
     -4.860000     10.099445     10.099445     20.198889
     -4.840000      9.726632      9.726632     19.453263
     -4.820000      8.934991      8.934991     17.869983
     -4.800000      7.950816      7.950816     15.901632
     -4.780000      7.014589      7.014589     14.029177
     -4.760000      6.320864      6.320864     12.641729
     -4.740000      5.979332      5.979332     11.958663
     -4.720000      6.004489      6.004489     12.008978
     -4.700000      6.333458      6.333458     12.666915
     -4.680000      6.864761      6.864761     13.729521
     -4.660000      7.504238      7.504238     15.008476
     -4.640000      8.199927      8.199927     16.399855
     -4.620000      8.950468      8.950468     17.900936
     -4.600000      9.783179      9.783179     19.566359
     -4.580000     10.713286     10.713286     21.426573
     -4.560000     11.705644     11.705644     23.411288
     -4.540000     12.658772     12.658772     25.317543
     -4.520000     13.419616     13.419616     26.839232
     -4.500000     13.823468     13.823468     27.646936
     -4.480000     13.743617     13.743617     27.487233
     -4.460000     13.132643     13.132643     26.265286
     -4.440000     12.041358     12.041358     24.082715
     -4.420000     10.610374     10.610374     21.220748
     -4.400000      9.039726      9.039726     18.079453
     -4.380000      7.548894      7.548894     15.097788
     -4.360000      6.339331      6.339331     12.678663
     -4.340000      5.565263      5.565263     11.130527
     -4.320000      5.312058      5.312058     10.624115
     -4.300000      5.580695      5.580695     11.161390
     -4.280000      6.281750      6.281750     12.563499
     -4.260000      7.246596      7.246596     14.493192
     -4.240000      8.260821      8.260821     16.521643
     -4.220000      9.114714      9.114714     18.229428
     -4.200000      9.655065      9.655065     19.310130
     -4.180000      9.819616      9.819616     19.639231
     -4.160000      9.642795      9.642795     19.285591
     -4.140000      9.233732      9.233732     18.467464
     -4.120000      8.737002      8.737002     17.474003
     -4.100000      8.289260      8.289260     16.578520
     -4.080000      7.982665      7.982665     15.965330
     -4.060000      7.842963      7.842963     15.685926
     -4.040000      7.827486      7.827486     15.654973
     -4.020000      7.844416      7.844416     15.688832
     -4.000000      7.788169      7.788169     15.576337
     -3.980000      7.579122      7.579122     15.158245
     -3.960000      7.193620      7.193620     14.387240
     -3.940000      6.674634      6.674634     13.349268
     -3.920000      6.122067      6.122067     12.244134
     -3.900000      5.668809      5.668809     11.337617
     -3.880000      5.450662      5.450662     10.901324
     -3.860000      5.575944      5.575944     11.151889
     -3.840000      6.098215      6.098215     12.196430
     -3.820000      6.996135      6.996135     13.992269
     -3.800000      8.166753      8.166753     16.333507
     -3.780000      9.438333      9.438333     18.876666
     -3.760000     10.603356     10.603356     21.206712
     -3.740000     11.463839     11.463839     22.927679
     -3.720000     11.875181     11.875181     23.750362
     -3.700000     11.775733     11.775733     23.551466
     -3.680000     11.195727     11.195727     22.391454
     -3.660000     10.246017     10.246017     20.492033
     -3.640000      9.090863      9.090863     18.181726
     -3.620000      7.910614      7.910614     15.821229
     -3.600000      6.862158      6.862158     13.724317
     -3.580000      6.047182      6.047182     12.094365
     -3.560000      5.497418      5.497418     10.994837
     -3.540000      5.180339      5.180339     10.360679
     -3.520000      5.020961      5.020961     10.041921
     -3.500000      4.930411      4.930411      9.860821
     -3.480000      4.832168      4.832168      9.664335
     -3.460000      4.680232      4.680232      9.360464
     -3.440000      4.466588      4.466588      8.933176
     -3.420000      4.217013      4.217013      8.434026
     -3.400000      3.976382      3.976382      7.952764
     -3.380000      3.788251      3.788251      7.576502
     -3.360000      3.676948      3.676948      7.353897
     -3.340000      3.640225      3.640225      7.280451
     -3.320000      3.655300      3.655300      7.310600
     -3.300000      3.693807      3.693807      7.387614
     -3.280000      3.736687      3.736687      7.473374
     -3.260000      3.781434      3.781434      7.562868
     -3.240000      3.839890      3.839890      7.679779
     -3.220000      3.930423      3.930423      7.860847
     -3.200000      4.070069      4.070069      8.140139
     -3.180000      4.269638      4.269638      8.539277
     -3.160000      4.530927      4.530927      9.061855
     -3.140000      4.843425      4.843425      9.686850
     -3.120000      5.179742      5.179742     10.359483
     -3.100000      5.492549      5.492549     10.985098
     -3.080000      5.717727      5.717727     11.435454
     -3.060000      5.786471      5.786471     11.572941
     -3.040000      5.644190      5.644190     11.288381
     -3.020000      5.269411      5.269411     10.538822
     -3.000000      4.684708      4.684708      9.369417
     -2.980000      3.954804      3.954804      7.909607
     -2.960000      3.172428      3.172428      6.344855
     -2.940000      2.437353      2.437353      4.874706
     -2.920000      1.835815      1.835815      3.671631
     -2.900000      1.425954      1.425954      2.851909
     -2.880000      1.231416      1.231416      2.462832
     -2.860000      1.242102      1.242102      2.484204
     -2.840000      1.419880      1.419880      2.839760
     -2.820000      1.707638      1.707638      3.415277
     -2.800000      2.040918      2.040918      4.081836
     -2.780000      2.361007      2.361007      4.722014
     -2.760000      2.626874      2.626874      5.253747
     -2.740000      2.822191      2.822191      5.644383
     -2.720000      2.954494      2.954494      5.908989
     -2.700000      3.046320      3.046320      6.092641
     -2.680000      3.121729      3.121729      6.243459
     -2.660000      3.193877      3.193877      6.387755
     -2.640000      3.259336      3.259336      6.518672
     -2.620000      3.302404      3.302404      6.604809
     -2.600000      3.308482      3.308482      6.616964
     -2.580000      3.280885      3.280885      6.561769
     -2.560000      3.252251      3.252251      6.504503
     -2.540000      3.282113      3.282113      6.564226
     -2.520000      3.437470      3.437470      6.874940
     -2.500000      3.762075      3.762075      7.524150
     -2.480000      4.248358      4.248358      8.496717
     -2.460000      4.828369      4.828369      9.656738
     -2.440000      5.393708      5.393708     10.787415
     -2.420000      5.840743      5.840743     11.681486
     -2.400000      6.122844      6.122844     12.245689
     -2.380000      6.283939      6.283939     12.567879
     -2.360000      6.452651      6.452651     12.905301
     -2.340000      6.792769      6.792769     13.585538
     -2.320000      7.427019      7.427019     14.854039
     -2.300000      8.366969      8.366969     16.733938
     -2.280000      9.483963      9.483963     18.967927
     -2.260000     10.541038     10.541038     21.082075
     -2.240000     11.278781     11.278781     22.557561
     -2.220000     11.521242     11.521242     23.042483
     -2.200000     11.255228     11.255228     22.510456
     -2.180000     10.645797     10.645797     21.291594
     -2.160000      9.978807      9.978807     19.957615
     -2.140000      9.554199      9.554199     19.108399
     -2.120000      9.575243      9.575243     19.150487
     -2.100000     10.079904     10.079904     20.159808
     -2.080000     10.941508     10.941508     21.883017
     -2.060000     11.935804     11.935804     23.871607
     -2.040000     12.842683     12.842683     25.685366
     -2.020000     13.535516     13.535516     27.071031
     -2.000000     14.017280     14.017280     28.034560
     -1.980000     14.389391     14.389391     28.778782
     -1.960000     14.773581     14.773581     29.547162
     -1.940000     15.230263     15.230263     30.460526
     -1.920000     15.714958     15.714958     31.429915
     -1.900000     16.089966     16.089966     32.179932
     -1.880000     16.178348     16.178348     32.356695
     -1.860000     15.829999     15.829999     31.659998
     -1.840000     14.971926     14.971926     29.943853
     -1.820000     13.629381     13.629381     27.258761
     -1.800000     11.918818     11.918818     23.837635
     -1.780000     10.020842     10.020842     20.041683
     -1.760000      8.142550      8.142550     16.285100
     -1.740000      6.478221      6.478221     12.956443
     -1.720000      5.176682      5.176682     10.353365
     -1.700000      4.321686      4.321686      8.643371
     -1.680000      3.927384      3.927384      7.854767
     -1.660000      3.946262      3.946262      7.892523
     -1.640000      4.284397      4.284397      8.568793
     -1.620000      4.819741      4.819741      9.639483
     -1.600000      5.421727      5.421727     10.843455
     -1.580000      5.972128      5.972128     11.944256
     -1.560000      6.386162      6.386162     12.772323
     -1.540000      6.629728      6.629728     13.259455
     -1.520000      6.725898      6.725898     13.451796
     -1.500000      6.744308      6.744308     13.488616
     -1.480000      6.772477      6.772477     13.544953
     -1.460000      6.876889      6.876889     13.753778
     -1.440000      7.069258      7.069258     14.138516
     -1.420000      7.294201      7.294201     14.588401
     -1.400000      7.446267      7.446267     14.892533
     -1.380000      7.410148      7.410148     14.820296
     -1.360000      7.105968      7.105968     14.211937
     -1.340000      6.519212      6.519212     13.038424
     -1.320000      5.703745      5.703745     11.407489
     -1.300000      4.760793      4.760793      9.521586
     -1.280000      3.807854      3.807854      7.615707
     -1.260000      2.953374      2.953374      5.906749
     -1.240000      2.286265      2.286265      4.572530
     -1.220000      1.879299      1.879299      3.758598
     -1.200000      1.798011      1.798011      3.596023
     -1.180000      2.104576      2.104576      4.209151
     -1.160000      2.849112      2.849112      5.698224
     -1.140000      4.047587      4.047587      8.095174
     -1.120000      5.654096      5.654096     11.308191
     -1.100000      7.542666      7.542666     15.085333
     -1.080000      9.514796      9.514796     19.029592
     -1.060000     11.339600     11.339600     22.679201
     -1.040000     12.815733     12.815733     25.631467
     -1.020000     13.828004     13.828004     27.656008
     -1.000000     14.369672     14.369672     28.739343
     -0.980000     14.518753     14.518753     29.037506
     -0.960000     14.383762     14.383762     28.767525
     -0.940000     14.052291     14.052291     28.104582
     -0.920000     13.570961     13.570961     27.141922
     -0.900000     12.961127     12.961127     25.922255
     -0.880000     12.249478     12.249478     24.498956
     -0.860000     11.485031     11.485031     22.970061
     -0.840000     10.728118     10.728118     21.456236
     -0.820000     10.020758     10.020758     20.041517
     -0.800000      9.363149      9.363149     18.726299
     -0.780000      8.717452      8.717452     17.434904
     -0.760000      8.040989      8.040989     16.081978
     -0.740000      7.330072      7.330072     14.660144
     -0.720000      6.646833      6.646833     13.293666
     -0.700000      6.109972      6.109972     12.219944
     -0.680000      5.850632      5.850632     11.701265
     -0.660000      5.954286      5.954286     11.908572
     -0.640000      6.417576      6.417576     12.835152
     -0.620000      7.141636      7.141636     14.283272
     -0.600000      7.964924      7.964924     15.929848
     -0.580000      8.718987      8.718987     17.437974
     -0.560000      9.280016      9.280016     18.560033
     -0.540000      9.593226      9.593226     19.186452
     -0.520000      9.663528      9.663528     19.327056
     -0.500000      9.524853      9.524853     19.049705
     -0.480000      9.210289      9.210289     18.420577
     -0.460000      8.740677      8.740677     17.481354
     -0.440000      8.134818      8.134818     16.269637
     -0.420000      7.430591      7.430591     14.861182
     -0.400000      6.701325      6.701325     13.402650
     -0.380000      6.056503      6.056503     12.113006
     -0.360000      5.624722      5.624722     11.249444
     -0.340000      5.524075      5.524075     11.048150
     -0.320000      5.828636      5.828636     11.657271
     -0.300000      6.540960      6.540960     13.081919
     -0.280000      7.580563      7.580563     15.161127
     -0.260000      8.795826      8.795826     17.591652
     -0.240000      9.999679      9.999679     19.999359
     -0.220000     11.018843     11.018843     22.037686
     -0.200000     11.737969     11.737969     23.475938
     -0.180000     12.120821     12.120821     24.241642
     -0.160000     12.202153     12.202153     24.404306
     -0.140000     12.059577     12.059577     24.119155
     -0.120000     11.783350     11.783350     23.566700
     -0.100000     11.457621     11.457621     22.915241
     -0.080000     11.153753     11.153753     22.307506
     -0.060000     10.926350     10.926350     21.852700
     -0.040000     10.803890     10.803890     21.607780
     -0.020000     10.776153     10.776153     21.552306
      0.000000     10.789545     10.789545     21.579090
      0.020000     10.760310     10.760310     21.520620
      0.040000     10.604950     10.604950     21.209900
      0.060000     10.275620     10.275620     20.551240
      0.080000      9.784491      9.784491     19.568981
      0.100000      9.206907      9.206907     18.413813
      0.120000      8.663405      8.663405     17.326810
      0.140000      8.288409      8.288409     16.576817
      0.160000      8.195527      8.195527     16.391054
      0.180000      8.447556      8.447556     16.895112
      0.200000      9.036908      9.036908     18.073816
      0.220000      9.880973      9.880973     19.761945
      0.240000     10.835621     10.835621     21.671241
      0.260000     11.726484     11.726484     23.452968
      0.280000     12.391549     12.391549     24.783098
      0.300000     12.722768     12.722768     25.445537
      0.320000     12.692837     12.692837     25.385674
      0.340000     12.357944     12.357944     24.715888
      0.360000     11.836370     11.836370     23.672739
      0.380000     11.271656     11.271656     22.543312
      0.400000     10.793665     10.793665     21.587330
      0.420000     10.489681     10.489681     20.979363
      0.440000     10.392250     10.392250     20.784499
      0.460000     10.483571     10.483571     20.967143
      0.480000     10.710800     10.710800     21.421601
      0.500000     11.004344     11.004344     22.008687
      0.520000     11.292525     11.292525     22.585049
      0.540000     11.509591     11.509591     23.019183
      0.560000     11.598159     11.598159     23.196319
      0.580000     11.509944     11.509944     23.019887
      0.600000     11.208899     11.208899     22.417799
      0.620000     10.678396     10.678396     21.356792
      0.640000      9.929861      9.929861     19.859721
      0.660000      9.006990      9.006990     18.013980
      0.680000      7.979948      7.979948     15.959896
      0.700000      6.928875      6.928875     13.857749
      0.720000      5.922849      5.922849     11.845698
      0.740000      5.004439      5.004439     10.008878
      0.760000      4.187749      4.187749      8.375497
      0.780000      3.470533      3.470533      6.941067
      0.800000      2.853215      2.853215      5.706430
      0.820000      2.354322      2.354322      4.708643
      0.840000      2.014357      2.014357      4.028714
      0.860000      1.885909      1.885909      3.771819
      0.880000      2.013382      2.013382      4.026763
      0.900000      2.409105      2.409105      4.818210
      0.920000      3.034008      3.034008      6.068017
      0.940000      3.790975      3.790975      7.581951
      0.960000      4.536779      4.536779      9.073559
      0.980000      5.112901      5.112901     10.225801
      1.000000      5.387386      5.387386     10.774773
      1.020000      5.293134      5.293134     10.586269
      1.040000      4.847348      4.847348      9.694697
      1.060000      4.144202      4.144202      8.288404
      1.080000      3.324495      3.324495      6.648989
      1.100000      2.535634      2.535634      5.071268
      1.120000      1.897431      1.897431      3.794863
      1.140000      1.483829      1.483829      2.967658
      1.160000      1.322081      1.322081      2.644162
      1.180000      1.404317      1.404317      2.808634
      1.200000      1.704167      1.704167      3.408335
      1.220000      2.192089      2.192089      4.384178
      1.240000      2.844779      2.844779      5.689559
      1.260000      3.645668      3.645668      7.291335
      1.280000      4.575978      4.575978      9.151956
      1.300000      5.600326      5.600326     11.200652
      1.320000      6.655601      6.655601     13.311201
      1.340000      7.652922      7.652922     15.305845
      1.360000      8.496596      8.496596     16.993193
      1.380000      9.113162      9.113162     18.226323
      1.400000      9.475096      9.475096     18.950193
      1.420000      9.604803      9.604803     19.209607
      1.440000      9.556016      9.556016     19.112033
      1.460000      9.384185      9.384185     18.768370
      1.480000      9.124268      9.124268     18.248536
      1.500000      8.788636      8.788636     17.577273
      1.520000      8.383793      8.383793     16.767587
      1.540000      7.932327      7.932327     15.864654
      1.560000      7.483844      7.483844     14.967689
      1.580000      7.106525      7.106525     14.213051
      1.600000      6.863616      6.863616     13.727232
      1.620000      6.788823      6.788823     13.577647
      1.640000      6.875508      6.875508     13.751015
      1.660000      7.086225      7.086225     14.172451
      1.680000      7.376496      7.376496     14.752992
      1.700000      7.717489      7.717489     15.434978
      1.720000      8.102991      8.102991     16.205982
      1.740000      8.536420      8.536420     17.072839
      1.760000      9.006922      9.006922     18.013844
      1.780000      9.470630      9.470630     18.941261
      1.800000      9.849373      9.849373     19.698746
      1.820000     10.048043     10.048043     20.096086
      1.840000      9.981556      9.981556     19.963112
      1.860000      9.599375      9.599375     19.198749
      1.880000      8.899958      8.899958     17.799916
      1.900000      7.934047      7.934047     15.868094
      1.920000      6.799265      6.799265     13.598531
      1.940000      5.628151      5.628151     11.256302
      1.960000      4.570143      4.570143      9.140286
      1.980000      3.768220      3.768220      7.536441
      2.000000      3.333080      3.333080      6.666159
      2.020000      3.320262      3.320262      6.640524
      2.040000      3.716646      3.716646      7.433291
      2.060000      4.441512      4.441512      8.883023
      2.080000      5.363839      5.363839     10.727678
      2.100000      6.331939      6.331939     12.663878
      2.120000      7.205874      7.205874     14.411749
      2.140000      7.880849      7.880849     15.761699
      2.160000      8.293903      8.293903     16.587807
      2.180000      8.415682      8.415682     16.831364
      2.200000      8.237801      8.237801     16.475601
      2.220000      7.767671      7.767671     15.535343
      2.240000      7.035101      7.035101     14.070201
      2.260000      6.104215      6.104215     12.208429
      2.280000      5.078655      5.078655     10.157311
      2.300000      4.091529      4.091529      8.183059
      2.320000      3.280922      3.280922      6.561844
      2.340000      2.759690      2.759690      5.519381
      2.360000      2.590081      2.590081      5.180162
      2.380000      2.770310      2.770310      5.540619
      2.400000      3.235720      3.235720      6.471439
      2.420000      3.874254      3.874254      7.748509
      2.440000      4.554198      4.554198      9.108396
      2.460000      5.159351      5.159351     10.318701
      2.480000      5.622748      5.622748     11.245497
      2.500000      5.947210      5.947210     11.894419
      2.520000      6.202919      6.202919     12.405837
      2.540000      6.500030      6.500030     13.000061
      2.560000      6.945024      6.945024     13.890048
      2.580000      7.597513      7.597513     15.195026
      2.600000      8.444340      8.444340     16.888679
      2.620000      9.399479      9.399479     18.798958
      2.640000     10.326480     10.326480     20.652959
      2.660000     11.072262     11.072262     22.144524
      2.680000     11.501214     11.501214     23.002429
      2.700000     11.524076     11.524076     23.048151
      2.720000     11.120412     11.120412     22.240823
      2.740000     10.352417     10.352417     20.704835
      2.760000      9.363804      9.363804     18.727608
      2.780000      8.357127      8.357127     16.714254
      2.800000      7.549613      7.549613     15.099225
      2.820000      7.118366      7.118366     14.236732
      2.840000      7.153781      7.153781     14.307561
      2.860000      7.639541      7.639541     15.279082
      2.880000      8.467922      8.467922     16.935845
      2.900000      9.483880      9.483880     18.967760
      2.920000     10.537497     10.537497     21.074995
      2.940000     11.519606     11.519606     23.039212
      2.960000     12.364687     12.364687     24.729373
      2.980000     13.025320     13.025320     26.050640
      3.000000     13.441541     13.441541     26.883081
      3.020000     13.532738     13.532738     27.065477
      3.040000     13.224622     13.224622     26.449243
      3.060000     12.498765     12.498765     24.997531
      3.080000     11.434691     11.434691     22.869382
      3.100000     10.216231     10.216231     20.432462
      3.120000      9.093325      9.093325     18.186650
      3.140000      8.314073      8.314073     16.628146
      3.160000      8.055581      8.055581     16.111161
      3.180000      8.379717      8.379717     16.759434
      3.200000      9.225621      9.225621     18.451243
      3.220000     10.434331     10.434331     20.868662
      3.240000     11.790740     11.790740     23.581479
      3.260000     13.067096     13.067096     26.134191
      3.280000     14.057983     14.057983     28.115967
      3.300000     14.604142     14.604142     29.208284
      3.320000     14.607403     14.607403     29.214807
      3.340000     14.039693     14.039693     28.079385
      3.360000     12.946420     12.946420     25.892841
      3.380000     11.441431     11.441431     22.882861
      3.400000      9.690036      9.690036     19.380073
      3.420000      7.880087      7.880087     15.760175
      3.440000      6.186900      6.186900     12.373801
      3.460000      4.742399      4.742399      9.484798
      3.480000      3.618319      3.618319      7.236638
      3.500000      2.827584      2.827584      5.655168
      3.520000      2.340222      2.340222      4.680444
      3.540000      2.104933      2.104933      4.209866
      3.560000      2.067132      2.067132      4.134263
      3.580000      2.178180      2.178180      4.356360
      3.600000      2.395898      2.395898      4.791797
      3.620000      2.680500      2.680500      5.360999
      3.640000      2.991385      2.991385      5.982769
      3.660000      3.288701      3.288701      6.577402
      3.680000      3.540098      3.540098      7.080196
      3.700000      3.729348      3.729348      7.458697
      3.720000      3.861276      3.861276      7.722552
      3.740000      3.958184      3.958184      7.916368
      3.760000      4.046929      4.046929      8.093858
      3.780000      4.141238      4.141238      8.282477
      3.800000      4.227923      4.227923      8.455847
      3.820000      4.265332      4.265332      8.530664
      3.840000      4.197024      4.197024      8.394048
      3.860000      3.975576      3.975576      7.951152
      3.880000      3.585338      3.585338      7.170675
      3.900000      3.052853      3.052853      6.105706
      3.920000      2.440015      2.440015      4.880029
      3.940000      1.824013      1.824013      3.648026
      3.960000      1.274347      1.274347      2.548693
      3.980000      0.837194      0.837194      1.674388
      4.000000      0.532249      0.532249      1.064498
      4.020000      0.360442      0.360442      0.720883
      4.040000      0.316608      0.316608      0.633215
      4.060000      0.400534      0.400534      0.801067
      4.080000      0.622018      0.622018      1.244036
      4.100000      0.999017      0.999017      1.998034
      4.120000      1.551192      1.551192      3.102384
      4.140000      2.293195      2.293195      4.586390
      4.160000      3.231721      3.231721      6.463443
      4.180000      4.367114      4.367114      8.734228
      4.200000      5.695343      5.695343     11.390686
      4.220000      7.203186      7.203186     14.406371
      4.240000      8.852401      8.852401     17.704802
      4.260000     10.558192     10.558192     21.116383
      4.280000     12.177455     12.177455     24.354910
      4.300000     13.523954     13.523954     27.047908
      4.320000     14.415092     14.415092     28.830185
      4.340000     14.733665     14.733665     29.467329
      4.360000     14.472653     14.472653     28.945307
      4.380000     13.735600     13.735600     27.471200
      4.400000     12.689826     12.689826     25.379652
      4.420000     11.498994     11.498994     22.997987
      4.440000     10.273991     10.273991     20.547981
      4.460000      9.067303      9.067303     18.134606
      4.480000      7.905855      7.905855     15.811709
      4.500000      6.832814      6.832814     13.665629
      4.520000      5.926563      5.926563     11.853125
      4.540000      5.283942      5.283942     10.567885
      4.560000      4.979477      4.979477      9.958954
      4.580000      5.025683      5.025683     10.051366
      4.600000      5.356035      5.356035     10.712070
      4.620000      5.837771      5.837771     11.675541
      4.640000      6.307351      6.307351     12.614703
      4.660000      6.614012      6.614012     13.228025
      4.680000      6.656944      6.656944     13.313888
      4.700000      6.406209      6.406209     12.812418
      4.720000      5.903597      5.903597     11.807194
      4.740000      5.245859      5.245859     10.491718
      4.760000      4.557983      4.557983      9.115965
      4.780000      3.966606      3.966606      7.933213
      4.800000      3.581709      3.581709      7.163418
      4.820000      3.488813      3.488813      6.977626
      4.840000      3.747268      3.747268      7.494535
      4.860000      4.386979      4.386979      8.773958
      4.880000      5.398567      5.398567     10.797134
      4.900000      6.718982      6.718982     13.437965
      4.920000      8.221395      8.221395     16.442789
      4.940000      9.719875      9.719875     19.439751
      4.960000     10.994363     10.994363     21.988726
      4.980000     11.832416     11.832416     23.664831
      5.000000     12.076402     12.076402     24.152803
      5.020000     11.661826     11.661826     23.323652
      5.040000     10.634945     10.634945     21.269890
      5.060000      9.143984      9.143984     18.287968
      5.080000      7.406175      7.406175     14.812351
      5.100000      5.660559      5.660559     11.321119
      5.120000      4.121385      4.121385      8.242770
      5.140000      2.945885      2.945885      5.891770
      5.160000      2.222614      2.222614      4.445228
      5.180000      1.976181      1.976181      3.952363
      5.200000      2.177658      2.177658      4.355315
      5.220000      2.751719      2.751719      5.503438
      5.240000      3.580286      3.580286      7.160571
      5.260000      4.510981      4.510981      9.021962
      5.280000      5.379740      5.379740     10.759479
      5.300000      6.048108      6.048108     12.096217
      5.320000      6.442963      6.442963     12.885925
      5.340000      6.579374      6.579374     13.158747
      5.360000      6.552796      6.552796     13.105591
      5.380000      6.502092      6.502092     13.004184
      5.400000      6.560026      6.560026     13.120053
      5.420000      6.812712      6.812712     13.625425
      5.440000      7.281986      7.281986     14.563973
      5.460000      7.931310      7.931310     15.862621
      5.480000      8.685738      8.685738     17.371477
      5.500000      9.454291      9.454291     18.908582
      5.520000     10.147039     10.147039     20.294079
      5.540000     10.684661     10.684661     21.369323
      5.560000     11.002294     11.002294     22.004588
      5.580000     11.051735     11.051735     22.103469
      5.600000     10.806578     10.806578     21.613155
      5.620000     10.272708     10.272708     20.545415
      5.640000      9.501150      9.501150     19.002300
      5.660000      8.594065      8.594065     17.188130
      5.680000      7.692939      7.692939     15.385878
      5.700000      6.944849      6.944849     13.889698
      5.720000      6.456007      6.456007     12.912014
      5.740000      6.253510      6.253510     12.507021
      5.760000      6.277090      6.277090     12.554180
      5.780000      6.409693      6.409693     12.819386
      5.800000      6.535089      6.535089     13.070178
      5.820000      6.594380      6.594380     13.188761
      5.840000      6.611722      6.611722     13.223444
      5.860000      6.674715      6.674715     13.349430
      5.880000      6.878956      6.878956     13.757912
      5.900000      7.265742      7.265742     14.531485
      5.920000      7.785962      7.785962     15.571924
      5.940000      8.309366      8.309366     16.618732
      5.960000      8.674421      8.674421     17.348843
      5.980000      8.753028      8.753028     17.506057
      6.000000      8.498109      8.498109     16.996217
      6.020000      7.953329      7.953329     15.906658
      6.040000      7.225926      7.225926     14.451851
      6.060000      6.442612      6.442612     12.885223
      6.080000      5.714107      5.714107     11.428214
      6.100000      5.123797      5.123797     10.247595
      6.120000      4.737897      4.737897      9.475793
      6.140000      4.620031      4.620031      9.240063
      6.160000      4.831223      4.831223      9.662447
      6.180000      5.407665      5.407665     10.815330
      6.200000      6.326253      6.326253     12.652506
      6.220000      7.480503      7.480503     14.961006
      6.240000      8.688427      8.688427     17.376855
      6.260000      9.738243      9.738243     19.476486
      6.280000     10.455647     10.455647     20.911294
      6.300000     10.761250     10.761250     21.522500
      6.320000     10.688943     10.688943     21.377885
      6.340000     10.355437     10.355437     20.710874
      6.360000      9.896932      9.896932     19.793863
      6.380000      9.405581      9.405581     18.811161
      6.400000      8.896841      8.896841     17.793683
      6.420000      8.320575      8.320575     16.641150
      6.440000      7.605324      7.605324     15.210649
      6.460000      6.709713      6.709713     13.419426
      6.480000      5.654878      5.654878     11.309757
      6.500000      4.525408      4.525408      9.050817
      6.520000      3.444031      3.444031      6.888062
      6.540000      2.536871      2.536871      5.073742
      6.560000      1.905938      1.905938      3.811876
      6.580000      1.616110      1.616110      3.232219
      6.600000      1.692890      1.692890      3.385780
      6.620000      2.122353      2.122353      4.244707
      6.640000      2.848446      2.848446      5.696893
      6.660000      3.771461      3.771461      7.542922
      6.680000      4.757272      4.757272      9.514544
      6.700000      5.663778      5.663778     11.327555
      6.720000      6.379218      6.379218     12.758437
      6.740000      6.854708      6.854708     13.709416
      6.760000      7.110921      7.110921     14.221843
      6.780000      7.211276      7.211276     14.422552
      6.800000      7.214642      7.214642     14.429284
      6.820000      7.135296      7.135296     14.270593
      6.840000      6.934887      6.934887     13.869773
      6.860000      6.551465      6.551465     13.102929
      6.880000      5.947450      5.947450     11.894900
      6.900000      5.147566      5.147566     10.295132
      6.920000      4.245680      4.245680      8.491361
      6.940000      3.379024      3.379024      6.758047
      6.960000      2.685500      2.685500      5.371000
      6.980000      2.264950      2.264950      4.529900
      7.000000      2.158409      2.158409      4.316819
      7.020000      2.348127      2.348127      4.696253
      7.040000      2.772900      2.772900      5.545800
      7.060000      3.350687      3.350687      6.701375
      7.080000      4.001513      4.001513      8.003027
      7.100000      4.665625      4.665625      9.331250
      7.120000      5.313564      5.313564     10.627128
      7.140000      5.946576      5.946576     11.893153
      7.160000      6.587903      6.587903     13.175806
      7.180000      7.267591      7.267591     14.535182
      7.200000      8.005036      8.005036     16.010072
      7.220000      8.794188      8.794188     17.588376
      7.240000      9.596039      9.596039     19.192079
      7.260000     10.341444     10.341444     20.682889
      7.280000     10.944435     10.944435     21.888870
      7.300000     11.322764     11.322764     22.645528
      7.320000     11.419447     11.419447     22.838893
      7.340000     11.217931     11.217931     22.435862
      7.360000     10.745160     10.745160     21.490319
      7.380000     10.061357     10.061357     20.122715
      7.400000      9.241391      9.241391     18.482783
      7.420000      8.356801      8.356801     16.713602
      7.440000      7.467113      7.467113     14.934225
      7.460000      6.623538      6.623538     13.247076
      7.480000      5.880697      5.880697     11.761394
      7.500000      5.307136      5.307136     10.614273
      7.520000      4.985789      4.985789      9.971579
      7.540000      5.000682      5.000682     10.001364
      7.560000      5.413185      5.413185     10.826371
      7.580000      6.236535      6.236535     12.473071
      7.600000      7.418627      7.418627     14.837254
      7.620000      8.839895      8.839895     17.679789
      7.640000     10.327305     10.327305     20.654610
      7.660000     11.680427     11.680427     23.360854
      7.680000     12.703539     12.703539     25.407078
      7.700000     13.238363     13.238363     26.476726
      7.720000     13.192918     13.192918     26.385837
      7.740000     12.561498     12.561498     25.122996
      7.760000     11.430106     11.430106     22.860211
      7.780000      9.963473      9.963473     19.926946
      7.800000      8.374994      8.374994     16.749987
      7.820000      6.887039      6.887039     13.774079
      7.840000      5.692272      5.692272     11.384545
      7.860000      4.924914      4.924914      9.849829
      7.880000      4.646153      4.646153      9.292307
      7.900000      4.843282      4.843282      9.686564
      7.920000      5.439798      5.439798     10.879597
      7.940000      6.313276      6.313276     12.626552
      7.960000      7.317900      7.317900     14.635800
      7.980000      8.308475      8.308475     16.616950
      8.000000      9.162717      9.162717     18.325435
      8.020000      9.799247      9.799247     19.598494
      8.040000     10.189456     10.189456     20.378913
      8.060000     10.361629     10.361629     20.723259
      8.080000     10.395276     10.395276     20.790553
      8.100000     10.404006     10.404006     20.808011
      8.120000     10.507726     10.507726     21.015451
      8.140000     10.799400     10.799400     21.598799
      8.160000     11.315814     11.315814     22.631629
      8.180000     12.023117     12.023117     24.046234
      8.200000     12.824539     12.824539     25.649078
      8.220000     13.589970     13.589970     27.179941
      8.240000     14.197362     14.197362     28.394725
      8.260000     14.569013     14.569013     29.138025
      8.280000     14.686813     14.686813     29.373626
      8.300000     14.581170     14.581170     29.162339
      8.320000     14.303144     14.303144     28.606287
      8.340000     13.898335     13.898335     27.796670
      8.360000     13.397214     13.397214     26.794429
      8.380000     12.823137     12.823137     25.646275
      8.400000     12.207215     12.207215     24.414431
      8.420000     11.597565     11.597565     23.195130
      8.440000     11.058142     11.058142     22.116284
      8.460000     10.660455     10.660455     21.320910
      8.480000     10.472964     10.472964     20.945928
      8.500000     10.549364     10.549364     21.098728
      8.520000     10.914943     10.914943     21.829886
      8.540000     11.553516     11.553516     23.107032
      8.560000     12.402206     12.402206     24.804411
      8.580000     13.360720     13.360720     26.721440
      8.600000     14.313524     14.313524     28.627048
      8.620000     15.153663     15.153663     30.307326
      8.640000     15.795326     15.795326     31.590653
      8.660000     16.172052     16.172052     32.344103
      8.680000     16.231379     16.231379     32.462757
      8.700000     15.941877     15.941877     31.883754
      8.720000     15.317987     15.317987     30.635974
      8.740000     14.448940     14.448940     28.897879
      8.760000     13.506013     13.506013     27.012027
      8.780000     12.709222     12.709222     25.418444
      8.800000     12.257377     12.257377     24.514754
      8.820000     12.249457     12.249457     24.498915
      8.840000     12.634659     12.634659     25.269318
      8.860000     13.217609     13.217609     26.435219
      8.880000     13.720293     13.720293     27.440586
      8.900000     13.876343     13.876343     27.752685
      8.920000     13.519265     13.519265     27.038531
      8.940000     12.630389     12.630389     25.260778
      8.960000     11.332198     11.332198     22.664396
      8.980000      9.837416      9.837416     19.674833
      9.000000      8.380518      8.380518     16.761035
      9.020000      7.158861      7.158861     14.317723
      9.040000      6.298277      6.298277     12.596554
      9.060000      5.843033      5.843033     11.686066
      9.080000      5.762290      5.762290     11.524580
      9.100000      5.966350      5.966350     11.932700
      9.120000      6.330726      6.330726     12.661452
      9.140000      6.727198      6.727198     13.454395
      9.160000      7.056597      7.056597     14.113194
      9.180000      7.272561      7.272561     14.545122
      9.200000      7.385588      7.385588     14.771175
      9.220000      7.444914      7.444914     14.889828
      9.240000      7.507386      7.507386     15.014773
      9.260000      7.609346      7.609346     15.218693
      9.280000      7.754245      7.754245     15.508490
      9.300000      7.917665      7.917665     15.835331
      9.320000      8.061077      8.061077     16.122155
      9.340000      8.143580      8.143580     16.287159
      9.360000      8.127536      8.127536     16.255072
      9.380000      7.982486      7.982486     15.964972
      9.400000      7.693915      7.693915     15.387831
      9.420000      7.277457      7.277457     14.554914
      9.440000      6.790637      6.790637     13.581274
      9.460000      6.331613      6.331613     12.663226
      9.480000      6.020636      6.020636     12.041271
      9.500000      5.970482      5.970482     11.940963
      9.520000      6.258509      6.258509     12.517017
      9.540000      6.910452      6.910452     13.820905
      9.560000      7.897297      7.897297     15.794594
      9.580000      9.139202      9.139202     18.278404
      9.600000     10.510720     10.510720     21.021441
      9.620000     11.848715     11.848715     23.697431
      9.640000     12.971149     12.971149     25.942299
      9.660000     13.713307     13.713307     27.426613
      9.680000     13.976435     13.976435     27.952870
      9.700000     13.769735     13.769735     27.539471
      9.720000     13.221539     13.221539     26.443079
      9.740000     12.545978     12.545978     25.091956
      9.760000     11.972950     11.972950     23.945899
      9.780000     11.669006     11.669006     23.338012
      9.800000     11.682649     11.682649     23.365298
      9.820000     11.936288     11.936288     23.872577
      9.840000     12.265662     12.265662     24.531324
      9.860000     12.487408     12.487408     24.974816
      9.880000     12.465743     12.465743     24.931487
      9.900000     12.152712     12.152712     24.305425
      9.920000     11.590157     11.590157     23.180313
      9.940000     10.878730     10.878730     21.757460
      9.960000     10.132218     10.132218     20.264437
      9.980000      9.438630      9.438630     18.877260
     10.000000      8.842470      8.842470     17.684939
