# EIG2DOS: Utility for SIESTA to obtain the electronic density of states
#  E. Artacho, Apr 1999, A. Garcia, Apr 2012
# ------------------------------------------
# Eigenvalues read from GRP_doping.EIG
# Using smearing parameter:   0.100
# Using   1001 points in energy range
# Selected bands: 1 to: 936
# Emin, emax in file for selected band(s):    -46.0795700    243.6239200
# Nbands, Nspin, Nk   =    936     1   231
# E_F                 =    -3.9643 eV --> (shifted to ZERO)
# Broadening          =     0.1000 eV
#
#        E            N(up)  (=)   N(down)         Ntot
    -10.000000      6.002499      6.002499     12.004997
     -9.980000      5.960576      5.960576     11.921152
     -9.960000      5.600454      5.600454     11.200907
     -9.940000      4.942310      4.942310      9.884621
     -9.920000      4.103312      4.103312      8.206625
     -9.900000      3.252289      3.252289      6.504578
     -9.880000      2.554568      2.554568      5.109137
     -9.860000      2.130671      2.130671      4.261343
     -9.840000      2.039433      2.039433      4.078866
     -9.820000      2.281440      2.281440      4.562880
     -9.800000      2.811209      2.811209      5.622418
     -9.780000      3.548540      3.548540      7.097080
     -9.760000      4.386856      4.386856      8.773712
     -9.740000      5.202681      5.202681     10.405362
     -9.720000      5.871325      5.871325     11.742651
     -9.700000      6.289120      6.289120     12.578239
     -9.680000      6.396035      6.396035     12.792070
     -9.660000      6.189268      6.189268     12.378536
     -9.640000      5.721210      5.721210     11.442419
     -9.620000      5.082417      5.082417     10.164835
     -9.600000      4.377064      4.377064      8.754129
     -9.580000      3.700573      3.700573      7.401146
     -9.560000      3.126163      3.126163      6.252326
     -9.540000      2.701534      2.701534      5.403069
     -9.520000      2.452339      2.452339      4.904678
     -9.500000      2.387476      2.387476      4.774952
     -9.480000      2.502504      2.502504      5.005008
     -9.460000      2.780281      2.780281      5.560561
     -9.440000      3.190619      3.190619      6.381238
     -9.420000      3.691738      3.691738      7.383476
     -9.400000      4.234907      4.234907      8.469814
     -9.380000      4.770896      4.770896      9.541792
     -9.360000      5.254886      5.254886     10.509771
     -9.340000      5.647407      5.647407     11.294813
     -9.320000      5.912597      5.912597     11.825194
     -9.300000      6.018786      6.018786     12.037573
     -9.280000      5.946744      5.946744     11.893488
     -9.260000      5.706424      5.706424     11.412848
     -9.240000      5.355916      5.355916     10.711832
     -9.220000      5.010854      5.010854     10.021708
     -9.200000      4.832619      4.832619      9.665237
     -9.180000      4.990328      4.990328      9.980657
     -9.160000      5.603047      5.603047     11.206094
     -9.140000      6.680839      6.680839     13.361679
     -9.120000      8.090840      8.090840     16.181681
     -9.100000      9.571571      9.571571     19.143143
     -9.080000     10.802288     10.802288     21.604575
     -9.060000     11.508172     11.508172     23.016344
     -9.040000     11.559368     11.559368     23.118736
     -9.020000     11.017477     11.017477     22.034955
     -9.000000     10.104357     10.104357     20.208713
     -8.980000      9.105822      9.105822     18.211644
     -8.960000      8.256044      8.256044     16.512088
     -8.940000      7.657144      7.657144     15.314289
     -8.920000      7.267739      7.267739     14.535478
     -8.900000      6.956824      6.956824     13.913648
     -8.880000      6.587352      6.587352     13.174705
     -8.860000      6.084344      6.084344     12.168688
     -8.840000      5.457981      5.457981     10.915961
     -8.820000      4.780762      4.780762      9.561523
     -8.800000      4.141384      4.141384      8.282769
     -8.780000      3.604197      3.604197      7.208394
     -8.760000      3.192175      3.192175      6.384350
     -8.740000      2.893828      2.893828      5.787656
     -8.720000      2.682149      2.682149      5.364297
     -8.700000      2.532030      2.532030      5.064060
     -8.680000      2.428728      2.428728      4.857455
     -8.660000      2.367413      2.367413      4.734825
     -8.640000      2.347910      2.347910      4.695820
     -8.620000      2.368698      2.368698      4.737396
     -8.600000      2.422327      2.422327      4.844654
     -8.580000      2.492944      2.492944      4.985889
     -8.560000      2.556441      2.556441      5.112881
     -8.540000      2.584079      2.584079      5.168158
     -8.520000      2.550263      2.550263      5.100525
     -8.500000      2.443740      2.443740      4.887481
     -8.480000      2.279620      2.279620      4.559240
     -8.460000      2.108126      2.108126      4.216252
     -8.440000      2.015781      2.015781      4.031562
     -8.420000      2.115597      2.115597      4.231193
     -8.400000      2.524549      2.524549      5.049099
     -8.380000      3.329583      3.329583      6.659165
     -8.360000      4.548422      4.548422      9.096845
     -8.340000      6.098014      6.098014     12.196028
     -8.320000      7.787619      7.787619     15.575239
     -8.300000      9.349964      9.349964     18.699929
     -8.280000     10.509786     10.509786     21.019573
     -8.260000     11.069805     11.069805     22.139611
     -8.240000     10.980899     10.980899     21.961798
     -8.220000     10.366157     10.366157     20.732314
     -8.200000      9.487807      9.487807     18.975613
     -8.180000      8.671038      8.671038     17.342076
     -8.160000      8.215164      8.215164     16.430327
     -8.140000      8.322601      8.322601     16.645202
     -8.120000      9.063009      9.063009     18.126017
     -8.100000     10.373541     10.373541     20.747081
     -8.080000     12.085394     12.085394     24.170788
     -8.060000     13.964046     13.964046     27.928092
     -8.040000     15.752939     15.752939     31.505878
     -8.020000     17.213850     17.213850     34.427699
     -8.000000     18.159797     18.159797     36.319594
     -7.980000     18.477955     18.477955     36.955909
     -7.960000     18.141060     18.141060     36.282119
     -7.940000     17.206459     17.206459     34.412918
     -7.920000     15.802704     15.802704     31.605408
     -7.900000     14.105193     14.105193     28.210385
     -7.880000     12.304896     12.304896     24.609792
     -7.860000     10.576616     10.576616     21.153232
     -7.840000      9.053784      9.053784     18.107568
     -7.820000      7.814671      7.814671     15.629343
     -7.800000      6.880855      6.880855     13.761709
     -7.780000      6.225105      6.225105     12.450211
     -7.760000      5.784614      5.784614     11.569228
     -7.740000      5.476714      5.476714     10.953427
     -7.720000      5.216000      5.216000     10.432000
     -7.700000      4.931697      4.931697      9.863395
     -7.680000      4.582108      4.582108      9.164216
     -7.660000      4.161449      4.161449      8.322897
     -7.640000      3.695803      3.695803      7.391606
     -7.620000      3.229283      3.229283      6.458566
     -7.600000      2.805983      2.805983      5.611966
     -7.580000      2.454874      2.454874      4.909749
     -7.560000      2.182758      2.182758      4.365516
     -7.540000      1.976543      1.976543      3.953087
     -7.520000      1.812811      1.812811      3.625621
     -7.500000      1.670985      1.670985      3.341969
     -7.480000      1.546255      1.546255      3.092511
     -7.460000      1.458943      1.458943      2.917886
     -7.440000      1.457970      1.457970      2.915941
     -7.420000      1.617311      1.617311      3.234622
     -7.400000      2.025443      2.025443      4.050885
     -7.380000      2.768613      2.768613      5.537226
     -7.360000      3.909319      3.909319      7.818638
     -7.340000      5.462489      5.462489     10.924978
     -7.320000      7.374070      7.374070     14.748141
     -7.300000      9.509326      9.509326     19.018652
     -7.280000     11.658972     11.658972     23.317943
     -7.260000     13.567870     13.567870     27.135739
     -7.240000     14.983137     14.983137     29.966274
     -7.220000     15.709510     15.709510     31.419019
     -7.200000     15.654787     15.654787     31.309574
     -7.180000     14.850716     14.850716     29.701432
     -7.160000     13.443558     13.443558     26.887116
     -7.140000     11.659010     11.659010     23.318020
     -7.120000      9.753229      9.753229     19.506457
     -7.100000      7.963600      7.963600     15.927200
     -7.080000      6.470780      6.470780     12.941560
     -7.060000      5.379293      5.379293     10.758585
     -7.040000      4.718745      4.718745      9.437490
     -7.020000      4.462086      4.462086      8.924172
     -7.000000      4.552461      4.552461      9.104921
     -6.980000      4.927916      4.927916      9.855833
     -6.960000      5.535054      5.535054     11.070108
     -6.940000      6.328477      6.328477     12.656953
     -6.920000      7.260073      7.260073     14.520146
     -6.900000      8.266854      8.266854     16.533707
     -6.880000      9.265483      9.265483     18.530966
     -6.860000     10.156688     10.156688     20.313376
     -6.840000     10.837360     10.837360     21.674721
     -6.820000     11.216111     11.216111     22.432223
     -6.800000     11.229316     11.229316     22.458632
     -6.780000     10.856005     10.856005     21.712009
     -6.760000     10.128881     10.128881     20.257761
     -6.740000      9.136673      9.136673     18.273345
     -6.720000      8.013628      8.013628     16.027256
     -6.700000      6.916657      6.916657     13.833314
     -6.680000      5.996364      5.996364     11.992728
     -6.660000      5.370358      5.370358     10.740716
     -6.640000      5.104309      5.104309     10.208618
     -6.620000      5.201479      5.201479     10.402958
     -6.600000      5.599664      5.599664     11.199328
     -6.580000      6.176963      6.176963     12.353925
     -6.560000      6.770998      6.770998     13.541995
     -6.540000      7.214721      7.214721     14.429443
     -6.520000      7.383800      7.383800     14.767600
     -6.500000      7.240138      7.240138     14.480277
     -6.480000      6.851415      6.851415     13.702829
     -6.460000      6.373080      6.373080     12.746161
     -6.440000      5.995293      5.995293     11.990585
     -6.420000      5.874064      5.874064     11.748128
     -6.400000      6.074000      6.074000     12.148001
     -6.380000      6.545076      6.545076     13.090153
     -6.360000      7.141161      7.141161     14.282322
     -6.340000      7.671216      7.671216     15.342432
     -6.320000      7.962727      7.962727     15.925454
     -6.300000      7.914811      7.914811     15.829622
     -6.280000      7.524836      7.524836     15.049672
     -6.260000      6.883541      6.883541     13.767082
     -6.240000      6.144517      6.144517     12.289033
     -6.220000      5.480543      5.480543     10.961087
     -6.200000      5.040036      5.040036     10.080073
     -6.180000      4.913223      4.913223      9.826447
     -6.160000      5.112980      5.112980     10.225959
     -6.140000      5.572253      5.572253     11.144505
     -6.120000      6.158854      6.158854     12.317709
     -6.100000      6.706766      6.706766     13.413533
     -6.080000      7.059052      7.059052     14.118103
     -6.060000      7.111958      7.111958     14.223916
     -6.040000      6.846606      6.846606     13.693212
     -6.020000      6.337022      6.337022     12.674044
     -6.000000      5.730920      5.730920     11.461840
     -5.980000      5.208823      5.208823     10.417647
     -5.960000      4.933605      4.933605      9.867210
     -5.940000      5.004571      5.004571     10.009142
     -5.920000      5.428409      5.428409     10.856819
     -5.900000      6.115193      6.115193     12.230385
     -5.880000      6.901745      6.901745     13.803491
     -5.860000      7.597443      7.597443     15.194885
     -5.840000      8.040233      8.040233     16.080467
     -5.820000      8.145986      8.145986     16.291971
     -5.800000      7.934840      7.934840     15.869681
     -5.780000      7.524866      7.524866     15.049731
     -5.760000      7.093876      7.093876     14.187752
     -5.740000      6.821009      6.821009     13.642018
     -5.720000      6.826894      6.826894     13.653788
     -5.700000      7.132996      7.132996     14.265992
     -5.680000      7.656193      7.656193     15.312386
     -5.660000      8.243872      8.243872     16.487744
     -5.640000      8.739299      8.739299     17.478599
     -5.620000      9.051692      9.051692     18.103383
     -5.600000      9.198447      9.198447     18.396894
     -5.580000      9.295411      9.295411     18.590821
     -5.560000      9.494384      9.494384     18.988768
     -5.540000      9.894803      9.894803     19.789605
     -5.520000     10.473073     10.473073     20.946147
     -5.500000     11.067516     11.067516     22.135031
     -5.480000     11.430413     11.430413     22.860827
     -5.460000     11.324897     11.324897     22.649793
     -5.440000     10.621525     10.621525     21.243050
     -5.420000      9.350243      9.350243     18.700486
     -5.400000      7.687070      7.687070     15.374140
     -5.380000      5.887629      5.887629     11.775258
     -5.360000      4.202757      4.202757      8.405515
     -5.340000      2.813507      2.813507      5.627015
     -5.320000      1.805976      1.805976      3.611953
     -5.300000      1.183456      1.183456      2.366911
     -5.280000      0.897971      0.897971      1.795942
     -5.260000      0.881382      0.881382      1.762765
     -5.240000      1.064632      1.064632      2.129265
     -5.220000      1.384723      1.384723      2.769445
     -5.200000      1.785926      1.785926      3.571853
     -5.180000      2.222202      2.222202      4.444404
     -5.160000      2.663395      2.663395      5.326791
     -5.140000      3.102280      3.102280      6.204559
     -5.120000      3.556456      3.556456      7.112912
     -5.100000      4.060347      4.060347      8.120694
     -5.080000      4.647284      4.647284      9.294567
     -5.060000      5.327248      5.327248     10.654496
     -5.040000      6.069235      6.069235     12.138470
     -5.020000      6.796570      6.796570     13.593140
     -5.000000      7.399310      7.399310     14.798619
     -4.980000      7.761730      7.761730     15.523460
     -4.960000      7.797308      7.797308     15.594615
     -4.940000      7.480237      7.480237     14.960473
     -4.920000      6.862638      6.862638     13.725275
     -4.900000      6.070536      6.070536     12.141072
     -4.880000      5.278484      5.278484     10.556967
     -4.860000      4.669971      4.669971      9.339942
     -4.840000      4.395132      4.395132      8.790264
     -4.820000      4.536804      4.536804      9.073609
     -4.800000      5.091745      5.091745     10.183490
     -4.780000      5.969139      5.969139     11.938277
     -4.760000      7.006179      7.006179     14.012359
     -4.740000      7.999815      7.999815     15.999631
     -4.720000      8.751610      8.751610     17.503219
     -4.700000      9.117409      9.117409     18.234817
     -4.680000      9.047908      9.047908     18.095816
     -4.660000      8.605805      8.605805     17.211611
     -4.640000      7.952721      7.952721     15.905442
     -4.620000      7.310590      7.310590     14.621181
     -4.600000      6.910180      6.910180     13.820359
     -4.580000      6.939424      6.939424     13.878848
     -4.560000      7.499598      7.499598     14.999195
     -4.540000      8.574812      8.574812     17.149624
     -4.520000     10.022648     10.022648     20.045295
     -4.500000     11.595615     11.595615     23.191230
     -4.480000     12.996865     12.996865     25.993731
     -4.460000     13.958286     13.958286     27.916572
     -4.440000     14.314216     14.314216     28.628433
     -4.420000     14.041960     14.041960     28.083921
     -4.400000     13.254776     13.254776     26.509553
     -4.380000     12.154895     12.154895     24.309790
     -4.360000     10.968982     10.968982     21.937964
     -4.340000      9.889064      9.889064     19.778129
     -4.320000      9.032957      9.032957     18.065915
     -4.300000      8.429258      8.429258     16.858516
     -4.280000      8.027511      8.027511     16.055023
     -4.260000      7.730816      7.730816     15.461633
     -4.240000      7.441615      7.441615     14.883231
     -4.220000      7.103671      7.103671     14.207342
     -4.200000      6.721839      6.721839     13.443677
     -4.180000      6.350949      6.350949     12.701898
     -4.160000      6.061514      6.061514     12.123027
     -4.140000      5.902067      5.902067     11.804134
     -4.120000      5.877354      5.877354     11.754708
     -4.100000      5.949703      5.949703     11.899406
     -4.080000      6.057132      6.057132     12.114264
     -4.060000      6.135216      6.135216     12.270432
     -4.040000      6.132702      6.132702     12.265403
     -4.020000      6.018348      6.018348     12.036697
     -4.000000      5.782061      5.782061     11.564122
     -3.980000      5.434061      5.434061     10.868123
     -3.960000      5.003260      5.003260     10.006520
     -3.940000      4.533463      4.533463      9.066926
     -3.920000      4.075808      4.075808      8.151616
     -3.900000      3.677707      3.677707      7.355414
     -3.880000      3.371040      3.371040      6.742080
     -3.860000      3.163859      3.163859      6.327718
     -3.840000      3.039571      3.039571      6.079142
     -3.820000      2.965311      2.965311      5.930622
     -3.800000      2.907598      2.907598      5.815196
     -3.780000      2.849570      2.849570      5.699140
     -3.760000      2.802072      2.802072      5.604144
     -3.740000      2.802414      2.802414      5.604828
     -3.720000      2.899886      2.899886      5.799772
     -3.700000      3.133856      3.133856      6.267712
     -3.680000      3.514449      3.514449      7.028898
     -3.660000      4.014583      4.014583      8.029166
     -3.640000      4.575917      4.575917      9.151834
     -3.620000      5.124176      5.124176     10.248352
     -3.600000      5.585924      5.585924     11.171848
     -3.580000      5.900926      5.900926     11.801853
     -3.560000      6.029226      6.029226     12.058453
     -3.540000      5.955618      5.955618     11.911237
     -3.520000      5.693649      5.693649     11.387298
     -3.500000      5.288087      5.288087     10.576173
     -3.480000      4.812548      4.812548      9.625097
     -3.460000      4.360151      4.360151      8.720303
     -3.440000      4.028729      4.028729      8.057458
     -3.420000      3.904966      3.904966      7.809932
     -3.400000      4.051285      4.051285      8.102569
     -3.380000      4.496111      4.496111      8.992222
     -3.360000      5.225621      5.225621     10.451243
     -3.340000      6.176366      6.176366     12.352732
     -3.320000      7.232986      7.232986     14.465973
     -3.300000      8.239178      8.239178     16.478355
     -3.280000      9.027835      9.027835     18.055670
     -3.260000      9.466563      9.466563     18.933125
     -3.240000      9.502872      9.502872     19.005743
     -3.220000      9.188238      9.188238     18.376476
     -3.200000      8.667073      8.667073     17.334146
     -3.180000      8.132242      8.132242     16.264484
     -3.160000      7.763628      7.763628     15.527256
     -3.140000      7.672174      7.672174     15.344348
     -3.120000      7.867866      7.867866     15.735731
     -3.100000      8.260773      8.260773     16.521547
     -3.080000      8.694296      8.694296     17.388592
     -3.060000      9.000601      9.000601     18.001203
     -3.040000      9.060253      9.060253     18.120506
     -3.020000      8.843839      8.843839     17.687678
     -3.000000      8.417661      8.417661     16.835322
     -2.980000      7.909833      7.909833     15.819666
     -2.960000      7.451792      7.451792     14.903584
     -2.940000      7.122637      7.122637     14.245275
     -2.920000      6.921699      6.921699     13.843398
     -2.900000      6.779239      6.779239     13.558479
     -2.880000      6.595740      6.595740     13.191479
     -2.860000      6.288042      6.288042     12.576084
     -2.840000      5.821200      5.821200     11.642400
     -2.820000      5.215549      5.215549     10.431099
     -2.800000      4.531662      4.531662      9.063323
     -2.780000      3.844481      3.844481      7.688962
     -2.760000      3.219215      3.219215      6.438431
     -2.740000      2.697082      2.697082      5.394165
     -2.720000      2.292593      2.292593      4.585185
     -2.700000      1.999231      1.999231      3.998461
     -2.680000      1.798624      1.798624      3.597249
     -2.660000      1.669192      1.669192      3.338383
     -2.640000      1.592349      1.592349      3.184698
     -2.620000      1.556333      1.556333      3.112666
     -2.600000      1.558781      1.558781      3.117562
     -2.580000      1.609322      1.609322      3.218644
     -2.560000      1.732690      1.732690      3.465380
     -2.540000      1.971443      1.971443      3.942886
     -2.520000      2.385702      2.385702      4.771404
     -2.500000      3.046107      3.046107      6.092214
     -2.480000      4.016700      4.016700      8.033401
     -2.460000      5.327805      5.327805     10.655610
     -2.440000      6.945054      6.945054     13.890108
     -2.420000      8.747188      8.747188     17.494375
     -2.400000     10.527625     10.527625     21.055249
     -2.380000     12.029105     12.029105     24.058210
     -2.360000     13.006920     13.006920     26.013839
     -2.340000     13.300534     13.300534     26.601068
     -2.320000     12.885464     12.885464     25.770929
     -2.300000     11.883677     11.883677     23.767354
     -2.280000     10.529082     10.529082     21.058165
     -2.260000      9.103954      9.103954     18.207908
     -2.240000      7.870852      7.870852     15.741705
     -2.220000      7.019693      7.019693     14.039386
     -2.200000      6.637814      6.637814     13.275629
     -2.180000      6.702373      6.702373     13.404745
     -2.160000      7.093101      7.093101     14.186202
     -2.140000      7.624959      7.624959     15.249917
     -2.120000      8.097374      8.097374     16.194748
     -2.100000      8.348529      8.348529     16.697057
     -2.080000      8.296144      8.296144     16.592288
     -2.060000      7.948821      7.948821     15.897642
     -2.040000      7.385284      7.385284     14.770567
     -2.020000      6.714855      6.714855     13.429709
     -2.000000      6.040223      6.040223     12.080446
     -1.980000      5.438448      5.438448     10.876896
     -1.960000      4.962805      4.962805      9.925610
     -1.940000      4.656045      4.656045      9.312091
     -1.920000      4.561546      4.561546      9.123091
     -1.900000      4.722976      4.722976      9.445952
     -1.880000      5.171078      5.171078     10.342156
     -1.860000      5.903174      5.903174     11.806349
     -1.840000      6.864786      6.864786     13.729572
     -1.820000      7.942948      7.942948     15.885895
     -1.800000      8.977979      8.977979     17.955957
     -1.780000      9.794958      9.794958     19.589916
     -1.760000     10.248746     10.248746     20.497492
     -1.740000     10.269356     10.269356     20.538712
     -1.720000      9.891157      9.891157     19.782313
     -1.700000      9.252556      9.252556     18.505111
     -1.680000      8.562500      8.562500     17.125000
     -1.660000      8.042661      8.042661     16.085323
     -1.640000      7.864055      7.864055     15.728111
     -1.620000      8.099496      8.099496     16.198993
     -1.600000      8.707594      8.707594     17.415188
     -1.580000      9.552452      9.552452     19.104904
     -1.560000     10.450580     10.450580     20.901159
     -1.540000     11.227665     11.227665     22.455330
     -1.520000     11.766052     11.766052     23.532104
     -1.500000     12.028993     12.028993     24.057987
     -1.480000     12.057184     12.057184     24.114367
     -1.460000     11.942475     11.942475     23.884949
     -1.440000     11.789919     11.789919     23.579839
     -1.420000     11.681320     11.681320     23.362640
     -1.400000     11.651362     11.651362     23.302723
     -1.380000     11.681987     11.681987     23.363973
     -1.360000     11.713656     11.713656     23.427313
     -1.340000     11.666740     11.666740     23.333480
     -1.320000     11.465188     11.465188     22.930377
     -1.300000     11.057652     11.057652     22.115304
     -1.280000     10.434671     10.434671     20.869341
     -1.260000      9.640771      9.640771     19.281542
     -1.240000      8.777460      8.777460     17.554919
     -1.220000      7.991138      7.991138     15.982276
     -1.200000      7.442941      7.442941     14.885883
     -1.180000      7.265322      7.265322     14.530644
     -1.160000      7.518485      7.518485     15.036969
     -1.140000      8.163302      8.163302     16.326604
     -1.120000      9.063472      9.063472     18.126944
     -1.100000     10.019688     10.019688     20.039376
     -1.080000     10.826602     10.826602     21.653204
     -1.060000     11.334236     11.334236     22.668473
     -1.040000     11.493021     11.493021     22.986042
     -1.020000     11.367049     11.367049     22.734097
     -1.000000     11.111449     11.111449     22.222898
     -0.980000     10.922413     10.922413     21.844827
     -0.960000     10.977205     10.977205     21.954409
     -0.940000     11.383025     11.383025     22.766051
     -0.920000     12.148053     12.148053     24.296106
     -0.900000     13.179026     13.179026     26.358053
     -0.880000     14.302397     14.302397     28.604793
     -0.860000     15.302933     15.302933     30.605866
     -0.840000     15.973110     15.973110     31.946219
     -0.820000     16.164715     16.164715     32.329430
     -0.800000     15.829751     15.829751     31.659501
     -0.780000     15.035170     15.035170     30.070340
     -0.760000     13.941738     13.941738     27.883476
     -0.740000     12.752119     12.752119     25.504238
     -0.720000     11.649214     11.649214     23.298428
     -0.700000     10.751027     10.751027     21.502053
     -0.680000     10.097980     10.097980     20.195959
     -0.660000      9.669443      9.669443     19.338887
     -0.640000      9.411954      9.411954     18.823909
     -0.620000      9.261432      9.261432     18.522863
     -0.600000      9.153446      9.153446     18.306891
     -0.580000      9.028168      9.028168     18.056335
     -0.560000      8.839796      8.839796     17.679592
     -0.540000      8.572609      8.572609     17.145218
     -0.520000      8.255144      8.255144     16.510288
     -0.500000      7.960186      7.960186     15.920372
     -0.480000      7.785033      7.785033     15.570066
     -0.460000      7.818708      7.818708     15.637417
     -0.440000      8.111128      8.111128     16.222255
     -0.420000      8.657681      8.657681     17.315362
     -0.400000      9.403269      9.403269     18.806538
     -0.380000     10.259788     10.259788     20.519576
     -0.360000     11.127056     11.127056     22.254112
     -0.340000     11.910049     11.910049     23.820097
     -0.320000     12.530875     12.530875     25.061751
     -0.300000     12.936955     12.936955     25.873911
     -0.280000     13.105890     13.105890     26.211779
     -0.260000     13.045137     13.045137     26.090274
     -0.240000     12.784644     12.784644     25.569288
     -0.220000     12.364169     12.364169     24.728337
     -0.200000     11.821369     11.821369     23.642738
     -0.180000     11.187406     11.187406     22.374812
     -0.160000     10.492193     10.492193     20.984385
     -0.140000      9.774373      9.774373     19.548746
     -0.120000      9.087158      9.087158     18.174315
     -0.100000      8.493621      8.493621     16.987243
     -0.080000      8.052427      8.052427     16.104854
     -0.060000      7.801845      7.801845     15.603690
     -0.040000      7.751596      7.751596     15.503192
     -0.020000      7.887349      7.887349     15.774698
      0.000000      8.184772      8.184772     16.369544
      0.020000      8.623806      8.623806     17.247612
      0.040000      9.193159      9.193159     18.386318
      0.060000      9.880617      9.880617     19.761234
      0.080000     10.653688     10.653688     21.307376
      0.100000     11.442268     11.442268     22.884536
      0.120000     12.136120     12.136120     24.272241
      0.140000     12.603938     12.603938     25.207876
      0.160000     12.730310     12.730310     25.460621
      0.180000     12.456978     12.456978     24.913957
      0.200000     11.810075     11.810075     23.620150
      0.220000     10.898594     10.898594     21.797189
      0.240000      9.880815      9.880815     19.761630
      0.260000      8.910539      8.910539     17.821077
      0.280000      8.086111      8.086111     16.172222
      0.300000      7.425161      7.425161     14.850321
      0.320000      6.875409      6.875409     13.750817
      0.340000      6.353469      6.353469     12.706938
      0.360000      5.790240      5.790240     11.580480
      0.380000      5.160920      5.160920     10.321841
      0.400000      4.488875      4.488875      8.977750
      0.420000      3.827429      3.827429      7.654857
      0.440000      3.233211      3.233211      6.466422
      0.460000      2.745048      2.745048      5.490095
      0.480000      2.375899      2.375899      4.751798
      0.500000      2.117352      2.117352      4.234705
      0.520000      1.951125      1.951125      3.902249
      0.540000      1.861285      1.861285      3.722571
      0.560000      1.843105      1.843105      3.686211
      0.580000      1.907148      1.907148      3.814296
      0.600000      2.078739      2.078739      4.157478
      0.620000      2.393094      2.393094      4.786189
      0.640000      2.886231      2.886231      5.772463
      0.660000      3.582565      3.582565      7.165131
      0.680000      4.481978      4.481978      8.963955
      0.700000      5.550876      5.550876     11.101753
      0.720000      6.721454      6.721454     13.442908
      0.740000      7.900289      7.900289     15.800577
      0.760000      8.983090      8.983090     17.966180
      0.780000      9.869791      9.869791     19.739582
      0.800000     10.475428     10.475428     20.950857
      0.820000     10.736522     10.736522     21.473044
      0.840000     10.616352     10.616352     21.232703
      0.860000     10.112393     10.112393     20.224786
      0.880000      9.264990      9.264990     18.529981
      0.900000      8.161605      8.161605     16.323210
      0.920000      6.929927      6.929927     13.859853
      0.940000      5.717289      5.717289     11.434578
      0.960000      4.660892      4.660892      9.321785
      0.980000      3.858815      3.858815      7.717630
      1.000000      3.352407      3.352407      6.704814
      1.020000      3.125991      3.125991      6.251983
      1.040000      3.122384      3.122384      6.244768
      1.060000      3.266300      3.266300      6.532599
      1.080000      3.485469      3.485469      6.970939
      1.100000      3.722225      3.722225      7.444450
      1.120000      3.934644      3.934644      7.869287
      1.140000      4.092258      4.092258      8.184516
      1.160000      4.173195      4.173195      8.346390
      1.180000      4.166480      4.166480      8.332959
      1.200000      4.077586      4.077586      8.155172
      1.220000      3.931411      3.931411      7.862823
      1.240000      3.767570      3.767570      7.535140
      1.260000      3.627722      3.627722      7.255444
      1.280000      3.540118      3.540118      7.080236
      1.300000      3.508823      3.508823      7.017645
      1.320000      3.512843      3.512843      7.025686
      1.340000      3.515347      3.515347      7.030694
      1.360000      3.478604      3.478604      6.957208
      1.380000      3.378560      3.378560      6.757121
      1.400000      3.214307      3.214307      6.428614
      1.420000      3.010564      3.010564      6.021128
      1.440000      2.813944      2.813944      5.627887
      1.460000      2.685004      2.685004      5.370009
      1.480000      2.687768      2.687768      5.375536
      1.500000      2.877192      2.877192      5.754385
      1.520000      3.284408      3.284408      6.568816
      1.540000      3.900801      3.900801      7.801602
      1.560000      4.665341      4.665341      9.330681
      1.580000      5.462853      5.462853     10.925705
      1.600000      6.140597      6.140597     12.281194
      1.620000      6.544198      6.544198     13.088396
      1.640000      6.563578      6.563578     13.127156
      1.660000      6.171268      6.171268     12.342537
      1.680000      5.435726      5.435726     10.871451
      1.700000      4.502638      4.502638      9.005275
      1.720000      3.551921      3.551921      7.103841
      1.740000      2.748350      2.748350      5.496700
      1.760000      2.203906      2.203906      4.407812
      1.780000      1.961499      1.961499      3.922998
      1.800000      1.999392      1.999392      3.998784
      1.820000      2.249284      2.249284      4.498568
      1.840000      2.620130      2.620130      5.240259
      1.860000      3.021864      3.021864      6.043729
      1.880000      3.385295      3.385295      6.770591
      1.900000      3.675639      3.675639      7.351278
      1.920000      3.898225      3.898225      7.796450
      1.940000      4.096296      4.096296      8.192593
      1.960000      4.341883      4.341883      8.683767
      1.980000      4.720560      4.720560      9.441119
      2.000000      5.310114      5.310114     10.620227
      2.020000      6.153995      6.153995     12.307989
      2.040000      7.234554      7.234554     14.469107
      2.060000      8.457017      8.457017     16.914033
      2.080000      9.657437      9.657437     19.314874
      2.100000     10.641235     10.641235     21.282469
      2.120000     11.243686     11.243686     22.487373
      2.140000     11.388244     11.388244     22.776488
      2.160000     11.114403     11.114403     22.228806
      2.180000     10.559579     10.559579     21.119159
      2.200000      9.902745      9.902745     19.805491
      2.220000      9.297091      9.297091     18.594182
      2.240000      8.822828      8.822828     17.645655
      2.260000      8.478328      8.478328     16.956655
      2.280000      8.207317      8.207317     16.414634
      2.300000      7.943769      7.943769     15.887539
      2.320000      7.651529      7.651529     15.303059
      2.340000      7.342286      7.342286     14.684572
      2.360000      7.067805      7.067805     14.135610
      2.380000      6.893718      6.893718     13.787437
      2.400000      6.868145      6.868145     13.736290
      2.420000      6.997939      6.997939     13.995877
      2.440000      7.240459      7.240459     14.480917
      2.460000      7.512495      7.512495     15.024989
      2.480000      7.712615      7.712615     15.425230
      2.500000      7.749601      7.749601     15.499203
      2.520000      7.568044      7.568044     15.136089
      2.540000      7.163043      7.163043     14.326086
      2.560000      6.579636      6.579636     13.159272
      2.580000      5.898145      5.898145     11.796289
      2.600000      5.211747      5.211747     10.423494
      2.620000      4.604770      4.604770      9.209540
      2.640000      4.138600      4.138600      8.277199
      2.660000      3.848067      3.848067      7.696135
      2.680000      3.746955      3.746955      7.493910
      2.700000      3.838454      3.838454      7.676908
      2.720000      4.125371      4.125371      8.250742
      2.740000      4.615366      4.615366      9.230733
      2.760000      5.318347      5.318347     10.636694
      2.780000      6.236007      6.236007     12.472013
      2.800000      7.346686      7.346686     14.693372
      2.820000      8.591180      8.591180     17.182361
      2.840000      9.866041      9.866041     19.732082
      2.860000     11.029979     11.029979     22.059957
      2.880000     11.925874     11.925874     23.851748
      2.900000     12.415739     12.415739     24.831477
      2.920000     12.419805     12.419805     24.839610
      2.940000     11.946665     11.946665     23.893330
      2.960000     11.102215     11.102215     22.204429
      2.980000     10.072023     10.072023     20.144046
      3.000000      9.081570      9.081570     18.163141
      3.020000      8.346258      8.346258     16.692515
      3.040000      8.024621      8.024621     16.049241
      3.060000      8.184649      8.184649     16.369298
      3.080000      8.788461      8.788461     17.576923
      3.100000      9.697838      9.697838     19.395676
      3.120000     10.701496     10.701496     21.402993
      3.140000     11.561485     11.561485     23.122970
      3.160000     12.069360     12.069360     24.138719
      3.180000     12.096062     12.096062     24.192125
      3.200000     11.618327     11.618327     23.236654
      3.220000     10.712145     10.712145     21.424290
      3.240000      9.517479      9.517479     19.034958
      3.260000      8.190363      8.190363     16.380726
      3.280000      6.861978      6.861978     13.723955
      3.300000      5.617896      5.617896     11.235793
      3.320000      4.499153      4.499153      8.998305
      3.340000      3.517056      3.517056      7.034112
      3.360000      2.670316      2.670316      5.340633
      3.380000      1.956096      1.956096      3.912192
      3.400000      1.372713      1.372713      2.745427
      3.420000      0.916823      0.916823      1.833646
      3.440000      0.579732      0.579732      1.159465
      3.460000      0.346239      0.346239      0.692478
      3.480000      0.196829      0.196829      0.393658
      3.500000      0.112081      0.112081      0.224161
      3.520000      0.077586      0.077586      0.155172
      3.540000      0.088176      0.088176      0.176352
      3.560000      0.150859      0.150859      0.301717
      3.580000      0.285860      0.285860      0.571720
      3.600000      0.524513      0.524513      1.049026
      3.620000      0.902255      0.902255      1.804509
      3.640000      1.445709      1.445709      2.891417
      3.660000      2.155472      2.155472      4.310943
      3.680000      2.990062      2.990062      5.980124
      3.700000      3.859364      3.859364      7.718727
      3.720000      4.634989      4.634989      9.269979
      3.740000      5.178991      5.178991     10.357982
      3.760000      5.383226      5.383226     10.766453
      3.780000      5.204479      5.204479     10.408958
      3.800000      4.680183      4.680183      9.360366
      3.820000      3.917750      3.917750      7.835501
      3.840000      3.062900      3.062900      6.125799
      3.860000      2.261853      2.261853      4.523706
      3.880000      1.633297      1.633297      3.266595
      3.900000      1.258550      1.258550      2.517100
      3.920000      1.187430      1.187430      2.374861
      3.940000      1.449523      1.449523      2.899046
      3.960000      2.059733      2.059733      4.119466
      3.980000      3.013057      3.013057      6.026115
      4.000000      4.272326      4.272326      8.544651
      4.020000      5.759095      5.759095     11.518191
      4.040000      7.357751      7.357751     14.715503
      4.060000      8.935565      8.935565     17.871129
      4.080000     10.371085     10.371085     20.742170
      4.100000     11.576699     11.576699     23.153398
      4.120000     12.503857     12.503857     25.007715
      4.140000     13.130638     13.130638     26.261277
      4.160000     13.443638     13.443638     26.887275
      4.180000     13.430581     13.430581     26.861162
      4.200000     13.092479     13.092479     26.184959
      4.220000     12.469014     12.469014     24.938028
      4.240000     11.658401     11.658401     23.316802
      4.260000     10.812294     10.812294     21.624589
      4.280000     10.099292     10.099292     20.198584
      4.300000      9.650194      9.650194     19.300388
      4.320000      9.512395      9.512395     19.024789
      4.340000      9.639663      9.639663     19.279326
      4.360000      9.925808      9.925808     19.851616
      4.380000     10.265539     10.265539     20.531079
      4.400000     10.608478     10.608478     21.216956
      4.420000     10.974592     10.974592     21.949185
      4.440000     11.421588     11.421588     22.843176
      4.460000     11.983952     11.983952     23.967904
      4.480000     12.621276     12.621276     25.242551
      4.500000     13.208479     13.208479     26.416957
      4.520000     13.575655     13.575655     27.151311
      4.540000     13.576127     13.576127     27.152254
      4.560000     13.146035     13.146035     26.292070
      4.580000     12.325992     12.325992     24.651985
      4.600000     11.238898     11.238898     22.477797
      4.620000     10.042049     10.042049     20.084099
      4.640000      8.881379      8.881379     17.762759
      4.660000      7.867150      7.867150     15.734299
      4.680000      7.071944      7.071944     14.143888
      4.700000      6.537131      6.537131     13.074262
      4.720000      6.272493      6.272493     12.544985
      4.740000      6.245010      6.245010     12.490021
      4.760000      6.367406      6.367406     12.734813
      4.780000      6.503372      6.503372     13.006743
      4.800000      6.498680      6.498680     12.997361
      4.820000      6.230213      6.230213     12.460426
      4.840000      5.650489      5.650489     11.300977
      4.860000      4.804721      4.804721      9.609443
      4.880000      3.811876      3.811876      7.623752
      4.900000      2.820942      2.820942      5.641884
      4.920000      1.965419      1.965419      3.930837
      4.940000      1.336114      1.336114      2.672228
      4.960000      0.978643      0.978643      1.957287
      4.980000      0.907391      0.907391      1.814782
      5.000000      1.120671      1.120671      2.241342
      5.020000      1.604661      1.604661      3.209323
      5.040000      2.323343      2.323343      4.646686
      5.060000      3.202502      3.202502      6.405003
      5.080000      4.122280      4.122280      8.244560
      5.100000      4.930913      4.930913      9.861826
      5.120000      5.481857      5.481857     10.963713
      5.140000      5.682284      5.682284     11.364569
      5.160000      5.531168      5.531168     11.062336
      5.180000      5.126760      5.126760     10.253520
      5.200000      4.636580      4.636580      9.273160
      5.220000      4.240726      4.240726      8.481453
      5.240000      4.071552      4.071552      8.143105
      5.260000      4.173409      4.173409      8.346817
      5.280000      4.496226      4.496226      8.992452
      5.300000      4.922184      4.922184      9.844368
      5.320000      5.312349      5.312349     10.624698
      5.340000      5.554392      5.554392     11.108784
      5.360000      5.594462      5.594462     11.188925
      5.380000      5.444408      5.444408     10.888817
      5.400000      5.166030      5.166030     10.332059
      5.420000      4.842395      4.842395      9.684791
      5.440000      4.549126      4.549126      9.098253
      5.460000      4.335397      4.335397      8.670794
      5.480000      4.217788      4.217788      8.435576
      5.500000      4.183997      4.183997      8.367993
      5.520000      4.200882      4.200882      8.401764
      5.540000      4.222880      4.222880      8.445761
      5.560000      4.200253      4.200253      8.400505
      5.580000      4.088847      4.088847      8.177694
      5.600000      3.862200      3.862200      7.724399
      5.620000      3.523759      3.523759      7.047518
      5.640000      3.114466      3.114466      6.228931
      5.660000      2.711314      2.711314      5.422627
      5.680000      2.415838      2.415838      4.831676
      5.700000      2.335438      2.335438      4.670876
      5.720000      2.562350      2.562350      5.124700
      5.740000      3.154162      3.154162      6.308325
      5.760000      4.117779      4.117779      8.235557
      5.780000      5.398257      5.398257     10.796513
      5.800000      6.875815      6.875815     13.751630
      5.820000      8.376323      8.376323     16.752647
      5.840000      9.699074      9.699074     19.398148
      5.860000     10.658820     10.658820     21.317639
      5.880000     11.129951     11.129951     22.259902
      5.900000     11.075802     11.075802     22.151603
      5.920000     10.550604     10.550604     21.101209
      5.940000      9.674198      9.674198     19.348396
      5.960000      8.592421      8.592421     17.184843
      5.980000      7.440793      7.440793     14.881587
      6.000000      6.323435      6.323435     12.646869
      6.020000      5.308511      5.308511     10.617023
      6.040000      4.433647      4.433647      8.867295
      6.060000      3.713699      3.713699      7.427397
      6.080000      3.147188      3.147188      6.294376
      6.100000      2.721929      2.721929      5.443858
      6.120000      2.421782      2.421782      4.843565
      6.140000      2.235049      2.235049      4.470097
      6.160000      2.162464      2.162464      4.324929
      6.180000      2.220926      2.220926      4.441852
      6.200000      2.438857      2.438857      4.877715
      6.220000      2.841229      2.841229      5.682459
      6.240000      3.426845      3.426845      6.853690
      6.260000      4.146536      4.146536      8.293073
      6.280000      4.895044      4.895044      9.790087
      6.300000      5.527270      5.527270     11.054540
      6.320000      5.899568      5.899568     11.799137
      6.340000      5.922608      5.922608     11.845216
      6.360000      5.602708      5.602708     11.205417
      6.380000      5.050658      5.050658     10.101316
      6.400000      4.450927      4.450927      8.901854
      6.420000      4.001968      4.001968      8.003935
      6.440000      3.850207      3.850207      7.700414
      6.460000      4.041533      4.041533      8.083066
      6.480000      4.506531      4.506531      9.013062
      6.500000      5.084106      5.084106     10.168212
      6.520000      5.575923      5.575923     11.151846
      6.540000      5.813533      5.813533     11.627067
      6.560000      5.714476      5.714476     11.428952
      6.580000      5.306870      5.306870     10.613739
      6.600000      4.714810      4.714810      9.429620
      6.620000      4.113476      4.113476      8.226952
      6.640000      3.674096      3.674096      7.348191
      6.660000      3.518853      3.518853      7.037705
      6.680000      3.696466      3.696466      7.392932
      6.700000      4.178309      4.178309      8.356619
      6.720000      4.869395      4.869395      9.738790
      6.740000      5.629177      5.629177     11.258354
      6.760000      6.299763      6.299763     12.599527
      6.780000      6.739147      6.739147     13.478294
      6.800000      6.853869      6.853869     13.707738
      6.820000      6.622229      6.622229     13.244458
      6.840000      6.099795      6.099795     12.199590
      6.860000      5.404570      5.404570     10.809141
      6.880000      4.687094      4.687094      9.374188
      6.900000      4.096344      4.096344      8.192688
      6.920000      3.752439      3.752439      7.504879
      6.940000      3.732147      3.732147      7.464294
      6.960000      4.066685      4.066685      8.133370
      6.980000      4.747244      4.747244      9.494488
      7.000000      5.733580      5.733580     11.467161
      7.020000      6.963254      6.963254     13.926507
      7.040000      8.360378      8.360378     16.720756
      7.060000      9.841721      9.841721     19.683442
      7.080000     11.316707     11.316707     22.633414
      7.100000     12.680245     12.680245     25.360490
      7.120000     13.804381     13.804381     27.608761
      7.140000     14.541764     14.541764     29.083528
      7.160000     14.752787     14.752787     29.505574
      7.180000     14.354985     14.354985     28.709971
      7.200000     13.374381     13.374381     26.748761
      7.220000     11.967847     11.967847     23.935694
      7.240000     10.394238     10.394238     20.788475
      7.260000      8.937622      8.937622     17.875244
      7.280000      7.813426      7.813426     15.626853
      7.300000      7.100097      7.100097     14.200195
      7.320000      6.727676      6.727676     13.455352
      7.340000      6.527038      6.527038     13.054076
      7.360000      6.314906      6.314906     12.629812
      7.380000      5.974799      5.974799     11.949598
      7.400000      5.499127      5.499127     10.998254
      7.420000      4.978583      4.978583      9.957166
      7.440000      4.550148      4.550148      9.100296
      7.460000      4.331897      4.331897      8.663793
      7.480000      4.374616      4.374616      8.749232
      7.500000      4.648619      4.648619      9.297237
      7.520000      5.066812      5.066812     10.133624
      7.540000      5.530542      5.530542     11.061083
      7.560000      5.977896      5.977896     11.955792
      7.580000      6.415502      6.415502     12.831004
      7.600000      6.921796      6.921796     13.843591
      7.620000      7.619274      7.619274     15.238547
      7.640000      8.623112      8.623112     17.246224
      7.660000      9.982255      9.982255     19.964510
      7.680000     11.634617     11.634617     23.269234
      7.700000     13.397074     13.397074     26.794148
      7.720000     15.000620     15.000620     30.001240
      7.740000     16.162809     16.162809     32.325619
      7.760000     16.671176     16.671176     33.342353
      7.780000     16.443809     16.443809     32.887618
      7.800000     15.543179     15.543179     31.086358
      7.820000     14.142194     14.142194     28.284388
      7.840000     12.463634     12.463634     24.927268
      7.860000     10.722382     10.722382     21.444764
      7.880000      9.091058      9.091058     18.182116
      7.900000      7.692039      7.692039     15.384078
      7.920000      6.604618      6.604618     13.209236
      7.940000      5.872486      5.872486     11.744972
      7.960000      5.502757      5.502757     11.005514
      7.980000      5.457594      5.457594     10.915187
      8.000000      5.647113      5.647113     11.294226
      8.020000      5.934358      5.934358     11.868715
      8.040000      6.158692      6.158692     12.317385
      8.060000      6.174692      6.174692     12.349384
      8.080000      5.893787      5.893787     11.787573
      8.100000      5.311725      5.311725     10.623450
      8.120000      4.509953      4.509953      9.019906
      8.140000      3.631134      3.631134      7.262268
      8.160000      2.840773      2.840773      5.681545
      8.180000      2.290788      2.290788      4.581576
      8.200000      2.095245      2.095245      4.190490
      8.220000      2.318550      2.318550      4.637101
      8.240000      2.969982      2.969982      5.939963
      8.260000      3.999606      3.999606      7.999212
      8.280000      5.296997      5.296997     10.593994
      8.300000      6.699287      6.699287     13.398575
      8.320000      8.014007      8.014007     16.028013
      8.340000      9.055268      9.055268     18.110536
      8.360000      9.684301      9.684301     19.368602
      8.380000      9.842084      9.842084     19.684169
      8.400000      9.564025      9.564025     19.128049
      8.420000      8.971680      8.971680     17.943359
      8.440000      8.241845      8.241845     16.483689
      8.460000      7.558861      7.558861     15.117721
      8.480000      7.062463      7.062463     14.124926
      8.500000      6.808978      6.808978     13.617956
      8.520000      6.763149      6.763149     13.526298
      8.540000      6.827492      6.827492     13.654984
      8.560000      6.898401      6.898401     13.796802
      8.580000      6.922836      6.922836     13.845673
      8.600000      6.926980      6.926980     13.853961
      8.620000      7.002277      7.002277     14.004553
      8.640000      7.257343      7.257343     14.514686
      8.660000      7.762347      7.762347     15.524693
      8.680000      8.514475      8.514475     17.028950
      8.700000      9.438683      9.438683     18.877365
      8.720000     10.417219     10.417219     20.834438
      8.740000     11.327961     11.327961     22.655922
      8.760000     12.072542     12.072542     24.145084
      8.780000     12.587265     12.587265     25.174529
      8.800000     12.842441     12.842441     25.684883
      8.820000     12.840061     12.840061     25.680121
      8.840000     12.614464     12.614464     25.228929
      8.860000     12.232699     12.232699     24.465397
      8.880000     11.788183     11.788183     23.576365
      8.900000     11.385528     11.385528     22.771055
      8.920000     11.120924     11.120924     22.241848
      8.940000     11.064976     11.064976     22.129952
      8.960000     11.251379     11.251379     22.502757
      8.980000     11.669916     11.669916     23.339831
      9.000000     12.261857     12.261857     24.523714
      9.020000     12.920552     12.920552     25.841105
      9.040000     13.504137     13.504137     27.008275
      9.060000     13.864132     13.864132     27.728264
      9.080000     13.883509     13.883509     27.767018
      9.100000     13.508375     13.508375     27.016750
      9.120000     12.757751     12.757751     25.515502
      9.140000     11.707543     11.707543     23.415085
      9.160000     10.459647     10.459647     20.919294
      9.180000      9.114441      9.114441     18.228881
      9.200000      7.759786      7.759786     15.519573
      9.220000      6.476706      6.476706     12.953413
      9.240000      5.350499      5.350499     10.700998
      9.260000      4.473332      4.473332      8.946665
      9.280000      3.930715      3.930715      7.861429
      9.300000      3.774875      3.774875      7.549750
      9.320000      3.997022      3.997022      7.994044
      9.340000      4.513559      4.513559      9.027119
      9.360000      5.177166      5.177166     10.354332
      9.380000      5.813396      5.813396     11.626792
      9.400000      6.271017      6.271017     12.542034
      9.420000      6.466051      6.466051     12.932102
      9.440000      6.400849      6.400849     12.801697
      9.460000      6.151142      6.151142     12.302284
      9.480000      5.829500      5.829500     11.658999
      9.500000      5.543726      5.543726     11.087451
      9.520000      5.367782      5.367782     10.735564
      9.540000      5.332904      5.332904     10.665808
      9.560000      5.435343      5.435343     10.870686
      9.580000      5.651391      5.651391     11.302783
      9.600000      5.951628      5.951628     11.903256
      9.620000      6.311305      6.311305     12.622611
      9.640000      6.717944      6.717944     13.435888
      9.660000      7.177943      7.177943     14.355886
      9.680000      7.721549      7.721549     15.443097
      9.700000      8.402027      8.402027     16.804054
      9.720000      9.283305      9.283305     18.566610
      9.740000     10.413295     10.413295     20.826590
      9.760000     11.787904     11.787904     23.575808
      9.780000     13.319920     13.319920     26.639839
      9.800000     14.831164     14.831164     29.662328
      9.820000     16.080417     16.080417     32.160833
      9.840000     16.824430     16.824430     33.648861
      9.860000     16.892554     16.892554     33.785108
      9.880000     16.246758     16.246758     32.493515
      9.900000     15.003348     15.003348     30.006696
      9.920000     13.407653     13.407653     26.815306
      9.940000     11.770634     11.770634     23.541268
      9.960000     10.388988     10.388988     20.777976
      9.980000      9.474060      9.474060     18.948119
     10.000000      9.109949      9.109949     18.219898
