# EIG2DOS: Utility for SIESTA to obtain the electronic density of states
#  E. Artacho, Apr 1999, A. Garcia, Apr 2012
# ------------------------------------------
# Eigenvalues read from GRP_doping.EIG
# Using smearing parameter:   0.100
# Using   1001 points in energy range
# Selected bands: 1 to: 936
# Emin, emax in file for selected band(s):    -28.1606000    148.5871200
# Nbands, Nspin, Nk   =    936     1   231
# E_F                 =    -2.7947 eV --> (shifted to ZERO)
# Broadening          =     0.1000 eV
#
#        E            N(up)  (=)   N(down)         Ntot
    -10.000000     16.375359     16.375359     32.750718
     -9.980000     15.988078     15.988078     31.976157
     -9.960000     15.674035     15.674035     31.348070
     -9.940000     15.439060     15.439060     30.878120
     -9.920000     15.279006     15.279006     30.558012
     -9.900000     15.185197     15.185197     30.370393
     -9.880000     15.147690     15.147690     30.295380
     -9.860000     15.156581     15.156581     30.313161
     -9.840000     15.202143     15.202143     30.404286
     -9.820000     15.274381     15.274381     30.548761
     -9.800000     15.362027     15.362027     30.724055
     -9.780000     15.450818     15.450818     30.901636
     -9.760000     15.521247     15.521247     31.042495
     -9.740000     15.546905     15.546905     31.093810
     -9.720000     15.495325     15.495325     30.990651
     -9.700000     15.333173     15.333173     30.666347
     -9.680000     15.035958     15.035958     30.071916
     -9.660000     14.599706     14.599706     29.199412
     -9.640000     14.049731     14.049731     28.099462
     -9.620000     13.441625     13.441625     26.883250
     -9.600000     12.852396     12.852396     25.704793
     -9.580000     12.363932     12.363932     24.727863
     -9.560000     12.044224     12.044224     24.088448
     -9.540000     11.932437     11.932437     23.864873
     -9.520000     12.031942     12.031942     24.063884
     -9.500000     12.312423     12.312423     24.624846
     -9.480000     12.719415     12.719415     25.438829
     -9.460000     13.187931     13.187931     26.375861
     -9.440000     13.656029     13.656029     27.312058
     -9.420000     14.074448     14.074448     28.148895
     -9.400000     14.409918     14.409918     28.819836
     -9.380000     14.642266     14.642266     29.284532
     -9.360000     14.757880     14.757880     29.515759
     -9.340000     14.743196     14.743196     29.486391
     -9.320000     14.581087     14.581087     29.162175
     -9.300000     14.251256     14.251256     28.502511
     -9.280000     13.734315     13.734315     27.468630
     -9.260000     13.018664     13.018664     26.037328
     -9.240000     12.108762     12.108762     24.217523
     -9.220000     11.032366     11.032366     22.064733
     -9.200000      9.843270      9.843270     19.686540
     -9.180000      8.616515      8.616515     17.233030
     -9.160000      7.435907      7.435907     14.871815
     -9.140000      6.377516      6.377516     12.755032
     -9.120000      5.495195      5.495195     10.990390
     -9.100000      4.813252      4.813252      9.626505
     -9.080000      4.327753      4.327753      8.655505
     -9.060000      4.014119      4.014119      8.028237
     -9.040000      3.836886      3.836886      7.673772
     -9.020000      3.758179      3.758179      7.516358
     -9.000000      3.743433      3.743433      7.486865
     -8.980000      3.764544      3.764544      7.529089
     -8.960000      3.801182      3.801182      7.602364
     -8.940000      3.840786      3.840786      7.681571
     -8.920000      3.877489      3.877489      7.754978
     -8.900000      3.910194      3.910194      7.820388
     -8.880000      3.940295      3.940295      7.880590
     -8.860000      3.969735      3.969735      7.939470
     -8.840000      3.999940      3.999940      7.999881
     -8.820000      4.031769      4.031769      8.063538
     -8.800000      4.066156      4.066156      8.132312
     -8.780000      4.104972      4.104972      8.209944
     -8.760000      4.151780      4.151780      8.303560
     -8.740000      4.212480      4.212480      8.424960
     -8.720000      4.296009      4.296009      8.592019
     -8.700000      4.415063      4.415063      8.830125
     -8.680000      4.586381      4.586381      9.172762
     -8.660000      4.829831      4.829831      9.659663
     -8.640000      5.165578      5.165578     10.331156
     -8.620000      5.609364      5.609364     11.218728
     -8.600000      6.166966      6.166966     12.333931
     -8.580000      6.829723      6.829723     13.659446
     -8.560000      7.573086      7.573086     15.146171
     -8.540000      8.359034      8.359034     16.718067
     -8.520000      9.141670      9.141670     18.283341
     -8.500000      9.874128      9.874128     19.748256
     -8.480000     10.514955     10.514955     21.029910
     -8.460000     11.033110     11.033110     22.066221
     -8.440000     11.411608     11.411608     22.823215
     -8.420000     11.649888     11.649888     23.299775
     -8.400000     11.764308     11.764308     23.528616
     -8.380000     11.785637     11.785637     23.571275
     -8.360000     11.752966     11.752966     23.505931
     -8.340000     11.704873     11.704873     23.409746
     -8.320000     11.670217     11.670217     23.340434
     -8.300000     11.661513     11.661513     23.323025
     -8.280000     11.673243     11.673243     23.346485
     -8.260000     11.685772     11.685772     23.371543
     -8.240000     11.673482     11.673482     23.346964
     -8.220000     11.614164     11.614164     23.228328
     -8.200000     11.496290     11.496290     22.992580
     -8.180000     11.321842     11.321842     22.643684
     -8.160000     11.104365     11.104365     22.208730
     -8.140000     10.863826     10.863826     21.727652
     -8.120000     10.620721     10.620721     21.241441
     -8.100000     10.391492     10.391492     20.782983
     -8.080000     10.186262     10.186262     20.372524
     -8.060000     10.008810     10.008810     20.017621
     -8.040000      9.858088      9.858088     19.716175
     -8.020000      9.730354      9.730354     19.460708
     -8.000000      9.621115      9.621115     19.242230
     -7.980000      9.526383      9.526383     19.052766
     -7.960000      9.443193      9.443193     18.886386
     -7.940000      9.369617      9.369617     18.739235
     -7.920000      9.304531      9.304531     18.609062
     -7.900000      9.247297      9.247297     18.494595
     -7.880000      9.197471      9.197471     18.394943
     -7.860000      9.154693      9.154693     18.309386
     -7.840000      9.118968      9.118968     18.237936
     -7.820000      9.091376      9.091376     18.182752
     -7.800000      9.075005      9.075005     18.150009
     -7.780000      9.075783      9.075783     18.151565
     -7.760000      9.102937      9.102937     18.205874
     -7.740000      9.168781      9.168781     18.337562
     -7.720000      9.287381      9.287381     18.574762
     -7.700000      9.471571      9.471571     18.943143
     -7.680000      9.728236      9.728236     19.456472
     -7.660000     10.052858     10.052858     20.105715
     -7.640000     10.425530     10.425530     20.851061
     -7.620000     10.810999     10.810999     21.621997
     -7.600000     11.164185     11.164185     22.328370
     -7.580000     11.440297     11.440297     22.880593
     -7.560000     11.606132     11.606132     23.212263
     -7.540000     11.648139     11.648139     23.296277
     -7.520000     11.574038     11.574038     23.148077
     -7.500000     11.407803     11.407803     22.815606
     -7.480000     11.180811     11.180811     22.361622
     -7.460000     10.923290     10.923290     21.846581
     -7.440000     10.659178     10.659178     21.318355
     -7.420000     10.405165     10.405165     20.810330
     -7.400000     10.172605     10.172605     20.345211
     -7.380000      9.970184      9.970184     19.940368
     -7.360000      9.805861      9.805861     19.611721
     -7.340000      9.687716      9.687716     19.375431
     -7.320000      9.624004      9.624004     19.248008
     -7.300000      9.622669      9.622669     19.245338
     -7.280000      9.690155      9.690155     19.380309
     -7.260000      9.829370      9.829370     19.658739
     -7.240000     10.037258     10.037258     20.074515
     -7.220000     10.303094     10.303094     20.606188
     -7.200000     10.608533     10.608533     21.217067
     -7.180000     10.929466     10.929466     21.858933
     -7.160000     11.238715     11.238715     22.477430
     -7.140000     11.508489     11.508489     23.016978
     -7.120000     11.712459     11.712459     23.424917
     -7.100000     11.828232     11.828232     23.656464
     -7.080000     11.840861     11.840861     23.681721
     -7.060000     11.746740     11.746740     23.493481
     -7.040000     11.556061     11.556061     23.112122
     -7.020000     11.291972     11.291972     22.583945
     -7.000000     10.986077     10.986077     21.972155
     -6.980000     10.671646     10.671646     21.343291
     -6.960000     10.376954     10.376954     20.753908
     -6.940000     10.120867     10.120867     20.241733
     -6.920000      9.911615      9.911615     19.823230
     -6.900000      9.748453      9.748453     19.496906
     -6.880000      9.624984      9.624984     19.249968
     -6.860000      9.532691      9.532691     19.065382
     -6.840000      9.463540      9.463540     18.927080
     -6.820000      9.411227      9.411227     18.822453
     -6.800000      9.371330      9.371330     18.742661
     -6.780000      9.340964      9.340964     18.681929
     -6.760000      9.318363      9.318363     18.636726
     -6.740000      9.302554      9.302554     18.605109
     -6.720000      9.293107      9.293107     18.586213
     -6.700000      9.289950      9.289950     18.579901
     -6.680000      9.293334      9.293334     18.586669
     -6.660000      9.303919      9.303919     18.607837
     -6.640000      9.322967      9.322967     18.645935
     -6.620000      9.352576      9.352576     18.705153
     -6.600000      9.395882      9.395882     18.791765
     -6.580000      9.457127      9.457127     18.914253
     -6.560000      9.541383      9.541383     19.082766
     -6.540000      9.653768      9.653768     19.307537
     -6.520000      9.798093      9.798093     19.596185
     -6.500000      9.975104      9.975104     19.950208
     -6.480000     10.180714     10.180714     20.361429
     -6.460000     10.404760     10.404760     20.809520
     -6.440000     10.630871     10.630871     21.261743
     -6.420000     10.837871     10.837871     21.675742
     -6.400000     11.002745     11.002745     22.005489
     -6.380000     11.104721     11.104721     22.209443
     -6.360000     11.129384     11.129384     22.258768
     -6.340000     11.071281     11.071281     22.142562
     -6.320000     10.933643     10.933643     21.867287
     -6.300000     10.724855     10.724855     21.449710
     -6.280000     10.453000     10.453000     20.906000
     -6.260000     10.121136     10.121136     20.242273
     -6.240000      9.725976      9.725976     19.451953
     -6.220000      9.261163      9.261163     18.522325
     -6.200000      8.724006      8.724006     17.448011
     -6.180000      8.122616      8.122616     16.245232
     -6.160000      7.479810      7.479810     14.959620
     -6.140000      6.831391      6.831391     13.662783
     -6.120000      6.218951      6.218951     12.437902
     -6.100000      5.679985      5.679985     11.359970
     -6.080000      5.239433      5.239433     10.478867
     -6.060000      4.905859      4.905859      9.811718
     -6.040000      4.673008      4.673008      9.346017
     -6.020000      4.524978      4.524978      9.049956
     -6.000000      4.442194      4.442194      8.884388
     -5.980000      4.406062      4.406062      8.812123
     -5.960000      4.401535      4.401535      8.803071
     -5.940000      4.417896      4.417896      8.835793
     -5.920000      4.448344      4.448344      8.896687
     -5.900000      4.488971      4.488971      8.977943
     -5.880000      4.537668      4.537668      9.075337
     -5.860000      4.593360      4.593360      9.186721
     -5.840000      4.655733      4.655733      9.311467
     -5.820000      4.725207      4.725207      9.450413
     -5.800000      4.802854      4.802854      9.605708
     -5.780000      4.890236      4.890236      9.780471
     -5.760000      4.989372      4.989372      9.978744
     -5.740000      5.103029      5.103029     10.206058
     -5.720000      5.235149      5.235149     10.470298
     -5.700000      5.391042      5.391042     10.782084
     -5.680000      5.577044      5.577044     11.154088
     -5.660000      5.799535      5.799535     11.599070
     -5.640000      6.063266      6.063266     12.126533
     -5.620000      6.368982      6.368982     12.737963
     -5.600000      6.710636      6.710636     13.421272
     -5.580000      7.073157      7.073157     14.146314
     -5.560000      7.432082      7.432082     14.864164
     -5.540000      7.755940      7.755940     15.511880
     -5.520000      8.010949      8.010949     16.021898
     -5.500000      8.166284      8.166284     16.332568
     -5.480000      8.197952      8.197952     16.395905
     -5.460000      8.090484      8.090484     16.180968
     -5.440000      7.837414      7.837414     15.674828
     -5.420000      7.442398      7.442398     14.884796
     -5.400000      6.921875      6.921875     13.843751
     -5.380000      6.308007      6.308007     12.616014
     -5.360000      5.649008      5.649008     11.298016
     -5.340000      5.004540      5.004540     10.009080
     -5.320000      4.436443      4.436443      8.872887
     -5.300000      3.997940      3.997940      7.995880
     -5.280000      3.725404      3.725404      7.450808
     -5.260000      3.635245      3.635245      7.270491
     -5.240000      3.725715      3.725715      7.451430
     -5.220000      3.981472      3.981472      7.962943
     -5.200000      4.378647      4.378647      8.757295
     -5.180000      4.889361      4.889361      9.778721
     -5.160000      5.485805      5.485805     10.971610
     -5.140000      6.144206      6.144206     12.288412
     -5.120000      6.848085      6.848085     13.696171
     -5.100000      7.589293      7.589293     15.178585
     -5.080000      8.365231      8.365231     16.730462
     -5.060000      9.172112      9.172112     18.344224
     -5.040000      9.996406      9.996406     19.992813
     -5.020000     10.808380     10.808380     21.616759
     -5.000000     11.561340     11.561340     23.122679
     -4.980000     12.197762     12.197762     24.395525
     -4.960000     12.660289     12.660289     25.320578
     -4.940000     12.903600     12.903600     25.807201
     -4.920000     12.903357     12.903357     25.806714
     -4.900000     12.660146     12.660146     25.320292
     -4.880000     12.198432     12.198432     24.396864
     -4.860000     11.561822     11.561822     23.123644
     -4.840000     10.806338     10.806338     21.612676
     -4.820000      9.993032      9.993032     19.986065
     -4.800000      9.180701      9.180701     18.361402
     -4.780000      8.419119      8.419119     16.838239
     -4.760000      7.743488      7.743488     15.486975
     -4.740000      7.171324      7.171324     14.342648
     -4.720000      6.703078      6.703078     13.406156
     -4.700000      6.326577      6.326577     12.653154
     -4.680000      6.023623      6.023623     12.047246
     -4.660000      5.775967      5.775967     11.551933
     -4.640000      5.568573      5.568573     11.137147
     -4.620000      5.390095      5.390095     10.780191
     -4.600000      5.232065      5.232065     10.464129
     -4.580000      5.088325      5.088325     10.176649
     -4.560000      4.954975      4.954975      9.909951
     -4.540000      4.830141      4.830141      9.660283
     -4.520000      4.713080      4.713080      9.426161
     -4.500000      4.603082      4.603082      9.206164
     -4.480000      4.499009      4.499009      8.998017
     -4.460000      4.399722      4.399722      8.799445
     -4.440000      4.304752      4.304752      8.609503
     -4.420000      4.214384      4.214384      8.428769
     -4.400000      4.129099      4.129099      8.258197
     -4.380000      4.048991      4.048991      8.097981
     -4.360000      3.973823      3.973823      7.947646
     -4.340000      3.903568      3.903568      7.807136
     -4.320000      3.838733      3.838733      7.677466
     -4.300000      3.779953      3.779953      7.559906
     -4.280000      3.727061      3.727061      7.454121
     -4.260000      3.678322      3.678322      7.356645
     -4.240000      3.630318      3.630318      7.260636
     -4.220000      3.578399      3.578399      7.156799
     -4.200000      3.517402      3.517402      7.034804
     -4.180000      3.442485      3.442485      6.884970
     -4.160000      3.350210      3.350210      6.700419
     -4.140000      3.239779      3.239779      6.479558
     -4.120000      3.113913      3.113913      6.227826
     -4.100000      2.978654      2.978654      5.957309
     -4.080000      2.841867      2.841867      5.683733
     -4.060000      2.711034      2.711034      5.422068
     -4.040000      2.591409      2.591409      5.182817
     -4.020000      2.485282      2.485282      4.970564
     -4.000000      2.392390      2.392390      4.784779
     -3.980000      2.310873      2.310873      4.621746
     -3.960000      2.238195      2.238195      4.476390
     -3.940000      2.171764      2.171764      4.343528
     -3.920000      2.109333      2.109333      4.218666
     -3.900000      2.049256      2.049256      4.098513
     -3.880000      1.990572      1.990572      3.981145
     -3.860000      1.932865      1.932865      3.865729
     -3.840000      1.875977      1.875977      3.751955
     -3.820000      1.819781      1.819781      3.639562
     -3.800000      1.764115      1.764115      3.528230
     -3.780000      1.708867      1.708867      3.417733
     -3.760000      1.654028      1.654028      3.308056
     -3.740000      1.599651      1.599651      3.199302
     -3.720000      1.545750      1.545750      3.091500
     -3.700000      1.492269      1.492269      2.984537
     -3.680000      1.439129      1.439129      2.878257
     -3.660000      1.386295      1.386295      2.772590
     -3.640000      1.333779      1.333779      2.667557
     -3.620000      1.281578      1.281578      2.563155
     -3.600000      1.229626      1.229626      2.459253
     -3.580000      1.177774      1.177774      2.355548
     -3.560000      1.125763      1.125763      2.251527
     -3.540000      1.073153      1.073153      2.146307
     -3.520000      1.019186      1.019186      2.038372
     -3.500000      0.962669      0.962669      1.925338
     -3.480000      0.901972      0.901972      1.803945
     -3.460000      0.835233      0.835233      1.670467
     -3.440000      0.760802      0.760802      1.521605
     -3.420000      0.677887      0.677887      1.355773
     -3.400000      0.587207      0.587207      1.174414
     -3.380000      0.491388      0.491388      0.982776
     -3.360000      0.394809      0.394809      0.789618
     -3.340000      0.302836      0.302836      0.605673
     -3.320000      0.220641      0.220641      0.441283
     -3.300000      0.152026      0.152026      0.304051
     -3.280000      0.098691      0.098691      0.197381
     -3.260000      0.060173      0.060173      0.120346
     -3.240000      0.034368      0.034368      0.068737
     -3.220000      0.018349      0.018349      0.036698
     -3.200000      0.009141      0.009141      0.018282
     -3.180000      0.004244      0.004244      0.008489
     -3.160000      0.001840      0.001840      0.003680
     -3.140000      0.000763      0.000763      0.001525
     -3.120000      0.000359      0.000359      0.000719
     -3.100000      0.000343      0.000343      0.000685
     -3.080000      0.000701      0.000701      0.001402
     -3.060000      0.001695      0.001695      0.003389
     -3.040000      0.003941      0.003941      0.007883
     -3.020000      0.008565      0.008565      0.017130
     -3.000000      0.017349      0.017349      0.034697
     -2.980000      0.032785      0.032785      0.065570
     -2.960000      0.057906      0.057906      0.115811
     -2.940000      0.095789      0.095789      0.191577
     -2.920000      0.148790      0.148790      0.297580
     -2.900000      0.217692      0.217692      0.435384
     -2.880000      0.301108      0.301108      0.602215
     -2.860000      0.395454      0.395454      0.790908
     -2.840000      0.495615      0.495615      0.991230
     -2.820000      0.596097      0.596097      1.192195
     -2.800000      0.692266      0.692266      1.384532
     -2.780000      0.781198      0.781198      1.562397
     -2.760000      0.861929      0.861929      1.723857
     -2.740000      0.935109      0.935109      1.870218
     -2.720000      1.002356      1.002356      2.004713
     -2.700000      1.065577      1.065577      2.131155
     -2.680000      1.126485      1.126485      2.252971
     -2.660000      1.186375      1.186375      2.372750
     -2.640000      1.246107      1.246107      2.492213
     -2.620000      1.306209      1.306209      2.612418
     -2.600000      1.366995      1.366995      2.733991
     -2.580000      1.428648      1.428648      2.857297
     -2.560000      1.491277      1.491277      2.982554
     -2.540000      1.554958      1.554958      3.109916
     -2.520000      1.619774      1.619774      3.239547
     -2.500000      1.685825      1.685825      3.371650
     -2.480000      1.753225      1.753225      3.506450
     -2.460000      1.822094      1.822094      3.644188
     -2.440000      1.892580      1.892580      3.785159
     -2.420000      1.964917      1.964917      3.929833
     -2.400000      2.039526      2.039526      4.079052
     -2.380000      2.117144      2.117144      4.234287
     -2.360000      2.198968      2.198968      4.397937
     -2.340000      2.286787      2.286787      4.573575
     -2.320000      2.382996      2.382996      4.765992
     -2.300000      2.490391      2.490391      4.980781
     -2.280000      2.611626      2.611626      5.223253
     -2.260000      2.748348      2.748348      5.496695
     -2.240000      2.900251      2.900251      5.800501
     -2.220000      3.064572      3.064572      6.129144
     -2.200000      3.236470      3.236470      6.472941
     -2.180000      3.410347      3.410347      6.820694
     -2.160000      3.581556      3.581556      7.163111
     -2.140000      3.747671      3.747671      7.495343
     -2.120000      3.908782      3.908782      7.817565
     -2.100000      4.066918      4.066918      8.133836
     -2.080000      4.225155      4.225155      8.450310
     -2.060000      4.386867      4.386867      8.773734
     -2.040000      4.555228      4.555228      9.110457
     -2.020000      4.732851      4.732851      9.465702
     -2.000000      4.921513      4.921513      9.843027
     -1.980000      5.122031      5.122031     10.244061
     -1.960000      5.334284      5.334284     10.668569
     -1.940000      5.557281      5.557281     11.114561
     -1.920000      5.789144      5.789144     11.578289
     -1.900000      6.027191      6.027191     12.054381
     -1.880000      6.268396      6.268396     12.536792
     -1.860000      6.510424      6.510424     13.020849
     -1.840000      6.752916      6.752916     13.505832
     -1.820000      6.998440      6.998440     13.996880
     -1.800000      7.252656      7.252656     14.505311
     -1.780000      7.523727      7.523727     15.047455
     -1.760000      7.821355      7.821355     15.642710
     -1.740000      8.155480      8.155480     16.310960
     -1.720000      8.534126      8.534126     17.068251
     -1.700000      8.959665      8.959665     17.919330
     -1.680000      9.423784      9.423784     18.847568
     -1.660000      9.903082      9.903082     19.806164
     -1.640000     10.358340     10.358340     20.716681
     -1.620000     10.739683     10.739683     21.479365
     -1.600000     10.997052     10.997052     21.994105
     -1.580000     11.092337     11.092337     22.184673
     -1.560000     11.008128     11.008128     22.016257
     -1.540000     10.749683     10.749683     21.499367
     -1.520000     10.340021     10.340021     20.680043
     -1.500000      9.811203      9.811203     19.622406
     -1.480000      9.195853      9.195853     18.391707
     -1.460000      8.521950      8.521950     17.043901
     -1.440000      7.811890      7.811890     15.623781
     -1.420000      7.084949      7.084949     14.169899
     -1.400000      6.361033      6.361033     12.722067
     -1.380000      5.663153      5.663153     11.326307
     -1.360000      5.016686      5.016686     10.033373
     -1.340000      4.445205      4.445205      8.890410
     -1.320000      3.964785      3.964785      7.929570
     -1.300000      3.579864      3.579864      7.159728
     -1.280000      3.283010      3.283010      6.566019
     -1.260000      3.058686      3.058686      6.117371
     -1.240000      2.888877      2.888877      5.777753
     -1.220000      2.757727      2.757727      5.515455
     -1.200000      2.653522      2.653522      5.307043
     -1.180000      2.568317      2.568317      5.136634
     -1.160000      2.496897      2.496897      4.993794
     -1.140000      2.436550      2.436550      4.873100
     -1.120000      2.387979      2.387979      4.775959
     -1.100000      2.356394      2.356394      4.712788
     -1.080000      2.351517      2.351517      4.703034
     -1.060000      2.385850      2.385850      4.771700
     -1.040000      2.471532      2.471532      4.943065
     -1.020000      2.616754      2.616754      5.233507
     -1.000000      2.822732      2.822732      5.645463
     -0.980000      3.082008      3.082008      6.164016
     -0.960000      3.378533      3.378533      6.757067
     -0.940000      3.689801      3.689801      7.379602
     -0.920000      3.990889      3.990889      7.981779
     -0.900000      4.259603      4.259603      8.519205
     -0.880000      4.481224      4.481224      8.962447
     -0.860000      4.651179      4.651179      9.302357
     -0.840000      4.774514      4.774514      9.549029
     -0.820000      4.862348      4.862348      9.724695
     -0.800000      4.926758      4.926758      9.853515
     -0.780000      4.976281      4.976281      9.952561
     -0.760000      5.013804      5.013804     10.027608
     -0.740000      5.037432      5.037432     10.074863
     -0.720000      5.043433      5.043433     10.086867
     -0.700000      5.029495      5.029495     10.058990
     -0.680000      4.996641      4.996641      9.993283
     -0.660000      4.949218      4.949218      9.898437
     -0.640000      4.893502      4.893502      9.787005
     -0.620000      4.836101      4.836101      9.672202
     -0.600000      4.783022      4.783022      9.566045
     -0.580000      4.739533      4.739533      9.479066
     -0.560000      4.710321      4.710321      9.420642
     -0.540000      4.699488      4.699488      9.398976
     -0.520000      4.710276      4.710276      9.420551
     -0.500000      4.744769      4.744769      9.489537
     -0.480000      4.803731      4.803731      9.607462
     -0.460000      4.886440      4.886440      9.772880
     -0.440000      4.990279      4.990279      9.980557
     -0.420000      5.110156      5.110156     10.220312
     -0.400000      5.238282      5.238282     10.476564
     -0.380000      5.364947      5.364947     10.729894
     -0.360000      5.480513      5.480513     10.961026
     -0.340000      5.578071      5.578071     11.156141
     -0.320000      5.655714      5.655714     11.311427
     -0.300000      5.717482      5.717482     11.434963
     -0.280000      5.772630      5.772630     11.545260
     -0.260000      5.833583      5.833583     11.667166
     -0.240000      5.913301      5.913301     11.826601
     -0.220000      6.022703      6.022703     12.045407
     -0.200000      6.168443      6.168443     12.336886
     -0.180000      6.351047      6.351047     12.702093
     -0.160000      6.563546      6.563546     13.127093
     -0.140000      6.791063      6.791063     13.582127
     -0.120000      7.012068      7.012068     14.024136
     -0.100000      7.201754      7.201754     14.403508
     -0.080000      7.337129      7.337129     14.674258
     -0.060000      7.402384      7.402384     14.804767
     -0.040000      7.392651      7.392651     14.785301
     -0.020000      7.314715      7.314715     14.629430
      0.000000      7.184520      7.184520     14.369040
      0.020000      7.022650      7.022650     14.045299
      0.040000      6.849676      6.849676     13.699352
      0.060000      6.682980      6.682980     13.365959
      0.080000      6.535742      6.535742     13.071484
      0.100000      6.417715      6.417715     12.835430
      0.120000      6.336678      6.336678     12.673356
      0.140000      6.299321      6.299321     12.598641
      0.160000      6.310715      6.310715     12.621430
      0.180000      6.372425      6.372425     12.744849
      0.200000      6.480256      6.480256     12.960511
      0.220000      6.623207      6.623207     13.246414
      0.240000      6.784832      6.784832     13.569665
      0.260000      6.947028      6.947028     13.894056
      0.280000      7.094809      7.094809     14.189618
      0.300000      7.219872      7.219872     14.439744
      0.320000      7.321262      7.321262     14.642525
      0.340000      7.403048      7.403048     14.806097
      0.360000      7.470599      7.470599     14.941198
      0.380000      7.527685      7.527685     15.055370
      0.400000      7.575776      7.575776     15.151552
      0.420000      7.615226      7.615226     15.230453
      0.440000      7.646837      7.646837     15.293673
      0.460000      7.672439      7.672439     15.344879
      0.480000      7.694347      7.694347     15.388693
      0.500000      7.714584      7.714584     15.429169
      0.520000      7.734840      7.734840     15.469681
      0.540000      7.757135      7.757135     15.514271
      0.560000      7.784333      7.784333     15.568665
      0.580000      7.819651      7.819651     15.639301
      0.600000      7.865229      7.865229     15.730457
      0.620000      7.920776      7.920776     15.841552
      0.640000      7.983515      7.983515     15.967030
      0.660000      8.049842      8.049842     16.099684
      0.680000      8.117890      8.117890     16.235781
      0.700000      8.189409      8.189409     16.378818
      0.720000      8.269585      8.269585     16.539170
      0.740000      8.364587      8.364587     16.729175
      0.760000      8.477869      8.477869     16.955738
      0.780000      8.606886      8.606886     17.213772
      0.800000      8.741636      8.741636     17.483272
      0.820000      8.865653      8.865653     17.731306
      0.840000      8.959290      8.959290     17.918580
      0.860000      9.004461      9.004461     18.008923
      0.880000      8.989445      8.989445     17.978889
      0.900000      8.912108      8.912108     17.824217
      0.920000      8.780333      8.780333     17.560667
      0.940000      8.609539      8.609539     17.219078
      0.960000      8.418474      8.418474     16.836947
      0.980000      8.224973      8.224973     16.449946
      1.000000      8.042928      8.042928     16.085855
      1.020000      7.880817      7.880817     15.761634
      1.040000      7.741579      7.741579     15.483158
      1.060000      7.623555      7.623555     15.247109
      1.080000      7.522280      7.522280     15.044560
      1.100000      7.432643      7.432643     14.865286
      1.120000      7.350556      7.350556     14.701111
      1.140000      7.273428      7.273428     14.546857
      1.160000      7.199498      7.199498     14.398996
      1.180000      7.126960      7.126960     14.253920
      1.200000      7.053927      7.053927     14.107855
      1.220000      6.979403      6.979403     13.958805
      1.240000      6.904338      6.904338     13.808676
      1.260000      6.831615      6.831615     13.663229
      1.280000      6.764616      6.764616     13.529231
      1.300000      6.705285      6.705285     13.410570
      1.320000      6.652998      6.652998     13.305996
      1.340000      6.604811      6.604811     13.209622
      1.360000      6.556467      6.556467     13.112934
      1.380000      6.503089      6.503089     13.006177
      1.400000      6.439122      6.439122     12.878244
      1.420000      6.358157      6.358157     12.716314
      1.440000      6.253581      6.253581     12.507162
      1.460000      6.120342      6.120342     12.240683
      1.480000      5.957110      5.957110     11.914220
      1.500000      5.767740      5.767740     11.535480
      1.520000      5.561381      5.561381     11.122762
      1.540000      5.351298      5.351298     10.702595
      1.560000      5.152752      5.152752     10.305505
      1.580000      4.980238      4.980238      9.960475
      1.600000      4.844396      4.844396      9.688791
      1.620000      4.749438      4.749438      9.498875
      1.640000      4.692307      4.692307      9.384615
      1.660000      4.664445      4.664445      9.328890
      1.680000      4.655648      4.655648      9.311296
      1.700000      4.658064      4.658064      9.316128
      1.720000      4.668089      4.668089      9.336178
      1.740000      4.685356      4.685356      9.370712
      1.760000      4.710042      4.710042      9.420085
      1.780000      4.740774      4.740774      9.481547
      1.800000      4.774624      4.774624      9.549248
      1.820000      4.808833      4.808833      9.617666
      1.840000      4.842539      4.842539      9.685077
      1.860000      4.877080      4.877080      9.754159
      1.880000      4.914768      4.914768      9.829535
      1.900000      4.957259      4.957259      9.914519
      1.920000      5.004752      5.004752     10.009503
      1.940000      5.056378      5.056378     10.112755
      1.960000      5.111238      5.111238     10.222476
      1.980000      5.169203      5.169203     10.338406
      2.000000      5.231010      5.231010     10.462019
      2.020000      5.297829      5.297829     10.595658
      2.040000      5.370834      5.370834     10.741668
      2.060000      5.451202      5.451202     10.902405
      2.080000      5.540586      5.540586     11.081172
      2.100000      5.641723      5.641723     11.283446
      2.120000      5.758876      5.758876     11.517752
      2.140000      5.898034      5.898034     11.796068
      2.160000      6.067045      6.067045     12.134090
      2.180000      6.275694      6.275694     12.551389
      2.200000      6.535314      6.535314     13.070628
      2.220000      6.857223      6.857223     13.714446
      2.240000      7.249608      7.249608     14.499216
      2.260000      7.713319      7.713319     15.426638
      2.280000      8.238050      8.238050     16.476100
      2.300000      8.800699      8.800699     17.601398
      2.320000      9.367059      9.367059     18.734119
      2.340000      9.896626      9.896626     19.793253
      2.360000     10.348939     10.348939     20.697879
      2.380000     10.689422     10.689422     21.378843
      2.400000     10.893339     10.893339     21.786678
      2.420000     10.947801     10.947801     21.895602
      2.440000     10.852624     10.852624     21.705249
      2.460000     10.620712     10.620712     21.241423
      2.480000     10.277646     10.277646     20.555293
      2.500000      9.859470      9.859470     19.718940
      2.520000      9.407968      9.407968     18.815936
      2.540000      8.964084      8.964084     17.928168
      2.560000      8.561317      8.561317     17.122633
      2.580000      8.221133      8.221133     16.442266
      2.600000      7.951521      7.951521     15.903042
      2.620000      7.748523      7.748523     15.497045
      2.640000      7.599762      7.599762     15.199525
      2.660000      7.488850      7.488850     14.977699
      2.680000      7.399710      7.399710     14.799420
      2.700000      7.320049      7.320049     14.640099
      2.720000      7.243210      7.243210     14.486420
      2.740000      7.167984      7.167984     14.335969
      2.760000      7.096590      7.096590     14.193180
      2.780000      7.031778      7.031778     14.063555
      2.800000      6.974395      6.974395     13.948790
      2.820000      6.922425      6.922425     13.844849
      2.840000      6.871677      6.871677     13.743353
      2.860000      6.817525      6.817525     13.635049
      2.880000      6.756715      6.756715     13.513429
      2.900000      6.688448      6.688448     13.376896
      2.920000      6.614415      6.614415     13.228831
      2.940000      6.537964      6.537964     13.075927
      2.960000      6.462902      6.462902     12.925803
      2.980000      6.392486      6.392486     12.784973
      3.000000      6.328883      6.328883     12.657765
      3.020000      6.273064      6.273064     12.546128
      3.040000      6.224930      6.224930     12.449861
      3.060000      6.183510      6.183510     12.367021
      3.080000      6.147268      6.147268     12.294536
      3.100000      6.114578      6.114578     12.229157
      3.120000      6.084246      6.084246     12.168492
      3.140000      6.055794      6.055794     12.111589
      3.160000      6.029336      6.029336     12.058671
      3.180000      6.005120      6.005120     12.010239
      3.200000      5.983094      5.983094     11.966187
      3.220000      5.962775      5.962775     11.925550
      3.240000      5.943480      5.943480     11.886959
      3.260000      5.924714      5.924714     11.849429
      3.280000      5.906448      5.906448     11.812895
      3.300000      5.889074      5.889074     11.778149
      3.320000      5.873060      5.873060     11.746120
      3.340000      5.858445      5.858445     11.716889
      3.360000      5.844501      5.844501     11.689002
      3.380000      5.829842      5.829842     11.659683
      3.400000      5.813040      5.813040     11.626080
      3.420000      5.793543      5.793543     11.587087
      3.440000      5.772433      5.772433     11.544865
      3.460000      5.752647      5.752647     11.505293
      3.480000      5.738550      5.738550     11.477100
      3.500000      5.735042      5.735042     11.470083
      3.520000      5.746558      5.746558     11.493116
      3.540000      5.776299      5.776299     11.552599
      3.560000      5.825863      5.825863     11.651726
      3.580000      5.895372      5.895372     11.790744
      3.600000      5.984122      5.984122     11.968245
      3.620000      6.091724      6.091724     12.183448
      3.640000      6.219537      6.219537     12.439074
      3.660000      6.371930      6.371930     12.743861
      3.680000      6.556607      6.556607     13.113214
      3.700000      6.783220      6.783220     13.566440
      3.720000      7.059977      7.059977     14.119954
      3.740000      7.388841      7.388841     14.777682
      3.760000      7.760929      7.760929     15.521858
      3.780000      8.154218      8.154218     16.308435
      3.800000      8.535191      8.535191     17.070382
      3.820000      8.864689      8.864689     17.729379
      3.840000      9.106485      9.106485     18.212969
      3.860000      9.235963      9.235963     18.471927
      3.880000      9.246279      9.246279     18.492558
      3.900000      9.150396      9.150396     18.300792
      3.920000      8.978929      8.978929     17.957858
      3.940000      8.774783      8.774783     17.549567
      3.960000      8.586103      8.586103     17.172205
      3.980000      8.458908      8.458908     16.917816
      4.000000      8.430518      8.430518     16.861036
      4.020000      8.524401      8.524401     17.048802
      4.040000      8.746731      8.746731     17.493462
      4.060000      9.084628      9.084628     18.169256
      4.080000      9.506134      9.506134     19.012268
      4.100000      9.962342      9.962342     19.924683
      4.120000     10.392464     10.392464     20.784928
      4.140000     10.732459     10.732459     21.464919
      4.160000     10.926842     10.926842     21.853683
      4.180000     10.941629     10.941629     21.883259
      4.200000     10.774888     10.774888     21.549776
      4.220000     10.460982     10.460982     20.921965
      4.240000     10.066184     10.066184     20.132369
      4.260000      9.676234      9.676234     19.352468
      4.280000      9.379429      9.379429     18.758858
      4.300000      9.250118      9.250118     18.500236
      4.320000      9.336426      9.336426     18.672853
      4.340000      9.653655      9.653655     19.307310
      4.360000     10.182763     10.182763     20.365526
      4.380000     10.873026     10.873026     21.746052
      4.400000     11.648897     11.648897     23.297794
      4.420000     12.421725     12.421725     24.843450
      4.440000     13.105824     13.105824     26.211648
      4.460000     13.635747     13.635747     27.271493
      4.480000     13.979394     13.979394     27.958788
      4.500000     14.142048     14.142048     28.284096
      4.520000     14.159833     14.159833     28.319667
      4.540000     14.085659     14.085659     28.171318
      4.560000     13.973504     13.973504     27.947008
      4.580000     13.866465     13.866465     27.732930
      4.600000     13.791076     13.791076     27.582153
      4.620000     13.757246     13.757246     27.514492
      4.640000     13.761548     13.761548     27.523095
      4.660000     13.791774     13.791774     27.583549
      4.680000     13.831576     13.831576     27.663151
      4.700000     13.864542     13.864542     27.729085
      4.720000     13.877157     13.877157     27.754313
      4.740000     13.860203     13.860203     27.720407
      4.760000     13.808961     13.808961     27.617921
      4.780000     13.723217     13.723217     27.446434
      4.800000     13.607977     13.607977     27.215954
      4.820000     13.474439     13.474439     26.948879
      4.840000     13.339609     13.339609     26.679217
      4.860000     13.223125     13.223125     26.446250
      4.880000     13.141716     13.141716     26.283433
      4.900000     13.103683     13.103683     26.207367
      4.920000     13.106275     13.106275     26.212550
      4.940000     13.137351     13.137351     26.274702
      4.960000     13.180487     13.180487     26.360975
      4.980000     13.221187     13.221187     26.442374
      5.000000     13.251747     13.251747     26.503494
      5.020000     13.273199     13.273199     26.546398
      5.040000     13.293999     13.293999     26.587997
      5.060000     13.326226     13.326226     26.652452
      5.080000     13.380779     13.380779     26.761558
      5.100000     13.462997     13.462997     26.925994
      5.120000     13.569556     13.569556     27.139112
      5.140000     13.686834     13.686834     27.373668
      5.160000     13.791032     13.791032     27.582064
      5.180000     13.851018     13.851018     27.702036
      5.200000     13.835013     13.835013     27.670027
      5.220000     13.720684     13.720684     27.441369
      5.240000     13.505358     13.505358     27.010716
      5.260000     13.210985     13.210985     26.421969
      5.280000     12.879626     12.879626     25.759253
      5.300000     12.559818     12.559818     25.119635
      5.320000     12.289520     12.289520     24.579040
      5.340000     12.083811     12.083811     24.167622
      5.360000     11.932982     11.932982     23.865964
      5.380000     11.810933     11.810933     23.621865
      5.400000     11.688504     11.688504     23.377008
      5.420000     11.544829     11.544829     23.089657
      5.440000     11.372347     11.372347     22.744693
      5.460000     11.175433     11.175433     22.350865
      5.480000     10.965616     10.965616     21.931233
      5.500000     10.756690     10.756690     21.513379
      5.520000     10.561339     10.561339     21.122678
      5.540000     10.389202     10.389202     20.778405
      5.560000     10.245667     10.245667     20.491335
      5.580000     10.131247     10.131247     20.262495
      5.600000     10.041938     10.041938     20.083877
      5.620000      9.970888      9.970888     19.941775
      5.640000      9.911011      9.911011     19.822022
      5.660000      9.857530      9.857530     19.715060
      5.680000      9.809280      9.809280     19.618561
      5.700000      9.768222      9.768222     19.536444
      5.720000      9.737544      9.737544     19.475088
      5.740000      9.719541      9.719541     19.439082
      5.760000      9.714559      9.714559     19.429118
      5.780000      9.721584      9.721584     19.443169
      5.800000      9.739883      9.739883     19.479766
      5.820000      9.770260      9.770260     19.540520
      5.840000      9.814645      9.814645     19.629289
      5.860000      9.873809      9.873809     19.747617
      5.880000      9.944440      9.944440     19.888880
      5.900000     10.017484     10.017484     20.034968
      5.920000     10.079158     10.079158     20.158315
      5.940000     10.114557     10.114557     20.229115
      5.960000     10.112219     10.112219     20.224438
      5.980000     10.067438     10.067438     20.134875
      6.000000      9.982909      9.982909     19.965817
      6.020000      9.866871      9.866871     19.733743
      6.040000      9.730224      9.730224     19.460449
      6.060000      9.584232      9.584232     19.168463
      6.080000      9.439443      9.439443     18.878886
      6.100000      9.305295      9.305295     18.610590
      6.120000      9.189527      9.189527     18.379053
      6.140000      9.097199      9.097199     18.194398
      6.160000      9.029979      9.029979     18.059958
      6.180000      8.986497      8.986497     17.972994
      6.200000      8.963885      8.963885     17.927769
      6.220000      8.959699      8.959699     17.919397
      6.240000      8.973161      8.973161     17.946322
      6.260000      9.005129      9.005129     18.010257
      6.280000      9.057004      9.057004     18.114007
      6.300000      9.129274      9.129274     18.258548
      6.320000      9.220340      9.220340     18.440680
      6.340000      9.325982      9.325982     18.651964
      6.360000      9.439599      9.439599     18.879198
      6.380000      9.553305      9.553305     19.106609
      6.400000      9.659908      9.659908     19.319816
      6.420000      9.755487      9.755487     19.510975
      6.440000      9.841722      9.841722     19.683445
      6.460000      9.926818      9.926818     19.853636
      6.480000     10.024238     10.024238     20.048475
      6.500000     10.149448     10.149448     20.298896
      6.520000     10.315807     10.315807     20.631613
      6.540000     10.530867     10.530867     21.061735
      6.560000     10.793730     10.793730     21.587459
      6.580000     11.093436     11.093436     22.186873
      6.600000     11.408593     11.408593     22.817185
      6.620000     11.709104     11.709104     23.418208
      6.640000     11.961115     11.961115     23.922230
      6.660000     12.134990     12.134990     24.269980
      6.680000     12.213998     12.213998     24.427995
      6.700000     12.199935     12.199935     24.399869
      6.720000     12.112640     12.112640     24.225280
      6.740000     11.983070     11.983070     23.966140
      6.760000     11.842623     11.842623     23.685246
      6.780000     11.712906     11.712906     23.425811
      6.800000     11.599469     11.599469     23.198938
      6.820000     11.491076     11.491076     22.982153
      6.840000     11.364010     11.364010     22.728020
      6.860000     11.189598     11.189598     22.379197
      6.880000     10.942626     10.942626     21.885252
      6.900000     10.608419     10.608419     21.216839
      6.920000     10.187031     10.187031     20.374063
      6.940000      9.693844      9.693844     19.387689
      6.960000      9.156826      9.156826     18.313652
      6.980000      8.611305      8.611305     17.222611
      7.000000      8.093495      8.093495     16.186991
      7.020000      7.634129      7.634129     15.268257
      7.040000      7.253555      7.253555     14.507111
      7.060000      6.959323      6.959323     13.918645
      7.080000      6.746648      6.746648     13.493296
      7.100000      6.601447      6.601447     13.202895
      7.120000      6.505000      6.505000     13.010000
      7.140000      6.439033      6.439033     12.878067
      7.160000      6.389987      6.389987     12.779974
      7.180000      6.351392      6.351392     12.702785
      7.200000      6.323802      6.323802     12.647604
      7.220000      6.312450      6.312450     12.624900
      7.240000      6.323630      6.323630     12.647261
      7.260000      6.361135      6.361135     12.722270
      7.280000      6.423816      6.423816     12.847633
      7.300000      6.504626      6.504626     13.009252
      7.320000      6.590954      6.590954     13.181908
      7.340000      6.666089      6.666089     13.332179
      7.360000      6.711937      6.711937     13.423874
      7.380000      6.713133      6.713133     13.426266
      7.400000      6.662032      6.662032     13.324064
      7.420000      6.563019      6.563019     13.126037
      7.440000      6.434092      6.434092     12.868184
      7.460000      6.304346      6.304346     12.608691
      7.480000      6.207660      6.207660     12.415319
      7.500000      6.174582      6.174582     12.349164
      7.520000      6.225007      6.225007     12.450015
      7.540000      6.363646      6.363646     12.727293
      7.560000      6.579117      6.579117     13.158234
      7.580000      6.846563      6.846563     13.693126
      7.600000      7.133158      7.133158     14.266316
      7.620000      7.405274      7.405274     14.810549
      7.640000      7.635372      7.635372     15.270743
      7.660000      7.806317      7.806317     15.612634
      7.680000      7.911769      7.911769     15.823537
      7.700000      7.953340      7.953340     15.906679
      7.720000      7.937244      7.937244     15.874487
      7.740000      7.873394      7.873394     15.746787
      7.760000      7.777845      7.777845     15.555691
      7.780000      7.676354      7.676354     15.352708
      7.800000      7.604879      7.604879     15.209757
      7.820000      7.603849      7.603849     15.207697
      7.840000      7.706630      7.706630     15.413261
      7.860000      7.926732      7.926732     15.853464
      7.880000      8.250074      8.250074     16.500148
      7.900000      8.636697      8.636697     17.273394
      7.920000      9.031558      9.031558     18.063116
      7.940000      9.379497      9.379497     18.758994
      7.960000      9.637870      9.637870     19.275740
      7.980000      9.782553      9.782553     19.565105
      8.000000      9.807243      9.807243     19.614485
      8.020000      9.719345      9.719345     19.438690
      8.040000      9.536209      9.536209     19.072418
      8.060000      9.283432      9.283432     18.566864
      8.080000      8.994291      8.994291     17.988582
      8.100000      8.708219      8.708219     17.416439
      8.120000      8.467156      8.467156     16.934312
      8.140000      8.310589      8.310589     16.621177
      8.160000      8.271273      8.271273     16.542546
      8.180000      8.373006      8.373006     16.746011
      8.200000      8.629881      8.629881     17.259761
      8.220000      9.044929      9.044929     18.089858
      8.240000      9.606454      9.606454     19.212908
      8.260000     10.282856     10.282856     20.565712
      8.280000     11.019641     11.019641     22.039283
      8.300000     11.743173     11.743173     23.486346
      8.320000     12.373225     12.373225     24.746450
      8.340000     12.841418     12.841418     25.682836
      8.360000     13.108289     13.108289     26.216579
      8.380000     13.171202     13.171202     26.342405
      8.400000     13.059489     13.059489     26.118977
      8.420000     12.819768     12.819768     25.639537
      8.440000     12.499166     12.499166     24.998331
      8.460000     12.134147     12.134147     24.268295
      8.480000     11.748212     11.748212     23.496424
      8.500000     11.355983     11.355983     22.711967
      8.520000     10.968211     10.968211     21.936423
      8.540000     10.593447     10.593447     21.186893
      8.560000     10.236159     10.236159     20.472317
      8.580000      9.894563      9.894563     19.789126
      8.600000      9.561821      9.561821     19.123642
      8.620000      9.231590      9.231590     18.463180
      8.640000      8.905404      8.905404     17.810809
      8.660000      8.597790      8.597790     17.195581
      8.680000      8.336415      8.336415     16.672829
      8.700000      8.157702      8.157702     16.315403
      8.720000      8.100736      8.100736     16.201472
      8.740000      8.202195      8.202195     16.404390
      8.760000      8.492964      8.492964     16.985927
      8.780000      8.994962      8.994962     17.989924
      8.800000      9.716529      9.716529     19.433057
      8.820000     10.646553     10.646553     21.293107
      8.840000     11.749811     11.749811     23.499622
      8.860000     12.966581     12.966581     25.933162
      8.880000     14.218024     14.218024     28.436047
      8.900000     15.416131     15.416131     30.832263
      8.920000     16.475344     16.475344     32.950687
      8.940000     17.323028     17.323028     34.646056
      8.960000     17.907373     17.907373     35.814745
      8.980000     18.202339     18.202339     36.404678
      9.000000     18.209434     18.209434     36.418868
      9.020000     17.955706     17.955706     35.911411
      9.040000     17.487584     17.487584     34.975168
      9.060000     16.861405     16.861405     33.722810
      9.080000     16.133063     16.133063     32.266126
      9.100000     15.350031     15.350031     30.700062
      9.120000     14.548245     14.548245     29.096489
      9.140000     13.754238     13.754238     27.508476
      9.160000     12.990435     12.990435     25.980870
      9.180000     12.280052     12.280052     24.560104
      9.200000     11.648531     11.648531     23.297062
      9.220000     11.120738     11.120738     22.241477
      9.240000     10.715945     10.715945     21.431890
      9.260000     10.444127     10.444127     20.888255
      9.280000     10.306330     10.306330     20.612661
      9.300000     10.299050     10.299050     20.598100
      9.320000     10.419479     10.419479     20.838957
      9.340000     10.666961     10.666961     21.333923
      9.360000     11.037444     11.037444     22.074888
      9.380000     11.511767     11.511767     23.023533
      9.400000     12.043382     12.043382     24.086764
      9.420000     12.553515     12.553515     25.107029
      9.440000     12.939871     12.939871     25.879742
      9.460000     13.099041     13.099041     26.198082
      9.480000     12.955621     12.955621     25.911242
      9.500000     12.486782     12.486782     24.973564
      9.520000     11.732081     11.732081     23.464161
      9.540000     10.784432     10.784432     21.568865
      9.560000      9.766162      9.766162     19.532323
      9.580000      8.799840      8.799840     17.599680
      9.600000      7.984511      7.984511     15.969023
      9.620000      7.383969      7.383969     14.767938
      9.640000      7.027581      7.027581     14.055163
      9.660000      6.918958      6.918958     13.837917
      9.680000      7.045737      7.045737     14.091474
      9.700000      7.385171      7.385171     14.770342
      9.720000      7.903823      7.903823     15.807645
      9.740000      8.553599      8.553599     17.107197
      9.760000      9.268903      9.268903     18.537805
      9.780000      9.969631      9.969631     19.939262
      9.800000     10.572015     10.572015     21.144029
      9.820000     11.005187     11.005187     22.010374
      9.840000     11.228010     11.228010     22.456019
      9.860000     11.239939     11.239939     22.479879
      9.880000     11.081903     11.081903     22.163805
      9.900000     10.826785     10.826785     21.653571
      9.920000     10.562484     10.562484     21.124969
      9.940000     10.372333     10.372333     20.744666
      9.960000     10.318093     10.318093     20.636186
      9.980000     10.429878     10.429878     20.859755
     10.000000     10.705402     10.705402     21.410805
