# EIG2DOS: Utility for SIESTA to obtain the electronic density of states
#  E. Artacho, Apr 1999, A. Garcia, Apr 2012
# ------------------------------------------
# Eigenvalues read from GRP_doping.EIG
# Using smearing parameter:   0.100
# Using   1001 points in energy range
# Selected bands: 1 to: 936
# Emin, emax in file for selected band(s):    -40.6108700    223.4695400
# Nbands, Nspin, Nk   =    936     1   231
# E_F                 =    -4.0938 eV --> (shifted to ZERO)
# Broadening          =     0.1000 eV
#
#        E            N(up)  (=)   N(down)         Ntot
    -10.000000      0.980621      0.980621      1.961243
     -9.980000      0.754280      0.754280      1.508560
     -9.960000      0.746945      0.746945      1.493890
     -9.940000      1.004246      1.004246      2.008492
     -9.920000      1.581090      1.581090      3.162181
     -9.900000      2.527401      2.527401      5.054801
     -9.880000      3.859180      3.859180      7.718360
     -9.860000      5.524673      5.524673     11.049345
     -9.840000      7.383240      7.383240     14.766479
     -9.820000      9.214610      9.214610     18.429219
     -9.800000     10.764985     10.764985     21.529969
     -9.780000     11.817689     11.817689     23.635378
     -9.760000     12.260225     12.260225     24.520449
     -9.740000     12.117854     12.117854     24.235709
     -9.720000     11.539098     11.539098     23.078197
     -9.700000     10.741960     10.741960     21.483921
     -9.680000      9.946705      9.946705     19.893409
     -9.660000      9.322060      9.322060     18.644119
     -9.640000      8.959170      8.959170     17.918341
     -9.620000      8.872306      8.872306     17.744612
     -9.600000      9.016856      9.016856     18.033711
     -9.580000      9.314991      9.314991     18.629982
     -9.560000      9.682183      9.682183     19.364365
     -9.540000     10.048697     10.048697     20.097395
     -9.520000     10.369962     10.369962     20.739923
     -9.500000     10.622508     10.622508     21.245016
     -9.480000     10.789497     10.789497     21.578993
     -9.460000     10.846721     10.846721     21.693442
     -9.440000     10.759768     10.759768     21.519536
     -9.420000     10.494385     10.494385     20.988771
     -9.400000     10.032030     10.032030     20.064060
     -9.380000      9.379766      9.379766     18.759531
     -9.360000      8.570110      8.570110     17.140220
     -9.340000      7.655208      7.655208     15.310417
     -9.320000      6.702199      6.702199     13.404397
     -9.300000      5.791203      5.791203     11.582407
     -9.280000      5.010393      5.010393     10.020786
     -9.260000      4.441854      4.441854      8.883707
     -9.240000      4.138950      4.138950      8.277900
     -9.220000      4.104677      4.104677      8.209353
     -9.200000      4.283535      4.283535      8.567070
     -9.180000      4.574022      4.574022      9.148044
     -9.160000      4.858603      4.858603      9.717207
     -9.140000      5.039853      5.039853     10.079706
     -9.120000      5.069622      5.069622     10.139244
     -9.100000      4.962095      4.962095      9.924189
     -9.080000      4.787544      4.787544      9.575088
     -9.060000      4.648345      4.648345      9.296690
     -9.040000      4.642387      4.642387      9.284774
     -9.020000      4.823188      4.823188      9.646375
     -9.000000      5.170575      5.170575     10.341149
     -8.980000      5.586959      5.586959     11.173917
     -8.960000      5.927483      5.927483     11.854966
     -8.940000      6.057813      6.057813     12.115627
     -8.920000      5.918102      5.918102     11.836204
     -8.900000      5.565483      5.565483     11.130965
     -8.880000      5.175117      5.175117     10.350234
     -8.860000      4.996879      4.996879      9.993758
     -8.840000      5.281368      5.281368     10.562737
     -8.820000      6.197760      6.197760     12.395521
     -8.800000      7.766819      7.766819     15.533638
     -8.780000      9.828951      9.828951     19.657902
     -8.760000     12.061038     12.061038     24.122076
     -8.740000     14.044776     14.044776     28.089551
     -8.720000     15.372417     15.372417     30.744833
     -8.700000     15.758769     15.758769     31.517537
     -8.680000     15.121346     15.121346     30.242692
     -8.660000     13.600752     13.600752     27.201504
     -8.640000     11.517099     11.517099     23.034197
     -8.620000      9.282922      9.282922     18.565845
     -8.600000      7.305431      7.305431     14.610862
     -8.580000      5.906428      5.906428     11.812857
     -8.560000      5.272936      5.272936     10.545873
     -8.540000      5.437041      5.437041     10.874082
     -8.520000      6.278395      6.278395     12.556790
     -8.500000      7.546901      7.546901     15.093802
     -8.480000      8.908302      8.908302     17.816605
     -8.460000     10.012917     10.012917     20.025835
     -8.440000     10.576192     10.576192     21.152384
     -8.420000     10.447383     10.447383     20.894766
     -8.400000      9.640801      9.640801     19.281602
     -8.380000      8.317328      8.317328     16.634656
     -8.360000      6.725451      6.725451     13.450902
     -8.340000      5.127657      5.127657     10.255314
     -8.320000      3.740164      3.740164      7.480329
     -8.300000      2.702446      2.702446      5.404891
     -8.280000      2.076681      2.076681      4.153361
     -8.260000      1.865846      1.865846      3.731693
     -8.240000      2.036700      2.036700      4.073400
     -8.220000      2.538267      2.538267      5.076534
     -8.200000      3.312495      3.312495      6.624989
     -8.180000      4.297615      4.297615      8.595230
     -8.160000      5.426062      5.426062     10.852124
     -8.140000      6.619337      6.619337     13.238673
     -8.120000      7.783700      7.783700     15.567399
     -8.100000      8.812117      8.812117     17.624234
     -8.080000      9.596844      9.596844     19.193689
     -8.060000     10.051782     10.051782     20.103565
     -8.040000     10.136492     10.136492     20.272984
     -8.020000      9.869829      9.869829     19.739658
     -8.000000      9.324687      9.324687     18.649373
     -7.980000      8.605136      8.605136     17.210272
     -7.960000      7.816870      7.816870     15.633739
     -7.940000      7.044663      7.044663     14.089325
     -7.920000      6.345087      6.345087     12.690175
     -7.900000      5.753477      5.753477     11.506955
     -7.880000      5.297388      5.297388     10.594776
     -7.860000      5.007491      5.007491     10.014981
     -7.840000      4.919805      4.919805      9.839609
     -7.820000      5.067912      5.067912     10.135825
     -7.800000      5.468721      5.468721     10.937442
     -7.780000      6.109378      6.109378     12.218756
     -7.760000      6.943825      6.943825     13.887651
     -7.740000      7.902915      7.902915     15.805829
     -7.720000      8.913139      8.913139     17.826278
     -7.700000      9.911918      9.911918     19.823836
     -7.680000     10.848789     10.848789     21.697578
     -7.660000     11.672603     11.672603     23.345206
     -7.640000     12.317172     12.317172     24.634344
     -7.620000     12.701506     12.701506     25.403011
     -7.600000     12.751987     12.751987     25.503973
     -7.580000     12.438800     12.438800     24.877599
     -7.560000     11.808521     11.808521     23.617042
     -7.540000     10.995407     10.995407     21.990813
     -7.520000     10.203390     10.203390     20.406780
     -7.500000      9.661903      9.661903     19.323805
     -7.480000      9.565965      9.565965     19.131930
     -7.460000     10.014500     10.014500     20.029000
     -7.440000     10.963232     10.963232     21.926464
     -7.420000     12.210160     12.210160     24.420320
     -7.400000     13.428167     13.428167     26.856333
     -7.380000     14.245946     14.245946     28.491892
     -7.360000     14.356882     14.356882     28.713764
     -7.340000     13.616852     13.616852     27.233704
     -7.320000     12.090348     12.090348     24.180696
     -7.300000     10.025143     10.025143     20.050286
     -7.280000      7.768904      7.768904     15.537808
     -7.260000      5.666772      5.666772     11.333544
     -7.240000      3.981818      3.981818      7.963636
     -7.220000      2.860783      2.860783      5.721565
     -7.200000      2.340433      2.340433      4.680867
     -7.180000      2.372604      2.372604      4.745207
     -7.160000      2.846864      2.846864      5.693729
     -7.140000      3.604094      3.604094      7.208188
     -7.120000      4.449408      4.449408      8.898817
     -7.100000      5.177525      5.177525     10.355050
     -7.080000      5.614734      5.614734     11.229467
     -7.060000      5.666242      5.666242     11.332484
     -7.040000      5.347710      5.347710     10.695419
     -7.020000      4.783385      4.783385      9.566770
     -7.000000      4.168711      4.168711      8.337422
     -6.980000      3.712277      3.712277      7.424555
     -6.960000      3.579912      3.579912      7.159825
     -6.940000      3.858973      3.858973      7.717945
     -6.920000      4.548553      4.548553      9.097106
     -6.900000      5.569941      5.569941     11.139881
     -6.880000      6.787191      6.787191     13.574383
     -6.860000      8.030704      8.030704     16.061408
     -6.840000      9.122960      9.122960     18.245919
     -6.820000      9.909050      9.909050     19.818100
     -6.800000     10.291149     10.291149     20.582298
     -6.780000     10.257150     10.257150     20.514300
     -6.760000      9.887042      9.887042     19.774084
     -6.740000      9.324981      9.324981     18.649962
     -6.720000      8.721945      8.721945     17.443890
     -6.700000      8.173658      8.173658     16.347316
     -6.680000      7.685941      7.685941     15.371882
     -6.660000      7.186739      7.186739     14.373479
     -6.640000      6.577542      6.577542     13.155083
     -6.620000      5.794427      5.794427     11.588853
     -6.600000      4.845579      4.845579      9.691157
     -6.580000      3.808831      3.808831      7.617662
     -6.560000      2.796911      2.796911      5.593822
     -6.540000      1.913590      1.913590      3.827179
     -6.520000      1.223285      1.223285      2.446570
     -6.500000      0.744118      0.744118      1.488237
     -6.480000      0.460289      0.460289      0.920577
     -6.460000      0.342152      0.342152      0.684305
     -6.440000      0.363073      0.363073      0.726146
     -6.420000      0.507632      0.507632      1.015265
     -6.400000      0.771776      0.771776      1.543552
     -6.380000      1.159275      1.159275      2.318550
     -6.360000      1.679653      1.679653      3.359306
     -6.340000      2.350435      2.350435      4.700871
     -6.320000      3.201852      3.201852      6.403704
     -6.300000      4.277005      4.277005      8.554009
     -6.280000      5.618655      5.618655     11.237309
     -6.260000      7.238718      7.238718     14.477437
     -6.240000      9.078266      9.078266     18.156532
     -6.220000     10.978555     10.978555     21.957110
     -6.200000     12.687756     12.687756     25.375512
     -6.180000     13.916543     13.916543     27.833086
     -6.160000     14.431304     14.431304     28.862609
     -6.140000     14.149498     14.149498     28.298997
     -6.120000     13.193499     13.193499     26.386998
     -6.100000     11.874214     11.874214     23.748427
     -6.080000     10.606096     10.606096     21.212192
     -6.060000      9.784180      9.784180     19.568359
     -6.040000      9.667123      9.667123     19.334246
     -6.020000     10.304646     10.304646     20.609292
     -6.000000     11.529427     11.529427     23.058853
     -5.980000     13.011772     13.011772     26.023544
     -5.960000     14.357168     14.357168     28.714337
     -5.940000     15.216189     15.216189     30.432377
     -5.920000     15.374943     15.374943     30.749887
     -5.900000     14.801878     14.801878     29.603757
     -5.880000     13.640330     13.640330     27.280659
     -5.860000     12.151735     12.151735     24.303471
     -5.840000     10.628244     10.628244     21.256489
     -5.820000      9.302813      9.302813     18.605627
     -5.800000      8.286549      8.286549     16.573099
     -5.780000      7.554262      7.554262     15.108525
     -5.760000      6.980812      6.980812     13.961624
     -5.740000      6.409852      6.409852     12.819704
     -5.720000      5.723608      5.723608     11.447215
     -5.700000      4.884690      4.884690      9.769379
     -5.680000      3.937260      3.937260      7.874519
     -5.660000      2.975249      2.975249      5.950498
     -5.640000      2.098495      2.098495      4.196990
     -5.620000      1.377917      1.377917      2.755834
     -5.600000      0.841009      0.841009      1.682019
     -5.580000      0.476681      0.476681      0.953363
     -5.560000      0.250745      0.250745      0.501490
     -5.540000      0.122357      0.122357      0.244713
     -5.520000      0.055383      0.055383      0.110766
     -5.500000      0.023309      0.023309      0.046618
     -5.480000      0.009347      0.009347      0.018695
     -5.460000      0.004329      0.004329      0.008657
     -5.440000      0.004424      0.004424      0.008849
     -5.420000      0.009899      0.009899      0.019797
     -5.400000      0.025412      0.025412      0.050824
     -5.380000      0.062008      0.062008      0.124017
     -5.360000      0.140439      0.140439      0.280878
     -5.340000      0.294627      0.294627      0.589254
     -5.320000      0.572868      0.572868      1.145736
     -5.300000      1.033477      1.033477      2.066955
     -5.280000      1.732296      1.732296      3.464592
     -5.260000      2.702637      2.702637      5.405274
     -5.240000      3.933271      3.933271      7.866541
     -5.220000      5.354222      5.354222     10.708445
     -5.200000      6.840026      6.840026     13.680051
     -5.180000      8.234308      8.234308     16.468616
     -5.160000      9.390550      9.390550     18.781100
     -5.140000     10.216314     10.216314     20.432628
     -5.120000     10.705677     10.705677     21.411354
     -5.100000     10.947046     10.947046     21.894092
     -5.080000     11.099550     11.099550     22.199099
     -5.060000     11.340235     11.340235     22.680471
     -5.040000     11.796277     11.796277     23.592553
     -5.020000     12.487511     12.487511     24.975022
     -5.000000     13.306635     13.306635     26.613271
     -4.980000     14.050821     14.050821     28.101642
     -4.960000     14.493320     14.493320     28.986640
     -4.940000     14.462024     14.462024     28.924047
     -4.920000     13.889376     13.889376     27.778751
     -4.900000     12.816777     12.816777     25.633555
     -4.880000     11.362991     11.362991     22.725982
     -4.860000      9.681521      9.681521     19.363042
     -4.840000      7.928610      7.928610     15.857219
     -4.820000      6.248387      6.248387     12.496773
     -4.800000      4.768630      4.768630      9.537261
     -4.780000      3.597469      3.597469      7.194938
     -4.760000      2.816045      2.816045      5.632090
     -4.740000      2.467714      2.467714      4.935427
     -4.720000      2.546748      2.546748      5.093497
     -4.700000      2.989932      2.989932      5.979865
     -4.680000      3.675449      3.675449      7.350898
     -4.660000      4.434649      4.434649      8.869298
     -4.640000      5.080376      5.080376     10.160752
     -4.620000      5.448602      5.448602     10.897205
     -4.600000      5.441140      5.441140     10.882279
     -4.580000      5.052734      5.052734     10.105468
     -4.560000      4.370758      4.370758      8.741516
     -4.540000      3.548267      3.548267      7.096534
     -4.520000      2.763632      2.763632      5.527265
     -4.500000      2.184058      2.184058      4.368116
     -4.480000      1.943726      1.943726      3.887452
     -4.460000      2.135208      2.135208      4.270415
     -4.440000      2.803924      2.803924      5.607849
     -4.420000      3.936152      3.936152      7.872304
     -4.400000      5.440889      5.440889     10.881778
     -4.380000      7.138017      7.138017     14.276033
     -4.360000      8.770392      8.770392     17.540785
     -4.340000     10.050261     10.050261     20.100522
     -4.320000     10.733011     10.733011     21.466023
     -4.300000     10.693569     10.693569     21.387138
     -4.280000      9.974103      9.974103     19.948206
     -4.260000      8.781527      8.781527     17.563054
     -4.240000      7.434401      7.434401     14.868802
     -4.220000      6.279048      6.279048     12.558096
     -4.200000      5.603324      5.603324     11.206648
     -4.180000      5.571443      5.571443     11.142886
     -4.160000      6.191548      6.191548     12.383097
     -4.140000      7.318061      7.318061     14.636121
     -4.120000      8.686659      8.686659     17.373319
     -4.100000      9.977356      9.977356     19.954712
     -4.080000     10.895101     10.895101     21.790203
     -4.060000     11.247785     11.247785     22.495571
     -4.040000     10.995384     10.995384     21.990767
     -4.020000     10.249795     10.249795     20.499589
     -4.000000      9.223963      9.223963     18.447926
     -3.980000      8.151950      8.151950     16.303900
     -3.960000      7.214619      7.214619     14.429239
     -3.940000      6.500185      6.500185     13.000371
     -3.920000      6.008807      6.008807     12.017615
     -3.900000      5.688736      5.688736     11.377471
     -3.880000      5.480313      5.480313     10.960626
     -3.860000      5.346893      5.346893     10.693786
     -3.840000      5.282989      5.282989     10.565978
     -3.820000      5.301794      5.301794     10.603587
     -3.800000      5.411703      5.411703     10.823406
     -3.780000      5.594067      5.594067     11.188135
     -3.760000      5.793030      5.793030     11.586059
     -3.740000      5.923524      5.923524     11.847048
     -3.720000      5.896070      5.896070     11.792140
     -3.700000      5.649168      5.649168     11.298336
     -3.680000      5.175707      5.175707     10.351414
     -3.660000      4.531546      4.531546      9.063092
     -3.640000      3.821932      3.821932      7.643863
     -3.620000      3.170810      3.170810      6.341620
     -3.600000      2.684788      2.684788      5.369577
     -3.580000      2.424622      2.424622      4.849244
     -3.560000      2.393066      2.393066      4.786133
     -3.540000      2.541255      2.541255      5.082511
     -3.520000      2.789366      2.789366      5.578732
     -3.500000      3.053206      3.053206      6.106412
     -3.480000      3.267456      3.267456      6.534912
     -3.460000      3.398561      3.398561      6.797122
     -3.440000      3.444884      3.444884      6.889769
     -3.420000      3.426825      3.426825      6.853650
     -3.400000      3.373137      3.373137      6.746275
     -3.380000      3.310186      3.310186      6.620373
     -3.360000      3.258357      3.258357      6.516714
     -3.340000      3.235571      3.235571      6.471143
     -3.320000      3.263687      3.263687      6.527374
     -3.300000      3.371399      3.371399      6.742798
     -3.280000      3.588508      3.588508      7.177017
     -3.260000      3.931161      3.931161      7.862322
     -3.240000      4.384182      4.384182      8.768364
     -3.220000      4.891208      4.891208      9.782416
     -3.200000      5.362402      5.362402     10.724804
     -3.180000      5.701861      5.701861     11.403722
     -3.160000      5.845558      5.845558     11.691116
     -3.140000      5.792099      5.792099     11.584198
     -3.120000      5.608801      5.608801     11.217601
     -3.100000      5.406173      5.406173     10.812346
     -3.080000      5.290018      5.290018     10.580036
     -3.060000      5.313119      5.313119     10.626238
     -3.040000      5.450162      5.450162     10.900323
     -3.020000      5.608551      5.608551     11.217102
     -3.000000      5.670137      5.670137     11.340274
     -2.980000      5.544326      5.544326     11.088653
     -2.960000      5.209148      5.209148     10.418295
     -2.940000      4.724291      4.724291      9.448581
     -2.920000      4.213260      4.213260      8.426521
     -2.900000      3.823247      3.823247      7.646493
     -2.880000      3.676923      3.676923      7.353846
     -2.860000      3.830836      3.830836      7.661672
     -2.840000      4.252888      4.252888      8.505775
     -2.820000      4.827726      4.827726      9.655452
     -2.800000      5.392246      5.392246     10.784492
     -2.780000      5.793163      5.793163     11.586326
     -2.760000      5.947675      5.947675     11.895350
     -2.740000      5.883058      5.883058     11.766117
     -2.720000      5.736659      5.736659     11.473318
     -2.700000      5.713310      5.713310     11.426619
     -2.680000      6.015162      6.015162     12.030324
     -2.660000      6.770073      6.770073     13.540146
     -2.640000      7.983966      7.983966     15.967932
     -2.620000      9.531681      9.531681     19.063362
     -2.600000     11.185956     11.185956     22.371911
     -2.580000     12.672014     12.672014     25.344028
     -2.560000     13.729881     13.729881     27.459761
     -2.540000     14.168256     14.168256     28.336512
     -2.520000     13.899821     13.899821     27.799641
     -2.500000     12.954207     12.954207     25.908415
     -2.480000     11.468914     11.468914     22.937829
     -2.460000      9.660416      9.660416     19.320831
     -2.440000      7.779918      7.779918     15.559835
     -2.420000      6.062043      6.062043     12.124086
     -2.400000      4.678651      4.678651      9.357302
     -2.380000      3.710556      3.710556      7.421113
     -2.360000      3.144969      3.144969      6.289938
     -2.340000      2.897557      2.897557      5.795113
     -2.320000      2.849478      2.849478      5.698957
     -2.300000      2.885664      2.885664      5.771329
     -2.280000      2.922425      2.922425      5.844850
     -2.260000      2.918563      2.918563      5.837125
     -2.240000      2.871163      2.871163      5.742327
     -2.220000      2.802138      2.802138      5.604276
     -2.200000      2.742837      2.742837      5.485674
     -2.180000      2.722251      2.722251      5.444501
     -2.160000      2.761209      2.761209      5.522418
     -2.140000      2.872351      2.872351      5.744701
     -2.120000      3.064137      3.064137      6.128275
     -2.100000      3.346542      3.346542      6.693084
     -2.080000      3.735653      3.735653      7.471307
     -2.060000      4.254384      4.254384      8.508769
     -2.040000      4.927239      4.927239      9.854479
     -2.020000      5.769074      5.769074     11.538149
     -2.000000      6.770855      6.770855     13.541709
     -1.980000      7.888536      7.888536     15.777072
     -1.960000      9.042696      9.042696     18.085392
     -1.940000     10.134215     10.134215     20.268430
     -1.920000     11.074044     11.074044     22.148089
     -1.900000     11.815054     11.815054     23.630108
     -1.880000     12.367676     12.367676     24.735352
     -1.860000     12.785680     12.785680     25.571360
     -1.840000     13.125184     13.125184     26.250368
     -1.820000     13.399710     13.399710     26.799420
     -1.800000     13.561815     13.561815     27.123629
     -1.780000     13.528329     13.528329     27.056658
     -1.760000     13.237776     13.237776     26.475551
     -1.740000     12.704196     12.704196     25.408392
     -1.720000     12.030149     12.030149     24.060298
     -1.700000     11.366278     11.366278     22.732556
     -1.680000     10.839916     10.839916     21.679833
     -1.660000     10.496594     10.496594     20.993188
     -1.640000     10.290843     10.290843     20.581686
     -1.620000     10.130866     10.130866     20.261732
     -1.600000      9.946801      9.946801     19.893602
     -1.580000      9.737662      9.737662     19.475324
     -1.560000      9.566875      9.566875     19.133750
     -1.540000      9.510215      9.510215     19.020430
     -1.520000      9.590626      9.590626     19.181253
     -1.500000      9.742803      9.742803     19.485607
     -1.480000      9.832288      9.832288     19.664577
     -1.460000      9.721255      9.721255     19.442510
     -1.440000      9.345760      9.345760     18.691520
     -1.420000      8.762512      8.762512     17.525024
     -1.400000      8.139671      8.139671     16.279341
     -1.380000      7.695279      7.695279     15.390557
     -1.360000      7.612038      7.612038     15.224075
     -1.340000      7.966071      7.966071     15.932142
     -1.320000      8.698247      8.698247     17.396494
     -1.300000      9.637048      9.637048     19.274097
     -1.280000     10.561931     10.561931     21.123862
     -1.260000     11.282508     11.282508     22.565016
     -1.240000     11.704093     11.704093     23.408187
     -1.220000     11.854562     11.854562     23.709125
     -1.200000     11.860981     11.860981     23.721961
     -1.180000     11.884781     11.884781     23.769561
     -1.160000     12.044153     12.044153     24.088306
     -1.140000     12.360942     12.360942     24.721884
     -1.120000     12.758707     12.758707     25.517414
     -1.100000     13.111437     13.111437     26.222875
     -1.080000     13.313346     13.313346     26.626692
     -1.060000     13.327827     13.327827     26.655654
     -1.040000     13.187595     13.187595     26.375190
     -1.020000     12.950331     12.950331     25.900663
     -1.000000     12.643268     12.643268     25.286535
     -0.980000     12.235808     12.235808     24.471617
     -0.960000     11.657810     11.657810     23.315620
     -0.940000     10.848799     10.848799     21.697598
     -0.920000      9.803963      9.803963     19.607926
     -0.900000      8.588882      8.588882     17.177763
     -0.880000      7.319190      7.319190     14.638379
     -0.860000      6.123751      6.123751     12.247501
     -0.840000      5.114778      5.114778     10.229556
     -0.820000      4.375757      4.375757      8.751514
     -0.800000      3.961053      3.961053      7.922106
     -0.780000      3.893824      3.893824      7.787647
     -0.760000      4.155586      4.155586      8.311171
     -0.740000      4.674449      4.674449      9.348898
     -0.720000      5.327487      5.327487     10.654975
     -0.700000      5.967905      5.967905     11.935810
     -0.680000      6.471399      6.471399     12.942798
     -0.660000      6.779554      6.779554     13.559107
     -0.640000      6.914328      6.914328     13.828656
     -0.620000      6.952250      6.952250     13.904501
     -0.600000      6.971992      6.971992     13.943983
     -0.580000      7.007670      7.007670     14.015339
     -0.560000      7.038319      7.038319     14.076639
     -0.540000      7.021008      7.021008     14.042016
     -0.520000      6.945784      6.945784     13.891568
     -0.500000      6.874824      6.874824     13.749647
     -0.480000      6.936578      6.936578     13.873155
     -0.460000      7.273098      7.273098     14.546196
     -0.440000      7.967469      7.967469     15.934938
     -0.420000      8.990749      8.990749     17.981497
     -0.400000     10.197142     10.197142     20.394284
     -0.380000     11.369601     11.369601     22.739202
     -0.360000     12.291802     12.291802     24.583604
     -0.340000     12.811693     12.811693     25.623386
     -0.320000     12.871556     12.871556     25.743112
     -0.300000     12.502054     12.502054     25.004108
     -0.280000     11.797557     11.797557     23.595114
     -0.260000     10.894504     10.894504     21.789009
     -0.240000      9.962354      9.962354     19.924707
     -0.220000      9.198436      9.198436     18.396873
     -0.200000      8.808337      8.808337     17.616674
     -0.180000      8.960467      8.960467     17.920934
     -0.160000      9.723435      9.723435     19.446869
     -0.140000     11.014346     11.014346     22.028691
     -0.120000     12.591078     12.591078     25.182157
     -0.100000     14.105904     14.105904     28.211809
     -0.080000     15.208272     15.208272     30.416543
     -0.060000     15.657447     15.657447     31.314895
     -0.040000     15.397248     15.397248     30.794497
     -0.020000     14.561049     14.561049     29.122098
      0.000000     13.407154     13.407154     26.814308
      0.020000     12.215291     12.215291     24.430582
      0.040000     11.189479     11.189479     22.378958
      0.060000     10.405828     10.405828     20.811655
      0.080000      9.821178      9.821178     19.642355
      0.100000      9.330989      9.330989     18.661979
      0.120000      8.844201      8.844201     17.688402
      0.140000      8.337467      8.337467     16.674934
      0.160000      7.863658      7.863658     15.727316
      0.180000      7.513914      7.513914     15.027828
      0.200000      7.356696      7.356696     14.713392
      0.220000      7.388494      7.388494     14.776988
      0.240000      7.523278      7.523278     15.046557
      0.260000      7.625914      7.625914     15.251828
      0.280000      7.570874      7.570874     15.141749
      0.300000      7.294767      7.294767     14.589534
      0.320000      6.816112      6.816112     13.632224
      0.340000      6.214958      6.214958     12.429916
      0.360000      5.586880      5.586880     11.173759
      0.380000      4.998003      4.998003      9.996007
      0.400000      4.463929      4.463929      8.927859
      0.420000      3.959486      3.959486      7.918972
      0.440000      3.448819      3.448819      6.897639
      0.460000      2.916582      2.916582      5.833164
      0.480000      2.384448      2.384448      4.768895
      0.500000      1.908450      1.908450      3.816899
      0.520000      1.563383      1.563383      3.126765
      0.540000      1.424597      1.424597      2.849194
      0.560000      1.554333      1.554333      3.108665
      0.580000      1.993461      1.993461      3.986922
      0.600000      2.755094      2.755094      5.510189
      0.620000      3.816524      3.816524      7.633049
      0.640000      5.109575      5.109575     10.219150
      0.660000      6.514139      6.514139     13.028278
      0.680000      7.862477      7.862477     15.724953
      0.700000      8.960591      8.960591     17.921181
      0.720000      9.626743      9.626743     19.253485
      0.740000      9.737802      9.737802     19.475603
      0.760000      9.266554      9.266554     18.533108
      0.780000      8.293207      8.293207     16.586413
      0.800000      6.984249      6.984249     13.968498
      0.820000      5.546976      5.546976     11.093952
      0.840000      4.179229      4.179229      8.358458
      0.860000      3.034261      3.034261      6.068523
      0.880000      2.210276      2.210276      4.420552
      0.900000      1.760152      1.760152      3.520304
      0.920000      1.707404      1.707404      3.414807
      0.940000      2.054048      2.054048      4.108097
      0.960000      2.773962      2.773962      5.547923
      0.980000      3.796976      3.796976      7.593953
      1.000000      4.998051      4.998051      9.996102
      1.020000      6.206542      6.206542     12.413083
      1.040000      7.240774      7.240774     14.481548
      1.060000      7.957139      7.957139     15.914277
      1.080000      8.291070      8.291070     16.582141
      1.100000      8.268960      8.268960     16.537920
      1.120000      7.985921      7.985921     15.971841
      1.140000      7.563857      7.563857     15.127715
      1.160000      7.113452      7.113452     14.226904
      1.180000      6.716181      6.716181     13.432363
      1.200000      6.425359      6.425359     12.850717
      1.220000      6.272574      6.272574     12.545147
      1.240000      6.267318      6.267318     12.534635
      1.260000      6.390155      6.390155     12.780309
      1.280000      6.591498      6.591498     13.182995
      1.300000      6.807763      6.807763     13.615526
      1.320000      6.993616      6.993616     13.987231
      1.340000      7.153080      7.153080     14.306160
      1.360000      7.346578      7.346578     14.693155
      1.380000      7.661683      7.661683     15.323365
      1.400000      8.157149      8.157149     16.314298
      1.420000      8.808876      8.808876     17.617753
      1.440000      9.490018      9.490018     18.980036
      1.460000     10.001674     10.001674     20.003347
      1.480000     10.143746     10.143746     20.287492
      1.500000      9.793180      9.793180     19.586360
      1.520000      8.952252      8.952252     17.904504
      1.540000      7.745589      7.745589     15.491178
      1.560000      6.371187      6.371187     12.742373
      1.580000      5.031985      5.031985     10.063970
      1.600000      3.879203      3.879203      7.758406
      1.620000      2.986810      2.986810      5.973619
      1.640000      2.358001      2.358001      4.716002
      1.660000      1.950855      1.950855      3.901710
      1.680000      1.706972      1.706972      3.413943
      1.700000      1.572098      1.572098      3.144196
      1.720000      1.505618      1.505618      3.011235
      1.740000      1.481628      1.481628      2.963255
      1.760000      1.486261      1.486261      2.972522
      1.780000      1.514957      1.514957      3.029915
      1.800000      1.571206      1.571206      3.142413
      1.820000      1.666293      1.666293      3.332587
      1.840000      1.818349      1.818349      3.636699
      1.860000      2.048814      2.048814      4.097629
      1.880000      2.375504      2.375504      4.751008
      1.900000      2.803852      2.803852      5.607704
      1.920000      3.320756      3.320756      6.641513
      1.940000      3.896676      3.896676      7.793352
      1.960000      4.498792      4.498792      8.997584
      1.980000      5.110801      5.110801     10.221601
      2.000000      5.746976      5.746976     11.493952
      2.020000      6.446363      6.446363     12.892726
      2.040000      7.242083      7.242083     14.484166
      2.060000      8.117968      8.117968     16.235935
      2.080000      8.978859      8.978859     17.957719
      2.100000      9.659563      9.659563     19.319127
      2.120000      9.977586      9.977586     19.955172
      2.140000      9.807643      9.807643     19.615287
      2.160000      9.140139      9.140139     18.280278
      2.180000      8.093288      8.093288     16.186575
      2.200000      6.874647      6.874647     13.749294
      2.220000      5.714647      5.714647     11.429294
      2.240000      4.805193      4.805193      9.610387
      2.260000      4.266408      4.266408      8.532817
      2.280000      4.144197      4.144197      8.288395
      2.300000      4.425387      4.425387      8.850774
      2.320000      5.054208      5.054208     10.108416
      2.340000      5.941925      5.941925     11.883850
      2.360000      6.971769      6.971769     13.943539
      2.380000      8.006086      8.006086     16.012173
      2.400000      8.900095      8.900095     17.800189
      2.420000      9.521121      9.521121     19.042242
      2.440000      9.769128      9.769128     19.538256
      2.460000      9.595152      9.595152     19.190303
      2.480000      9.015720      9.015720     18.031439
      2.500000      8.120024      8.120024     16.240048
      2.520000      7.063649      7.063649     14.127298
      2.540000      6.042816      6.042816     12.085631
      2.560000      5.249653      5.249653     10.499305
      2.580000      4.819574      4.819574      9.639148
      2.600000      4.789915      4.789915      9.579829
      2.620000      5.088738      5.088738     10.177476
      2.640000      5.562883      5.562883     11.125765
      2.660000      6.038297      6.038297     12.076594
      2.680000      6.390117      6.390117     12.780235
      2.700000      6.592469      6.592469     13.184938
      2.720000      6.723984      6.723984     13.447968
      2.740000      6.923984      6.923984     13.847968
      2.760000      7.317882      7.317882     14.635764
      2.780000      7.946315      7.946315     15.892631
      2.800000      8.731572      8.731572     17.463145
      2.820000      9.497063      9.497063     18.994126
      2.840000     10.030254     10.030254     20.060508
      2.860000     10.160194     10.160194     20.320388
      2.880000      9.816893      9.816893     19.633787
      2.900000      9.051734      9.051734     18.103468
      2.920000      8.017224      8.017224     16.034448
      2.940000      6.919891      6.919891     13.839782
      2.960000      5.965443      5.965443     11.930886
      2.980000      5.311889      5.311889     10.623779
      3.000000      5.039812      5.039812     10.079624
      3.020000      5.143968      5.143968     10.287935
      3.040000      5.546924      5.546924     11.093847
      3.060000      6.131035      6.131035     12.262071
      3.080000      6.779052      6.779052     13.558105
      3.100000      7.409084      7.409084     14.818168
      3.120000      7.991164      7.991164     15.982328
      3.140000      8.541346      8.541346     17.082692
      3.160000      9.100270      9.100270     18.200541
      3.180000      9.708694      9.708694     19.417389
      3.200000     10.388677     10.388677     20.777354
      3.220000     11.130607     11.130607     22.261214
      3.240000     11.882198     11.882198     23.764395
      3.260000     12.540761     12.540761     25.081523
      3.280000     12.958784     12.958784     25.917567
      3.300000     12.973694     12.973694     25.947387
      3.320000     12.460352     12.460352     24.920703
      3.340000     11.386823     11.386823     22.773645
      3.360000      9.845507      9.845507     19.691014
      3.380000      8.041588      8.041588     16.083177
      3.400000      6.243230      6.243230     12.486460
      3.420000      4.717119      4.717119      9.434238
      3.440000      3.675908      3.675908      7.351816
      3.460000      3.250926      3.250926      6.501853
      3.480000      3.485696      3.485696      6.971393
      3.500000      4.336623      4.336623      8.673245
      3.520000      5.671886      5.671886     11.343773
      3.540000      7.272632      7.272632     14.545265
      3.560000      8.850450      8.850450     17.700900
      3.580000     10.092791     10.092791     20.185582
      3.600000     10.732857     10.732857     21.465714
      3.620000     10.621884     10.621884     21.243768
      3.640000      9.772864      9.772864     19.545728
      3.660000      8.353605      8.353605     16.707211
      3.680000      6.629951      6.629951     13.259903
      3.700000      4.883410      4.883410      9.766819
      3.720000      3.337316      3.337316      6.674632
      3.740000      2.117244      2.117244      4.234488
      3.760000      1.251885      1.251885      2.503770
      3.780000      0.702641      0.702641      1.405282
      3.800000      0.402601      0.402601      0.805203
      3.820000      0.288913      0.288913      0.577826
      3.840000      0.321107      0.321107      0.642214
      3.860000      0.485517      0.485517      0.971034
      3.880000      0.789553      0.789553      1.579105
      3.900000      1.250038      1.250038      2.500075
      3.920000      1.879269      1.879269      3.758537
      3.940000      2.672347      2.672347      5.344694
      3.960000      3.599500      3.599500      7.199000
      3.980000      4.606285      4.606285      9.212570
      4.000000      5.621777      5.621777     11.243553
      4.020000      6.570864      6.570864     13.141728
      4.040000      7.384212      7.384212     14.768423
      4.060000      8.001126      8.001126     16.002253
      4.080000      8.366574      8.366574     16.733148
      4.100000      8.429754      8.429754     16.859509
      4.120000      8.152180      8.152180     16.304360
      4.140000      7.525908      7.525908     15.051817
      4.160000      6.592324      6.592324     13.184648
      4.180000      5.447304      5.447304     10.894608
      4.200000      4.224739      4.224739      8.449477
      4.220000      3.063379      3.063379      6.126758
      4.240000      2.072227      2.072227      4.144453
      4.260000      1.309968      1.309968      2.619936
      4.280000      0.785018      0.785018      1.570035
      4.300000      0.471704      0.471704      0.943408
      4.320000      0.331868      0.331868      0.663735
      4.340000      0.331767      0.331767      0.663534
      4.360000      0.449096      0.449096      0.898192
      4.380000      0.670418      0.670418      1.340836
      4.400000      0.983090      0.983090      1.966180
      4.420000      1.367356      1.367356      2.734712
      4.440000      1.793852      1.793852      3.587704
      4.460000      2.229356      2.229356      4.458712
      4.480000      2.649597      2.649597      5.299193
      4.500000      3.053603      3.053603      6.107206
      4.520000      3.471375      3.471375      6.942750
      4.540000      3.957574      3.957574      7.915149
      4.560000      4.568956      4.568956      9.137913
      4.580000      5.331240      5.331240     10.662479
      4.600000      6.208779      6.208779     12.417558
      4.620000      7.093522      7.093522     14.187044
      4.640000      7.824716      7.824716     15.649432
      4.660000      8.237876      8.237876     16.475753
      4.680000      8.226226      8.226226     16.452452
      4.700000      7.789048      7.789048     15.578096
      4.720000      7.045447      7.045447     14.090894
      4.740000      6.207324      6.207324     12.414649
      4.760000      5.522922      5.522922     11.045845
      4.780000      5.212315      5.212315     10.424629
      4.800000      5.414985      5.414985     10.829970
      4.820000      6.161091      6.161091     12.322182
      4.840000      7.368882      7.368882     14.737763
      4.860000      8.864979      8.864979     17.729958
      4.880000     10.421346     10.421346     20.842692
      4.900000     11.800553     11.800553     23.601106
      4.920000     12.799108     12.799108     25.598215
      4.940000     13.279127     13.279127     26.558255
      4.960000     13.183122     13.183122     26.366243
      4.980000     12.533575     12.533575     25.067149
      5.000000     11.423810     11.423810     22.847619
      5.020000     10.005608     10.005608     20.011216
      5.040000      8.473364      8.473364     16.946729
      5.060000      7.039785      7.039785     14.079570
      5.080000      5.899662      5.899662     11.799325
      5.100000      5.186239      5.186239     10.372478
      5.120000      4.933839      4.933839      9.867678
      5.140000      5.064041      5.064041     10.128082
      5.160000      5.407105      5.407105     10.814211
      5.180000      5.757122      5.757122     11.514245
      5.200000      5.943929      5.943929     11.887858
      5.220000      5.894734      5.894734     11.789468
      5.240000      5.659510      5.659510     11.319021
      5.260000      5.387586      5.387586     10.775172
      5.280000      5.263109      5.263109     10.526218
      5.300000      5.424845      5.424845     10.849690
      5.320000      5.903042      5.903042     11.806083
      5.340000      6.599717      6.599717     13.199433
      5.360000      7.321423      7.321423     14.642846
      5.380000      7.852000      7.852000     15.704000
      5.400000      8.035871      8.035871     16.071742
      5.420000      7.837841      7.837841     15.675683
      5.440000      7.355810      7.355810     14.711619
      5.460000      6.783421      6.783421     13.566842
      5.480000      6.339849      6.339849     12.679697
      5.500000      6.194376      6.194376     12.388751
      5.520000      6.411831      6.411831     12.823663
      5.540000      6.935461      6.935461     13.870922
      5.560000      7.611862      7.611862     15.223725
      5.580000      8.250608      8.250608     16.501216
      5.600000      8.699618      8.699618     17.399236
      5.620000      8.908970      8.908970     17.817940
      5.640000      8.956070      8.956070     17.912140
      5.660000      9.017756      9.017756     18.035513
      5.680000      9.296990      9.296990     18.593980
      5.700000      9.933128      9.933128     19.866256
      5.720000     10.933912     10.933912     21.867825
      5.740000     12.158526     12.158526     24.317052
      5.760000     13.358253     13.358253     26.716505
      5.780000     14.255982     14.255982     28.511964
      5.800000     14.631047     14.631047     29.262093
      5.820000     14.378503     14.378503     28.757006
      5.840000     13.528377     13.528377     27.056754
      5.860000     12.229066     12.229066     24.458133
      5.880000     10.709089     10.709089     21.418179
      5.900000      9.230171      9.230171     18.460342
      5.920000      8.038468      8.038468     16.076936
      5.940000      7.317654      7.317654     14.635308
      5.960000      7.150016      7.150016     14.300031
      5.980000      7.495460      7.495460     14.990921
      6.000000      8.197659      8.197659     16.395318
      6.020000      9.019625      9.019625     18.039251
      6.040000      9.701075      9.701075     19.402149
      6.060000     10.022082     10.022082     20.044163
      6.080000      9.855378      9.855378     19.710755
      6.100000      9.193533      9.193533     18.387066
      6.120000      8.145201      8.145201     16.290403
      6.140000      6.903507      6.903507     13.807014
      6.160000      5.696549      5.696549     11.393098
      6.180000      4.733058      4.733058      9.466116
      6.200000      4.155427      4.155427      8.310855
      6.220000      4.009291      4.009291      8.018581
      6.240000      4.235367      4.235367      8.470735
      6.260000      4.685907      4.685907      9.371815
      6.280000      5.163644      5.163644     10.327287
      6.300000      5.474821      5.474821     10.949642
      6.320000      5.481443      5.481443     10.962886
      6.340000      5.135555      5.135555     10.271110
      6.360000      4.483657      4.483657      8.967314
      6.380000      3.641153      3.641153      7.282307
      6.400000      2.749230      2.749230      5.498460
      6.420000      1.932734      1.932734      3.865468
      6.440000      1.274506      1.274506      2.549012
      6.460000      0.812027      0.812027      1.624054
      6.480000      0.552126      0.552126      1.104253
      6.500000      0.493753      0.493753      0.987505
      6.520000      0.648304      0.648304      1.296609
      6.540000      1.049859      1.049859      2.099718
      6.560000      1.751370      1.751370      3.502740
      6.580000      2.806667      2.806667      5.613334
      6.600000      4.242223      4.242223      8.484445
      6.620000      6.026988      6.026988     12.053977
      6.640000      8.051605      8.051605     16.103209
      6.660000     10.127520     10.127520     20.255041
      6.680000     12.010987     12.010987     24.021974
      6.700000     13.448139     13.448139     26.896277
      6.720000     14.229249     14.229249     28.458498
      6.740000     14.236398     14.236398     28.472796
      6.760000     13.470598     13.470598     26.941196
      6.780000     12.050756     12.050756     24.101512
      6.800000     10.185211     10.185211     20.370421
      6.820000      8.124417      8.124417     16.248834
      6.840000      6.108507      6.108507     12.217015
      6.860000      4.324318      4.324318      8.648636
      6.880000      2.882539      2.882539      5.765079
      6.900000      1.818214      1.818214      3.636428
      6.920000      1.109901      1.109901      2.219802
      6.940000      0.707570      0.707570      1.415140
      6.960000      0.558403      0.558403      1.116807
      6.980000      0.622606      0.622606      1.245213
      7.000000      0.876155      0.876155      1.752310
      7.020000      1.302302      1.302302      2.604605
      7.040000      1.877393      1.877393      3.754787
      7.060000      2.558329      2.558329      5.116657
      7.080000      3.278281      3.278281      6.556562
      7.100000      3.953902      3.953902      7.907803
      7.120000      4.502411      4.502411      9.004822
      7.140000      4.862821      4.862821      9.725643
      7.160000      5.013964      5.013964     10.027928
      7.180000      4.983234      4.983234      9.966468
      7.200000      4.842808      4.842808      9.685617
      7.220000      4.693211      4.693211      9.386422
      7.240000      4.637286      4.637286      9.274572
      7.260000      4.751197      4.751197      9.502394
      7.280000      5.061944      5.061944     10.123889
      7.300000      5.540681      5.540681     11.081362
      7.320000      6.115683      6.115683     12.231366
      7.340000      6.699520      6.699520     13.399040
      7.360000      7.216969      7.216969     14.433938
      7.380000      7.619684      7.619684     15.239369
      7.400000      7.882459      7.882459     15.764917
      7.420000      7.988918      7.988918     15.977835
      7.440000      7.922233      7.922233     15.844466
      7.460000      7.672163      7.672163     15.344326
      7.480000      7.255828      7.255828     14.511657
      7.500000      6.736441      6.736441     13.472882
      7.520000      6.222498      6.222498     12.444995
      7.540000      5.841602      5.841602     11.683204
      7.560000      5.699743      5.699743     11.399486
      7.580000      5.846359      5.846359     11.692719
      7.600000      6.261773      6.261773     12.523546
      7.620000      6.870423      6.870423     13.740846
      7.640000      7.570438      7.570438     15.140877
      7.660000      8.265102      8.265102     16.530203
      7.680000      8.885185      8.885185     17.770370
      7.700000      9.398125      9.398125     18.796249
      7.720000      9.805310      9.805310     19.610620
      7.740000     10.130802     10.130802     20.261605
      7.760000     10.405189     10.405189     20.810377
      7.780000     10.648894     10.648894     21.297788
      7.800000     10.859955     10.859955     21.719910
      7.820000     11.010493     11.010493     22.020987
      7.840000     11.053462     11.053462     22.106924
      7.860000     10.938043     10.938043     21.876087
      7.880000     10.630085     10.630085     21.260170
      7.900000     10.133164     10.133164     20.266328
      7.920000      9.504669      9.504669     19.009338
      7.940000      8.859312      8.859312     17.718623
      7.960000      8.352294      8.352294     16.704589
      7.980000      8.139740      8.139740     16.279480
      8.000000      8.325244      8.325244     16.650487
      8.020000      8.913183      8.913183     17.826366
      8.040000      9.793038      9.793038     19.586077
      8.060000     10.769043     10.769043     21.538087
      8.080000     11.628672     11.628672     23.257343
      8.100000     12.222184     12.222184     24.444367
      8.120000     12.516246     12.516246     25.032492
      8.140000     12.594440     12.594440     25.188881
      8.160000     12.602861     12.602861     25.205722
      8.180000     12.667049     12.667049     25.334098
      8.200000     12.821797     12.821797     25.643594
      8.220000     12.988980     12.988980     25.977960
      8.240000     13.013867     13.013867     26.027733
      8.260000     12.740973     12.740973     25.481946
      8.280000     12.092272     12.092272     24.184544
      8.300000     11.112170     11.112170     22.224341
      8.320000      9.962117      9.962117     19.924235
      8.340000      8.871477      8.871477     17.742954
      8.360000      8.067845      8.067845     16.135689
      8.380000      7.713112      7.713112     15.426224
      8.400000      7.863680      7.863680     15.727359
      8.420000      8.461490      8.461490     16.922979
      8.440000      9.353338      9.353338     18.706676
      8.460000     10.330941     10.330941     20.661882
      8.480000     11.181668     11.181668     22.363336
      8.500000     11.738049     11.738049     23.476097
      8.520000     11.913664     11.913664     23.827328
      8.540000     11.715834     11.715834     23.431667
      8.560000     11.231994     11.231994     22.463987
      8.580000     10.594687     10.594687     21.189374
      8.600000      9.936468      9.936468     19.872936
      8.620000      9.348830      9.348830     18.697660
      8.640000      8.858401      8.858401     17.716802
      8.660000      8.429188      8.429188     16.858377
      8.680000      7.991430      7.991430     15.982861
      8.700000      7.486665      7.486665     14.973329
      8.720000      6.909300      6.909300     13.818600
      8.740000      6.323520      6.323520     12.647040
      8.760000      5.844291      5.844291     11.688583
      8.780000      5.589201      5.589201     11.178402
      8.800000      5.624230      5.624230     11.248460
      8.820000      5.931306      5.931306     11.862613
      8.840000      6.414643      6.414643     12.829285
      8.860000      6.941734      6.941734     13.883468
      8.880000      7.395619      7.395619     14.791238
      8.900000      7.709657      7.709657     15.419314
      8.920000      7.868745      7.868745     15.737491
      8.940000      7.883755      7.883755     15.767509
      8.960000      7.763389      7.763389     15.526779
      8.980000      7.507131      7.507131     15.014261
      9.000000      7.124816      7.124816     14.249631
      9.020000      6.666311      6.666311     13.332621
      9.040000      6.235134      6.235134     12.470268
      9.060000      5.969527      5.969527     11.939055
      9.080000      5.995876      5.995876     11.991752
      9.100000      6.377342      6.377342     12.754684
      9.120000      7.083789      7.083789     14.167579
      9.140000      7.997107      7.997107     15.994214
      9.160000      8.947932      8.947932     17.895865
      9.180000      9.766617      9.766617     19.533235
      9.200000     10.328956     10.328956     20.657912
      9.220000     10.583912     10.583912     21.167824
      9.240000     10.559912     10.559912     21.119825
      9.260000     10.352474     10.352474     20.704947
      9.280000     10.097772     10.097772     20.195543
      9.300000      9.936832      9.936832     19.873663
      9.320000      9.976420      9.976420     19.952841
      9.340000     10.255855     10.255855     20.511710
      9.360000     10.731140     10.731140     21.462279
      9.380000     11.285541     11.285541     22.571081
      9.400000     11.767377     11.767377     23.534755
      9.420000     12.044073     12.044073     24.088146
      9.440000     12.052340     12.052340     24.104681
      9.460000     11.823948     11.823948     23.647896
      9.480000     11.476240     11.476240     22.952481
      9.500000     11.171549     11.171549     22.343097
      9.520000     11.061603     11.061603     22.123205
      9.540000     11.236651     11.236651     22.473302
      9.560000     11.694979     11.694979     23.389957
      9.580000     12.341263     12.341263     24.682527
      9.600000     13.014652     13.014652     26.029305
      9.620000     13.539308     13.539308     27.078616
      9.640000     13.781407     13.781407     27.562813
      9.660000     13.691075     13.691075     27.382150
      9.680000     13.311502     13.311502     26.623004
      9.700000     12.752002     12.752002     25.504003
      9.720000     12.139896     12.139896     24.279793
      9.740000     11.576026     11.576026     23.152051
      9.760000     11.113675     11.113675     22.227349
      9.780000     10.764887     10.764887     21.529774
      9.800000     10.522803     10.522803     21.045605
      9.820000     10.383178     10.383178     20.766355
      9.840000     10.353412     10.353412     20.706825
      9.860000     10.447169     10.447169     20.894339
      9.880000     10.670416     10.670416     21.340832
      9.900000     11.007822     11.007822     22.015644
      9.920000     11.417667     11.417667     22.835334
      9.940000     11.839971     11.839971     23.679942
      9.960000     12.216687     12.216687     24.433375
      9.980000     12.515649     12.515649     25.031299
     10.000000     12.745028     12.745028     25.490057
