# EIG2DOS: Utility for SIESTA to obtain the electronic density of states
#  E. Artacho, Apr 1999, A. Garcia, Apr 2012
# ------------------------------------------
# Eigenvalues read from GRP_doping.EIG
# Using smearing parameter:   0.100
# Using   1001 points in energy range
# Selected bands: 1 to: 936
# Emin, emax in file for selected band(s):    -40.2325700    235.6794500
# Nbands, Nspin, Nk   =    936     1   231
# E_F                 =    -3.5923 eV --> (shifted to ZERO)
# Broadening          =     0.1000 eV
#
#        E            N(up)  (=)   N(down)         Ntot
    -10.000000      4.294171      4.294171      8.588342
     -9.980000      6.182264      6.182264     12.364527
     -9.960000      8.291881      8.291881     16.583763
     -9.940000     10.362604     10.362604     20.725208
     -9.920000     12.097722     12.097722     24.195444
     -9.900000     13.250703     13.250703     26.501405
     -9.880000     13.704803     13.704803     27.409605
     -9.860000     13.508458     13.508458     27.016916
     -9.840000     12.850302     12.850302     25.700604
     -9.820000     11.987934     11.987934     23.975869
     -9.800000     11.164778     11.164778     22.329557
     -9.780000     10.549008     10.549008     21.098015
     -9.760000     10.212068     10.212068     20.424137
     -9.740000     10.144501     10.144501     20.289001
     -9.720000     10.293276     10.293276     20.586552
     -9.700000     10.599886     10.599886     21.199772
     -9.680000     11.020630     11.020630     22.041261
     -9.660000     11.519797     11.519797     23.039594
     -9.640000     12.041803     12.041803     24.083605
     -9.620000     12.483581     12.483581     24.967162
     -9.600000     12.692848     12.692848     25.385695
     -9.580000     12.504734     12.504734     25.009468
     -9.560000     11.804696     11.804696     23.609392
     -9.540000     10.585966     10.585966     21.171932
     -9.520000      8.969626      8.969626     17.939252
     -9.500000      7.175377      7.175377     14.350754
     -9.480000      5.457534      5.457534     10.915068
     -9.460000      4.036636      4.036636      8.073272
     -9.440000      3.054210      3.054210      6.108419
     -9.420000      2.561892      2.561892      5.123785
     -9.400000      2.538385      2.538385      5.076771
     -9.380000      2.918182      2.918182      5.836364
     -9.360000      3.616737      3.616737      7.233474
     -9.340000      4.543800      4.543800      9.087601
     -9.320000      5.604918      5.604918     11.209837
     -9.300000      6.697219      6.697219     13.394437
     -9.280000      7.708090      7.708090     15.416181
     -9.260000      8.523709      8.523709     17.047417
     -9.240000      9.048944      9.048944     18.097888
     -9.220000      9.232944      9.232944     18.465888
     -9.200000      9.089031      9.089031     18.178062
     -9.180000      8.696984      8.696984     17.393969
     -9.160000      8.181744      8.181744     16.363488
     -9.140000      7.673285      7.673285     15.346569
     -9.120000      7.262906      7.262906     14.525811
     -9.100000      6.975524      6.975524     13.951048
     -9.080000      6.772032      6.772032     13.544064
     -9.060000      6.581876      6.581876     13.163752
     -9.040000      6.350482      6.350482     12.700964
     -9.020000      6.077539      6.077539     12.155077
     -9.000000      5.825763      5.825763     11.651526
     -8.980000      5.694340      5.694340     11.388680
     -8.960000      5.769500      5.769500     11.538999
     -8.940000      6.077220      6.077220     12.154441
     -8.920000      6.562780      6.562780     13.125560
     -8.900000      7.108170      7.108170     14.216339
     -8.880000      7.578164      7.578164     15.156329
     -8.860000      7.870706      7.870706     15.741413
     -8.840000      7.946618      7.946618     15.893237
     -8.820000      7.827877      7.827877     15.655754
     -8.800000      7.572870      7.572870     15.145740
     -8.780000      7.248224      7.248224     14.496448
     -8.760000      6.913342      6.913342     13.826683
     -8.740000      6.620322      6.620322     13.240643
     -8.720000      6.419484      6.419484     12.838967
     -8.700000      6.358260      6.358260     12.716520
     -8.680000      6.469224      6.469224     12.938448
     -8.660000      6.754354      6.754354     13.508709
     -8.640000      7.178135      7.178135     14.356269
     -8.620000      7.677302      7.677302     15.354605
     -8.600000      8.183414      8.183414     16.366828
     -8.580000      8.645025      8.645025     17.290050
     -8.560000      9.036739      9.036739     18.073477
     -8.540000      9.352242      9.352242     18.704484
     -8.520000      9.589241      9.589241     19.178482
     -8.500000      9.737129      9.737129     19.474257
     -8.480000      9.772551      9.772551     19.545103
     -8.460000      9.661045      9.661045     19.322089
     -8.440000      9.361791      9.361791     18.723581
     -8.420000      8.836263      8.836263     17.672526
     -8.400000      8.062986      8.062986     16.125972
     -8.380000      7.055657      7.055657     14.111314
     -8.360000      5.874950      5.874950     11.749899
     -8.340000      4.623830      4.623830      9.247660
     -8.320000      3.425082      3.425082      6.850165
     -8.300000      2.391519      2.391519      4.783038
     -8.280000      1.604632      1.604632      3.209263
     -8.260000      1.112110      1.112110      2.224220
     -8.240000      0.942790      0.942790      1.885580
     -8.220000      1.126835      1.126835      2.253670
     -8.200000      1.704942      1.704942      3.409883
     -8.180000      2.714627      2.714627      5.429254
     -8.160000      4.153040      4.153040      8.306079
     -8.140000      5.930698      5.930698     11.861396
     -8.120000      7.842542      7.842542     15.685084
     -8.100000      9.582888      9.582888     19.165776
     -8.080000     10.813890     10.813890     21.627779
     -8.060000     11.268152     11.268152     22.536304
     -8.040000     10.841895     10.841895     21.683790
     -8.020000      9.633458      9.633458     19.266916
     -8.000000      7.907564      7.907564     15.815127
     -7.980000      6.003739      6.003739     12.007477
     -7.960000      4.233501      4.233501      8.467002
     -7.940000      2.809938      2.809938      5.619876
     -7.920000      1.829319      1.829319      3.658638
     -7.900000      1.295471      1.295471      2.590942
     -7.880000      1.161066      1.161066      2.322132
     -7.860000      1.361291      1.361291      2.722582
     -7.840000      1.828361      1.828361      3.656722
     -7.820000      2.489773      2.489773      4.979546
     -7.800000      3.261599      3.261599      6.523197
     -7.780000      4.048391      4.048391      8.096781
     -7.760000      4.755462      4.755462      9.510925
     -7.740000      5.310995      5.310995     10.621989
     -7.720000      5.688584      5.688584     11.377169
     -7.700000      5.918422      5.918422     11.836845
     -7.680000      6.078816      6.078816     12.157632
     -7.660000      6.268473      6.268473     12.536945
     -7.640000      6.570144      6.570144     13.140289
     -7.620000      7.022242      7.022242     14.044484
     -7.600000      7.612088      7.612088     15.224177
     -7.580000      8.293001      8.293001     16.586003
     -7.560000      9.014081      9.014081     18.028162
     -7.540000      9.745507      9.745507     19.491014
     -7.520000     10.487409     10.487409     20.974817
     -7.500000     11.262131     11.262131     22.524262
     -7.480000     12.098256     12.098256     24.196513
     -7.460000     13.014433     13.014433     26.028867
     -7.440000     14.005209     14.005209     28.010419
     -7.420000     15.028165     15.028165     30.056331
     -7.400000     15.995997     15.995997     31.991994
     -7.380000     16.783886     16.783886     33.567772
     -7.360000     17.261504     17.261504     34.523007
     -7.340000     17.345211     17.345211     34.690422
     -7.320000     17.046454     17.046454     34.092908
     -7.300000     16.482984     16.482984     32.965968
     -7.280000     15.833295     15.833295     31.666590
     -7.260000     15.248246     15.248246     30.496492
     -7.240000     14.766157     14.766157     29.532315
     -7.220000     14.283603     14.283603     28.567206
     -7.200000     13.604845     13.604845     27.209689
     -7.180000     12.545557     12.545557     25.091114
     -7.160000     11.033240     11.033240     22.066480
     -7.140000      9.150226      9.150226     18.300451
     -7.120000      7.101529      7.101529     14.203058
     -7.100000      5.132657      5.132657     10.265314
     -7.080000      3.444279      3.444279      6.888558
     -7.060000      2.142124      2.142124      4.284248
     -7.040000      1.233668      1.233668      2.467336
     -7.020000      0.658299      0.658299      1.316598
     -7.000000      0.327793      0.327793      0.655587
     -6.980000      0.158898      0.158898      0.317796
     -6.960000      0.091129      0.091129      0.182258
     -6.940000      0.092011      0.092011      0.184022
     -6.920000      0.155337      0.155337      0.310674
     -6.900000      0.296551      0.296551      0.593101
     -6.880000      0.546106      0.546106      1.092212
     -6.860000      0.939325      0.939325      1.878651
     -6.840000      1.501590      1.501590      3.003179
     -6.820000      2.230741      2.230741      4.461482
     -6.800000      3.082939      3.082939      6.165878
     -6.780000      3.970780      3.970780      7.941560
     -6.760000      4.780271      4.780271      9.560541
     -6.740000      5.405438      5.405438     10.810877
     -6.720000      5.789056      5.789056     11.578111
     -6.700000      5.951147      5.951147     11.902293
     -6.680000      5.989007      5.989007     11.978013
     -6.660000      6.044231      6.044231     12.088462
     -6.640000      6.248466      6.248466     12.496932
     -6.620000      6.671303      6.671303     13.342607
     -6.600000      7.293475      7.293475     14.586951
     -6.580000      8.015604      8.015604     16.031208
     -6.560000      8.694789      8.694789     17.389578
     -6.540000      9.189587      9.189587     18.379175
     -6.520000      9.395438      9.395438     18.790876
     -6.500000      9.263995      9.263995     18.527990
     -6.480000      8.810472      8.810472     17.620943
     -6.460000      8.114315      8.114315     16.228630
     -6.440000      7.311775      7.311775     14.623549
     -6.420000      6.573866      6.573866     13.147733
     -6.400000      6.067833      6.067833     12.135665
     -6.380000      5.912491      5.912491     11.824982
     -6.360000      6.147388      6.147388     12.294777
     -6.340000      6.732601      6.732601     13.465203
     -6.320000      7.579917      7.579917     15.159834
     -6.300000      8.596924      8.596924     17.193849
     -6.280000      9.716871      9.716871     19.433741
     -6.260000     10.896503     10.896503     21.793007
     -6.240000     12.086631     12.086631     24.173263
     -6.220000     13.200591     13.200591     26.401182
     -6.200000     14.108951     14.108951     28.217903
     -6.180000     14.671170     14.671170     29.342340
     -6.160000     14.788697     14.788697     29.577394
     -6.140000     14.448165     14.448165     28.896329
     -6.120000     13.729042     13.729042     27.458084
     -6.100000     12.772340     12.772340     25.544680
     -6.080000     11.729302     11.729302     23.458603
     -6.060000     10.717071     10.717071     21.434142
     -6.040000      9.799809      9.799809     19.599619
     -6.020000      8.997335      8.997335     17.994669
     -6.000000      8.310052      8.310052     16.620105
     -5.980000      7.744256      7.744256     15.488512
     -5.960000      7.324794      7.324794     14.649589
     -5.940000      7.089171      7.089171     14.178342
     -5.920000      7.065593      7.065593     14.131187
     -5.900000      7.245388      7.245388     14.490777
     -5.880000      7.564767      7.564767     15.129534
     -5.860000      7.908844      7.908844     15.817687
     -5.840000      8.141073      8.141073     16.282147
     -5.820000      8.147740      8.147740     16.295481
     -5.800000      7.877664      7.877664     15.755328
     -5.780000      7.358467      7.358467     14.716934
     -5.760000      6.682574      6.682574     13.365147
     -5.740000      5.971338      5.971338     11.942676
     -5.720000      5.335025      5.335025     10.670050
     -5.700000      4.845257      4.845257      9.690515
     -5.680000      4.527639      4.527639      9.055278
     -5.660000      4.372241      4.372241      8.744483
     -5.640000      4.353534      4.353534      8.707068
     -5.620000      4.450247      4.450247      8.900494
     -5.600000      4.657735      4.657735      9.315469
     -5.580000      4.988862      4.988862      9.977725
     -5.560000      5.463571      5.463571     10.927143
     -5.540000      6.091612      6.091612     12.183224
     -5.520000      6.856178      6.856178     13.712356
     -5.500000      7.706567      7.706567     15.413135
     -5.480000      8.564602      8.564602     17.129204
     -5.460000      9.343527      9.343527     18.687054
     -5.440000      9.972132      9.972132     19.944265
     -5.420000     10.413995     10.413995     20.827989
     -5.400000     10.673685     10.673685     21.347370
     -5.380000     10.787907     10.787907     21.575813
     -5.360000     10.806634     10.806634     21.613268
     -5.340000     10.773275     10.773275     21.546550
     -5.320000     10.711315     10.711315     21.422630
     -5.300000     10.619439     10.619439     21.238878
     -5.280000     10.472548     10.472548     20.945097
     -5.260000     10.226269     10.226269     20.452538
     -5.240000      9.826467      9.826467     19.652935
     -5.220000      9.227512      9.227512     18.455025
     -5.200000      8.418989      8.418989     16.837977
     -5.180000      7.451962      7.451962     14.903924
     -5.160000      6.450005      6.450005     12.900009
     -5.140000      5.593358      5.593358     11.186716
     -5.120000      5.076133      5.076133     10.152266
     -5.100000      5.049111      5.049111     10.098222
     -5.080000      5.567329      5.567329     11.134658
     -5.060000      6.560181      6.560181     13.120362
     -5.040000      7.835074      7.835074     15.670148
     -5.020000      9.116896      9.116896     18.233793
     -5.000000     10.115928     10.115928     20.231857
     -4.980000     10.607217     10.607217     21.214434
     -4.960000     10.497711     10.497711     20.995422
     -4.940000      9.857964      9.857964     19.715929
     -4.920000      8.905143      8.905143     17.810285
     -4.900000      7.940474      7.940474     15.880948
     -4.880000      7.260294      7.260294     14.520587
     -4.860000      7.068574      7.068574     14.137147
     -4.840000      7.417601      7.417601     14.835202
     -4.820000      8.193899      8.193899     16.387799
     -4.800000      9.152654      9.152654     18.305308
     -4.780000      9.989637      9.989637     19.979273
     -4.760000     10.428376     10.428376     20.856752
     -4.740000     10.295373     10.295373     20.590746
     -4.720000      9.560169      9.560169     19.120339
     -4.700000      8.329795      8.329795     16.659591
     -4.680000      6.804035      6.804035     13.608070
     -4.660000      5.211613      5.211613     10.423226
     -4.640000      3.751690      3.751690      7.503380
     -4.620000      2.558688      2.558688      5.117375
     -4.600000      1.695803      1.695803      3.391606
     -4.580000      1.170309      1.170309      2.340618
     -4.560000      0.957222      0.957222      1.914445
     -4.540000      1.018603      1.018603      2.037206
     -4.520000      1.311765      1.311765      2.623530
     -4.500000      1.787301      1.787301      3.574601
     -4.480000      2.383540      2.383540      4.767080
     -4.460000      3.025505      3.025505      6.051010
     -4.440000      3.633238      3.633238      7.266476
     -4.420000      4.138605      4.138605      8.277211
     -4.400000      4.504720      4.504720      9.009439
     -4.380000      4.740698      4.740698      9.481397
     -4.360000      4.906612      4.906612      9.813225
     -4.340000      5.106622      5.106622     10.213243
     -4.320000      5.469895      5.469895     10.939791
     -4.300000      6.119306      6.119306     12.238613
     -4.280000      7.130217      7.130217     14.260435
     -4.260000      8.488235      8.488235     16.976469
     -4.240000     10.062995     10.062995     20.125990
     -4.220000     11.617343     11.617343     23.234685
     -4.200000     12.860977     12.860977     25.721953
     -4.180000     13.536254     13.536254     27.072509
     -4.160000     13.503005     13.503005     27.006011
     -4.140000     12.783861     12.783861     25.567723
     -4.120000     11.548373     11.548373     23.096746
     -4.100000     10.044699     10.044699     20.089397
     -4.080000      8.513503      8.513503     17.027006
     -4.060000      7.124376      7.124376     14.248751
     -4.040000      5.958684      5.958684     11.917368
     -4.020000      5.036138      5.036138     10.072275
     -4.000000      4.361332      4.361332      8.722663
     -3.980000      3.960940      3.960940      7.921879
     -3.960000      3.891478      3.891478      7.782956
     -3.940000      4.214357      4.214357      8.428714
     -3.920000      4.951025      4.951025      9.902050
     -3.900000      6.040687      6.040687     12.081375
     -3.880000      7.323552      7.323552     14.647103
     -3.860000      8.563131      8.563131     17.126262
     -3.840000      9.504244      9.504244     19.008488
     -3.820000      9.945755      9.945755     19.891510
     -3.800000      9.798215      9.798215     19.596429
     -3.780000      9.102783      9.102783     18.205566
     -3.760000      8.006638      8.006638     16.013276
     -3.740000      6.710294      6.710294     13.420589
     -3.720000      5.411837      5.411837     10.823675
     -3.700000      4.267835      4.267835      8.535671
     -3.680000      3.376980      3.376980      6.753960
     -3.660000      2.780825      2.780825      5.561650
     -3.640000      2.472647      2.472647      4.945295
     -3.620000      2.409022      2.409022      4.818044
     -3.600000      2.523278      2.523278      5.046557
     -3.580000      2.741190      2.741190      5.482381
     -3.560000      2.997071      2.997071      5.994141
     -3.540000      3.246143      3.246143      6.492286
     -3.520000      3.469554      3.469554      6.939108
     -3.500000      3.671851      3.671851      7.343702
     -3.480000      3.874609      3.874609      7.749218
     -3.460000      4.111070      4.111070      8.222140
     -3.440000      4.423686      4.423686      8.847372
     -3.420000      4.861230      4.861230      9.722460
     -3.400000      5.468869      5.468869     10.937739
     -3.380000      6.267361      6.267361     12.534721
     -3.360000      7.226514      7.226514     14.453027
     -3.340000      8.247697      8.247697     16.495395
     -3.320000      9.171946      9.171946     18.343891
     -3.300000      9.819430      9.819430     19.638859
     -3.280000     10.047606     10.047606     20.095213
     -3.260000      9.801807      9.801807     19.603615
     -3.240000      9.134282      9.134282     18.268564
     -3.220000      8.185133      8.185133     16.370265
     -3.200000      7.138659      7.138659     14.277319
     -3.180000      6.177276      6.177276     12.354551
     -3.160000      5.448304      5.448304     10.896609
     -3.140000      5.045242      5.045242     10.090484
     -3.120000      4.997168      4.997168      9.994335
     -3.100000      5.263266      5.263266     10.526531
     -3.080000      5.737922      5.737922     11.475844
     -3.060000      6.274550      6.274550     12.549100
     -3.040000      6.727746      6.727746     13.455493
     -3.020000      6.999252      6.999252     13.998505
     -3.000000      7.065786      7.065786     14.131572
     -2.980000      6.974350      6.974350     13.948701
     -2.960000      6.809339      6.809339     13.618678
     -2.940000      6.652340      6.652340     13.304680
     -2.920000      6.557767      6.557767     13.115533
     -2.900000      6.554098      6.554098     13.108196
     -2.880000      6.661769      6.661769     13.323538
     -2.860000      6.907882      6.907882     13.815764
     -2.840000      7.321629      7.321629     14.643257
     -2.820000      7.909316      7.909316     15.818633
     -2.800000      8.624143      8.624143     17.248286
     -2.780000      9.352938      9.352938     18.705875
     -2.760000      9.934916      9.934916     19.869831
     -2.740000     10.209427     10.209427     20.418854
     -2.720000     10.071494     10.071494     20.142988
     -2.700000      9.507731      9.507731     19.015462
     -2.680000      8.595898      8.595898     17.191796
     -2.660000      7.472020      7.472020     14.944041
     -2.640000      6.285675      6.285675     12.571350
     -2.620000      5.166154      5.166154     10.332307
     -2.600000      4.210436      4.210436      8.420871
     -2.580000      3.488555      3.488555      6.977109
     -2.560000      3.053711      3.053711      6.107422
     -2.540000      2.946633      2.946633      5.893266
     -2.520000      3.191365      3.191365      6.382730
     -2.500000      3.785858      3.785858      7.571715
     -2.480000      4.692096      4.692096      9.384192
     -2.460000      5.828836      5.828836     11.657672
     -2.440000      7.069155      7.069155     14.138311
     -2.420000      8.246401      8.246401     16.492801
     -2.400000      9.173401      9.173401     18.346802
     -2.380000      9.677116      9.677116     19.354232
     -2.360000      9.643082      9.643082     19.286163
     -2.340000      9.055086      9.055086     18.110171
     -2.320000      8.012385      8.012385     16.024770
     -2.300000      6.713580      6.713580     13.427159
     -2.280000      5.410136      5.410136     10.820273
     -2.260000      4.345125      4.345125      8.690249
     -2.240000      3.696738      3.696738      7.393475
     -2.220000      3.541261      3.541261      7.082523
     -2.200000      3.842039      3.842039      7.684079
     -2.180000      4.465325      4.465325      8.930649
     -2.160000      5.220676      5.220676     10.441352
     -2.140000      5.918605      5.918605     11.837211
     -2.120000      6.429734      6.429734     12.859467
     -2.100000      6.722985      6.722985     13.445970
     -2.080000      6.863952      6.863952     13.727904
     -2.060000      6.971583      6.971583     13.943166
     -2.040000      7.153612      7.153612     14.307225
     -2.020000      7.453818      7.453818     14.907637
     -2.000000      7.837200      7.837200     15.674400
     -1.980000      8.216383      8.216383     16.432766
     -1.960000      8.499363      8.499363     16.998727
     -1.940000      8.630334      8.630334     17.260668
     -1.920000      8.605304      8.605304     17.210608
     -1.900000      8.462584      8.462584     16.925168
     -1.880000      8.260820      8.260820     16.521640
     -1.860000      8.057372      8.057372     16.114743
     -1.840000      7.892042      7.892042     15.784084
     -1.820000      7.775249      7.775249     15.550499
     -1.800000      7.680880      7.680880     15.361760
     -1.780000      7.548794      7.548794     15.097588
     -1.760000      7.302668      7.302668     14.605336
     -1.740000      6.881917      6.881917     13.763834
     -1.720000      6.276172      6.276172     12.552345
     -1.700000      5.545615      5.545615     11.091231
     -1.680000      4.815491      4.815491      9.630983
     -1.660000      4.245586      4.245586      8.491172
     -1.640000      3.986975      3.986975      7.973950
     -1.620000      4.142018      4.142018      8.284035
     -1.600000      4.738683      4.738683      9.477365
     -1.580000      5.722242      5.722242     11.444484
     -1.560000      6.962460      6.962460     13.924921
     -1.540000      8.274626      8.274626     16.549253
     -1.520000      9.454734      9.454734     18.909468
     -1.500000     10.327252     10.327252     20.654504
     -1.480000     10.796170     10.796170     21.592341
     -1.460000     10.880949     10.880949     21.761899
     -1.440000     10.717297     10.717297     21.434594
     -1.420000     10.514031     10.514031     21.028062
     -1.400000     10.477988     10.477988     20.955977
     -1.380000     10.736890     10.736890     21.473780
     -1.360000     11.292961     11.292961     22.585922
     -1.340000     12.025143     12.025143     24.050285
     -1.320000     12.734222     12.734222     25.468444
     -1.300000     13.207663     13.207663     26.415326
     -1.280000     13.278186     13.278186     26.556373
     -1.260000     12.859995     12.859995     25.719991
     -1.240000     11.959310     11.959310     23.918620
     -1.220000     10.663602     10.663602     21.327205
     -1.200000      9.115789      9.115789     18.231579
     -1.180000      7.479843      7.479843     14.959686
     -1.160000      5.905817      5.905817     11.811635
     -1.140000      4.503663      4.503663      9.007325
     -1.120000      3.333040      3.333040      6.666079
     -1.100000      2.410160      2.410160      4.820320
     -1.080000      1.725874      1.725874      3.451748
     -1.060000      1.265952      1.265952      2.531904
     -1.040000      1.025842      1.025842      2.051684
     -1.020000      1.015784      1.015784      2.031568
     -1.000000      1.255286      1.255286      2.510572
     -0.980000      1.758047      1.758047      3.516094
     -0.960000      2.510937      2.510937      5.021873
     -0.940000      3.454478      3.454478      6.908955
     -0.920000      4.475486      4.475486      8.950972
     -0.900000      5.421282      5.421282     10.842565
     -0.880000      6.136955      6.136955     12.273910
     -0.860000      6.515276      6.515276     13.030552
     -0.840000      6.539986      6.539986     13.079972
     -0.820000      6.303477      6.303477     12.606954
     -0.800000      5.989741      5.989741     11.979483
     -0.780000      5.826728      5.826728     11.653455
     -0.760000      6.021670      6.021670     12.043340
     -0.740000      6.696108      6.696108     13.392216
     -0.720000      7.836974      7.836974     15.673948
     -0.700000      9.279329      9.279329     18.558657
     -0.680000     10.733084     10.733084     21.466168
     -0.660000     11.855351     11.855351     23.710703
     -0.640000     12.351122     12.351122     24.702244
     -0.620000     12.066819     12.066819     24.133638
     -0.600000     11.037707     11.037707     22.075413
     -0.580000      9.468232      9.468232     18.936463
     -0.560000      7.655811      7.655811     15.311623
     -0.540000      5.894507      5.894507     11.789015
     -0.520000      4.399894      4.399894      8.799788
     -0.500000      3.279676      3.279676      6.559352
     -0.480000      2.549169      2.549169      5.098339
     -0.460000      2.172100      2.172100      4.344200
     -0.440000      2.102570      2.102570      4.205139
     -0.420000      2.310737      2.310737      4.621474
     -0.400000      2.785711      2.785711      5.571421
     -0.380000      3.519154      3.519154      7.038308
     -0.360000      4.480445      4.480445      8.960889
     -0.340000      5.598190      5.598190     11.196380
     -0.320000      6.761472      6.761472     13.522943
     -0.300000      7.845607      7.845607     15.691214
     -0.280000      8.753564      8.753564     17.507128
     -0.260000      9.452817      9.452817     18.905634
     -0.240000      9.986956      9.986956     19.973913
     -0.220000     10.453998     10.453998     20.907995
     -0.200000     10.961797     10.961797     21.923594
     -0.180000     11.582979     11.582979     23.165958
     -0.160000     12.329902     12.329902     24.659804
     -0.140000     13.157207     13.157207     26.314415
     -0.120000     13.985149     13.985149     27.970299
     -0.100000     14.729329     14.729329     29.458658
     -0.080000     15.323195     15.323195     30.646390
     -0.060000     15.725554     15.725554     31.451108
     -0.040000     15.912937     15.912937     31.825875
     -0.020000     15.864009     15.864009     31.728018
      0.000000     15.547830     15.547830     31.095661
      0.020000     14.926481     14.926481     29.852961
      0.040000     13.974130     13.974130     27.948260
      0.060000     12.703391     12.703391     25.406781
      0.080000     11.183499     11.183499     22.366998
      0.100000      9.538753      9.538753     19.077505
      0.120000      7.927015      7.927015     15.854031
      0.140000      6.508397      6.508397     13.016794
      0.160000      5.416196      5.416196     10.832392
      0.180000      4.736147      4.736147      9.472294
      0.200000      4.493123      4.493123      8.986245
      0.220000      4.643567      4.643567      9.287133
      0.240000      5.077310      5.077310     10.154620
      0.260000      5.636985      5.636985     11.273969
      0.280000      6.159406      6.159406     12.318812
      0.300000      6.530380      6.530380     13.060761
      0.320000      6.730743      6.730743     13.461487
      0.340000      6.848334      6.848334     13.696668
      0.360000      7.043114      7.043114     14.086229
      0.380000      7.475167      7.475167     14.950335
      0.400000      8.225304      8.225304     16.450607
      0.420000      9.244383      9.244383     18.488765
      0.440000     10.356512     10.356512     20.713024
      0.460000     11.317625     11.317625     22.635250
      0.480000     11.904928     11.904928     23.809856
      0.500000     11.996851     11.996851     23.993702
      0.520000     11.606956     11.606956     23.213911
      0.540000     10.858832     10.858832     21.717665
      0.560000      9.920079      9.920079     19.840158
      0.580000      8.933294      8.933294     17.866589
      0.600000      7.978467      7.978467     15.956933
      0.620000      7.078074      7.078074     14.156148
      0.640000      6.230450      6.230450     12.460899
      0.660000      5.445028      5.445028     10.890057
      0.680000      4.759267      4.759267      9.518533
      0.700000      4.232759      4.232759      8.465518
      0.720000      3.927129      3.927129      7.854259
      0.740000      3.883983      3.883983      7.767966
      0.760000      4.109333      4.109333      8.218666
      0.780000      4.567171      4.567171      9.134342
      0.800000      5.181631      5.181631     10.363262
      0.820000      5.846829      5.846829     11.693659
      0.840000      6.443720      6.443720     12.887440
      0.860000      6.862145      6.862145     13.724290
      0.880000      7.023861      7.023861     14.047722
      0.900000      6.900490      6.900490     13.800979
      0.920000      6.520830      6.520830     13.041660
      0.940000      5.964947      5.964947     11.929894
      0.960000      5.346522      5.346522     10.693043
      0.980000      4.788276      4.788276      9.576551
      1.000000      4.396662      4.396662      8.793325
      1.020000      4.241359      4.241359      8.482719
      1.040000      4.343092      4.343092      8.686185
      1.060000      4.671068      4.671068      9.342137
      1.080000      5.149525      5.149525     10.299050
      1.100000      5.671779      5.671779     11.343557
      1.120000      6.119428      6.119428     12.238857
      1.140000      6.383768      6.383768     12.767537
      1.160000      6.385972      6.385972     12.771943
      1.180000      6.092375      6.092375     12.184751
      1.200000      5.521475      5.521475     11.042951
      1.220000      4.740443      4.740443      9.480887
      1.240000      3.851527      3.851527      7.703055
      1.260000      2.972152      2.972152      5.944304
      1.280000      2.215269      2.215269      4.430538
      1.300000      1.676348      1.676348      3.352697
      1.320000      1.429490      1.429490      2.858979
      1.340000      1.529199      1.529199      3.058397
      1.360000      2.010219      2.010219      4.020438
      1.380000      2.878765      2.878765      5.757530
      1.400000      4.095066      4.095066      8.190133
      1.420000      5.555921      5.555921     11.111842
      1.440000      7.091249      7.091249     14.182498
      1.460000      8.485857      8.485857     16.971714
      1.480000      9.526703      9.526703     19.053407
      1.500000     10.062393     10.062393     20.124786
      1.520000     10.053294     10.053294     20.106588
      1.540000      9.592527      9.592527     19.185054
      1.560000      8.888644      8.888644     17.777288
      1.580000      8.213717      8.213717     16.427434
      1.600000      7.830060      7.830060     15.660119
      1.620000      7.913656      7.913656     15.827312
      1.640000      8.494639      8.494639     16.989278
      1.660000      9.435327      9.435327     18.870654
      1.680000     10.460716     10.460716     20.921433
      1.700000     11.240990     11.240990     22.481979
      1.720000     11.503064     11.503064     23.006128
      1.740000     11.129826     11.129826     22.259652
      1.760000     10.205003     10.205003     20.410005
      1.780000      8.982953      8.982953     17.965906
      1.800000      7.796130      7.796130     15.592260
      1.820000      6.940002      6.940002     13.880005
      1.840000      6.581845      6.581845     13.163689
      1.860000      6.724680      6.724680     13.449361
      1.880000      7.231193      7.231193     14.462386
      1.900000      7.888305      7.888305     15.776610
      1.920000      8.481218      8.481218     16.962435
      1.940000      8.848921      8.848921     17.697841
      1.960000      8.907835      8.907835     17.815670
      1.980000      8.647742      8.647742     17.295484
      2.000000      8.114926      8.114926     16.229852
      2.020000      7.396395      7.396395     14.792790
      2.040000      6.609111      6.609111     13.218221
      2.060000      5.888392      5.888392     11.776785
      2.080000      5.367939      5.367939     10.735879
      2.100000      5.151178      5.151178     10.302355
      2.120000      5.283324      5.283324     10.566648
      2.140000      5.737540      5.737540     11.475080
      2.160000      6.423265      6.423265     12.846530
      2.180000      7.213744      7.213744     14.427488
      2.200000      7.980559      7.980559     15.961119
      2.220000      8.621772      8.621772     17.243544
      2.240000      9.077059      9.077059     18.154118
      2.260000      9.331877      9.331877     18.663755
      2.280000      9.415740      9.415740     18.831480
      2.300000      9.395434      9.395434     18.790868
      2.320000      9.358314      9.358314     18.716628
      2.340000      9.382124      9.382124     18.764247
      2.360000      9.498158      9.498158     18.996316
      2.380000      9.665971      9.665971     19.331942
      2.400000      9.778505      9.778505     19.557010
      2.420000      9.702085      9.702085     19.404171
      2.440000      9.334578      9.334578     18.669156
      2.460000      8.652318      8.652318     17.304635
      2.480000      7.721759      7.721759     15.443518
      2.500000      6.671620      6.671620     13.343240
      2.520000      5.642250      5.642250     11.284500
      2.540000      4.738396      4.738396      9.476793
      2.560000      4.005926      4.005926      8.011852
      2.580000      3.438345      3.438345      6.876690
      2.600000      3.004507      3.004507      6.009014
      2.620000      2.681333      2.681333      5.362667
      2.640000      2.475827      2.475827      4.951654
      2.660000      2.426819      2.426819      4.853638
      2.680000      2.585454      2.585454      5.170908
      2.700000      2.981910      2.981910      5.963820
      2.720000      3.592333      3.592333      7.184666
      2.740000      4.322184      4.322184      8.644368
      2.760000      5.017920      5.017920     10.035841
      2.780000      5.507791      5.507791     11.015583
      2.800000      5.658401      5.658401     11.316802
      2.820000      5.424043      5.424043     10.848086
      2.840000      4.867328      4.867328      9.734656
      2.860000      4.142451      4.142451      8.284903
      2.880000      3.449135      3.449135      6.898269
      2.900000      2.975780      2.975780      5.951561
      2.920000      2.850129      2.850129      5.700257
      2.940000      3.108361      3.108361      6.216722
      2.960000      3.686695      3.686695      7.373390
      2.980000      4.436817      4.436817      8.873634
      3.000000      5.165052      5.165052     10.330104
      3.020000      5.689724      5.689724     11.379448
      3.040000      5.901276      5.901276     11.802552
      3.060000      5.802126      5.802126     11.604251
      3.080000      5.506222      5.506222     11.012444
      3.100000      5.193977      5.193977     10.387954
      3.120000      5.039285      5.039285     10.078570
      3.140000      5.139921      5.139921     10.279841
      3.160000      5.482158      5.482158     10.964316
      3.180000      5.954944      5.954944     11.909888
      3.200000      6.405891      6.405891     12.811782
      3.220000      6.712047      6.712047     13.424094
      3.240000      6.832432      6.832432     13.664864
      3.260000      6.819879      6.819879     13.639758
      3.280000      6.790892      6.790892     13.581783
      3.300000      6.871783      6.871783     13.743566
      3.320000      7.146571      7.146571     14.293141
      3.340000      7.625352      7.625352     15.250704
      3.360000      8.239010      8.239010     16.478019
      3.380000      8.856944      8.856944     17.713888
      3.400000      9.322223      9.322223     18.644447
      3.420000      9.498421      9.498421     18.996843
      3.440000      9.318661      9.318661     18.637321
      3.460000      8.820661      8.820661     17.641322
      3.480000      8.149208      8.149208     16.298416
      3.500000      7.516248      7.516248     15.032496
      3.520000      7.127677      7.127677     14.255354
      3.540000      7.104863      7.104863     14.209726
      3.560000      7.436057      7.436057     14.872115
      3.580000      7.981979      7.981979     15.963958
      3.600000      8.535074      8.535074     17.070147
      3.620000      8.905648      8.905648     17.811296
      3.640000      8.994554      8.994554     17.989109
      3.660000      8.819568      8.819568     17.639136
      3.680000      8.487432      8.487432     16.974863
      3.700000      8.131588      8.131588     16.263177
      3.720000      7.850653      7.850653     15.701305
      3.740000      7.677181      7.677181     15.354363
      3.760000      7.586022      7.586022     15.172043
      3.780000      7.529952      7.529952     15.059903
      3.800000      7.479155      7.479155     14.958309
      3.820000      7.443301      7.443301     14.886603
      3.840000      7.466448      7.466448     14.932896
      3.860000      7.598987      7.598987     15.197973
      3.880000      7.862149      7.862149     15.724297
      3.900000      8.224969      8.224969     16.449937
      3.920000      8.608253      8.608253     17.216505
      3.940000      8.915561      8.915561     17.831123
      3.960000      9.074377      9.074377     18.148754
      3.980000      9.062651      9.062651     18.125302
      4.000000      8.904404      8.904404     17.808807
      4.020000      8.639031      8.639031     17.278061
      4.040000      8.287729      8.287729     16.575458
      4.060000      7.842371      7.842371     15.684741
      4.080000      7.285168      7.285168     14.570336
      4.100000      6.624546      6.624546     13.249091
      4.120000      5.921154      5.921154     11.842307
      4.140000      5.285641      5.285641     10.571282
      4.160000      4.849093      4.849093      9.698187
      4.180000      4.722846      4.722846      9.445692
      4.200000      4.966667      4.966667      9.933335
      4.220000      5.574990      5.574990     11.149980
      4.240000      6.479699      6.479699     12.959397
      4.260000      7.563302      7.563302     15.126604
      4.280000      8.678620      8.678620     17.357239
      4.300000      9.674474      9.674474     19.348947
      4.320000     10.425598     10.425598     20.851196
      4.340000     10.859279     10.859279     21.718557
      4.360000     10.967239     10.967239     21.934478
      4.380000     10.795278     10.795278     21.590556
      4.400000     10.414861     10.414861     20.829721
      4.420000      9.892283      9.892283     19.784566
      4.440000      9.272513      9.272513     18.545026
      4.460000      8.584135      8.584135     17.168269
      4.480000      7.856860      7.856860     15.713721
      4.500000      7.135632      7.135632     14.271264
      4.520000      6.480554      6.480554     12.961109
      4.540000      5.954201      5.954201     11.908401
      4.560000      5.606482      5.606482     11.212964
      4.580000      5.466389      5.466389     10.932779
      4.600000      5.542345      5.542345     11.084690
      4.620000      5.826232      5.826232     11.652465
      4.640000      6.295164      6.295164     12.590328
      4.660000      6.908763      6.908763     13.817527
      4.680000      7.604303      7.604303     15.208607
      4.700000      8.294685      8.294685     16.589369
      4.720000      8.874482      8.874482     17.748964
      4.740000      9.237332      9.237332     18.474663
      4.760000      9.303425      9.303425     18.606850
      4.780000      9.049432      9.049432     18.098863
      4.800000      8.527859      8.527859     17.055717
      4.820000      7.863180      7.863180     15.726361
      4.840000      7.220197      7.220197     14.440393
      4.860000      6.752910      6.752910     13.505819
      4.880000      6.552778      6.552778     13.105555
      4.900000      6.617293      6.617293     13.234586
      4.920000      6.852032      6.852032     13.704064
      4.940000      7.105518      7.105518     14.211036
      4.960000      7.222957      7.222957     14.445915
      4.980000      7.097930      7.097930     14.195860
      5.000000      6.703202      6.703202     13.406404
      5.020000      6.091626      6.091626     12.183252
      5.040000      5.370792      5.370792     10.741583
      5.060000      4.664641      4.664641      9.329283
      5.080000      4.077589      4.077589      8.155178
      5.100000      3.672053      3.672053      7.344107
      5.120000      3.462685      3.462685      6.925370
      5.140000      3.424363      3.424363      6.848725
      5.160000      3.508268      3.508268      7.016535
      5.180000      3.660092      3.660092      7.320183
      5.200000      3.835102      3.835102      7.670203
      5.220000      4.005902      4.005902      8.011805
      5.240000      4.161034      4.161034      8.322068
      5.260000      4.296182      4.296182      8.592364
      5.280000      4.403325      4.403325      8.806650
      5.300000      4.464363      4.464363      8.928727
      5.320000      4.453428      4.453428      8.906856
      5.340000      4.347279      4.347279      8.694558
      5.360000      4.138710      4.138710      8.277420
      5.380000      3.846405      3.846405      7.692810
      5.400000      3.516913      3.516913      7.033825
      5.420000      3.218599      3.218599      6.437198
      5.440000      3.030588      3.030588      6.061176
      5.460000      3.029929      3.029929      6.059858
      5.480000      3.278117      3.278117      6.556234
      5.500000      3.806507      3.806507      7.613013
      5.520000      4.601551      4.601551      9.203101
      5.540000      5.594891      5.594891     11.189782
      5.560000      6.666404      6.666404     13.332808
      5.580000      7.666037      7.666037     15.332073
      5.600000      8.451702      8.451702     16.903404
      5.620000      8.930168      8.930168     17.860335
      5.640000      9.083257      9.083257     18.166515
      5.660000      8.967286      8.967286     17.934573
      5.680000      8.686838      8.686838     17.373676
      5.700000      8.356441      8.356441     16.712881
      5.720000      8.067651      8.067651     16.135303
      5.740000      7.872958      7.872958     15.745917
      5.760000      7.786955      7.786955     15.573911
      5.780000      7.796761      7.796761     15.593523
      5.800000      7.872214      7.872214     15.744428
      5.820000      7.971407      7.971407     15.942814
      5.840000      8.044108      8.044108     16.088217
      5.860000      8.039119      8.039119     16.078237
      5.880000      7.918647      7.918647     15.837294
      5.900000      7.675247      7.675247     15.350493
      5.920000      7.340697      7.340697     14.681394
      5.940000      6.977496      6.977496     13.954991
      5.960000      6.653121      6.653121     13.306243
      5.980000      6.408968      6.408968     12.817936
      6.000000      6.241314      6.241314     12.482627
      6.020000      6.106441      6.106441     12.212883
      6.040000      5.949266      5.949266     11.898533
      6.060000      5.742538      5.742538     11.485077
      6.080000      5.518471      5.518471     11.036941
      6.100000      5.377872      5.377872     10.755744
      6.120000      5.470427      5.470427     10.940854
      6.140000      5.949788      5.949788     11.899575
      6.160000      6.915989      6.915989     13.831979
      6.180000      8.363643      8.363643     16.727285
      6.200000     10.155279     10.155279     20.310557
      6.220000     12.033236     12.033236     24.066473
      6.240000     13.671116     13.671116     27.342232
      6.260000     14.751332     14.751332     29.502665
      6.280000     15.044972     15.044972     30.089945
      6.300000     14.468722     14.468722     28.937444
      6.320000     13.101582     13.101582     26.203164
      6.340000     11.157888     11.157888     22.315776
      6.360000      8.927457      8.927457     17.854914
      6.380000      6.703499      6.703499     13.406998
      6.400000      4.721084      4.721084      9.442168
      6.420000      3.122866      3.122866      6.245731
      6.440000      1.957151      1.957151      3.914302
      6.460000      1.201380      1.201380      2.402761
      6.480000      0.796708      0.796708      1.593416
      6.500000      0.679003      0.679003      1.358006
      6.520000      0.796906      0.796906      1.593812
      6.540000      1.115041      1.115041      2.230083
      6.560000      1.606679      1.606679      3.213357
      6.580000      2.243060      2.243060      4.486120
      6.600000      2.985947      2.985947      5.971894
      6.620000      3.786680      3.786680      7.573360
      6.640000      4.591184      4.591184      9.182368
      6.660000      5.347993      5.347993     10.695987
      6.680000      6.016493      6.016493     12.032985
      6.700000      6.574060      6.574060     13.148120
      6.720000      7.021374      7.021374     14.042748
      6.740000      7.383822      7.383822     14.767643
      6.760000      7.705420      7.705420     15.410840
      6.780000      8.033059      8.033059     16.066118
      6.800000      8.394271      8.394271     16.788542
      6.820000      8.778173      8.778173     17.556346
      6.840000      9.131499      9.131499     18.262998
      6.860000      9.376535      9.376535     18.753071
      6.880000      9.446929      9.446929     18.893858
      6.900000      9.326511      9.326511     18.653023
      6.920000      9.071645      9.071645     18.143291
      6.940000      8.802574      8.802574     17.605147
      6.960000      8.662466      8.662466     17.324932
      6.980000      8.758678      8.758678     17.517356
      7.000000      9.111234      9.111234     18.222468
      7.020000      9.632410      9.632410     19.264821
      7.040000     10.148152     10.148152     20.296303
      7.060000     10.453394     10.453394     20.906789
      7.080000     10.379136     10.379136     20.758271
      7.100000      9.846216      9.846216     19.692432
      7.120000      8.889133      8.889133     17.778266
      7.140000      7.646734      7.646734     15.293467
      7.160000      6.328117      6.328117     12.656234
      7.180000      5.167279      5.167279     10.334559
      7.200000      4.378820      4.378820      8.757640
      7.220000      4.122041      4.122041      8.244083
      7.240000      4.475739      4.475739      8.951479
      7.260000      5.423747      5.423747     10.847494
      7.280000      6.852468      6.852468     13.704937
      7.300000      8.563944      8.563944     17.127887
      7.320000     10.307777     10.307777     20.615554
      7.340000     11.830323     11.830323     23.660646
      7.360000     12.931346     12.931346     25.862692
      7.380000     13.511351     13.511351     27.022703
      7.400000     13.591933     13.591933     27.183867
      7.420000     13.299002     13.299002     26.598003
      7.440000     12.812862     12.812862     25.625725
      7.460000     12.303843     12.303843     24.607686
      7.480000     11.879726     11.879726     23.759452
      7.500000     11.566093     11.566093     23.132186
      7.520000     11.323838     11.323838     22.647677
      7.540000     11.088606     11.088606     22.177212
      7.560000     10.807143     10.807143     21.614286
      7.580000     10.452388     10.452388     20.904776
      7.600000     10.017377     10.017377     20.034755
      7.620000      9.503518      9.503518     19.007037
      7.640000      8.919245      8.919245     17.838490
      7.660000      8.291157      8.291157     16.582315
      7.680000      7.674492      7.674492     15.348984
      7.700000      7.147181      7.147181     14.294363
      7.720000      6.784279      6.784279     13.568558
      7.740000      6.626179      6.626179     13.252358
      7.760000      6.660686      6.660686     13.321373
      7.780000      6.830390      6.830390     13.660780
      7.800000      7.060327      7.060327     14.120655
      7.820000      7.289189      7.289189     14.578379
      7.840000      7.487916      7.487916     14.975833
      7.860000      7.660072      7.660072     15.320144
      7.880000      7.829873      7.829873     15.659747
      7.900000      8.028172      8.028172     16.056344
      7.920000      8.282753      8.282753     16.565505
      7.940000      8.612378      8.612378     17.224755
      7.960000      9.020870      9.020870     18.041741
      7.980000      9.490339      9.490339     18.980678
      8.000000      9.977592      9.977592     19.955184
      8.020000     10.419073     10.419073     20.838146
      8.040000     10.745409     10.745409     21.490819
      8.060000     10.900697     10.900697     21.801395
      8.080000     10.858988     10.858988     21.717976
      8.100000     10.632527     10.632527     21.265054
      8.120000     10.270127     10.270127     20.540255
      8.140000      9.846455      9.846455     19.692911
      8.160000      9.444172      9.444172     18.888343
      8.180000      9.132653      9.132653     18.265306
      8.200000      8.949435      8.949435     17.898869
      8.220000      8.890782      8.890782     17.781563
      8.240000      8.914169      8.914169     17.828337
      8.260000      8.950215      8.950215     17.900430
      8.280000      8.919092      8.919092     17.838185
      8.300000      8.748069      8.748069     17.496138
      8.320000      8.389479      8.389479     16.778958
      8.340000      7.837737      7.837737     15.675475
      8.360000      7.140110      7.140110     14.280220
      8.380000      6.393461      6.393461     12.786923
      8.400000      5.722868      5.722868     11.445737
      8.420000      5.247154      5.247154     10.494309
      8.440000      5.045039      5.045039     10.090079
      8.460000      5.137096      5.137096     10.274193
      8.480000      5.491147      5.491147     10.982295
      8.500000      6.046417      6.046417     12.092835
      8.520000      6.741887      6.741887     13.483775
      8.540000      7.532601      7.532601     15.065201
      8.560000      8.385254      8.385254     16.770509
      8.580000      9.257338      9.257338     18.514676
      8.600000     10.075286     10.075286     20.150573
      8.620000     10.729793     10.729793     21.459587
      8.640000     11.097992     11.097992     22.195983
      8.660000     11.086688     11.086688     22.173376
      8.680000     10.677287     10.677287     21.354575
      8.700000      9.949943      9.949943     19.899886
      8.720000      9.073627      9.073627     18.147253
      8.740000      8.264222      8.264222     16.528445
      8.760000      7.725523      7.725523     15.451046
      8.780000      7.593061      7.593061     15.186121
      8.800000      7.898668      7.898668     15.797335
      8.820000      8.567206      8.567206     17.134412
      8.840000      9.447169      9.447169     18.894338
      8.860000     10.364323     10.364323     20.728647
      8.880000     11.176382     11.176382     22.352765
      8.900000     11.804648     11.804648     23.609297
      8.920000     12.230557     12.230557     24.461114
      8.940000     12.465827     12.465827     24.931654
      8.960000     12.520271     12.520271     25.040542
      8.980000     12.389330     12.389330     24.778660
      9.000000     12.065478     12.065478     24.130956
      9.020000     11.558618     11.558618     23.117236
      9.040000     10.905837     10.905837     21.811674
      9.060000     10.163005     10.163005     20.326010
      9.080000      9.387693      9.387693     18.775387
      9.100000      8.629516      8.629516     17.259032
      9.120000      7.935400      7.935400     15.870801
      9.140000      7.362226      7.362226     14.724453
      9.160000      6.981255      6.981255     13.962510
      9.180000      6.864346      6.864346     13.728692
      9.200000      7.056198      7.056198     14.112396
      9.220000      7.548615      7.548615     15.097230
      9.240000      8.273764      8.273764     16.547527
      9.260000      9.123180      9.123180     18.246360
      9.280000      9.984597      9.984597     19.969194
      9.300000     10.778365     10.778365     21.556730
      9.320000     11.475267     11.475267     22.950535
      9.340000     12.087912     12.087912     24.175825
      9.360000     12.642738     12.642738     25.285477
      9.380000     13.150540     13.150540     26.301079
      9.400000     13.593788     13.593788     27.187577
      9.420000     13.938466     13.938466     27.876933
      9.440000     14.162461     14.162461     28.324921
      9.460000     14.281114     14.281114     28.562228
      9.480000     14.350705     14.350705     28.701411
      9.500000     14.443527     14.443527     28.887054
      9.520000     14.606962     14.606962     29.213925
      9.540000     14.831668     14.831668     29.663336
      9.560000     15.050938     15.050938     30.101876
      9.580000     15.174639     15.174639     30.349278
      9.600000     15.138318     15.138318     30.276636
      9.620000     14.937326     14.937326     29.874652
      9.640000     14.625413     14.625413     29.250826
      9.660000     14.280546     14.280546     28.561093
      9.680000     13.960820     13.960820     27.921640
      9.700000     13.676518     13.676518     27.353035
      9.720000     13.390967     13.390967     26.781934
      9.740000     13.044698     13.044698     26.089396
      9.760000     12.587183     12.587183     25.174365
      9.780000     12.001487     12.001487     24.002974
      9.800000     11.314362     11.314362     22.628725
      9.820000     10.591049     10.591049     21.182099
      9.840000      9.917967      9.917967     19.835933
      9.860000      9.378664      9.378664     18.757329
      9.880000      9.030077      9.030077     18.060154
      9.900000      8.886480      8.886480     17.772960
      9.920000      8.916475      8.916475     17.832951
      9.940000      9.053886      9.053886     18.107773
      9.960000      9.218378      9.218378     18.436756
      9.980000      9.338132      9.338132     18.676265
     10.000000      9.366539      9.366539     18.733079
