# EIG2DOS: Utility for SIESTA to obtain the electronic density of states
#  E. Artacho, Apr 1999, A. Garcia, Apr 2012
# ------------------------------------------
# Eigenvalues read from GRP_doping.EIG
# Using smearing parameter:   0.100
# Using   1001 points in energy range
# Selected bands: 1 to: 936
# Emin, emax in file for selected band(s):    -42.9980000    222.0301200
# Nbands, Nspin, Nk   =    936     1   231
# E_F                 =    -3.7248 eV --> (shifted to ZERO)
# Broadening          =     0.1000 eV
#
#        E            N(up)  (=)   N(down)         Ntot
    -10.000000     15.620303     15.620303     31.240607
     -9.980000     15.747124     15.747124     31.494247
     -9.960000     14.989336     14.989336     29.978671
     -9.940000     13.587018     13.587018     27.174036
     -9.920000     11.920148     11.920148     23.840296
     -9.900000     10.397194     10.397194     20.794388
     -9.880000      9.340986      9.340986     18.681972
     -9.860000      8.906567      8.906567     17.813133
     -9.840000      9.052926      9.052926     18.105852
     -9.820000      9.572715      9.572715     19.145430
     -9.800000     10.166770     10.166770     20.333541
     -9.780000     10.538326     10.538326     21.076653
     -9.760000     10.478147     10.478147     20.956294
     -9.740000      9.916962      9.916962     19.833925
     -9.720000      8.933187      8.933187     17.866374
     -9.700000      7.717857      7.717857     15.435714
     -9.680000      6.510837      6.510837     13.021675
     -9.660000      5.529432      5.529432     11.058864
     -9.640000      4.910977      4.910977      9.821953
     -9.620000      4.684991      4.684991      9.369983
     -9.600000      4.780267      4.780267      9.560534
     -9.580000      5.061327      5.061327     10.122654
     -9.560000      5.380410      5.380410     10.760819
     -9.540000      5.627388      5.627388     11.254776
     -9.520000      5.761215      5.761215     11.522430
     -9.500000      5.812206      5.812206     11.624412
     -9.480000      5.854091      5.854091     11.708182
     -9.460000      5.956673      5.956673     11.913346
     -9.440000      6.140070      6.140070     12.280139
     -9.420000      6.353924      6.353924     12.707848
     -9.400000      6.495412      6.495412     12.990825
     -9.380000      6.460513      6.460513     12.921025
     -9.360000      6.203620      6.203620     12.407240
     -9.340000      5.773374      5.773374     11.546749
     -9.320000      5.303247      5.303247     10.606493
     -9.300000      4.958683      4.958683      9.917366
     -9.280000      4.865290      4.865290      9.730580
     -9.260000      5.052519      5.052519     10.105038
     -9.240000      5.440198      5.440198     10.880397
     -9.220000      5.875277      5.875277     11.750554
     -9.200000      6.202716      6.202716     12.405432
     -9.180000      6.338073      6.338073     12.676146
     -9.160000      6.307826      6.307826     12.615652
     -9.140000      6.238383      6.238383     12.476766
     -9.120000      6.299144      6.299144     12.598287
     -9.100000      6.626231      6.626231     13.252461
     -9.080000      7.260697      7.260697     14.521393
     -9.060000      8.125689      8.125689     16.251379
     -9.040000      9.048421      9.048421     18.096842
     -9.020000      9.815492      9.815492     19.630984
     -9.000000     10.240998     10.240998     20.481996
     -8.980000     10.226028     10.226028     20.452057
     -8.960000      9.792165      9.792165     19.584330
     -8.940000      9.078152      9.078152     18.156303
     -8.920000      8.298580      8.298580     16.597159
     -8.900000      7.676199      7.676199     15.352398
     -8.880000      7.371270      7.371270     14.742540
     -8.860000      7.434780      7.434780     14.869561
     -8.840000      7.802650      7.802650     15.605300
     -8.820000      8.328754      8.328754     16.657508
     -8.800000      8.837066      8.837066     17.674132
     -8.780000      9.168553      9.168553     18.337106
     -8.760000      9.208537      9.208537     18.417074
     -8.740000      8.895946      8.895946     17.791893
     -8.720000      8.224591      8.224591     16.449182
     -8.700000      7.243340      7.243340     14.486679
     -8.680000      6.052987      6.052987     12.105974
     -8.660000      4.793279      4.793279      9.586558
     -8.640000      3.618347      3.618347      7.236694
     -8.620000      2.667455      2.667455      5.334910
     -8.600000      2.041673      2.041673      4.083346
     -8.580000      1.792583      1.792583      3.585165
     -8.560000      1.920993      1.920993      3.841987
     -8.540000      2.379461      2.379461      4.758922
     -8.520000      3.075278      3.075278      6.150556
     -8.500000      3.877087      3.877087      7.754173
     -8.480000      4.631692      4.631692      9.263383
     -8.460000      5.194030      5.194030     10.388060
     -8.440000      5.464409      5.464409     10.928818
     -8.420000      5.419334      5.419334     10.838668
     -8.400000      5.121377      5.121377     10.242753
     -8.380000      4.701006      4.701006      9.402011
     -8.360000      4.315129      4.315129      8.630257
     -8.340000      4.096885      4.096885      8.193769
     -8.320000      4.114398      4.114398      8.228797
     -8.300000      4.352098      4.352098      8.704196
     -8.280000      4.719638      4.719638      9.439277
     -8.260000      5.084353      5.084353     10.168706
     -8.240000      5.316369      5.316369     10.632738
     -8.220000      5.332324      5.332324     10.664647
     -8.200000      5.124204      5.124204     10.248409
     -8.180000      4.763914      4.763914      9.527827
     -8.160000      4.381072      4.381072      8.762144
     -8.140000      4.119975      4.119975      8.239950
     -8.120000      4.089176      4.089176      8.178351
     -8.100000      4.321197      4.321197      8.642393
     -8.080000      4.758158      4.758158      9.516316
     -8.060000      5.271005      5.271005     10.542010
     -8.040000      5.707335      5.707335     11.414670
     -8.020000      5.950046      5.950046     11.900092
     -8.000000      5.962351      5.962351     11.924702
     -7.980000      5.798774      5.798774     11.597548
     -7.960000      5.576337      5.576337     11.152674
     -7.940000      5.418738      5.418738     10.837476
     -7.920000      5.399361      5.399361     10.798721
     -7.900000      5.509370      5.509370     11.018740
     -7.880000      5.664826      5.664826     11.329651
     -7.860000      5.748390      5.748390     11.496780
     -7.840000      5.666136      5.666136     11.332272
     -7.820000      5.394910      5.394910     10.789821
     -7.800000      5.001714      5.001714     10.003427
     -7.780000      4.629315      4.629315      9.258630
     -7.760000      4.455158      4.455158      8.910317
     -7.740000      4.638413      4.638413      9.276825
     -7.720000      5.271261      5.271261     10.542523
     -7.700000      6.347281      6.347281     12.694563
     -7.680000      7.754883      7.754883     15.509765
     -7.660000      9.298450      9.298450     18.596900
     -7.640000     10.743248     10.743248     21.486496
     -7.620000     11.872070     11.872070     23.744139
     -7.600000     12.535112     12.535112     25.070224
     -7.580000     12.675275     12.675275     25.350550
     -7.560000     12.321879     12.321879     24.643758
     -7.540000     11.562198     11.562198     23.124396
     -7.520000     10.511327     10.511327     21.022654
     -7.500000      9.298040      9.298040     18.596080
     -7.480000      8.068886      8.068886     16.137773
     -7.460000      6.996235      6.996235     13.992470
     -7.440000      6.270692      6.270692     12.541384
     -7.420000      6.067930      6.067930     12.135861
     -7.400000      6.497793      6.497793     12.995586
     -7.380000      7.558313      7.558313     15.116625
     -7.360000      9.120335      9.120335     18.240671
     -7.340000     10.957127     10.957127     21.914253
     -7.320000     12.811728     12.811728     25.623456
     -7.300000     14.473221     14.473221     28.946441
     -7.280000     15.824848     15.824848     31.649697
     -7.260000     16.840559     16.840559     33.681118
     -7.240000     17.536610     17.536610     35.073221
     -7.220000     17.912396     17.912396     35.824791
     -7.200000     17.919761     17.919761     35.839521
     -7.180000     17.478736     17.478736     34.957472
     -7.160000     16.525892     16.525892     33.051784
     -7.140000     15.062620     15.062620     30.125240
     -7.120000     13.175579     13.175579     26.351157
     -7.100000     11.022243     11.022243     22.044486
     -7.080000      8.793630      8.793630     17.587260
     -7.060000      6.672744      6.672744     13.345487
     -7.040000      4.802463      4.802463      9.604926
     -7.020000      3.268449      3.268449      6.536897
     -7.000000      2.096904      2.096904      4.193808
     -6.980000      1.264266      1.264266      2.528532
     -6.960000      0.714362      0.714362      1.428724
     -6.940000      0.377637      0.377637      0.755274
     -6.920000      0.187458      0.187458      0.374916
     -6.900000      0.090601      0.090601      0.181202
     -6.880000      0.051975      0.051975      0.103950
     -6.860000      0.055883      0.055883      0.111766
     -6.840000      0.106745      0.106745      0.213491
     -6.820000      0.231007      0.231007      0.462014
     -6.800000      0.479343      0.479343      0.958686
     -6.780000      0.925173      0.925173      1.850346
     -6.760000      1.653440      1.653440      3.306879
     -6.740000      2.734986      2.734986      5.469972
     -6.720000      4.188436      4.188436      8.376871
     -6.700000      5.942046      5.942046     11.884091
     -6.680000      7.816828      7.816828     15.633657
     -6.660000      9.550959      9.550959     19.101918
     -6.640000     10.869572     10.869572     21.739143
     -6.620000     11.578722     11.578722     23.157444
     -6.600000     11.642576     11.642576     23.285152
     -6.580000     11.203994     11.203994     22.407988
     -6.560000     10.534104     10.534104     21.068209
     -6.540000      9.932674      9.932674     19.865348
     -6.520000      9.625906      9.625906     19.251812
     -6.500000      9.706380      9.706380     19.412761
     -6.480000     10.133613     10.133613     20.267226
     -6.460000     10.781173     10.781173     21.562346
     -6.440000     11.497640     11.497640     22.995279
     -6.420000     12.152431     12.152431     24.304863
     -6.400000     12.656208     12.656208     25.312416
     -6.380000     12.963258     12.963258     25.926517
     -6.360000     13.068620     13.068620     26.137239
     -6.340000     13.005889     13.005889     26.011778
     -6.320000     12.842336     12.842336     25.684672
     -6.300000     12.665264     12.665264     25.330528
     -6.280000     12.559221     12.559221     25.118441
     -6.260000     12.581335     12.581335     25.162671
     -6.240000     12.744322     12.744322     25.488643
     -6.220000     13.011911     13.011911     26.023823
     -6.200000     13.305081     13.305081     26.610161
     -6.180000     13.515630     13.515630     27.031260
     -6.160000     13.526874     13.526874     27.053748
     -6.140000     13.243080     13.243080     26.486161
     -6.120000     12.624185     12.624185     25.248370
     -6.100000     11.712411     11.712411     23.424822
     -6.080000     10.632433     10.632433     21.264866
     -6.060000      9.554990      9.554990     19.109981
     -6.040000      8.633552      8.633552     17.267104
     -6.020000      7.942427      7.942427     15.884855
     -6.000000      7.448627      7.448627     14.897254
     -5.980000      7.034061      7.034061     14.068123
     -5.960000      6.558061      6.558061     13.116123
     -5.940000      5.929093      5.929093     11.858187
     -5.920000      5.151705      5.151705     10.303411
     -5.900000      4.330457      4.330457      8.660915
     -5.880000      3.635274      3.635274      7.270547
     -5.860000      3.247884      3.247884      6.495769
     -5.840000      3.310037      3.310037      6.620073
     -5.820000      3.885358      3.885358      7.770716
     -5.800000      4.938004      4.938004      9.876007
     -5.780000      6.328791      6.328791     12.657582
     -5.760000      7.831605      7.831605     15.663210
     -5.740000      9.172775      9.172775     18.345549
     -5.720000     10.089628     10.089628     20.179255
     -5.700000     10.394107     10.394107     20.788213
     -5.680000     10.020616     10.020616     20.041232
     -5.660000      9.040276      9.040276     18.080553
     -5.640000      7.636428      7.636428     15.272857
     -5.620000      6.052017      6.052017     12.104035
     -5.600000      4.529972      4.529972      9.059944
     -5.580000      3.267569      3.267569      6.535138
     -5.560000      2.395963      2.395963      4.791925
     -5.540000      1.982473      1.982473      3.964947
     -5.520000      2.043491      2.043491      4.086983
     -5.500000      2.554758      2.554758      5.109516
     -5.480000      3.453034      3.453034      6.906068
     -5.460000      4.633246      4.633246      9.266491
     -5.440000      5.950924      5.950924     11.901848
     -5.420000      7.237077      7.237077     14.474154
     -5.400000      8.323942      8.323942     16.647884
     -5.380000      9.072639      9.072639     18.145278
     -5.360000      9.393609      9.393609     18.787218
     -5.340000      9.257157      9.257157     18.514314
     -5.320000      8.697575      8.697575     17.395150
     -5.300000      7.814163      7.814163     15.628326
     -5.280000      6.766921      6.766921     13.533842
     -5.260000      5.760446      5.760446     11.520892
     -5.240000      5.011887      5.011887     10.023774
     -5.220000      4.706709      4.706709      9.413417
     -5.200000      4.953751      4.953751      9.907501
     -5.180000      5.754099      5.754099     11.508198
     -5.160000      6.995579      6.995579     13.991159
     -5.140000      8.477444      8.477444     16.954889
     -5.120000      9.959587      9.959587     19.919174
     -5.100000     11.220259     11.220259     22.440519
     -5.080000     12.101264     12.101264     24.202528
     -5.060000     12.524899     12.524899     25.049798
     -5.040000     12.481714     12.481714     24.963428
     -5.020000     12.003637     12.003637     24.007274
     -5.000000     11.142528     11.142528     22.285056
     -4.980000      9.965922      9.965922     19.931844
     -4.960000      8.566501      8.566501     17.133003
     -4.940000      7.071288      7.071288     14.142575
     -4.920000      5.637437      5.637437     11.274874
     -4.900000      4.431103      4.431103      8.862207
     -4.880000      3.595708      3.595708      7.191416
     -4.860000      3.219984      3.219984      6.439968
     -4.840000      3.314712      3.314712      6.629425
     -4.820000      3.804463      3.804463      7.608926
     -4.800000      4.539205      4.539205      9.078411
     -4.780000      5.328123      5.328123     10.656246
     -4.760000      5.990791      5.990791     11.981583
     -4.740000      6.410121      6.410121     12.820242
     -4.720000      6.564508      6.564508     13.129015
     -4.700000      6.521663      6.521663     13.043326
     -4.680000      6.394267      6.394267     12.788533
     -4.660000      6.278306      6.278306     12.556613
     -4.640000      6.205133      6.205133     12.410266
     -4.620000      6.130581      6.130581     12.261162
     -4.600000      5.963771      5.963771     11.927543
     -4.580000      5.617411      5.617411     11.234822
     -4.560000      5.052539      5.052539     10.105078
     -4.540000      4.297174      4.297174      8.594349
     -4.520000      3.434252      3.434252      6.868505
     -4.500000      2.569550      2.569550      5.139101
     -4.480000      1.797223      1.797223      3.594447
     -4.460000      1.177561      1.177561      2.355122
     -4.440000      0.732680      0.732680      1.465360
     -4.420000      0.456957      0.456957      0.913914
     -4.400000      0.334157      0.334157      0.668314
     -4.380000      0.352987      0.352987      0.705973
     -4.360000      0.515325      0.515325      1.030650
     -4.340000      0.834606      0.834606      1.669212
     -4.320000      1.324892      1.324892      2.649785
     -4.300000      1.984267      1.984267      3.968534
     -4.280000      2.779202      2.779202      5.558404
     -4.260000      3.638206      3.638206      7.276412
     -4.240000      4.461287      4.461287      8.922574
     -4.220000      5.145706      5.145706     10.291412
     -4.200000      5.619964      5.619964     11.239928
     -4.180000      5.871336      5.871336     11.742672
     -4.160000      5.952050      5.952050     11.904099
     -4.140000      5.957267      5.957267     11.914534
     -4.120000      5.981536      5.981536     11.963071
     -4.100000      6.072777      6.072777     12.145555
     -4.080000      6.206896      6.206896     12.413792
     -4.060000      6.298043      6.298043     12.596085
     -4.040000      6.242294      6.242294     12.484588
     -4.020000      5.974822      5.974822     11.949644
     -4.000000      5.512555      5.512555     11.025109
     -3.980000      4.960646      4.960646      9.921292
     -3.960000      4.478275      4.478275      8.956550
     -3.940000      4.217947      4.217947      8.435893
     -3.920000      4.263656      4.263656      8.527312
     -3.900000      4.593289      4.593289      9.186577
     -3.880000      5.080958      5.080958     10.161915
     -3.860000      5.539801      5.539801     11.079602
     -3.840000      5.789894      5.789894     11.579787
     -3.820000      5.725030      5.725030     11.450060
     -3.800000      5.351558      5.351558     10.703115
     -3.780000      4.784020      4.784020      9.568040
     -3.760000      4.201411      4.201411      8.402821
     -3.740000      3.784658      3.784658      7.569317
     -3.720000      3.661901      3.661901      7.323802
     -3.700000      3.881066      3.881066      7.762132
     -3.680000      4.414297      4.414297      8.828594
     -3.660000      5.184008      5.184008     10.368015
     -3.640000      6.092717      6.092717     12.185435
     -3.620000      7.041500      7.041500     14.082999
     -3.600000      7.933094      7.933094     15.866188
     -3.580000      8.668959      8.668959     17.337919
     -3.560000      9.155561      9.155561     18.311122
     -3.540000      9.328175      9.328175     18.656349
     -3.520000      9.183841      9.183841     18.367682
     -3.500000      8.801219      8.801219     17.602437
     -3.480000      8.326654      8.326654     16.653308
     -3.460000      7.924673      7.924673     15.849346
     -3.440000      7.715035      7.715035     15.430070
     -3.420000      7.729589      7.729589     15.459178
     -3.400000      7.911204      7.911204     15.822409
     -3.380000      8.151173      8.151173     16.302345
     -3.360000      8.339268      8.339268     16.678536
     -3.340000      8.397437      8.397437     16.794875
     -3.320000      8.284538      8.284538     16.569076
     -3.300000      7.981651      7.981651     15.963302
     -3.280000      7.478400      7.478400     14.956800
     -3.260000      6.774180      6.774180     13.548361
     -3.240000      5.892047      5.892047     11.784094
     -3.220000      4.891473      4.891473      9.782945
     -3.200000      3.867425      3.867425      7.734851
     -3.180000      2.934122      2.934122      5.868243
     -3.160000      2.202261      2.202261      4.404521
     -3.140000      1.760740      1.760740      3.521481
     -3.120000      1.667777      1.667777      3.335554
     -3.100000      1.948319      1.948319      3.896638
     -3.080000      2.591374      2.591374      5.182748
     -3.060000      3.544389      3.544389      7.088777
     -3.040000      4.708681      4.708681      9.417363
     -3.020000      5.944088      5.944088     11.888176
     -3.000000      7.088458      7.088458     14.176916
     -2.980000      7.989392      7.989392     15.978784
     -2.960000      8.537091      8.537091     17.074182
     -2.940000      8.684698      8.684698     17.369396
     -2.920000      8.448329      8.448329     16.896658
     -2.900000      7.889531      7.889531     15.779061
     -2.880000      7.091141      7.091141     14.182282
     -2.860000      6.138237      6.138237     12.276475
     -2.840000      5.109483      5.109483     10.218966
     -2.820000      4.076184      4.076184      8.152369
     -2.800000      3.102495      3.102495      6.204989
     -2.780000      2.242290      2.242290      4.484579
     -2.760000      1.533379      1.533379      3.066757
     -2.740000      0.993374      0.993374      1.986748
     -2.720000      0.621307      0.621307      1.242614
     -2.700000      0.405811      0.405811      0.811623
     -2.680000      0.337073      0.337073      0.674147
     -2.660000      0.417675      0.417675      0.835351
     -2.640000      0.667409      0.667409      1.334819
     -2.620000      1.118665      1.118665      2.237329
     -2.600000      1.801975      1.801975      3.603950
     -2.580000      2.725595      2.725595      5.451189
     -2.560000      3.857269      3.857269      7.714538
     -2.540000      5.117883      5.117883     10.235766
     -2.520000      6.392850      6.392850     12.785700
     -2.500000      7.558826      7.558826     15.117652
     -2.480000      8.515542      8.515542     17.031083
     -2.460000      9.210907      9.210907     18.421814
     -2.440000      9.652839      9.652839     19.305677
     -2.420000      9.907854      9.907854     19.815708
     -2.400000     10.087953     10.087953     20.175907
     -2.380000     10.323960     10.323960     20.647921
     -2.360000     10.723185     10.723185     21.446371
     -2.340000     11.318625     11.318625     22.637250
     -2.320000     12.031532     12.031532     24.063064
     -2.300000     12.674608     12.674608     25.349216
     -2.280000     13.008098     13.008098     26.016195
     -2.260000     12.830848     12.830848     25.661695
     -2.240000     12.063689     12.063689     24.127379
     -2.220000     10.782960     10.782960     21.565920
     -2.200000      9.189158      9.189158     18.378316
     -2.180000      7.531100      7.531100     15.062200
     -2.160000      6.025983      6.025983     12.051966
     -2.140000      4.810226      4.810226      9.620452
     -2.120000      3.933179      3.933179      7.866358
     -2.100000      3.383283      3.383283      6.766567
     -2.080000      3.126108      3.126108      6.252215
     -2.060000      3.136498      3.136498      6.272995
     -2.040000      3.415389      3.415389      6.830779
     -2.020000      3.988655      3.988655      7.977310
     -2.000000      4.888778      4.888778      9.777556
     -1.980000      6.122930      6.122930     12.245860
     -1.960000      7.636093      7.636093     15.272187
     -1.940000      9.284572      9.284572     18.569145
     -1.920000     10.838249     10.838249     21.676497
     -1.900000     12.023223     12.023223     24.046446
     -1.880000     12.598874     12.598874     25.197749
     -1.860000     12.442646     12.442646     24.885293
     -1.840000     11.605199     11.605199     23.210398
     -1.820000     10.307392     10.307392     20.614784
     -1.800000      8.876267      8.876267     17.752533
     -1.780000      7.645597      7.645597     15.291194
     -1.760000      6.861425      6.861425     13.722850
     -1.740000      6.627205      6.627205     13.254410
     -1.720000      6.902102      6.902102     13.804205
     -1.700000      7.542564      7.542564     15.085127
     -1.680000      8.362837      8.362837     16.725674
     -1.660000      9.189326      9.189326     18.378652
     -1.640000      9.893436      9.893436     19.786871
     -1.620000     10.400712     10.400712     20.801425
     -1.600000     10.683491     10.683491     21.366981
     -1.580000     10.747040     10.747040     21.494079
     -1.560000     10.617334     10.617334     21.234669
     -1.540000     10.335688     10.335688     20.671376
     -1.520000      9.962601      9.962601     19.925201
     -1.500000      9.588372      9.588372     19.176744
     -1.480000      9.340696      9.340696     18.681393
     -1.460000      9.374260      9.374260     18.748520
     -1.440000      9.831596      9.831596     19.663192
     -1.420000     10.780429     10.780429     21.560859
     -1.400000     12.152652     12.152652     24.305305
     -1.380000     13.719839     13.719839     27.439678
     -1.360000     15.129916     15.129916     30.259831
     -1.340000     16.001953     16.001953     32.003905
     -1.320000     16.045866     16.045866     32.091731
     -1.300000     15.158776     15.158776     30.317552
     -1.280000     13.459031     13.459031     26.918062
     -1.260000     11.247244     11.247244     22.494489
     -1.240000      8.915141      8.915141     17.830281
     -1.220000      6.840984      6.840984     13.681968
     -1.200000      5.307801      5.307801     10.615603
     -1.180000      4.463064      4.463064      8.926128
     -1.160000      4.318598      4.318598      8.637195
     -1.140000      4.777665      4.777665      9.555329
     -1.120000      5.674695      5.674695     11.349389
     -1.100000      6.817153      6.817153     13.634305
     -1.080000      8.022899      8.022899     16.045798
     -1.060000      9.148262      9.148262     18.296523
     -1.040000     10.103629     10.103629     20.207258
     -1.020000     10.856178     10.856178     21.712356
     -1.000000     11.422148     11.422148     22.844297
     -0.980000     11.851860     11.851860     23.703721
     -0.960000     12.209550     12.209550     24.419100
     -0.940000     12.549610     12.549610     25.099220
     -0.920000     12.893084     12.893084     25.786169
     -0.900000     13.211993     13.211993     26.423986
     -0.880000     13.430351     13.430351     26.860702
     -0.860000     13.446571     13.446571     26.893142
     -0.840000     13.172805     13.172805     26.345610
     -0.820000     12.577205     12.577205     25.154410
     -0.800000     11.710781     11.710781     23.421561
     -0.780000     10.704962     10.704962     21.409924
     -0.760000      9.737871      9.737871     19.475742
     -0.740000      8.980798      8.980798     17.961596
     -0.720000      8.544754      8.544754     17.089509
     -0.700000      8.446569      8.446569     16.893139
     -0.680000      8.605945      8.605945     17.211889
     -0.660000      8.873304      8.873304     17.746608
     -0.640000      9.077636      9.077636     18.155273
     -0.620000      9.077136      9.077136     18.154272
     -0.600000      8.795393      8.795393     17.590787
     -0.580000      8.232485      8.232485     16.464971
     -0.560000      7.451008      7.451008     14.902015
     -0.540000      6.546935      6.546935     13.093869
     -0.520000      5.619207      5.619207     11.238414
     -0.500000      4.748705      4.748705      9.497410
     -0.480000      3.989799      3.989799      7.979598
     -0.460000      3.371150      3.371150      6.742300
     -0.440000      2.900362      2.900362      5.800723
     -0.420000      2.569229      2.569229      5.138457
     -0.400000      2.359679      2.359679      4.719359
     -0.380000      2.252036      2.252036      4.504072
     -0.360000      2.235694      2.235694      4.471387
     -0.340000      2.318949      2.318949      4.637897
     -0.320000      2.532088      2.532088      5.064176
     -0.300000      2.918711      2.918711      5.837422
     -0.280000      3.515610      3.515610      7.031220
     -0.260000      4.329368      4.329368      8.658737
     -0.240000      5.323104      5.323104     10.646209
     -0.220000      6.424195      6.424195     12.848390
     -0.200000      7.552469      7.552469     15.104938
     -0.180000      8.654287      8.654287     17.308574
     -0.160000      9.721325      9.721325     19.442651
     -0.140000     10.780269     10.780269     21.560537
     -0.120000     11.857515     11.857515     23.715029
     -0.100000     12.939266     12.939266     25.878532
     -0.080000     13.950534     13.950534     27.901069
     -0.060000     14.764910     14.764910     29.529820
     -0.040000     15.239509     15.239509     30.479018
     -0.020000     15.258014     15.258014     30.516028
      0.000000     14.764599     14.764599     29.529199
      0.020000     13.779371     13.779371     27.558743
      0.040000     12.394736     12.394736     24.789471
      0.060000     10.757257     10.757257     21.514514
      0.080000      9.041161      9.041161     18.082321
      0.100000      7.419688      7.419688     14.839375
      0.120000      6.040104      6.040104     12.080207
      0.140000      5.006709      5.006709     10.013418
      0.160000      4.373327      4.373327      8.746655
      0.180000      4.143585      4.143585      8.287169
      0.200000      4.275825      4.275825      8.551650
      0.220000      4.690732      4.690732      9.381464
      0.240000      5.282261      5.282261     10.564522
      0.260000      5.933612      5.933612     11.867224
      0.280000      6.537918      6.537918     13.075836
      0.300000      7.019254      7.019254     14.038508
      0.320000      7.346787      7.346787     14.693574
      0.340000      7.536189      7.536189     15.072377
      0.360000      7.637672      7.637672     15.275344
      0.380000      7.716093      7.716093     15.432185
      0.400000      7.831869      7.831869     15.663738
      0.420000      8.030198      8.030198     16.060397
      0.440000      8.340926      8.340926     16.681851
      0.460000      8.784954      8.784954     17.569908
      0.480000      9.378713      9.378713     18.757426
      0.500000     10.128931     10.128931     20.257863
      0.520000     11.016741     11.016741     22.033482
      0.540000     11.979691     11.979691     23.959382
      0.560000     12.905883     12.905883     25.811766
      0.580000     13.650425     13.650425     27.300850
      0.600000     14.071607     14.071607     28.143213
      0.620000     14.071116     14.071116     28.142231
      0.640000     13.619503     13.619503     27.239006
      0.660000     12.757889     12.757889     25.515777
      0.680000     11.581969     11.581969     23.163939
      0.700000     10.222601     10.222601     20.445202
      0.720000      8.832688      8.832688     17.665375
      0.740000      7.578245      7.578245     15.156491
      0.760000      6.623709      6.623709     13.247418
      0.780000      6.104783      6.104783     12.209565
      0.800000      6.093384      6.093384     12.186769
      0.820000      6.569131      6.569131     13.138262
      0.840000      7.412829      7.412829     14.825658
      0.860000      8.429178      8.429178     16.858356
      0.880000      9.393712      9.393712     18.787424
      0.900000     10.109380     10.109380     20.218760
      0.920000     10.454647     10.454647     20.909294
      0.940000     10.407928     10.407928     20.815855
      0.960000     10.040862     10.040862     20.081724
      0.980000      9.483362      9.483362     18.966723
      1.000000      8.873722      8.873722     17.747443
      1.020000      8.313515      8.313515     16.627029
      1.040000      7.845447      7.845447     15.690894
      1.060000      7.461768      7.461768     14.923536
      1.080000      7.135247      7.135247     14.270495
      1.100000      6.852547      6.852547     13.705094
      1.120000      6.628806      6.628806     13.257611
      1.140000      6.494109      6.494109     12.988218
      1.160000      6.460727      6.460727     12.921454
      1.180000      6.493413      6.493413     12.986827
      1.200000      6.504770      6.504770     13.009541
      1.220000      6.383260      6.383260     12.766521
      1.240000      6.041738      6.041738     12.083476
      1.260000      5.461809      5.461809     10.923619
      1.280000      4.711552      4.711552      9.423104
      1.300000      3.928761      3.928761      7.857521
      1.320000      3.278769      3.278769      6.557538
      1.340000      2.905138      2.905138      5.810277
      1.360000      2.890172      2.890172      5.780344
      1.380000      3.234915      3.234915      6.469830
      1.400000      3.861451      3.861451      7.722902
      1.420000      4.636213      4.636213      9.272426
      1.440000      5.409422      5.409422     10.818845
      1.460000      6.060133      6.060133     12.120267
      1.480000      6.530715      6.530715     13.061429
      1.500000      6.834874      6.834874     13.669748
      1.520000      7.033653      7.033653     14.067307
      1.540000      7.190895      7.190895     14.381790
      1.560000      7.332901      7.332901     14.665801
      1.580000      7.435873      7.435873     14.871747
      1.600000      7.447808      7.447808     14.895616
      1.620000      7.329303      7.329303     14.658606
      1.640000      7.085699      7.085699     14.171398
      1.660000      6.769651      6.769651     13.539303
      1.680000      6.453564      6.453564     12.907127
      1.700000      6.190546      6.190546     12.381093
      1.720000      5.988176      5.988176     11.976353
      1.740000      5.809604      5.809604     11.619208
      1.760000      5.600075      5.600075     11.200151
      1.780000      5.324249      5.324249     10.648497
      1.800000      4.996168      4.996168      9.992337
      1.820000      4.688432      4.688432      9.376864
      1.840000      4.515999      4.515999      9.031999
      1.860000      4.599625      4.599625      9.199250
      1.880000      5.021359      5.021359     10.042719
      1.900000      5.787815      5.787815     11.575631
      1.920000      6.814527      6.814527     13.629055
      1.940000      7.937387      7.937387     15.874773
      1.960000      8.947799      8.947799     17.895598
      1.980000      9.640802      9.640802     19.281604
      2.000000      9.862443      9.862443     19.724886
      2.020000      9.544184      9.544184     19.088368
      2.040000      8.716202      8.716202     17.432404
      2.060000      7.496759      7.496759     14.993519
      2.080000      6.060758      6.060758     12.121516
      2.100000      4.596560      4.596560      9.193120
      2.120000      3.264110      3.264110      6.528219
      2.140000      2.166812      2.166812      4.333625
      2.160000      1.343917      1.343917      2.687833
      2.180000      0.781900      0.781900      1.563799
      2.200000      0.436942      0.436942      0.873885
      2.220000      0.258829      0.258829      0.517659
      2.240000      0.209200      0.209200      0.418400
      2.260000      0.271194      0.271194      0.542388
      2.280000      0.450486      0.450486      0.900971
      2.300000      0.768635      0.768635      1.537269
      2.320000      1.249718      1.249718      2.499436
      2.340000      1.902130      1.902130      3.804259
      2.360000      2.699995      2.699995      5.399990
      2.380000      3.571666      3.571666      7.143333
      2.400000      4.403549      4.403549      8.807099
      2.420000      5.063631      5.063631     10.127263
      2.440000      5.440688      5.440688     10.881376
      2.460000      5.485926      5.485926     10.971851
      2.480000      5.239413      5.239413     10.478827
      2.500000      4.827907      4.827907      9.655815
      2.520000      4.432331      4.432331      8.864662
      2.540000      4.236289      4.236289      8.472577
      2.560000      4.374405      4.374405      8.748810
      2.580000      4.897547      4.897547      9.795094
      2.600000      5.762995      5.762995     11.525989
      2.620000      6.847238      6.847238     13.694476
      2.640000      7.972884      7.972884     15.945767
      2.660000      8.941389      8.941389     17.882778
      2.680000      9.567348      9.567348     19.134697
      2.700000      9.712689      9.712689     19.425379
      2.720000      9.317054      9.317054     18.634109
      2.740000      8.415840      8.415840     16.831680
      2.760000      7.135922      7.135922     14.271844
      2.780000      5.665564      5.665564     11.331129
      2.800000      4.207075      4.207075      8.414150
      2.820000      2.930343      2.930343      5.860686
      2.840000      1.945121      1.945121      3.890241
      2.860000      1.299555      1.299555      2.599109
      2.880000      0.998717      0.998717      1.997434
      2.900000      1.027918      1.027918      2.055836
      2.920000      1.365704      1.365704      2.731409
      2.940000      1.979551      1.979551      3.959102
      2.960000      2.808808      2.808808      5.617616
      2.980000      3.748953      3.748953      7.497905
      3.000000      4.653448      4.653448      9.306896
      3.020000      5.362025      5.362025     10.724050
      3.040000      5.749282      5.749282     11.498564
      3.060000      5.773041      5.773041     11.546082
      3.080000      5.497354      5.497354     10.994709
      3.100000      5.074849      5.074849     10.149697
      3.120000      4.692517      4.692517      9.385033
      3.140000      4.503023      4.503023      9.006047
      3.160000      4.570275      4.570275      9.140551
      3.180000      4.850962      4.850962      9.701924
      3.200000      5.218059      5.218059     10.436117
      3.220000      5.515879      5.515879     11.031758
      3.240000      5.625500      5.625500     11.251000
      3.260000      5.516990      5.516990     11.033980
      3.280000      5.270288      5.270288     10.540575
      3.300000      5.057058      5.057058     10.114117
      3.320000      5.087776      5.087776     10.175551
      3.340000      5.538723      5.538723     11.077447
      3.360000      6.481126      6.481126     12.962251
      3.380000      7.837718      7.837718     15.675436
      3.400000      9.388040      9.388040     18.776081
      3.420000     10.829419     10.829419     21.658839
      3.440000     11.877460     11.877460     23.754920
      3.460000     12.367381     12.367381     24.734761
      3.480000     12.310282     12.310282     24.620564
      3.500000     11.875490     11.875490     23.750980
      3.520000     11.305678     11.305678     22.611356
      3.540000     10.806063     10.806063     21.612126
      3.560000     10.461862     10.461862     20.923724
      3.580000     10.221726     10.221726     20.443451
      3.600000      9.949385      9.949385     19.898770
      3.620000      9.512030      9.512030     19.024061
      3.640000      8.859774      8.859774     17.719549
      3.660000      8.060725      8.060725     16.121449
      3.680000      7.281589      7.281589     14.563179
      3.700000      6.728733      6.728733     13.457466
      3.720000      6.577223      6.577223     13.154447
      3.740000      6.913497      6.913497     13.826994
      3.760000      7.706799      7.706799     15.413597
      3.780000      8.813356      8.813356     17.626712
      3.800000     10.009164     10.009164     20.018327
      3.820000     11.042128     11.042128     22.084256
      3.840000     11.690847     11.690847     23.381694
      3.860000     11.815813     11.815813     23.631625
      3.880000     11.390406     11.390406     22.780812
      3.900000     10.504138     10.504138     21.008276
      3.920000      9.337946      9.337946     18.675892
      3.940000      8.118922      8.118922     16.237843
      3.960000      7.067345      7.067345     14.134691
      3.980000      6.350468      6.350468     12.700936
      4.000000      6.054393      6.054393     12.108785
      4.020000      6.178869      6.178869     12.357739
      4.040000      6.652464      6.652464     13.304928
      4.060000      7.360101      7.360101     14.720203
      4.080000      8.172928      8.172928     16.345856
      4.100000      8.971851      8.971851     17.943703
      4.120000      9.660119      9.660119     19.320239
      4.140000     10.165349     10.165349     20.330698
      4.160000     10.435526     10.435526     20.871052
      4.180000     10.435088     10.435088     20.870176
      4.200000     10.145809     10.145809     20.291619
      4.220000      9.573773      9.573773     19.147546
      4.240000      8.759679      8.759679     17.519358
      4.260000      7.786525      7.786525     15.573051
      4.280000      6.777513      6.777513     13.555026
      4.300000      5.878904      5.878904     11.757809
      4.320000      5.227851      5.227851     10.455702
      4.340000      4.912653      4.912653      9.825305
      4.360000      4.939542      4.939542      9.879084
      4.380000      5.221997      5.221997     10.443994
      4.400000      5.602915      5.602915     11.205830
      4.420000      5.907202      5.907202     11.814404
      4.440000      6.007491      6.007491     12.014981
      4.460000      5.876708      5.876708     11.753417
      4.480000      5.604357      5.604357     11.208713
      4.500000      5.368367      5.368367     10.736734
      4.520000      5.373684      5.373684     10.747368
      4.540000      5.782077      5.782077     11.564155
      4.560000      6.658855      6.658855     13.317710
      4.580000      7.952206      7.952206     15.904412
      4.600000      9.506462      9.506462     19.012923
      4.620000     11.099002     11.099002     22.198004
      4.640000     12.486258     12.486258     24.972515
      4.660000     13.447066     13.447066     26.894133
      4.680000     13.817743     13.817743     27.635487
      4.700000     13.517616     13.517616     27.035232
      4.720000     12.563783     12.563783     25.127566
      4.740000     11.071302     11.071302     22.142604
      4.760000      9.234616      9.234616     18.469231
      4.780000      7.290874      7.290874     14.581748
      4.800000      5.473843      5.473843     10.947687
      4.820000      3.972392      3.972392      7.944784
      4.840000      2.905489      2.905489      5.810978
      4.860000      2.317236      2.317236      4.634473
      4.880000      2.186421      2.186421      4.372842
      4.900000      2.441240      2.441240      4.882480
      4.920000      2.972667      2.972667      5.945334
      4.940000      3.645982      3.645982      7.291964
      4.960000      4.314246      4.314246      8.628493
      4.980000      4.837085      4.837085      9.674170
      5.000000      5.103796      5.103796     10.207592
      5.020000      5.054884      5.054884     10.109769
      5.040000      4.694036      4.694036      9.388072
      5.060000      4.084846      4.084846      8.169692
      5.080000      3.332312      3.332312      6.664625
      5.100000      2.555283      2.555283      5.110567
      5.120000      1.859440      1.859440      3.718881
      5.140000      1.319176      1.319176      2.638352
      5.160000      0.971780      0.971780      1.943560
      5.180000      0.821639      0.821639      1.643278
      5.200000      0.848940      0.848940      1.697879
      5.220000      1.017989      1.017989      2.035977
      5.240000      1.283478      1.283478      2.566956
      5.260000      1.596163      1.596163      3.192327
      5.280000      1.910322      1.910322      3.820643
      5.300000      2.193712      2.193712      4.387423
      5.320000      2.438020      2.438020      4.876040
      5.340000      2.665732      2.665732      5.331464
      5.360000      2.929083      2.929083      5.858165
      5.380000      3.298164      3.298164      6.596329
      5.400000      3.838168      3.838168      7.676336
      5.420000      4.579919      4.579919      9.159837
      5.440000      5.492847      5.492847     10.985694
      5.460000      6.472903      6.472903     12.945805
      5.480000      7.356118      7.356118     14.712236
      5.500000      7.959413      7.959413     15.918825
      5.520000      8.136723      8.136723     16.273447
      5.540000      7.828462      7.828462     15.656925
      5.560000      7.083184      7.083184     14.166367
      5.580000      6.043079      6.043079     12.086157
      5.600000      4.901954      4.901954      9.803909
      5.620000      3.855068      3.855068      7.710136
      5.640000      3.059025      3.059025      6.118049
      5.660000      2.609962      2.609962      5.219925
      5.680000      2.537691      2.537691      5.075383
      5.700000      2.808989      2.808989      5.617979
      5.720000      3.335622      3.335622      6.671244
      5.740000      3.987597      3.987597      7.975194
      5.760000      4.614589      4.614589      9.229178
      5.780000      5.076155      5.076155     10.152309
      5.800000      5.276004      5.276004     10.552007
      5.820000      5.191010      5.191010     10.382021
      5.840000      4.884966      4.884966      9.769931
      5.860000      4.500771      4.500771      9.001541
      5.880000      4.230808      4.230808      8.461616
      5.900000      4.270913      4.270913      8.541826
      5.920000      4.767430      4.767430      9.534861
      5.940000      5.769679      5.769679     11.539358
      5.960000      7.201941      7.201941     14.403882
      5.980000      8.868024      8.868024     17.736049
      6.000000     10.494110     10.494110     20.988219
      6.020000     11.801353     11.801353     23.602706
      6.040000     12.584007     12.584007     25.168015
      6.060000     12.762067     12.762067     25.524134
      6.080000     12.387147     12.387147     24.774294
      6.100000     11.603435     11.603435     23.206870
      6.120000     10.588188     10.588188     21.176377
      6.140000      9.503327      9.503327     19.006653
      6.160000      8.476671      8.476671     16.953341
      6.180000      7.608444      7.608444     15.216888
      6.200000      6.982647      6.982647     13.965294
      6.220000      6.664500      6.664500     13.328999
      6.240000      6.681149      6.681149     13.362298
      6.260000      6.999832      6.999832     13.999664
      6.280000      7.522540      7.522540     15.045080
      6.300000      8.106065      8.106065     16.212131
      6.320000      8.599576      8.599576     17.199151
      6.340000      8.881461      8.881461     17.762923
      6.360000      8.880165      8.880165     17.760331
      6.380000      8.576336      8.576336     17.152672
      6.400000      7.995265      7.995265     15.990531
      6.420000      7.200607      7.200607     14.401213
      6.440000      6.293043      6.293043     12.586086
      6.460000      5.408317      5.408317     10.816635
      6.480000      4.705509      4.705509      9.411018
      6.500000      4.340594      4.340594      8.681188
      6.520000      4.428620      4.428620      8.857240
      6.540000      5.005212      5.005212     10.010425
      6.560000      6.001489      6.001489     12.002978
      6.580000      7.244693      7.244693     14.489387
      6.600000      8.489773      8.489773     16.979547
      6.620000      9.476054      9.476054     18.952109
      6.640000      9.992133      9.992133     19.984266
      6.660000      9.927116      9.927116     19.854232
      6.680000      9.291224      9.291224     18.582447
      6.700000      8.201695      8.201695     16.403390
      6.720000      6.843732      6.843732     13.687464
      6.740000      5.423645      5.423645     10.847289
      6.760000      4.129711      4.129711      8.259422
      6.780000      3.108505      3.108505      6.217011
      6.800000      2.455711      2.455711      4.911421
      6.820000      2.214969      2.214969      4.429937
      6.840000      2.377883      2.377883      4.755765
      6.860000      2.882460      2.882460      5.764920
      6.880000      3.613690      3.613690      7.227380
      6.900000      4.414507      4.414507      8.829015
      6.920000      5.114011      5.114011     10.228022
      6.940000      5.571485      5.571485     11.142971
      6.960000      5.723476      5.723476     11.446951
      6.980000      5.614127      5.614127     11.228254
      7.000000      5.391803      5.391803     10.783606
      7.020000      5.267207      5.267207     10.534414
      7.040000      5.443885      5.443885     10.887769
      7.060000      6.043653      6.043653     12.087305
      7.080000      7.052882      7.052882     14.105764
      7.100000      8.310128      8.310128     16.620256
      7.120000      9.543126      9.543126     19.086252
      7.140000     10.446527     10.446527     20.893054
      7.160000     10.775753     10.775753     21.551506
      7.180000     10.424007     10.424007     20.848014
      7.200000      9.454420      9.454420     18.908841
      7.220000      8.077155      8.077155     16.154311
      7.240000      6.583757      6.583757     13.167513
      7.260000      5.266442      5.266442     10.532885
      7.280000      4.351188      4.351188      8.702377
      7.300000      3.962015      3.962015      7.924030
      7.320000      4.118276      4.118276      8.236553
      7.340000      4.755490      4.755490      9.510980
      7.360000      5.756697      5.756697     11.513394
      7.380000      6.983541      6.983541     13.967082
      7.400000      8.300332      8.300332     16.600663
      7.420000      9.588079      9.588079     19.176158
      7.440000     10.748838     10.748838     21.497676
      7.460000     11.704009     11.704009     23.408018
      7.480000     12.392515     12.392515     24.785029
      7.500000     12.773875     12.773875     25.547750
      7.520000     12.836385     12.836385     25.672771
      7.540000     12.604273     12.604273     25.208546
      7.560000     12.134998     12.134998     24.269997
      7.580000     11.502567     11.502567     23.005135
      7.600000     10.773147     10.773147     21.546294
      7.620000      9.987780      9.987780     19.975560
      7.640000      9.165467      9.165467     18.330934
      7.660000      8.327160      8.327160     16.654319
      7.680000      7.525577      7.525577     15.051155
      7.700000      6.859309      6.859309     13.718619
      7.720000      6.458015      6.458015     12.916030
      7.740000      6.443135      6.443135     12.886271
      7.760000      6.882909      6.882909     13.765817
      7.780000      7.762384      7.762384     15.524768
      7.800000      8.979137      8.979137     17.958274
      7.820000     10.361894     10.361894     20.723788
      7.840000     11.701425     11.701425     23.402849
      7.860000     12.783928     12.783928     25.567855
      7.880000     13.422975     13.422975     26.845950
      7.900000     13.490232     13.490232     26.980463
      7.920000     12.943586     12.943586     25.887171
      7.940000     11.845722     11.845722     23.691443
      7.960000     10.362466     10.362466     20.724932
      7.980000      8.733651      8.733651     17.467302
      8.000000      7.219716      7.219716     14.439433
      8.020000      6.039069      6.039069     12.078138
      8.040000      5.317151      5.317151     10.634303
      8.060000      5.064699      5.064699     10.129397
      8.080000      5.191808      5.191808     10.383617
      8.100000      5.551551      5.551551     11.103102
      8.120000      5.997049      5.997049     11.994098
      8.140000      6.432007      6.432007     12.864015
      8.160000      6.837220      6.837220     13.674439
      8.180000      7.263847      7.263847     14.527694
      8.200000      7.796149      7.796149     15.592298
      8.220000      8.498325      8.498325     16.996649
      8.240000      9.367592      9.367592     18.735184
      8.260000     10.314657     10.314657     20.629314
      8.280000     11.182293     11.182293     22.364586
      8.300000     11.796145     11.796145     23.592289
      8.320000     12.026440     12.026440     24.052881
      8.340000     11.833136     11.833136     23.666273
      8.360000     11.274551     11.274551     22.549101
      8.380000     10.477568     10.477568     20.955135
      8.400000      9.586204      9.586204     19.172408
      8.420000      8.714043      8.714043     17.428087
      8.440000      7.920435      7.920435     15.840870
      8.460000      7.215233      7.215233     14.430466
      8.480000      6.582231      6.582231     13.164461
      8.500000      6.005185      6.005185     12.010370
      8.520000      5.483634      5.483634     10.967268
      8.540000      5.034005      5.034005     10.068010
      8.560000      4.679161      4.679161      9.358323
      8.580000      4.433549      4.433549      8.867098
      8.600000      4.291417      4.291417      8.582834
      8.620000      4.223682      4.223682      8.447364
      8.640000      4.185860      4.185860      8.371720
      8.660000      4.135763      4.135763      8.271525
      8.680000      4.055861      4.055861      8.111723
      8.700000      3.972368      3.972368      7.944735
      8.720000      3.962358      3.962358      7.924717
      8.740000      4.142548      4.142548      8.285095
      8.760000      4.638569      4.638569      9.277138
      8.780000      5.540856      5.540856     11.081712
      8.800000      6.860250      6.860250     13.720499
      8.820000      8.500470      8.500470     17.000940
      8.840000     10.262742     10.262742     20.525484
      8.860000     11.888698     11.888698     23.777396
      8.880000     13.132916     13.132916     26.265833
      8.900000     13.841555     13.841555     27.683109
      8.920000     14.006295     14.006295     28.012590
      8.940000     13.769151     13.769151     27.538302
      8.960000     13.372972     13.372972     26.745944
      8.980000     13.076331     13.076331     26.152661
      9.000000     13.067522     13.067522     26.135044
      9.020000     13.411681     13.411681     26.823362
      9.040000     14.047811     14.047811     28.095623
      9.060000     14.828594     14.828594     29.657187
      9.080000     15.578402     15.578402     31.156804
      9.100000     16.142629     16.142629     32.285259
      9.120000     16.413159     16.413159     32.826317
      9.140000     16.331336     16.331336     32.662672
      9.160000     15.880505     15.880505     31.761009
      9.180000     15.080135     15.080135     30.160270
      9.200000     13.985887     13.985887     27.971775
      9.220000     12.691736     12.691736     25.383472
      9.240000     11.327098     11.327098     22.654197
      9.260000     10.044492     10.044492     20.088984
      9.280000      8.998613      8.998613     17.997226
      9.300000      8.322086      8.322086     16.644171
      9.320000      8.104184      8.104184     16.208367
      9.340000      8.376475      8.376475     16.752950
      9.360000      9.105538      9.105538     18.211075
      9.380000     10.190715     10.190715     20.381430
      9.400000     11.466404     11.466404     22.932807
      9.420000     12.712794     12.712794     25.425587
      9.440000     13.681888     13.681888     27.363776
      9.460000     14.142259     14.142259     28.284517
      9.480000     13.935708     13.935708     27.871416
      9.500000     13.027674     13.027674     26.055347
      9.520000     11.529702     11.529702     23.059403
      9.540000      9.681304      9.681304     19.362607
      9.560000      7.795862      7.795862     15.591724
      9.580000      6.190311      6.190311     12.380623
      9.600000      5.122212      5.122212     10.244425
      9.620000      4.749857      4.749857      9.499714
      9.640000      5.118392      5.118392     10.236784
      9.660000      6.166037      6.166037     12.332075
      9.680000      7.742626      7.742626     15.485252
      9.700000      9.635266      9.635266     19.270531
      9.720000     11.598613     11.598613     23.197227
      9.740000     13.388007     13.388007     26.776014
      9.760000     14.793132     14.793132     29.586265
      9.780000     15.668752     15.668752     31.337504
      9.800000     15.957310     15.957310     31.914621
      9.820000     15.696782     15.696782     31.393564
      9.840000     15.008413     15.008413     30.016826
      9.860000     14.065061     14.065061     28.130122
      9.880000     13.049298     13.049298     26.098596
      9.900000     12.115408     12.115408     24.230816
      9.920000     11.366263     11.366263     22.732526
      9.940000     10.846893     10.846893     21.693787
      9.960000     10.548708     10.548708     21.097416
      9.980000     10.417640     10.417640     20.835280
     10.000000     10.364805     10.364805     20.729611
