# EIG2DOS: Utility for SIESTA to obtain the electronic density of states
#  E. Artacho, Apr 1999, A. Garcia, Apr 2012
# ------------------------------------------
# Eigenvalues read from GRP_doping.EIG
# Using smearing parameter:   0.100
# Using   1001 points in energy range
# Selected bands: 1 to: 936
# Emin, emax in file for selected band(s):    -37.2555500    256.9855000
# Nbands, Nspin, Nk   =    936     1   231
# E_F                 =    -4.0826 eV --> (shifted to ZERO)
# Broadening          =     0.1000 eV
#
#        E            N(up)  (=)   N(down)         Ntot
    -10.000000      2.050742      2.050742      4.101484
     -9.980000      1.434950      1.434950      2.869901
     -9.960000      1.003672      1.003672      2.007343
     -9.940000      0.783309      0.783309      1.566617
     -9.920000      0.793720      0.793720      1.587440
     -9.900000      1.053128      1.053128      2.106256
     -9.880000      1.573546      1.573546      3.147092
     -9.860000      2.346211      2.346211      4.692421
     -9.840000      3.324228      3.324228      6.648456
     -9.820000      4.415009      4.415009      8.830019
     -9.800000      5.493034      5.493034     10.986069
     -9.780000      6.432787      6.432787     12.865573
     -9.760000      7.147734      7.147734     14.295469
     -9.740000      7.614190      7.614190     15.228380
     -9.720000      7.866146      7.866146     15.732291
     -9.700000      7.965720      7.965720     15.931440
     -9.680000      7.970433      7.970433     15.940866
     -9.660000      7.919728      7.919728     15.839456
     -9.640000      7.846968      7.846968     15.693936
     -9.620000      7.801723      7.801723     15.603447
     -9.600000      7.857452      7.857452     15.714904
     -9.580000      8.089575      8.089575     16.179150
     -9.560000      8.531573      8.531573     17.063146
     -9.540000      9.135694      9.135694     18.271388
     -9.520000      9.766699      9.766699     19.533398
     -9.500000     10.239970     10.239970     20.479941
     -9.480000     10.389883     10.389883     20.779766
     -9.460000     10.136363     10.136363     20.272726
     -9.440000      9.517852      9.517852     19.035704
     -9.420000      8.676770      8.676770     17.353539
     -9.400000      7.807508      7.807508     15.615016
     -9.380000      7.092777      7.092777     14.185555
     -9.360000      6.654353      6.654353     13.308706
     -9.340000      6.532159      6.532159     13.064318
     -9.320000      6.690907      6.690907     13.381814
     -9.300000      7.044547      7.044547     14.089094
     -9.280000      7.487636      7.487636     14.975271
     -9.260000      7.926071      7.926071     15.852141
     -9.240000      8.302753      8.302753     16.605506
     -9.220000      8.614199      8.614199     17.228399
     -9.200000      8.912651      8.912651     17.825303
     -9.180000      9.288049      9.288049     18.576099
     -9.160000      9.828841      9.828841     19.657683
     -9.140000     10.570769     10.570769     21.141537
     -9.120000     11.453989     11.453989     22.907979
     -9.100000     12.312732     12.312732     24.625463
     -9.080000     12.911436     12.911436     25.822872
     -9.060000     13.019293     13.019293     26.038587
     -9.040000     12.493170     12.493170     24.986340
     -9.020000     11.331662     11.331662     22.663324
     -9.000000      9.676361      9.676361     19.352721
     -8.980000      7.762587      7.762587     15.525174
     -8.960000      5.844882      5.844882     11.689765
     -8.940000      4.129794      4.129794      8.259589
     -8.920000      2.738667      2.738667      5.477333
     -8.900000      1.705200      1.705200      3.410400
     -8.880000      0.997710      0.997710      1.995419
     -8.860000      0.550499      0.550499      1.100999
     -8.840000      0.291773      0.291773      0.583547
     -8.820000      0.162317      0.162317      0.324634
     -8.800000      0.125080      0.125080      0.250159
     -8.780000      0.168509      0.168509      0.337019
     -8.760000      0.306057      0.306057      0.612115
     -8.740000      0.572093      0.572093      1.144187
     -8.720000      1.012672      1.012672      2.025344
     -8.700000      1.670101      1.670101      3.340201
     -8.680000      2.563902      2.563902      5.127805
     -8.660000      3.675825      3.675825      7.351650
     -8.640000      4.948602      4.948602      9.897205
     -8.620000      6.302955      6.302955     12.605910
     -8.600000      7.665244      7.665244     15.330488
     -8.580000      8.987113      8.987113     17.974225
     -8.560000     10.239332     10.239332     20.478664
     -8.540000     11.379116     11.379116     22.758233
     -8.520000     12.313658     12.313658     24.627316
     -8.500000     12.893371     12.893371     25.786742
     -8.480000     12.953541     12.953541     25.907082
     -8.460000     12.389787     12.389787     24.779573
     -8.440000     11.225159     11.225159     22.450318
     -8.420000      9.626995      9.626995     19.253990
     -8.400000      7.861016      7.861016     15.722032
     -8.380000      6.207469      6.207469     12.414939
     -8.360000      4.883324      4.883324      9.766647
     -8.340000      4.004941      4.004941      8.009881
     -8.320000      3.597670      3.597670      7.195339
     -8.300000      3.632895      3.632895      7.265790
     -8.280000      4.064018      4.064018      8.128036
     -8.260000      4.841827      4.841827      9.683653
     -8.240000      5.907488      5.907488     11.814976
     -8.220000      7.176362      7.176362     14.352724
     -8.200000      8.530579      8.530579     17.061157
     -8.180000      9.831780      9.831780     19.663559
     -8.160000     10.952349     10.952349     21.904697
     -8.140000     11.811298     11.811298     23.622596
     -8.120000     12.396448     12.396448     24.792896
     -8.100000     12.759807     12.759807     25.519615
     -8.080000     12.985358     12.985358     25.970716
     -8.060000     13.141803     13.141803     26.283605
     -8.040000     13.241202     13.241202     26.482403
     -8.020000     13.223818     13.223818     26.447636
     -8.000000     12.979148     12.979148     25.958297
     -7.980000     12.396389     12.396389     24.792777
     -7.960000     11.422210     11.422210     22.844420
     -7.940000     10.098432     10.098432     20.196864
     -7.920000      8.561279      8.561279     17.122558
     -7.900000      7.002956      7.002956     14.005913
     -7.880000      5.614148      5.614148     11.228296
     -7.860000      4.532680      4.532680      9.065359
     -7.840000      3.816834      3.816834      7.633669
     -7.820000      3.448009      3.448009      6.896018
     -7.800000      3.355391      3.355391      6.710783
     -7.780000      3.450155      3.450155      6.900310
     -7.760000      3.657504      3.657504      7.315009
     -7.740000      3.938285      3.938285      7.876569
     -7.720000      4.295155      4.295155      8.590310
     -7.700000      4.761456      4.761456      9.522912
     -7.680000      5.374983      5.374983     10.749966
     -7.660000      6.144360      6.144360     12.288721
     -7.640000      7.020936      7.020936     14.041872
     -7.620000      7.890602      7.890602     15.781205
     -7.600000      8.594328      8.594328     17.188656
     -7.580000      8.973663      8.973663     17.947326
     -7.560000      8.923658      8.923658     17.847316
     -7.540000      8.429351      8.429351     16.858702
     -7.520000      7.568901      7.568901     15.137803
     -7.500000      6.483573      6.483573     12.967146
     -7.480000      5.331291      5.331291     10.662582
     -7.460000      4.245961      4.245961      8.491922
     -7.440000      3.316850      3.316850      6.633699
     -7.420000      2.588345      2.588345      5.176691
     -7.400000      2.070511      2.070511      4.141021
     -7.380000      1.750055      1.750055      3.500109
     -7.360000      1.597250      1.597250      3.194501
     -7.340000      1.570528      1.570528      3.141056
     -7.320000      1.622422      1.622422      3.244844
     -7.300000      1.708252      1.708252      3.416504
     -7.280000      1.795480      1.795480      3.590960
     -7.260000      1.870220      1.870220      3.740439
     -7.240000      1.938716      1.938716      3.877433
     -7.220000      2.024286      2.024286      4.048572
     -7.200000      2.162093      2.162093      4.324186
     -7.180000      2.394091      2.394091      4.788182
     -7.160000      2.764841      2.764841      5.529682
     -7.140000      3.317224      3.317224      6.634448
     -7.120000      4.086591      4.086591      8.173183
     -7.100000      5.093154      5.093154     10.186309
     -7.080000      6.334627      6.334627     12.669253
     -7.060000      7.782515      7.782515     15.565029
     -7.040000      9.384311      9.384311     18.768622
     -7.020000     11.069964     11.069964     22.139929
     -7.000000     12.756996     12.756996     25.513992
     -6.980000     14.348826     14.348826     28.697653
     -6.960000     15.727700     15.727700     31.455400
     -6.940000     16.753379     16.753379     33.506758
     -6.920000     17.282563     17.282563     34.565126
     -6.900000     17.214347     17.214347     34.428694
     -6.880000     16.546844     16.546844     33.093687
     -6.860000     15.413293     15.413293     30.826586
     -6.840000     14.067972     14.067972     28.135945
     -6.820000     12.815919     12.815919     25.631838
     -6.800000     11.912320     11.912320     23.824641
     -6.780000     11.476426     11.476426     22.952852
     -6.760000     11.458413     11.458413     22.916827
     -6.740000     11.670442     11.670442     23.340885
     -6.720000     11.862552     11.862552     23.725104
     -6.700000     11.807507     11.807507     23.615014
     -6.680000     11.362576     11.362576     22.725152
     -6.660000     10.493884     10.493884     20.987767
     -6.640000      9.267534      9.267534     18.535068
     -6.620000      7.821466      7.821466     15.642932
     -6.600000      6.331563      6.331563     12.663125
     -6.580000      4.979791      4.979791      9.959582
     -6.560000      3.926689      3.926689      7.853379
     -6.540000      3.287962      3.287962      6.575924
     -6.520000      3.115177      3.115177      6.230355
     -6.500000      3.382799      3.382799      6.765597
     -6.480000      3.986975      3.986975      7.973950
     -6.460000      4.763019      4.763019      9.526039
     -6.440000      5.524644      5.524644     11.049288
     -6.420000      6.117506      6.117506     12.235011
     -6.400000      6.467389      6.467389     12.934777
     -6.380000      6.599001      6.599001     13.198003
     -6.360000      6.612046      6.612046     13.224092
     -6.340000      6.623739      6.623739     13.247477
     -6.320000      6.707783      6.707783     13.415565
     -6.300000      6.863788      6.863788     13.727576
     -6.280000      7.033551      7.033551     14.067103
     -6.260000      7.151760      7.151760     14.303519
     -6.240000      7.197512      7.197512     14.395024
     -6.220000      7.213668      7.213668     14.427337
     -6.200000      7.282637      7.282637     14.565273
     -6.180000      7.474801      7.474801     14.949602
     -6.160000      7.801355      7.801355     15.602710
     -6.140000      8.198227      8.198227     16.396455
     -6.120000      8.547817      8.547817     17.095633
     -6.100000      8.724417      8.724417     17.448833
     -6.080000      8.639443      8.639443     17.278886
     -6.060000      8.266778      8.266778     16.533555
     -6.040000      7.641359      7.641359     15.282719
     -6.020000      6.837314      6.837314     13.674629
     -6.000000      5.939293      5.939293     11.878586
     -5.980000      5.020356      5.020356     10.040713
     -5.960000      4.133427      4.133427      8.266853
     -5.940000      3.315075      3.315075      6.630150
     -5.920000      2.594632      2.594632      5.189264
     -5.900000      2.000788      2.000788      4.001575
     -5.880000      1.561433      1.561433      3.122866
     -5.860000      1.297434      1.297434      2.594868
     -5.840000      1.214348      1.214348      2.428696
     -5.820000      1.296623      1.296623      2.593246
     -5.800000      1.507371      1.507371      3.014741
     -5.780000      1.794667      1.794667      3.589334
     -5.760000      2.103296      2.103296      4.206592
     -5.740000      2.389080      2.389080      4.778161
     -5.720000      2.631878      2.631878      5.263756
     -5.700000      2.843321      2.843321      5.686642
     -5.680000      3.066499      3.066499      6.132997
     -5.660000      3.366337      3.366337      6.732675
     -5.640000      3.810964      3.810964      7.621928
     -5.620000      4.446263      4.446263      8.892525
     -5.600000      5.269132      5.269132     10.538264
     -5.580000      6.209120      6.209120     12.418241
     -5.560000      7.130194      7.130194     14.260389
     -5.540000      7.860178      7.860178     15.720355
     -5.520000      8.243689      8.243689     16.487378
     -5.500000      8.200137      8.200137     16.400274
     -5.480000      7.760816      7.760816     15.521632
     -5.460000      7.065548      7.065548     14.131095
     -5.440000      6.317891      6.317891     12.635782
     -5.420000      5.718162      5.718162     11.436324
     -5.400000      5.402962      5.402962     10.805924
     -5.380000      5.413653      5.413653     10.827305
     -5.360000      5.699729      5.699729     11.399457
     -5.340000      6.147516      6.147516     12.295033
     -5.320000      6.618345      6.618345     13.236691
     -5.300000      6.983676      6.983676     13.967353
     -5.280000      7.151687      7.151687     14.303373
     -5.260000      7.084417      7.084417     14.168834
     -5.240000      6.805113      6.805113     13.610225
     -5.220000      6.394561      6.394561     12.789121
     -5.200000      5.976112      5.976112     11.952225
     -5.180000      5.691831      5.691831     11.383661
     -5.160000      5.674389      5.674389     11.348777
     -5.140000      6.019137      6.019137     12.038274
     -5.120000      6.759244      6.759244     13.518489
     -5.100000      7.846799      7.846799     15.693598
     -5.080000      9.145490      9.145490     18.290981
     -5.060000     10.443419     10.443419     20.886838
     -5.040000     11.492837     11.492837     22.985675
     -5.020000     12.074238     12.074238     24.148477
     -5.000000     12.068183     12.068183     24.136365
     -4.980000     11.507914     11.507914     23.015829
     -4.960000     10.587618     10.587618     21.175236
     -4.940000      9.616753      9.616753     19.233505
     -4.920000      8.932969      8.932969     17.865937
     -4.900000      8.803077      8.803077     17.606154
     -4.880000      9.345661      9.345661     18.691323
     -4.860000     10.500244     10.500244     21.000488
     -4.840000     12.051893     12.051893     24.103786
     -4.820000     13.702419     13.702419     27.404838
     -4.800000     15.163715     15.163715     30.327429
     -4.780000     16.239569     16.239569     32.479137
     -4.760000     16.864874     16.864874     33.729747
     -4.740000     17.088230     17.088230     34.176461
     -4.720000     17.010062     17.010062     34.020124
     -4.700000     16.709990     16.709990     33.419979
     -4.680000     16.201224     16.201224     32.402449
     -4.660000     15.433203     15.433203     30.866407
     -4.640000     14.336813     14.336813     28.673626
     -4.620000     12.885223     12.885223     25.770447
     -4.600000     11.138538     11.138538     22.277076
     -4.580000      9.252084      9.252084     18.504168
     -4.560000      7.447459      7.447459     14.894918
     -4.540000      5.961550      5.961550     11.923101
     -4.520000      4.994665      4.994665      9.989329
     -4.500000      4.674192      4.674192      9.348384
     -4.480000      5.039626      5.039626     10.079252
     -4.460000      6.045133      6.045133     12.090267
     -4.440000      7.571995      7.571995     15.143989
     -4.420000      9.445374      9.445374     18.890748
     -4.400000     11.454454     11.454454     22.908908
     -4.380000     13.377487     13.377487     26.754973
     -4.360000     15.011739     15.011739     30.023479
     -4.340000     16.204094     16.204094     32.408188
     -4.320000     16.874395     16.874395     33.748789
     -4.300000     17.023216     17.023216     34.046431
     -4.280000     16.719306     16.719306     33.438612
     -4.260000     16.068834     16.068834     32.137668
     -4.240000     15.176544     15.176544     30.353087
     -4.220000     14.114320     14.114320     28.228640
     -4.200000     12.911101     12.911101     25.822202
     -4.180000     11.568093     11.568093     23.136187
     -4.160000     10.089502     10.089502     20.179003
     -4.140000      8.510283      8.510283     17.020566
     -4.120000      6.905249      6.905249     13.810499
     -4.100000      5.376072      5.376072     10.752144
     -4.080000      4.025485      4.025485      8.050969
     -4.060000      2.932737      2.932737      5.865473
     -4.040000      2.139862      2.139862      4.279724
     -4.020000      1.649998      1.649998      3.299995
     -4.000000      1.433329      1.433329      2.866659
     -3.980000      1.435790      1.435790      2.871580
     -3.960000      1.588414      1.588414      3.176829
     -3.940000      1.817670      1.817670      3.635340
     -3.920000      2.057120      2.057120      4.114240
     -3.900000      2.258973      2.258973      4.517946
     -3.880000      2.402453      2.402453      4.804907
     -3.860000      2.496073      2.496073      4.992147
     -3.840000      2.572786      2.572786      5.145571
     -3.820000      2.679295      2.679295      5.358590
     -3.800000      2.862317      2.862317      5.724635
     -3.780000      3.155047      3.155047      6.310094
     -3.760000      3.567205      3.567205      7.134410
     -3.740000      4.081910      4.081910      8.163821
     -3.720000      4.661295      4.661295      9.322589
     -3.700000      5.259412      5.259412     10.518825
     -3.680000      5.836513      5.836513     11.673026
     -3.660000      6.366568      6.366568     12.733137
     -3.640000      6.833204      6.833204     13.666409
     -3.620000      7.217196      7.217196     14.434393
     -3.600000      7.485957      7.485957     14.971915
     -3.580000      7.595542      7.595542     15.191085
     -3.560000      7.507256      7.507256     15.014511
     -3.540000      7.209820      7.209820     14.419639
     -3.520000      6.732963      6.732963     13.465925
     -3.500000      6.143312      6.143312     12.286625
     -3.480000      5.524619      5.524619     11.049237
     -3.460000      4.953218      4.953218      9.906437
     -3.440000      4.480616      4.480616      8.961233
     -3.420000      4.129156      4.129156      8.258312
     -3.400000      3.899461      3.899461      7.798923
     -3.380000      3.784175      3.784175      7.568350
     -3.360000      3.782068      3.782068      7.564136
     -3.340000      3.907602      3.907602      7.815203
     -3.320000      4.191825      4.191825      8.383650
     -3.300000      4.671808      4.671808      9.343615
     -3.280000      5.369309      5.369309     10.738618
     -3.260000      6.265093      6.265093     12.530185
     -3.240000      7.280344      7.280344     14.560688
     -3.220000      8.277001      8.277001     16.554001
     -3.200000      9.082533      9.082533     18.165066
     -3.180000      9.534037      9.534037     19.068074
     -3.160000      9.526788      9.526788     19.053576
     -3.140000      9.048882      9.048882     18.097763
     -3.120000      8.188120      8.188120     16.376241
     -3.100000      7.107730      7.107730     14.215460
     -3.080000      5.999215      5.999215     11.998430
     -3.060000      5.029018      5.029018     10.058035
     -3.040000      4.297516      4.297516      8.595033
     -3.020000      3.823595      3.823595      7.647191
     -3.000000      3.557572      3.557572      7.115144
     -2.980000      3.414084      3.414084      6.828167
     -2.960000      3.309644      3.309644      6.619289
     -2.940000      3.190023      3.190023      6.380046
     -2.920000      3.039475      3.039475      6.078950
     -2.900000      2.872965      2.872965      5.745930
     -2.880000      2.719005      2.719005      5.438011
     -2.860000      2.602188      2.602188      5.204375
     -2.840000      2.531815      2.531815      5.063630
     -2.820000      2.499043      2.499043      4.998086
     -2.800000      2.481780      2.481780      4.963559
     -2.780000      2.454755      2.454755      4.909511
     -2.760000      2.401006      2.401006      4.802013
     -2.740000      2.320269      2.320269      4.640538
     -2.720000      2.230233      2.230233      4.460466
     -2.700000      2.159161      2.159161      4.318321
     -2.680000      2.132549      2.132549      4.265098
     -2.660000      2.160131      2.160131      4.320263
     -2.640000      2.229923      2.229923      4.459847
     -2.620000      2.312505      2.312505      4.625011
     -2.600000      2.373186      2.373186      4.746372
     -2.580000      2.385633      2.385633      4.771267
     -2.560000      2.340436      2.340436      4.680871
     -2.540000      2.245545      2.245545      4.491090
     -2.520000      2.120126      2.120126      4.240253
     -2.500000      1.986094      1.986094      3.972189
     -2.480000      1.861550      1.861550      3.723100
     -2.460000      1.758228      1.758228      3.516457
     -2.440000      1.682745      1.682745      3.365489
     -2.420000      1.640077      1.640077      3.280155
     -2.400000      1.637445      1.637445      3.274889
     -2.380000      1.686989      1.686989      3.373978
     -2.360000      1.805951      1.805951      3.611903
     -2.340000      2.013347      2.013347      4.026695
     -2.320000      2.323051      2.323051      4.646101
     -2.300000      2.734878      2.734878      5.469757
     -2.280000      3.227280      3.227280      6.454560
     -2.260000      3.756147      3.756147      7.512295
     -2.240000      4.262745      4.262745      8.525491
     -2.220000      4.689703      4.689703      9.379405
     -2.200000      4.999271      4.999271      9.998543
     -2.180000      5.185620      5.185620     10.371240
     -2.160000      5.274850      5.274850     10.549699
     -2.140000      5.312143      5.312143     10.624287
     -2.120000      5.341910      5.341910     10.683821
     -2.100000      5.390210      5.390210     10.780421
     -2.080000      5.457311      5.457311     10.914621
     -2.060000      5.522898      5.522898     11.045795
     -2.040000      5.560357      5.560357     11.120713
     -2.020000      5.552697      5.552697     11.105394
     -2.000000      5.502544      5.502544     11.005088
     -1.980000      5.431670      5.431670     10.863341
     -1.960000      5.370235      5.370235     10.740470
     -1.940000      5.340471      5.340471     10.680942
     -1.920000      5.342465      5.342465     10.684931
     -1.900000      5.349497      5.349497     10.698993
     -1.880000      5.316649      5.316649     10.633299
     -1.860000      5.200232      5.200232     10.400463
     -1.840000      4.979896      4.979896      9.959792
     -1.820000      4.673679      4.673679      9.347359
     -1.800000      4.339722      4.339722      8.679444
     -1.780000      4.065196      4.065196      8.130392
     -1.760000      3.948623      3.948623      7.897246
     -1.740000      4.082800      4.082800      8.165600
     -1.720000      4.541850      4.541850      9.083700
     -1.700000      5.370738      5.370738     10.741476
     -1.680000      6.573355      6.573355     13.146710
     -1.660000      8.098113      8.098113     16.196226
     -1.640000      9.826331      9.826331     19.652662
     -1.620000     11.573640     11.573640     23.147280
     -1.600000     13.113332     13.113332     26.226664
     -1.580000     14.221700     14.221700     28.443399
     -1.560000     14.733170     14.733170     29.466340
     -1.540000     14.585012     14.585012     29.170024
     -1.520000     13.833484     13.833484     27.666969
     -1.500000     12.635163     12.635163     25.270327
     -1.480000     11.202154     11.202154     22.404308
     -1.460000      9.749562      9.749562     19.499124
     -1.440000      8.453457      8.453457     16.906913
     -1.420000      7.429344      7.429344     14.858688
     -1.400000      6.730715      6.730715     13.461431
     -1.380000      6.360077      6.360077     12.720155
     -1.360000      6.283424      6.283424     12.566848
     -1.340000      6.442174      6.442174     12.884348
     -1.320000      6.761347      6.761347     13.522695
     -1.300000      7.156256      7.156256     14.312512
     -1.280000      7.540710      7.540710     15.081420
     -1.260000      7.837732      7.837732     15.675463
     -1.240000      7.990876      7.990876     15.981753
     -1.220000      7.972798      7.972798     15.945597
     -1.200000      7.788970      7.788970     15.577940
     -1.180000      7.477310      7.477310     14.954619
     -1.160000      7.106116      7.106116     14.212233
     -1.140000      6.770994      6.770994     13.541988
     -1.120000      6.587445      6.587445     13.174891
     -1.100000      6.673503      6.673503     13.347007
     -1.080000      7.120262      7.120262     14.240525
     -1.060000      7.957464      7.957464     15.914929
     -1.040000      9.130572      9.130572     18.261144
     -1.020000     10.506543     10.506543     21.013086
     -1.000000     11.913289     11.913289     23.826579
     -0.980000     13.197573     13.197573     26.395146
     -0.960000     14.271181     14.271181     28.542362
     -0.940000     15.118304     15.118304     30.236608
     -0.920000     15.759624     15.759624     31.519248
     -0.900000     16.197410     16.197410     32.394820
     -0.880000     16.380894     16.380894     32.761788
     -0.860000     16.219943     16.219943     32.439886
     -0.840000     15.643052     15.643052     31.286105
     -0.820000     14.663943     14.663943     29.327885
     -0.800000     13.411856     13.411856     26.823711
     -0.780000     12.101582     12.101582     24.203164
     -0.760000     10.957046     10.957046     21.914092
     -0.740000     10.131615     10.131615     20.263229
     -0.720000      9.669537      9.669537     19.339074
     -0.700000      9.525579      9.525579     19.051158
     -0.680000      9.622975      9.622975     19.245951
     -0.660000      9.908036      9.908036     19.816072
     -0.640000     10.366799     10.366799     20.733599
     -0.620000     10.998391     10.998391     21.996782
     -0.600000     11.769928     11.769928     23.539855
     -0.580000     12.588445     12.588445     25.176890
     -0.560000     13.311131     13.311131     26.622262
     -0.540000     13.788205     13.788205     27.576409
     -0.520000     13.912501     13.912501     27.825001
     -0.500000     13.648437     13.648437     27.296874
     -0.480000     13.028641     13.028641     26.057282
     -0.460000     12.126527     12.126527     24.253053
     -0.440000     11.024486     11.024486     22.048973
     -0.420000      9.794874      9.794874     19.589748
     -0.400000      8.499029      8.499029     16.998059
     -0.380000      7.197491      7.197491     14.394981
     -0.360000      5.959632      5.959632     11.919264
     -0.340000      4.864562      4.864562      9.729124
     -0.320000      3.992741      3.992741      7.985481
     -0.300000      3.413547      3.413547      6.827094
     -0.280000      3.174721      3.174721      6.349443
     -0.260000      3.296380      3.296380      6.592760
     -0.240000      3.768740      3.768740      7.537480
     -0.220000      4.551655      4.551655      9.103309
     -0.200000      5.575688      5.575688     11.151376
     -0.180000      6.746661      6.746661     13.493322
     -0.160000      7.956046      7.956046     15.912093
     -0.140000      9.097594      9.097594     18.195187
     -0.120000     10.087355     10.087355     20.174711
     -0.100000     10.881742     10.881742     21.763484
     -0.080000     11.487579     11.487579     22.975158
     -0.060000     11.959382     11.959382     23.918764
     -0.040000     12.381774     12.381774     24.763548
     -0.020000     12.839105     12.839105     25.678210
      0.000000     13.379687     13.379687     26.759373
      0.020000     13.987096     13.987096     27.974192
      0.040000     14.572331     14.572331     29.144663
      0.060000     14.994974     14.994974     29.989949
      0.080000     15.109402     15.109402     30.218804
      0.100000     14.819056     14.819056     29.638111
      0.120000     14.115846     14.115846     28.231693
      0.140000     13.087606     13.087606     26.175213
      0.160000     11.891491     11.891491     23.782982
      0.180000     10.706847     10.706847     21.413695
      0.200000      9.688487      9.688487     19.376975
      0.220000      8.937390      8.937390     17.874781
      0.240000      8.494361      8.494361     16.988723
      0.260000      8.350526      8.350526     16.701052
      0.280000      8.462878      8.462878     16.925756
      0.300000      8.765158      8.765158     17.530316
      0.320000      9.171462      9.171462     18.342924
      0.340000      9.577450      9.577450     19.154900
      0.360000      9.867372      9.867372     19.734745
      0.380000      9.932410      9.932410     19.864820
      0.400000      9.698403      9.698403     19.396805
      0.420000      9.153228      9.153228     18.306457
      0.440000      8.360810      8.360810     16.721620
      0.460000      7.452445      7.452445     14.904889
      0.480000      6.595265      6.595265     13.190529
      0.500000      5.947465      5.947465     11.894930
      0.520000      5.615617      5.615617     11.231235
      0.540000      5.628539      5.628539     11.257078
      0.560000      5.935563      5.935563     11.871127
      0.580000      6.427792      6.427792     12.855583
      0.600000      6.972964      6.972964     13.945927
      0.620000      7.451196      7.451196     14.902391
      0.640000      7.781049      7.781049     15.562099
      0.660000      7.931299      7.931299     15.862599
      0.680000      7.919638      7.919638     15.839275
      0.700000      7.802337      7.802337     15.604673
      0.720000      7.658400      7.658400     15.316800
      0.740000      7.570372      7.570372     15.140743
      0.760000      7.604332      7.604332     15.208664
      0.780000      7.793759      7.793759     15.587519
      0.800000      8.133353      8.133353     16.266707
      0.820000      8.586528      8.586528     17.173055
      0.840000      9.103829      9.103829     18.207658
      0.860000      9.642649      9.642649     19.285298
      0.880000     10.176706     10.176706     20.353413
      0.900000     10.689725     10.689725     21.379450
      0.920000     11.158434     11.158434     22.316868
      0.940000     11.538071     11.538071     23.076143
      0.960000     11.762828     11.762828     23.525656
      0.980000     11.764457     11.764457     23.528914
      1.000000     11.501071     11.501071     23.002143
      1.020000     10.982236     10.982236     21.964471
      1.040000     10.278411     10.278411     20.556821
      1.060000      9.509820      9.509820     19.019640
      1.080000      8.817435      8.817435     17.634869
      1.100000      8.324377      8.324377     16.648755
      1.120000      8.099304      8.099304     16.198607
      1.140000      8.133999      8.133999     16.267997
      1.160000      8.344483      8.344483     16.688967
      1.180000      8.597513      8.597513     17.195026
      1.200000      8.754289      8.754289     17.508578
      1.220000      8.715105      8.715105     17.430209
      1.240000      8.447459      8.447459     16.894918
      1.260000      7.987488      7.987488     15.974977
      1.280000      7.416952      7.416952     14.833903
      1.300000      6.828693      6.828693     13.657387
      1.320000      6.296707      6.296707     12.593414
      1.340000      5.861673      5.861673     11.723346
      1.360000      5.533228      5.533228     11.066455
      1.380000      5.302355      5.302355     10.604710
      1.400000      5.154944      5.154944     10.309889
      1.420000      5.080291      5.080291     10.160581
      1.440000      5.072986      5.072986     10.145972
      1.460000      5.130292      5.130292     10.260584
      1.480000      5.248590      5.248590     10.497180
      1.500000      5.422244      5.422244     10.844488
      1.520000      5.646542      5.646542     11.293083
      1.540000      5.923494      5.923494     11.846988
      1.560000      6.265868      6.265868     12.531737
      1.580000      6.693021      6.693021     13.386042
      1.600000      7.214630      7.214630     14.429259
      1.620000      7.806034      7.806034     15.612068
      1.640000      8.388146      8.388146     16.776292
      1.660000      8.828568      8.828568     17.657136
      1.680000      8.973045      8.973045     17.946090
      1.700000      8.699395      8.699395     17.398791
      1.720000      7.969933      7.969933     15.939866
      1.740000      6.855251      6.855251     13.710503
      1.760000      5.516036      5.516036     11.032072
      1.780000      4.151829      4.151829      8.303658
      1.800000      2.941754      2.941754      5.883508
      1.820000      2.002496      2.002496      4.004992
      1.840000      1.375591      1.375591      2.751181
      1.860000      1.039973      1.039973      2.079946
      1.880000      0.936678      0.936678      1.873357
      1.900000      0.993278      0.993278      1.986556
      1.920000      1.141797      1.141797      2.283594
      1.940000      1.329521      1.329521      2.659042
      1.960000      1.524261      1.524261      3.048521
      1.980000      1.715070      1.715070      3.430140
      2.000000      1.908615      1.908615      3.817231
      2.020000      2.121884      2.121884      4.243769
      2.040000      2.373297      2.373297      4.746594
      2.060000      2.675162      2.675162      5.350325
      2.080000      3.029691      3.029691      6.059381
      2.100000      3.428782      3.428782      6.857565
      2.120000      3.855861      3.855861      7.711723
      2.140000      4.287560      4.287560      8.575119
      2.160000      4.694608      4.694608      9.389215
      2.180000      5.043837      5.043837     10.087675
      2.200000      5.304733      5.304733     10.609467
      2.220000      5.462532      5.462532     10.925064
      2.240000      5.535328      5.535328     11.070656
      2.260000      5.587181      5.587181     11.174363
      2.280000      5.726554      5.726554     11.453109
      2.300000      6.082633      6.082633     12.165266
      2.320000      6.761404      6.761404     13.522807
      2.340000      7.795348      7.795348     15.590695
      2.360000      9.109125      9.109125     18.218249
      2.380000     10.522403     10.522403     21.044805
      2.400000     11.797521     11.797521     23.595042
      2.420000     12.718071     12.718071     25.436143
      2.440000     13.165543     13.165543     26.331086
      2.460000     13.157243     13.157243     26.314487
      2.480000     12.825141     12.825141     25.650282
      2.500000     12.345217     12.345217     24.690433
      2.520000     11.853466     11.853466     23.706933
      2.540000     11.391529     11.391529     22.783058
      2.560000     10.907376     10.907376     21.814752
      2.580000     10.305328     10.305328     20.610656
      2.600000      9.514111      9.514111     19.028222
      2.620000      8.536468      8.536468     17.072935
      2.640000      7.459410      7.459410     14.918819
      2.660000      6.427827      6.427827     12.855654
      2.680000      5.600058      5.600058     11.200116
      2.700000      5.105174      5.105174     10.210349
      2.720000      5.013088      5.013088     10.026175
      2.740000      5.320465      5.320465     10.640931
      2.760000      5.953588      5.953588     11.907177
      2.780000      6.790279      6.790279     13.580557
      2.800000      7.699539      7.699539     15.399078
      2.820000      8.587085      8.587085     17.174169
      2.840000      9.424671      9.424671     18.849343
      2.860000     10.242511     10.242511     20.485021
      2.880000     11.082041     11.082041     22.164081
      2.900000     11.932155     11.932155     23.864309
      2.920000     12.687713     12.687713     25.375427
      2.940000     13.161021     13.161021     26.322042
      2.960000     13.147364     13.147364     26.294728
      2.980000     12.513066     12.513066     25.026132
      3.000000     11.260352     11.260352     22.520703
      3.020000      9.536582      9.536582     19.073164
      3.040000      7.586521      7.586521     15.173041
      3.060000      5.674736      5.674736     11.349472
      3.080000      4.014830      4.014830      8.029660
      3.100000      2.731065      2.731065      5.462129
      3.120000      1.857165      1.857165      3.714330
      3.140000      1.360547      1.360547      2.721094
      3.160000      1.175186      1.175186      2.350372
      3.180000      1.230900      1.230900      2.461801
      3.200000      1.474085      1.474085      2.948169
      3.220000      1.879069      1.879069      3.758139
      3.240000      2.449225      2.449225      4.898450
      3.260000      3.205699      3.205699      6.411399
      3.280000      4.163485      4.163485      8.326970
      3.300000      5.300784      5.300784     10.601568
      3.320000      6.535185      6.535185     13.070369
      3.340000      7.722520      7.722520     15.445040
      3.360000      8.686595      8.686595     17.373191
      3.380000      9.272026      9.272026     18.544051
      3.400000      9.397380      9.397380     18.794761
      3.420000      9.082529      9.082529     18.165057
      3.440000      8.436442      8.436442     16.872884
      3.460000      7.612778      7.612778     15.225556
      3.480000      6.756934      6.756934     13.513869
      3.500000      5.970085      5.970085     11.940170
      3.520000      5.303350      5.303350     10.606700
      3.540000      4.777871      4.777871      9.555742
      3.560000      4.414518      4.414518      8.829036
      3.580000      4.255161      4.255161      8.510322
      3.600000      4.364107      4.364107      8.728215
      3.620000      4.808257      4.808257      9.616514
      3.640000      5.623292      5.623292     11.246583
      3.660000      6.778703      6.778703     13.557405
      3.680000      8.156226      8.156226     16.312451
      3.700000      9.553881      9.553881     19.107761
      3.720000     10.720786     10.720786     21.441573
      3.740000     11.416778     11.416778     22.833556
      3.760000     11.479053     11.479053     22.958106
      3.780000     10.871517     10.871517     21.743034
      3.800000      9.696483      9.696483     19.392966
      3.820000      8.163024      8.163024     16.326047
      3.840000      6.524893      6.524893     13.049786
      3.860000      5.013417      5.013417     10.026833
      3.880000      3.790244      3.790244      7.580488
      3.900000      2.932657      2.932657      5.865313
      3.920000      2.448282      2.448282      4.896564
      3.940000      2.305386      2.305386      4.610771
      3.960000      2.463133      2.463133      4.926266
      3.980000      2.890988      2.890988      5.781976
      4.000000      3.572946      3.572946      7.145893
      4.020000      4.497434      4.497434      8.994869
      4.040000      5.637363      5.637363     11.274725
      4.060000      6.928161      6.928161     13.856323
      4.080000      8.254338      8.254338     16.508676
      4.100000      9.454783      9.454783     18.909565
      4.120000     10.351265     10.351265     20.702530
      4.140000     10.794058     10.794058     21.588117
      4.160000     10.708537     10.708537     21.417075
      4.180000     10.123416     10.123416     20.246833
      4.200000      9.168141      9.168141     18.336282
      4.220000      8.040255      8.040255     16.080510
      4.240000      6.955720      6.955720     13.911441
      4.260000      6.099736      6.099736     12.199472
      4.280000      5.591784      5.591784     11.183568
      4.300000      5.470667      5.470667     10.941334
      4.320000      5.698259      5.698259     11.396519
      4.340000      6.177187      6.177187     12.354374
      4.360000      6.777081      6.777081     13.554162
      4.380000      7.364685      7.364685     14.729370
      4.400000      7.833595      7.833595     15.667190
      4.420000      8.129299      8.129299     16.258598
      4.440000      8.264474      8.264474     16.528948
      4.460000      8.319028      8.319028     16.638055
      4.480000      8.420855      8.420855     16.841710
      4.500000      8.708405      8.708405     17.416811
      4.520000      9.284123      9.284123     18.568245
      4.540000     10.174379     10.174379     20.348759
      4.560000     11.311310     11.311310     22.622620
      4.580000     12.543431     12.543431     25.086863
      4.600000     13.669853     13.669853     27.339707
      4.620000     14.485009     14.485009     28.970018
      4.640000     14.821144     14.821144     29.642288
      4.660000     14.581137     14.581137     29.162274
      4.680000     13.758148     13.758148     27.516296
      4.700000     12.438582     12.438582     24.877164
      4.720000     10.784709     10.784709     21.569417
      4.740000      8.997866      8.997866     17.995733
      4.760000      7.271868      7.271868     14.543736
      4.780000      5.752490      5.752490     11.504979
      4.800000      4.516811      4.516811      9.033622
      4.820000      3.576382      3.576382      7.152765
      4.840000      2.897343      2.897343      5.794687
      4.860000      2.425429      2.425429      4.850858
      4.880000      2.105859      2.105859      4.211719
      4.900000      1.894063      1.894063      3.788126
      4.920000      1.758479      1.758479      3.516958
      4.940000      1.678897      1.678897      3.357793
      4.960000      1.643287      1.643287      3.286573
      4.980000      1.644528      1.644528      3.289057
      5.000000      1.677207      1.677207      3.354413
      5.020000      1.734342      1.734342      3.468683
      5.040000      1.804387      1.804387      3.608774
      5.060000      1.869536      1.869536      3.739072
      5.080000      1.906687      1.906687      3.813375
      5.100000      1.891777      1.891777      3.783555
      5.120000      1.806628      1.806628      3.613256
      5.140000      1.645721      1.645721      3.291442
      5.160000      1.419654      1.419654      2.839308
      5.180000      1.153183      1.153183      2.306366
      5.200000      0.878306      0.878306      1.756613
      5.220000      0.625313      0.625313      1.250627
      5.240000      0.415573      0.415573      0.831146
      5.260000      0.258679      0.258679      0.517359
      5.280000      0.154356      0.154356      0.308711
      5.300000      0.097627      0.097627      0.195254
      5.320000      0.085123      0.085123      0.170246
      5.340000      0.120681      0.120681      0.241362
      5.360000      0.218931      0.218931      0.437863
      5.380000      0.405642      0.405642      0.811283
      5.400000      0.713488      0.713488      1.426976
      5.420000      1.172497      1.172497      2.344994
      5.440000      1.796379      1.796379      3.592757
      5.460000      2.569017      2.569017      5.138035
      5.480000      3.437657      3.437657      6.875314
      5.500000      4.318528      4.318528      8.637056
      5.520000      5.115879      5.115879     10.231758
      5.540000      5.748521      5.748521     11.497042
      5.560000      6.173191      6.173191     12.346382
      5.580000      6.394755      6.394755     12.789509
      5.600000      6.459618      6.459618     12.919236
      5.620000      6.436888      6.436888     12.873776
      5.640000      6.396890      6.396890     12.793780
      5.660000      6.395829      6.395829     12.791657
      5.680000      6.469888      6.469888     12.939776
      5.700000      6.635960      6.635960     13.271921
      5.720000      6.893414      6.893414     13.786828
      5.740000      7.223274      7.223274     14.446548
      5.760000      7.585948      7.585948     15.171897
      5.780000      7.922402      7.922402     15.844805
      5.800000      8.163586      8.163586     16.327171
      5.820000      8.248778      8.248778     16.497557
      5.840000      8.148044      8.148044     16.296088
      5.860000      7.880326      7.880326     15.760651
      5.880000      7.518665      7.518665     15.037331
      5.900000      7.177353      7.177353     14.354705
      5.920000      6.981440      6.981440     13.962881
      5.940000      7.025842      7.025842     14.051684
      5.960000      7.337354      7.337354     14.674707
      5.980000      7.855427      7.855427     15.710854
      6.000000      8.443086      8.443086     16.886172
      6.020000      8.927745      8.927745     17.855490
      6.040000      9.157549      9.157549     18.315097
      6.060000      9.050341      9.050341     18.100681
      6.080000      8.615281      8.615281     17.230563
      6.100000      7.940323      7.940323     15.880645
      6.120000      7.154339      7.154339     14.308679
      6.140000      6.382096      6.382096     12.764191
      6.160000      5.709646      5.709646     11.419292
      6.180000      5.170005      5.170005     10.340009
      6.200000      4.749415      4.749415      9.498829
      6.220000      4.407572      4.407572      8.815144
      6.240000      4.101965      4.101965      8.203930
      6.260000      3.806848      3.806848      7.613696
      6.280000      3.520653      3.520653      7.041306
      6.300000      3.261014      3.261014      6.522028
      6.320000      3.052071      3.052071      6.104142
      6.340000      2.911860      2.911860      5.823720
      6.360000      2.846677      2.846677      5.693354
      6.380000      2.854911      2.854911      5.709823
      6.400000      2.937445      2.937445      5.874890
      6.420000      3.107981      3.107981      6.215962
      6.440000      3.396104      3.396104      6.792208
      6.460000      3.838467      3.838467      7.676934
      6.480000      4.458554      4.458554      8.917108
      6.500000      5.241745      5.241745     10.483490
      6.520000      6.117604      6.117604     12.235209
      6.540000      6.962001      6.962001     13.924002
      6.560000      7.625043      7.625043     15.250086
      6.580000      7.978022      7.978022     15.956045
      6.600000      7.960167      7.960167     15.920334
      6.620000      7.602670      7.602670     15.205339
      6.640000      7.017508      7.017508     14.035016
      6.660000      6.357146      6.357146     12.714292
      6.680000      5.766768      5.766768     11.533535
      6.700000      5.352906      5.352906     10.705811
      6.720000      5.179840      5.179840     10.359680
      6.740000      5.286260      5.286260     10.572519
      6.760000      5.701938      5.701938     11.403877
      6.780000      6.445866      6.445866     12.891732
      6.800000      7.502535      7.502535     15.005070
      6.820000      8.792148      8.792148     17.584295
      6.840000     10.160189     10.160189     20.320378
      6.860000     11.403999     11.403999     22.807998
      6.880000     12.331933     12.331933     24.663865
      6.900000     12.828339     12.828339     25.656677
      6.920000     12.890700     12.890700     25.781401
      6.940000     12.619575     12.619575     25.239150
      6.960000     12.168373     12.168373     24.336745
      6.980000     11.680915     11.680915     23.361830
      7.000000     11.247264     11.247264     22.494528
      7.020000     10.893178     10.893178     21.786355
      7.040000     10.597883     10.597883     21.195767
      7.060000     10.322154     10.322154     20.644307
      7.080000     10.029594     10.029594     20.059188
      7.100000      9.694444      9.694444     19.388889
      7.120000      9.300056      9.300056     18.600112
      7.140000      8.836503      8.836503     17.673006
      7.160000      8.302467      8.302467     16.604934
      7.180000      7.709981      7.709981     15.419963
      7.200000      7.086763      7.086763     14.173527
      7.220000      6.472486      6.472486     12.944972
      7.240000      5.910423      5.910423     11.820847
      7.260000      5.439602      5.439602     10.879203
      7.280000      5.091603      5.091603     10.183207
      7.300000      4.891536      4.891536      9.783072
      7.320000      4.858597      4.858597      9.717193
      7.340000      5.001783      5.001783     10.003565
      7.360000      5.310637      5.310637     10.621274
      7.380000      5.746159      5.746159     11.492319
      7.400000      6.239248      6.239248     12.478497
      7.420000      6.701646      6.701646     13.403291
      7.440000      7.048670      7.048670     14.097341
      7.460000      7.227114      7.227114     14.454228
      7.480000      7.238226      7.238226     14.476453
      7.500000      7.146004      7.146004     14.292008
      7.520000      7.064905      7.064905     14.129811
      7.540000      7.127820      7.127820     14.255641
      7.560000      7.443093      7.443093     14.886185
      7.580000      8.055928      8.055928     16.111857
      7.600000      8.930743      8.930743     17.861486
      7.620000      9.963939      9.963939     19.927877
      7.640000     11.022476     11.022476     22.044953
      7.660000     11.989408     11.989408     23.978816
      7.680000     12.792733     12.792733     25.585467
      7.700000     13.403494     13.403494     26.806989
      7.720000     13.808299     13.808299     27.616598
      7.740000     13.978019     13.978019     27.956039
      7.760000     13.856767     13.856767     27.713534
      7.780000     13.381397     13.381397     26.762795
      7.800000     12.521063     12.521063     25.042126
      7.820000     11.312504     11.312504     22.625008
      7.840000      9.868613      9.868613     19.737226
      7.860000      8.353367      8.353367     16.706733
      7.880000      6.935051      6.935051     13.870101
      7.900000      5.740429      5.740429     11.480858
      7.920000      4.830114      4.830114      9.660228
      7.940000      4.203134      4.203134      8.406268
      7.960000      3.824583      3.824583      7.649166
      7.980000      3.661219      3.661219      7.322437
      8.000000      3.708502      3.708502      7.417004
      8.020000      3.997463      3.997463      7.994927
      8.040000      4.578050      4.578050      9.156100
      8.060000      5.484642      5.484642     10.969284
      8.080000      6.697104      6.697104     13.394207
      8.100000      8.114727      8.114727     16.229453
      8.120000      9.558408      9.558408     19.116816
      8.140000     10.807296     10.807296     21.614592
      8.160000     11.661874     11.661874     23.323749
      8.180000     12.011643     12.011643     24.023286
      8.200000     11.879552     11.879552     23.759104
      8.220000     11.421937     11.421937     22.843875
      8.240000     10.880277     10.880277     21.760554
      8.260000     10.501612     10.501612     21.003224
      8.280000     10.457911     10.457911     20.915821
      8.300000     10.794798     10.794798     21.589596
      8.320000     11.427422     11.427422     22.854844
      8.340000     12.181918     12.181918     24.363836
      8.360000     12.863234     12.863234     25.726469
      8.380000     13.321288     13.321288     26.642576
      8.400000     13.490875     13.490875     26.981750
      8.420000     13.394396     13.394396     26.788791
      8.440000     13.113182     13.113182     26.226364
      8.460000     12.744954     12.744954     25.489909
      8.480000     12.367061     12.367061     24.734121
      8.500000     12.018856     12.018856     24.037713
      8.520000     11.706675     11.706675     23.413349
      8.540000     11.425895     11.425895     22.851790
      8.560000     11.188838     11.188838     22.377675
      8.580000     11.044882     11.044882     22.089765
      8.600000     11.080748     11.080748     22.161496
      8.620000     11.395043     11.395043     22.790086
      8.640000     12.051958     12.051958     24.103916
      8.660000     13.031093     13.031093     26.062186
      8.680000     14.197762     14.197762     28.395525
      8.700000     15.314420     15.314420     30.628841
      8.720000     16.097681     16.097681     32.195362
      8.740000     16.303223     16.303223     32.606445
      8.760000     15.804798     15.804798     31.609596
      8.780000     14.634051     14.634051     29.268102
      8.800000     12.965799     12.965799     25.931598
      8.820000     11.058717     11.058717     22.117433
      8.840000      9.179366      9.179366     18.358732
      8.860000      7.539197      7.539197     15.078393
      8.880000      6.261718      6.261718     12.523436
      8.900000      5.380563      5.380563     10.761126
      8.920000      4.858484      4.858484      9.716969
      8.940000      4.615478      4.615478      9.230956
      8.960000      4.557791      4.557791      9.115582
      8.980000      4.603303      4.603303      9.206605
      9.000000      4.700205      4.700205      9.400411
      9.020000      4.836025      4.836025      9.672051
      9.040000      5.034925      5.034925     10.069850
      9.060000      5.343764      5.343764     10.687527
      9.080000      5.810587      5.810587     11.621174
      9.100000      6.461520      6.461520     12.923040
      9.120000      7.282511      7.282511     14.565021
      9.140000      8.211246      8.211246     16.422492
      9.160000      9.142403      9.142403     18.284806
      9.180000      9.946573      9.946573     19.893146
      9.200000     10.499576     10.499576     20.999151
      9.220000     10.714685     10.714685     21.429369
      9.240000     10.567136     10.567136     21.134273
      9.260000     10.100911     10.100911     20.201823
      9.280000      9.413757      9.413757     18.827514
      9.300000      8.625899      8.625899     17.251798
      9.320000      7.845700      7.845700     15.691400
      9.340000      7.146592      7.146592     14.293183
      9.360000      6.563107      6.563107     13.126214
      9.380000      6.104055      6.104055     12.208110
      9.400000      5.773824      5.773824     11.547647
      9.420000      5.591600      5.591600     11.183201
      9.440000      5.601437      5.601437     11.202875
      9.460000      5.869930      5.869930     11.739859
      9.480000      6.470829      6.470829     12.941658
      9.500000      7.458384      7.458384     14.916768
      9.520000      8.835442      8.835442     17.670884
      9.540000     10.527649     10.527649     21.055297
      9.560000     12.377311     12.377311     24.754622
      9.580000     14.165396     14.165396     28.330792
      9.600000     15.658206     15.658206     31.316412
      9.620000     16.662774     16.662774     33.325548
      9.640000     17.070195     17.070195     34.140391
      9.660000     16.872390     16.872390     33.744780
      9.680000     16.150868     16.150868     32.301735
      9.700000     15.047249     15.047249     30.094499
      9.720000     13.728579     13.728579     27.457158
      9.740000     12.356645     12.356645     24.713290
      9.760000     11.064924     11.064924     22.129849
      9.780000      9.943827      9.943827     19.887654
      9.800000      9.034824      9.034824     18.069649
      9.820000      8.334229      8.334229     16.668458
      9.840000      7.805956      7.805956     15.611911
      9.860000      7.400026      7.400026     14.800051
      9.880000      7.071697      7.071697     14.143393
      9.900000      6.795954      6.795954     13.591907
      9.920000      6.573483      6.573483     13.146966
      9.940000      6.426430      6.426430     12.852860
      9.960000      6.384920      6.384920     12.769839
      9.980000      6.468395      6.468395     12.936790
     10.000000      6.668517      6.668517     13.337034
