# EIG2DOS: Utility for SIESTA to obtain the electronic density of states
#  E. Artacho, Apr 1999, A. Garcia, Apr 2012
# ------------------------------------------
# Eigenvalues read from GRP_doping.EIG
# Using smearing parameter:   0.100
# Using   1001 points in energy range
# Selected bands: 1 to: 936
# Emin, emax in file for selected band(s):    -25.8893200    186.9005300
# Nbands, Nspin, Nk   =    936     1   231
# E_F                 =    -3.3991 eV --> (shifted to ZERO)
# Broadening          =     0.1000 eV
#
#        E            N(up)  (=)   N(down)         Ntot
    -10.000000      7.660390      7.660390     15.320780
     -9.980000      7.510051      7.510051     15.020103
     -9.960000      7.383380      7.383380     14.766760
     -9.940000      7.294010      7.294010     14.588021
     -9.920000      7.251798      7.251798     14.503596
     -9.900000      7.260197      7.260197     14.520394
     -9.880000      7.315376      7.315376     14.630752
     -9.860000      7.406868      7.406868     14.813735
     -9.840000      7.519103      7.519103     15.038205
     -9.820000      7.633398      7.633398     15.266796
     -9.800000      7.730435      7.730435     15.460870
     -9.780000      7.793399      7.793399     15.586798
     -9.760000      7.811525      7.811525     15.623050
     -9.740000      7.783105      7.783105     15.566210
     -9.720000      7.716677      7.716677     15.433355
     -9.700000      7.629529      7.629529     15.259057
     -9.680000      7.543641      7.543641     15.087282
     -9.660000      7.480314      7.480314     14.960628
     -9.640000      7.455229      7.455229     14.910458
     -9.620000      7.475479      7.475479     14.950959
     -9.600000      7.539279      7.539279     15.078558
     -9.580000      7.638158      7.638158     15.276316
     -9.560000      7.760762      7.760762     15.521525
     -9.540000      7.897038      7.897038     15.794076
     -9.520000      8.041456      8.041456     16.082913
     -9.500000      8.194198      8.194198     16.388397
     -9.480000      8.359826      8.359826     16.719653
     -9.460000      8.543939      8.543939     17.087878
     -9.440000      8.749150      8.749150     17.498300
     -9.420000      8.972117      8.972117     17.944234
     -9.400000      9.203037      9.203037     18.406075
     -9.380000      9.428137      9.428137     18.856275
     -9.360000      9.634480      9.634480     19.268960
     -9.340000      9.815330      9.815330     19.630660
     -9.320000      9.973896      9.973896     19.947791
     -9.300000     10.123893     10.123893     20.247787
     -9.280000     10.286929     10.286929     20.573857
     -9.260000     10.488207     10.488207     20.976414
     -9.240000     10.752466     10.752466     21.504932
     -9.220000     11.100923     11.100923     22.201846
     -9.200000     11.548488     11.548488     23.096976
     -9.180000     12.100100     12.100100     24.200201
     -9.160000     12.746421     12.746421     25.492842
     -9.140000     13.461026     13.461026     26.922053
     -9.120000     14.201762     14.201762     28.403523
     -9.100000     14.917214     14.917214     29.834428
     -9.080000     15.556623     15.556623     31.113245
     -9.060000     16.080021     16.080021     32.160042
     -9.040000     16.465852     16.465852     32.931705
     -9.020000     16.714708     16.714708     33.429415
     -9.000000     16.848706     16.848706     33.697412
     -8.980000     16.906193     16.906193     33.812387
     -8.960000     16.932009     16.932009     33.864018
     -8.940000     16.965367     16.965367     33.930734
     -8.920000     17.029418     17.029418     34.058836
     -8.900000     17.126770     17.126770     34.253540
     -8.880000     17.242595     17.242595     34.485189
     -8.860000     17.352995     17.352995     34.705990
     -8.840000     17.433850     17.433850     34.867699
     -8.820000     17.466148     17.466148     34.932296
     -8.800000     17.436884     17.436884     34.873768
     -8.780000     17.337347     17.337347     34.674694
     -8.760000     17.161329     17.161329     34.322657
     -8.740000     16.904615     16.904615     33.809229
     -8.720000     16.565738     16.565738     33.131475
     -8.700000     16.147425     16.147425     32.294850
     -8.680000     15.658348     15.658348     31.316695
     -8.660000     15.114853     15.114853     30.229706
     -8.640000     14.541978     14.541978     29.083957
     -8.620000     13.972643     13.972643     27.945286
     -8.600000     13.444116     13.444116     26.888233
     -8.580000     12.991901     12.991901     25.983802
     -8.560000     12.642602     12.642602     25.285204
     -8.540000     12.408304     12.408304     24.816609
     -8.520000     12.284757     12.284757     24.569514
     -8.500000     12.254190     12.254190     24.508380
     -8.480000     12.291627     12.291627     24.583254
     -8.460000     12.372315     12.372315     24.744630
     -8.440000     12.477946     12.477946     24.955892
     -8.420000     12.600448     12.600448     25.200895
     -8.400000     12.743141     12.743141     25.486281
     -8.380000     12.919391     12.919391     25.838781
     -8.360000     13.148712     13.148712     26.297424
     -8.340000     13.450451     13.450451     26.900903
     -8.320000     13.836156     13.836156     27.672312
     -8.300000     14.303010     14.303010     28.606019
     -8.280000     14.831280     14.831280     29.662560
     -8.260000     15.387778     15.387778     30.775555
     -8.240000     15.935035     15.935035     31.870070
     -8.220000     16.443271     16.443271     32.886541
     -8.200000     16.900517     16.900517     33.801033
     -8.180000     17.316585     17.316585     34.633169
     -8.160000     17.718887     17.718887     35.437773
     -8.140000     18.141592     18.141592     36.283185
     -8.120000     18.612394     18.612394     37.224788
     -8.100000     19.141860     19.141860     38.283721
     -8.080000     19.718713     19.718713     39.437425
     -8.060000     20.311525     20.311525     40.623050
     -8.040000     20.874993     20.874993     41.749986
     -8.020000     21.358103     21.358103     42.716205
     -8.000000     21.712094     21.712094     43.424188
     -7.980000     21.897258     21.897258     43.794515
     -7.960000     21.888414     21.888414     43.776829
     -7.940000     21.679129     21.679129     43.358259
     -7.920000     21.284341     21.284341     42.568682
     -7.900000     20.740605     20.740605     41.481210
     -7.880000     20.102893     20.102893     40.205786
     -7.860000     19.437162     19.437162     38.874324
     -7.840000     18.808796     18.808796     37.617592
     -7.820000     18.268471     18.268471     36.536943
     -7.800000     17.838667     17.838667     35.677334
     -7.780000     17.505175     17.505175     35.010349
     -7.760000     17.217625     17.217625     34.435250
     -7.740000     16.900595     16.900595     33.801189
     -7.720000     16.472923     16.472923     32.945846
     -7.700000     15.869367     15.869367     31.738735
     -7.680000     15.057711     15.057711     30.115422
     -7.660000     14.046611     14.046611     28.093222
     -7.640000     12.883369     12.883369     25.766738
     -7.620000     11.644007     11.644007     23.288014
     -7.600000     10.419046     10.419046     20.838091
     -7.580000      9.297725      9.297725     18.595449
     -7.560000      8.352617      8.352617     16.705233
     -7.540000      7.626822      7.626822     15.253643
     -7.520000      7.126701      7.126701     14.253401
     -7.500000      6.822984      6.822984     13.645968
     -7.480000      6.661051      6.661051     13.322101
     -7.460000      6.577631      6.577631     13.155262
     -7.440000      6.518119      6.518119     13.036239
     -7.420000      6.448140      6.448140     12.896281
     -7.400000      6.355823      6.355823     12.711647
     -7.380000      6.245861      6.245861     12.491722
     -7.360000      6.130073      6.130073     12.260147
     -7.340000      6.019683      6.019683     12.039365
     -7.320000      5.921902      5.921902     11.843805
     -7.300000      5.839993      5.839993     11.679985
     -7.280000      5.774190      5.774190     11.548380
     -7.260000      5.721730      5.721730     11.443459
     -7.240000      5.676328      5.676328     11.352657
     -7.220000      5.628883      5.628883     11.257766
     -7.200000      5.570634      5.570634     11.141268
     -7.180000      5.498206      5.498206     10.996411
     -7.160000      5.418305      5.418305     10.836611
     -7.140000      5.349704      5.349704     10.699408
     -7.120000      5.321308      5.321308     10.642616
     -7.100000      5.366792      5.366792     10.733584
     -7.080000      5.517290      5.517290     11.034580
     -7.060000      5.793898      5.793898     11.587795
     -7.040000      6.201578      6.201578     12.403156
     -7.020000      6.726027      6.726027     13.452054
     -7.000000      7.334935      7.334935     14.669869
     -6.980000      7.984303      7.984303     15.968606
     -6.960000      8.628699      8.628699     17.257398
     -6.940000      9.232223      9.232223     18.464447
     -6.920000      9.775931      9.775931     19.551863
     -6.900000     10.258538     10.258538     20.517076
     -6.880000     10.690203     10.690203     21.380405
     -6.860000     11.082398     11.082398     22.164796
     -6.840000     11.438557     11.438557     22.877115
     -6.820000     11.749519     11.749519     23.499038
     -6.800000     11.995410     11.995410     23.990819
     -6.780000     12.152829     12.152829     24.305658
     -6.760000     12.204296     12.204296     24.408593
     -6.740000     12.146403     12.146403     24.292805
     -6.720000     11.993989     11.993989     23.987977
     -6.700000     11.779386     11.779386     23.558772
     -6.680000     11.547521     11.547521     23.095043
     -6.660000     11.348705     11.348705     22.697411
     -6.640000     11.230853     11.230853     22.461707
     -6.620000     11.232183     11.232183     22.464367
     -6.600000     11.374937     11.374937     22.749874
     -6.580000     11.660892     11.660892     23.321785
     -6.560000     12.070016     12.070016     24.140032
     -6.540000     12.563482     12.563482     25.126964
     -6.520000     13.091021     13.091021     26.182042
     -6.500000     13.600684     13.600684     27.201367
     -6.480000     14.048006     14.048006     28.096013
     -6.460000     14.401997     14.401997     28.803994
     -6.440000     14.646880     14.646880     29.293759
     -6.420000     14.780058     14.780058     29.560116
     -6.400000     14.807635     14.807635     29.615269
     -6.380000     14.739219     14.739219     29.478438
     -6.360000     14.583973     14.583973     29.167946
     -6.340000     14.349510     14.349510     28.699020
     -6.320000     14.043906     14.043906     28.087812
     -6.300000     13.679079     13.679079     27.358158
     -6.280000     13.272596     13.272596     26.545192
     -6.260000     12.845906     12.845906     25.691811
     -6.240000     12.419683     12.419683     24.839366
     -6.220000     12.009426     12.009426     24.018852
     -6.200000     11.624582     11.624582     23.249164
     -6.180000     11.272112     11.272112     22.544225
     -6.160000     10.962192     10.962192     21.924383
     -6.140000     10.712046     10.712046     21.424091
     -6.120000     10.544768     10.544768     21.089535
     -6.100000     10.482711     10.482711     20.965421
     -6.080000     10.538028     10.538028     21.076056
     -6.060000     10.704622     10.704622     21.409245
     -6.040000     10.955427     10.955427     21.910855
     -6.020000     11.246752     11.246752     22.493505
     -6.000000     11.528337     11.528337     23.056674
     -5.980000     11.755223     11.755223     23.510447
     -5.960000     11.896931     11.896931     23.793862
     -5.940000     11.941107     11.941107     23.882215
     -5.920000     11.891887     11.891887     23.783774
     -5.900000     11.765602     11.765602     23.531205
     -5.880000     11.586791     11.586791     23.173582
     -5.860000     11.385548     11.385548     22.771096
     -5.840000     11.194975     11.194975     22.389950
     -5.820000     11.046729     11.046729     22.093458
     -5.800000     10.964247     10.964247     21.928495
     -5.780000     10.955824     10.955824     21.911647
     -5.760000     11.011176     11.011176     22.022351
     -5.740000     11.104125     11.104125     22.208250
     -5.720000     11.201060     11.201060     22.402121
     -5.700000     11.271885     11.271885     22.543770
     -5.680000     11.298967     11.298967     22.597935
     -5.660000     11.280737     11.280737     22.561474
     -5.640000     11.229155     11.229155     22.458310
     -5.620000     11.162914     11.162914     22.325828
     -5.600000     11.099756     11.099756     22.199513
     -5.580000     11.051149     11.051149     22.102297
     -5.560000     11.020953     11.020953     22.041905
     -5.540000     11.007502     11.007502     22.015004
     -5.520000     11.006873     11.006873     22.013746
     -5.500000     11.015027     11.015027     22.030054
     -5.480000     11.027848     11.027848     22.055697
     -5.460000     11.039796     11.039796     22.079591
     -5.440000     11.042737     11.042737     22.085475
     -5.420000     11.026109     11.026109     22.052218
     -5.400000     10.978574     10.978574     21.957147
     -5.380000     10.890733     10.890733     21.781467
     -5.360000     10.758414     10.758414     21.516828
     -5.340000     10.586028     10.586028     21.172055
     -5.320000     10.389026     10.389026     20.778052
     -5.300000     10.193781     10.193781     20.387562
     -5.280000     10.033343     10.033343     20.066685
     -5.260000      9.939070      9.939070     19.878140
     -5.240000      9.930496      9.930496     19.860992
     -5.220000     10.007486     10.007486     20.014972
     -5.200000     10.148413     10.148413     20.296825
     -5.180000     10.315674     10.315674     20.631349
     -5.160000     10.466646     10.466646     20.933292
     -5.140000     10.565812     10.565812     21.131624
     -5.120000     10.593562     10.593562     21.187124
     -5.100000     10.548830     10.548830     21.097660
     -5.080000     10.445476     10.445476     20.890953
     -5.060000     10.304596     10.304596     20.609191
     -5.040000     10.145973     10.145973     20.291946
     -5.020000      9.981548      9.981548     19.963096
     -5.000000      9.812607      9.812607     19.625214
     -4.980000      9.631144      9.631144     19.262288
     -4.960000      9.424709      9.424709     18.849418
     -4.940000      9.183162      9.183162     18.366324
     -4.920000      8.905044      8.905044     17.810088
     -4.900000      8.601132      8.601132     17.202264
     -4.880000      8.293498      8.293498     16.586996
     -4.860000      8.010057      8.010057     16.020113
     -4.840000      7.776456      7.776456     15.552913
     -4.820000      7.608308      7.608308     15.216617
     -4.800000      7.506558      7.506558     15.013115
     -4.780000      7.457449      7.457449     14.914899
     -4.760000      7.436797      7.436797     14.873593
     -4.740000      7.416891      7.416891     14.833782
     -4.720000      7.373818      7.373818     14.747635
     -4.700000      7.293112      7.293112     14.586224
     -4.680000      7.172414      7.172414     14.344828
     -4.660000      7.020743      7.020743     14.041487
     -4.640000      6.854947      6.854947     13.709895
     -4.620000      6.694521      6.694521     13.389041
     -4.600000      6.556237      6.556237     13.112475
     -4.580000      6.449949      6.449949     12.899898
     -4.560000      6.376591      6.376591     12.753182
     -4.540000      6.328924      6.328924     12.657849
     -4.520000      6.294772      6.294772     12.589544
     -4.500000      6.261600      6.261600     12.523201
     -4.480000      6.220589      6.220589     12.441178
     -4.460000      6.168430      6.168430     12.336861
     -4.440000      6.106181      6.106181     12.212362
     -4.420000      6.036117      6.036117     12.072233
     -4.400000      5.958700      5.958700     11.917399
     -4.380000      5.871593      5.871593     11.743185
     -4.360000      5.771229      5.771229     11.542457
     -4.340000      5.655714      5.655714     11.311427
     -4.320000      5.526998      5.526998     11.053995
     -4.300000      5.390807      5.390807     10.781614
     -4.280000      5.254297      5.254297     10.508594
     -4.260000      5.122763      5.122763     10.245527
     -4.240000      4.997246      4.997246      9.994493
     -4.220000      4.874395      4.874395      9.748790
     -4.200000      4.748874      4.748874      9.497748
     -4.180000      4.617471      4.617471      9.234941
     -4.160000      4.483236      4.483236      8.966471
     -4.140000      4.357772      4.357772      8.715545
     -4.120000      4.260328      4.260328      8.520657
     -4.100000      4.213545      4.213545      8.427091
     -4.080000      4.237103      4.237103      8.474206
     -4.060000      4.341407      4.341407      8.682815
     -4.040000      4.523456      4.523456      9.046912
     -4.020000      4.766223      4.766223      9.532446
     -4.000000      5.041839      5.041839     10.083678
     -3.980000      5.317981      5.317981     10.635963
     -3.960000      5.566205      5.566205     11.132409
     -3.940000      5.770255      5.770255     11.540510
     -3.920000      5.931829      5.931829     11.863658
     -3.900000      6.071307      6.071307     12.142615
     -3.880000      6.222342      6.222342     12.444683
     -3.860000      6.421594      6.421594     12.843187
     -3.840000      6.697243      6.697243     13.394485
     -3.820000      7.060649      7.060649     14.121298
     -3.800000      7.504137      7.504137     15.008275
     -3.780000      8.005029      8.005029     16.010057
     -3.760000      8.533343      8.533343     17.066686
     -3.740000      9.059497      9.059497     18.118993
     -3.720000      9.559048      9.559048     19.118095
     -3.700000     10.013475     10.013475     20.026950
     -3.680000     10.407842     10.407842     20.815683
     -3.660000     10.727278     10.727278     21.454555
     -3.640000     10.954403     10.954403     21.908805
     -3.620000     11.069361     11.069361     22.138722
     -3.600000     11.053261     11.053261     22.106522
     -3.580000     10.894410     10.894410     21.788820
     -3.560000     10.595077     10.595077     21.190155
     -3.540000     10.175439     10.175439     20.350878
     -3.520000      9.671886      9.671886     19.343772
     -3.500000      9.129335      9.129335     18.258671
     -3.480000      8.590289      8.590289     17.180577
     -3.460000      8.085281      8.085281     16.170562
     -3.440000      7.628670      7.628670     15.257341
     -3.420000      7.220895      7.220895     14.441789
     -3.400000      6.855131      6.855131     13.710261
     -3.380000      6.524566      6.524566     13.049132
     -3.360000      6.226907      6.226907     12.453813
     -3.340000      5.964675      5.964675     11.929349
     -3.320000      5.742093      5.742093     11.484186
     -3.300000      5.560848      5.560848     11.121695
     -3.280000      5.417240      5.417240     10.834481
     -3.260000      5.302254      5.302254     10.604508
     -3.240000      5.204405      5.204405     10.408810
     -3.220000      5.113751      5.113751     10.227501
     -3.200000      5.024870      5.024870     10.049739
     -3.180000      4.937241      4.937241      9.874483
     -3.160000      4.852928      4.852928      9.705856
     -3.140000      4.772918      4.772918      9.545835
     -3.120000      4.694196      4.694196      9.388391
     -3.100000      4.609168      4.609168      9.218336
     -3.080000      4.507742      4.507742      9.015485
     -3.060000      4.380938      4.380938      8.761876
     -3.040000      4.224113      4.224113      8.448227
     -3.020000      4.038258      4.038258      8.076516
     -3.000000      3.828987      3.828987      7.657975
     -2.980000      3.604247      3.604247      7.208494
     -2.960000      3.372364      3.372364      6.744728
     -2.940000      3.141646      3.141646      6.283292
     -2.920000      2.921454      2.921454      5.842909
     -2.900000      2.723452      2.723452      5.446903
     -2.880000      2.561335      2.561335      5.122670
     -2.860000      2.448211      2.448211      4.896423
     -2.840000      2.392374      2.392374      4.784747
     -2.820000      2.393645      2.393645      4.787289
     -2.800000      2.442623      2.442623      4.885246
     -2.780000      2.523781      2.523781      5.047562
     -2.760000      2.621113      2.621113      5.242227
     -2.740000      2.723313      2.723313      5.446625
     -2.720000      2.825577      2.825577      5.651155
     -2.700000      2.927215      2.927215      5.854429
     -2.680000      3.026883      3.026883      6.053766
     -2.660000      3.118755      3.118755      6.237509
     -2.640000      3.192064      3.192064      6.384128
     -2.620000      3.234155      3.234155      6.468310
     -2.600000      3.235019      3.235019      6.470037
     -2.580000      3.190816      3.190816      6.381631
     -2.560000      3.104923      3.104923      6.209847
     -2.540000      2.986582      2.986582      5.973163
     -2.520000      2.848150      2.848150      5.696299
     -2.500000      2.702133      2.702133      5.404265
     -2.480000      2.558832      2.558832      5.117664
     -2.460000      2.425103      2.425103      4.850206
     -2.440000      2.304302      2.304302      4.608604
     -2.420000      2.197074      2.197074      4.394147
     -2.400000      2.102404      2.102404      4.204808
     -2.380000      2.018447      2.018447      4.036894
     -2.360000      1.943018      1.943018      3.886036
     -2.340000      1.873920      1.873920      3.747839
     -2.320000      1.809262      1.809262      3.618524
     -2.300000      1.747701      1.747701      3.495402
     -2.280000      1.688452      1.688452      3.376904
     -2.260000      1.631079      1.631079      3.262159
     -2.240000      1.575250      1.575250      3.150500
     -2.220000      1.520648      1.520648      3.041296
     -2.200000      1.467035      1.467035      2.934070
     -2.180000      1.414299      1.414299      2.828599
     -2.160000      1.362404      1.362404      2.724809
     -2.140000      1.311288      1.311288      2.622577
     -2.120000      1.260843      1.260843      2.521685
     -2.100000      1.210963      1.210963      2.421926
     -2.080000      1.161591      1.161591      2.323182
     -2.060000      1.112671      1.112671      2.225341
     -2.040000      1.064077      1.064077      2.128155
     -2.020000      1.015585      1.015585      2.031169
     -2.000000      0.966862      0.966862      1.933724
     -1.980000      0.917459      0.917459      1.834918
     -1.960000      0.866773      0.866773      1.733547
     -1.940000      0.814088      0.814088      1.628175
     -1.920000      0.758738      0.758738      1.517476
     -1.900000      0.700392      0.700392      1.400784
     -1.880000      0.639299      0.639299      1.278597
     -1.860000      0.576396      0.576396      1.152792
     -1.840000      0.513207      0.513207      1.026413
     -1.820000      0.451529      0.451529      0.903059
     -1.800000      0.393013      0.393013      0.786026
     -1.780000      0.338756      0.338756      0.677512
     -1.760000      0.289110      0.289110      0.578220
     -1.740000      0.243790      0.243790      0.487581
     -1.720000      0.202247      0.202247      0.404494
     -1.700000      0.164113      0.164113      0.328227
     -1.680000      0.129513      0.129513      0.259026
     -1.660000      0.099113      0.099113      0.198227
     -1.640000      0.073951      0.073951      0.147902
     -1.620000      0.055148      0.055148      0.110296
     -1.600000      0.043656      0.043656      0.087313
     -1.580000      0.040091      0.040091      0.080181
     -1.560000      0.044651      0.044651      0.089303
     -1.540000      0.057094      0.057094      0.114188
     -1.520000      0.076727      0.076727      0.153454
     -1.500000      0.102470      0.102470      0.204939
     -1.480000      0.133004      0.133004      0.266008
     -1.460000      0.167050      0.167050      0.334101
     -1.440000      0.203704      0.203704      0.407407
     -1.420000      0.242708      0.242708      0.485416
     -1.400000      0.284530      0.284530      0.569059
     -1.380000      0.330154      0.330154      0.660308
     -1.360000      0.380649      0.380649      0.761299
     -1.340000      0.436664      0.436664      0.873327
     -1.320000      0.498049      0.498049      0.996098
     -1.300000      0.563765      0.563765      1.127531
     -1.280000      0.632090      0.632090      1.264181
     -1.260000      0.701059      0.701059      1.402118
     -1.240000      0.768964      0.768964      1.537928
     -1.220000      0.834733      0.834733      1.669466
     -1.200000      0.898056      0.898056      1.796112
     -1.180000      0.959262      0.959262      1.918523
     -1.160000      1.019044      1.019044      2.038088
     -1.140000      1.078203      1.078203      2.156407
     -1.120000      1.137487      1.137487      2.274974
     -1.100000      1.197528      1.197528      2.395055
     -1.080000      1.258830      1.258830      2.517659
     -1.060000      1.321785      1.321785      2.643571
     -1.040000      1.386722      1.386722      2.773443
     -1.020000      1.453983      1.453983      2.907965
     -1.000000      1.524007      1.524007      3.048014
     -0.980000      1.597377      1.597377      3.194755
     -0.960000      1.674877      1.674877      3.349753
     -0.940000      1.757618      1.757618      3.515236
     -0.920000      1.847261      1.847261      3.694521
     -0.900000      1.946232      1.946232      3.892464
     -0.880000      2.057802      2.057802      4.115603
     -0.860000      2.185861      2.185861      4.371721
     -0.840000      2.334252      2.334252      4.668504
     -0.820000      2.505525      2.505525      5.011051
     -0.800000      2.699148      2.699148      5.398296
     -0.780000      2.909579      2.909579      5.819159
     -0.760000      3.125097      3.125097      6.250195
     -0.740000      3.328390      3.328390      6.656780
     -0.720000      3.499454      3.499454      6.998908
     -0.700000      3.620296      3.620296      7.240592
     -0.680000      3.679888      3.679888      7.359777
     -0.660000      3.677346      3.677346      7.354692
     -0.640000      3.621784      3.621784      7.243568
     -0.620000      3.528622      3.528622      7.057244
     -0.600000      3.413706      3.413706      6.827411
     -0.580000      3.287709      3.287709      6.575418
     -0.560000      3.153308      3.153308      6.306617
     -0.540000      3.006460      3.006460      6.012920
     -0.520000      2.841388      2.841388      5.682776
     -0.500000      2.657436      2.657436      5.314873
     -0.480000      2.465242      2.465242      4.930483
     -0.460000      2.289776      2.289776      4.579552
     -0.440000      2.168467      2.168467      4.336935
     -0.420000      2.143811      2.143811      4.287621
     -0.400000      2.251781      2.251781      4.503563
     -0.380000      2.509608      2.509608      5.019217
     -0.360000      2.907900      2.907900      5.815800
     -0.340000      3.411345      3.411345      6.822691
     -0.320000      3.968792      3.968792      7.937583
     -0.300000      4.528962      4.528962      9.057925
     -0.280000      5.055088      5.055088     10.110177
     -0.260000      5.532342      5.532342     11.064685
     -0.240000      5.965855      5.965855     11.931710
     -0.220000      6.371714      6.371714     12.743429
     -0.200000      6.765979      6.765979     13.531959
     -0.180000      7.156336      7.156336     14.312671
     -0.160000      7.538713      7.538713     15.077426
     -0.140000      7.898783      7.898783     15.797566
     -0.120000      8.216786      8.216786     16.433573
     -0.100000      8.473595      8.473595     16.947191
     -0.080000      8.655863      8.655863     17.311726
     -0.060000      8.758643      8.758643     17.517286
     -0.040000      8.785023      8.785023     17.570047
     -0.020000      8.743753      8.743753     17.487507
      0.000000      8.646625      8.646625     17.293250
      0.020000      8.506786      8.506786     17.013571
      0.040000      8.337733      8.337733     16.675466
      0.060000      8.151786      8.151786     16.303571
      0.080000      7.957433      7.957433     15.914865
      0.100000      7.756705      7.756705     15.513411
      0.120000      7.544911      7.544911     15.089822
      0.140000      7.314260      7.314260     14.628520
      0.160000      7.060381      7.060381     14.120762
      0.180000      6.788334      6.788334     13.576668
      0.200000      6.514536      6.514536     13.029073
      0.220000      6.263272      6.263272     12.526544
      0.240000      6.059611      6.059611     12.119223
      0.260000      5.922396      5.922396     11.844792
      0.280000      5.860390      5.860390     11.720780
      0.300000      5.872430      5.872430     11.744860
      0.320000      5.950107      5.950107     11.900213
      0.340000      6.080587      6.080587     12.161173
      0.360000      6.247909      6.247909     12.495819
      0.380000      6.432708      6.432708     12.865415
      0.400000      6.611652      6.611652     13.223304
      0.420000      6.758283      6.758283     13.516566
      0.440000      6.846148      6.846148     13.692296
      0.460000      6.853808      6.853808     13.707615
      0.480000      6.770029      6.770029     13.540058
      0.500000      6.596982      6.596982     13.193963
      0.520000      6.349918      6.349918     12.699837
      0.540000      6.053388      6.053388     12.106775
      0.560000      5.735792      5.735792     11.471584
      0.580000      5.424890      5.424890     10.849779
      0.600000      5.145987      5.145987     10.291973
      0.620000      4.922486      4.922486      9.844972
      0.640000      4.776526      4.776526      9.553051
      0.660000      4.727208      4.727208      9.454417
      0.680000      4.785675      4.785675      9.571350
      0.700000      4.948867      4.948867      9.897733
      0.720000      5.195432      5.195432     10.390864
      0.740000      5.486765      5.486765     10.973530
      0.760000      5.773944      5.773944     11.547889
      0.780000      6.008741      6.008741     12.017482
      0.800000      6.155112      6.155112     12.310223
      0.820000      6.197360      6.197360     12.394721
      0.840000      6.142328      6.142328     12.284656
      0.860000      6.015052      6.015052     12.030104
      0.880000      5.849666      5.849666     11.699333
      0.900000      5.678936      5.678936     11.357872
      0.920000      5.526022      5.526022     11.052043
      0.940000      5.400766      5.400766     10.801532
      0.960000      5.300644      5.300644     10.601288
      0.980000      5.214741      5.214741     10.429482
      1.000000      5.128580      5.128580     10.257160
      1.020000      5.028287      5.028287     10.056573
      1.040000      4.903715      4.903715      9.807431
      1.060000      4.750813      4.750813      9.501626
      1.080000      4.573319      4.573319      9.146638
      1.100000      4.383327      4.383327      8.766654
      1.120000      4.199992      4.199992      8.399984
      1.140000      4.046194      4.046194      8.092388
      1.160000      3.943854      3.943854      7.887707
      1.180000      3.909213      3.909213      7.818425
      1.200000      3.949291      3.949291      7.898582
      1.220000      4.060237      4.060237      8.120475
      1.240000      4.227821      4.227821      8.455642
      1.260000      4.430106      4.430106      8.860213
      1.280000      4.642047      4.642047      9.284093
      1.300000      4.841106      4.841106      9.682212
      1.320000      5.012238      5.012238     10.024476
      1.340000      5.150308      5.150308     10.300617
      1.360000      5.258855      5.258855     10.517710
      1.380000      5.345724      5.345724     10.691448
      1.400000      5.417739      5.417739     10.835479
      1.420000      5.477155      5.477155     10.954310
      1.440000      5.521664      5.521664     11.043327
      1.460000      5.547718      5.547718     11.095437
      1.480000      5.554926      5.554926     11.109852
      1.500000      5.548592      5.548592     11.097184
      1.520000      5.538586      5.538586     11.077172
      1.540000      5.534993      5.534993     11.069987
      1.560000      5.543055      5.543055     11.086109
      1.580000      5.560391      5.560391     11.120781
      1.600000      5.578107      5.578107     11.156214
      1.620000      5.585067      5.585067     11.170134
      1.640000      5.572877      5.572877     11.145754
      1.660000      5.539027      5.539027     11.078054
      1.680000      5.486973      5.486973     10.973947
      1.700000      5.423734      5.423734     10.847468
      1.720000      5.356615      5.356615     10.713231
      1.740000      5.290615      5.290615     10.581231
      1.760000      5.227284      5.227284     10.454568
      1.780000      5.165080      5.165080     10.330160
      1.800000      5.100889      5.100889     10.201778
      1.820000      5.032202      5.032202     10.064403
      1.840000      4.959262      4.959262      9.918524
      1.860000      4.886284      4.886284      9.772568
      1.880000      4.820920      4.820920      9.641841
      1.900000      4.771794      4.771794      9.543588
      1.920000      4.744820      4.744820      9.489640
      1.940000      4.739802      4.739802      9.479605
      1.960000      4.748906      4.748906      9.497812
      1.980000      4.757945      4.757945      9.515891
      2.000000      4.750301      4.750301      9.500602
      2.020000      4.712136      4.712136      9.424272
      2.040000      4.636987      4.636987      9.273974
      2.060000      4.528054      4.528054      9.056108
      2.080000      4.397521      4.397521      8.795042
      2.100000      4.263424      4.263424      8.526849
      2.120000      4.145369      4.145369      8.290738
      2.140000      4.060339      4.060339      8.120678
      2.160000      4.019334      4.019334      8.038669
      2.180000      4.025125      4.025125      8.050250
      2.200000      4.071474      4.071474      8.142949
      2.220000      4.144378      4.144378      8.288756
      2.240000      4.225604      4.225604      8.451208
      2.260000      4.297805      4.297805      8.595609
      2.280000      4.349345      4.349345      8.698690
      2.300000      4.376727      4.376727      8.753453
      2.320000      4.383524      4.383524      8.767048
      2.340000      4.376587      4.376587      8.753175
      2.360000      4.361666      4.361666      8.723332
      2.380000      4.340704      4.340704      8.681408
      2.400000      4.311896      4.311896      8.623792
      2.420000      4.271954      4.271954      8.543908
      2.440000      4.218937      4.218937      8.437874
      2.460000      4.153942      4.153942      8.307884
      2.480000      4.080802      4.080802      8.161604
      2.500000      4.004159      4.004159      8.008317
      2.520000      3.927059      3.927059      7.854119
      2.540000      3.849359      3.849359      7.698718
      2.560000      3.767649      3.767649      7.535298
      2.580000      3.676736      3.676736      7.353472
      2.600000      3.572114      3.572114      7.144228
      2.620000      3.452577      3.452577      6.905155
      2.640000      3.322096      3.322096      6.644192
      2.660000      3.190206      3.190206      6.380411
      2.680000      3.070601      3.070601      6.141202
      2.700000      2.978191      2.978191      5.956382
      2.720000      2.925411      2.925411      5.850822
      2.740000      2.918879      2.918879      5.837759
      2.760000      2.957388      2.957388      5.914776
      2.780000      3.031889      3.031889      6.063778
      2.800000      3.127623      3.127623      6.255246
      2.820000      3.227928      3.227928      6.455856
      2.840000      3.318693      3.318693      6.637385
      2.860000      3.392062      3.392062      6.784123
      2.880000      3.448173      3.448173      6.896345
      2.900000      3.494380      3.494380      6.988760
      2.920000      3.542355      3.542355      7.084709
      2.940000      3.604132      3.604132      7.208263
      2.960000      3.688349      3.688349      7.376698
      2.980000      3.797619      3.797619      7.595239
      3.000000      3.927547      3.927547      7.855093
      3.020000      4.067524      4.067524      8.135048
      3.040000      4.203107      4.203107      8.406215
      3.060000      4.319359      4.319359      8.638718
      3.080000      4.404169      4.404169      8.808338
      3.100000      4.450515      4.450515      8.901029
      3.120000      4.457087      4.457087      8.914175
      3.140000      4.427473      4.427473      8.854947
      3.160000      4.368639      4.368639      8.737277
      3.180000      4.289395      4.289395      8.578790
      3.200000      4.199059      4.199059      8.398118
      3.220000      4.106138      4.106138      8.212276
      3.240000      4.017018      4.017018      8.034037
      3.260000      3.935027      3.935027      7.870054
      3.280000      3.860457      3.860457      7.720914
      3.300000      3.791722      3.791722      7.583444
      3.320000      3.727108      3.727108      7.454216
      3.340000      3.666172      3.666172      7.332344
      3.360000      3.610078      3.610078      7.220157
      3.380000      3.560870      3.560870      7.121740
      3.400000      3.520255      3.520255      7.040509
      3.420000      3.488590      3.488590      6.977180
      3.440000      3.464447      3.464447      6.928895
      3.460000      3.444770      3.444770      6.889539
      3.480000      3.425473      3.425473      6.850946
      3.500000      3.402333      3.402333      6.804666
      3.520000      3.371988      3.371988      6.743976
      3.540000      3.332800      3.332800      6.665600
      3.560000      3.285268      3.285268      6.570535
      3.580000      3.231720      3.231720      6.463441
      3.600000      3.175331      3.175331      6.350661
      3.620000      3.118790      3.118790      6.237580
      3.640000      3.063228      3.063228      6.126456
      3.660000      3.007883      3.007883      6.015766
      3.680000      2.950726      2.950726      5.901451
      3.700000      2.889814      2.889814      5.779627
      3.720000      2.824877      2.824877      5.649753
      3.740000      2.758509      2.758509      5.517018
      3.760000      2.696513      2.696513      5.393025
      3.780000      2.647222      2.647222      5.294444
      3.800000      2.620009      2.620009      5.240019
      3.820000      2.623418      2.623418      5.246835
      3.840000      2.663415      2.663415      5.326830
      3.860000      2.742187      2.742187      5.484374
      3.880000      2.857681      2.857681      5.715362
      3.900000      3.003993      3.003993      6.007986
      3.920000      3.172526      3.172526      6.345053
      3.940000      3.353720      3.353720      6.707441
      3.960000      3.539017      3.539017      7.078034
      3.980000      3.722585      3.722585      7.445170
      4.000000      3.902274      3.902274      7.804549
      4.020000      4.079376      4.079376      8.158753
      4.040000      4.257135      4.257135      8.514270
      4.060000      4.438554      4.438554      8.877109
      4.080000      4.624514      4.624514      9.249027
      4.100000      4.813109      4.813109      9.626218
      4.120000      5.000403      5.000403     10.000806
      4.140000      5.181777      5.181777     10.363554
      4.160000      5.352640      5.352640     10.705280
      4.180000      5.507761      5.507761     11.015522
      4.200000      5.639733      5.639733     11.279466
      4.220000      5.738142      5.738142     11.476284
      4.240000      5.791066      5.791066     11.582132
      4.260000      5.789319      5.789319     11.578639
      4.280000      5.732102      5.732102     11.464205
      4.300000      5.631504      5.631504     11.263008
      4.320000      5.513458      5.513458     11.026917
      4.340000      5.414133      5.414133     10.828267
      4.360000      5.372535      5.372535     10.745071
      4.380000      5.421287      5.421287     10.842573
      4.400000      5.577735      5.577735     11.155470
      4.420000      5.837125      5.837125     11.674250
      4.440000      6.169202      6.169202     12.338404
      4.460000      6.519724      6.519724     13.039449
      4.480000      6.818380      6.818380     13.636760
      4.500000      6.993544      6.993544     13.987089
      4.520000      6.991593      6.991593     13.983186
      4.540000      6.795121      6.795121     13.590241
      4.560000      6.432693      6.432693     12.865387
      4.580000      5.974783      5.974783     11.949567
      4.600000      5.516011      5.516011     11.032023
      4.620000      5.149952      5.149952     10.299904
      4.640000      4.945935      4.945935      9.891871
      4.660000      4.935726      4.935726      9.871451
      4.680000      5.112946      5.112946     10.225891
      4.700000      5.442751      5.442751     10.885501
      4.720000      5.876300      5.876300     11.752600
      4.740000      6.364764      6.364764     12.729528
      4.760000      6.869740      6.869740     13.739481
      4.780000      7.369087      7.369087     14.738173
      4.800000      7.858080      7.858080     15.716159
      4.820000      8.345726      8.345726     16.691451
      4.840000      8.846207      8.846207     17.692414
      4.860000      9.366860      9.366860     18.733719
      4.880000      9.896371      9.896371     19.792742
      4.900000     10.398453     10.398453     20.796907
      4.920000     10.815314     10.815314     21.630627
      4.940000     11.081630     11.081630     22.163260
      4.960000     11.145019     11.145019     22.290039
      4.980000     10.985619     10.985619     21.971238
      5.000000     10.627187     10.627187     21.254374
      5.020000     10.135063     10.135063     20.270125
      5.040000      9.600961      9.600961     19.201922
      5.060000      9.119023      9.119023     18.238045
      5.080000      8.760299      8.760299     17.520598
      5.100000      8.553439      8.553439     17.106878
      5.120000      8.477694      8.477694     16.955388
      5.140000      8.470835      8.470835     16.941670
      5.160000      8.449812      8.449812     16.899625
      5.180000      8.337399      8.337399     16.674797
      5.200000      8.085594      8.085594     16.171188
      5.220000      7.687827      7.687827     15.375653
      5.240000      7.176712      7.176712     14.353423
      5.260000      6.610115      6.610115     13.220229
      5.280000      6.052389      6.052389     12.104779
      5.300000      5.558103      5.558103     11.116207
      5.320000      5.162748      5.162748     10.325496
      5.340000      4.881080      4.881080      9.762159
      5.360000      4.710957      4.710957      9.421914
      5.380000      4.639712      4.639712      9.279424
      5.400000      4.650658      4.650658      9.301317
      5.420000      4.728241      4.728241      9.456482
      5.440000      4.860940      4.860940      9.721881
      5.460000      5.041428      5.041428     10.082856
      5.480000      5.264005      5.264005     10.528010
      5.500000      5.520334      5.520334     11.040667
      5.520000      5.795523      5.795523     11.591047
      5.540000      6.067076      6.067076     12.134153
      5.560000      6.308358      6.308358     12.616716
      5.580000      6.496220      6.496220     12.992440
      5.600000      6.620054      6.620054     13.240109
      5.620000      6.688198      6.688198     13.376395
      5.640000      6.728149      6.728149     13.456298
      5.660000      6.779421      6.779421     13.558843
      5.680000      6.881074      6.881074     13.762148
      5.700000      7.058633      7.058633     14.117266
      5.720000      7.315889      7.315889     14.631779
      5.740000      7.635293      7.635293     15.270587
      5.760000      7.986723      7.986723     15.973445
      5.780000      8.340109      8.340109     16.680219
      5.800000      8.675226      8.675226     17.350453
      5.820000      8.983643      8.983643     17.967286
      5.840000      9.262847      9.262847     18.525695
      5.860000      9.507714      9.507714     19.015429
      5.880000      9.706185      9.706185     19.412369
      5.900000      9.842741      9.842741     19.685481
      5.920000      9.907239      9.907239     19.814477
      5.940000      9.902322      9.902322     19.804645
      5.960000      9.843378      9.843378     19.686757
      5.980000      9.750406      9.750406     19.500811
      6.000000      9.637304      9.637304     19.274608
      6.020000      9.506432      9.506432     19.012864
      6.040000      9.352925      9.352925     18.705851
      6.060000      9.176469      9.176469     18.352937
      6.080000      8.992626      8.992626     17.985252
      6.100000      8.835446      8.835446     17.670892
      6.120000      8.748342      8.748342     17.496683
      6.140000      8.767787      8.767787     17.535574
      6.160000      8.909085      8.909085     17.818169
      6.180000      9.162239      9.162239     18.324478
      6.200000      9.499668      9.499668     18.999336
      6.220000      9.890429      9.890429     19.780858
      6.240000     10.312367     10.312367     20.624733
      6.260000     10.755889     10.755889     21.511777
      6.280000     11.218983     11.218983     22.437967
      6.300000     11.698539     11.698539     23.397078
      6.320000     12.184645     12.184645     24.369289
      6.340000     12.661622     12.661622     25.323243
      6.360000     13.114293     13.114293     26.228585
      6.380000     13.534096     13.534096     27.068193
      6.400000     13.919777     13.919777     27.839553
      6.420000     14.271455     14.271455     28.542910
      6.440000     14.582077     14.582077     29.164155
      6.460000     14.832746     14.832746     29.665493
      6.480000     14.996445     14.996445     29.992889
      6.500000     15.049379     15.049379     30.098758
      6.520000     14.984267     14.984267     29.968534
      6.540000     14.818443     14.818443     29.636886
      6.560000     14.592322     14.592322     29.184645
      6.580000     14.358572     14.358572     28.717143
      6.600000     14.166554     14.166554     28.333107
      6.620000     14.048555     14.048555     28.097111
      6.640000     14.013526     14.013526     28.027052
      6.660000     14.050915     14.050915     28.101830
      6.680000     14.142508     14.142508     28.285015
      6.700000     14.275763     14.275763     28.551526
      6.720000     14.450745     14.450745     28.901489
      6.740000     14.676098     14.676098     29.352196
      6.760000     14.956432     14.956432     29.912865
      6.780000     15.279455     15.279455     30.558911
      6.800000     15.611801     15.611801     31.223603
      6.820000     15.906842     15.906842     31.813683
      6.840000     16.119948     16.119948     32.239896
      6.860000     16.222401     16.222401     32.444801
      6.880000     16.207109     16.207109     32.414218
      6.900000     16.085329     16.085329     32.170659
      6.920000     15.878666     15.878666     31.757333
      6.940000     15.611620     15.611620     31.223239
      6.960000     15.307421     15.307421     30.614843
      6.980000     14.986898     14.986898     29.973796
      7.000000     14.668795     14.668795     29.337590
      7.020000     14.370309     14.370309     28.740617
      7.040000     14.107116     14.107116     28.214231
      7.060000     13.892350     13.892350     27.784699
      7.080000     13.734259     13.734259     27.468517
      7.100000     13.633179     13.633179     27.266359
      7.120000     13.579525     13.579525     27.159051
      7.140000     13.554567     13.554567     27.109134
      7.160000     13.534471     13.534471     27.068942
      7.180000     13.496190     13.496190     26.992381
      7.200000     13.422825     13.422825     26.845651
      7.220000     13.306650     13.306650     26.613300
      7.240000     13.149631     13.149631     26.299263
      7.260000     12.962497     12.962497     25.924995
      7.280000     12.763322     12.763322     25.526645
      7.300000     12.575392     12.575392     25.150783
      7.320000     12.423057     12.423057     24.846114
      7.340000     12.324763     12.324763     24.649526
      7.360000     12.284603     12.284603     24.569206
      7.380000     12.286258     12.286258     24.572516
      7.400000     12.293781     12.293781     24.587562
      7.420000     12.261184     12.261184     24.522367
      7.440000     12.148056     12.148056     24.296112
      7.460000     11.934505     11.934505     23.869010
      7.480000     11.628332     11.628332     23.256664
      7.500000     11.261189     11.261189     22.522378
      7.520000     10.876165     10.876165     21.752331
      7.540000     10.513292     10.513292     21.026584
      7.560000     10.199515     10.199515     20.399030
      7.580000      9.946213      9.946213     19.892425
      7.600000      9.752960      9.752960     19.505919
      7.620000      9.613650      9.613650     19.227300
      7.640000      9.521298      9.521298     19.042597
      7.660000      9.469919      9.469919     18.939838
      7.680000      9.453988      9.453988     18.907975
      7.700000      9.466921      9.466921     18.933842
      7.720000      9.499735      9.499735     18.999470
      7.740000      9.540434      9.540434     19.080868
      7.760000      9.574429      9.574429     19.148857
      7.780000      9.586363      9.586363     19.172726
      7.800000      9.563582      9.563582     19.127163
      7.820000      9.500604      9.500604     19.001209
      7.840000      9.402750      9.402750     18.805500
      7.860000      9.286488      9.286488     18.572977
      7.880000      9.175119      9.175119     18.350237
      7.900000      9.090800      9.090800     18.181600
      7.920000      9.046456      9.046456     18.092912
      7.940000      9.041786      9.041786     18.083571
      7.960000      9.065780      9.065780     18.131561
      7.980000      9.104664      9.104664     18.209329
      8.000000      9.151158      9.151158     18.302315
      8.020000      9.210336      9.210336     18.420671
      8.040000      9.299404      9.299404     18.598808
      8.060000      9.442026      9.442026     18.884052
      8.080000      9.660348      9.660348     19.320697
      8.100000      9.968237      9.968237     19.936474
      8.120000     10.367690     10.367690     20.735379
      8.140000     10.848359     10.848359     21.696719
      8.160000     11.388990     11.388990     22.777981
      8.180000     11.959845     11.959845     23.919691
      8.200000     12.526100     12.526100     25.052199
      8.220000     13.052563     13.052563     26.105127
      8.240000     13.509408     13.509408     27.018815
      8.260000     13.877410     13.877410     27.754819
      8.280000     14.150744     14.150744     28.301489
      8.300000     14.336147     14.336147     28.672294
      8.320000     14.448874     14.448874     28.897749
      8.340000     14.507166     14.507166     29.014332
      8.360000     14.527160     14.527160     29.054321
      8.380000     14.519593     14.519593     29.039185
      8.400000     14.488790     14.488790     28.977580
      8.420000     14.433858     14.433858     28.867715
      8.440000     14.351435     14.351435     28.702870
      8.460000     14.238863     14.238863     28.477727
      8.480000     14.096314     14.096314     28.192628
      8.500000     13.926923     13.926923     27.853846
      8.520000     13.735277     13.735277     27.470553
      8.540000     13.525831     13.525831     27.051661
      8.560000     13.303036     13.303036     26.606072
      8.580000     13.073649     13.073649     26.147298
      8.600000     12.849824     12.849824     25.699647
      8.620000     12.650474     12.650474     25.300947
      8.640000     12.498895     12.498895     24.997790
      8.660000     12.416602     12.416602     24.833203
      8.680000     12.415571     12.415571     24.831141
      8.700000     12.492429     12.492429     24.984859
      8.720000     12.627691     12.627691     25.255382
      8.740000     12.791035     12.791035     25.582070
      8.760000     12.950745     12.950745     25.901491
      8.780000     13.083273     13.083273     26.166546
      8.800000     13.178754     13.178754     26.357508
      8.820000     13.240399     13.240399     26.480798
      8.840000     13.278854     13.278854     26.557708
      8.860000     13.304983     13.304983     26.609966
      8.880000     13.324781     13.324781     26.649562
      8.900000     13.338246     13.338246     26.676492
      8.920000     13.341527     13.341527     26.683054
      8.940000     13.330246     13.330246     26.660493
      8.960000     13.302199     13.302199     26.604398
      8.980000     13.259001     13.259001     26.518002
      9.000000     13.207156     13.207156     26.414312
      9.020000     13.158711     13.158711     26.317423
      9.040000     13.130724     13.130724     26.261448
      9.060000     13.142376     13.142376     26.284751
      9.080000     13.209530     13.209530     26.419060
      9.100000     13.338305     13.338305     26.676610
      9.120000     13.520482     13.520482     27.040965
      9.140000     13.733270     13.733270     27.466540
      9.160000     13.944099     13.944099     27.888198
      9.180000     14.118851     14.118851     28.237702
      9.200000     14.230495     14.230495     28.460989
      9.220000     14.265190     14.265190     28.530379
      9.240000     14.224209     14.224209     28.448417
      9.260000     14.121664     14.121664     28.243329
      9.280000     13.979318     13.979318     27.958636
      9.300000     13.820411     13.820411     27.640821
      9.320000     13.664461     13.664461     27.328922
      9.340000     13.524326     13.524326     27.048653
      9.360000     13.405684     13.405684     26.811368
      9.380000     13.307945     13.307945     26.615890
      9.400000     13.225160     13.225160     26.450320
      9.420000     13.146136     13.146136     26.292272
      9.440000     13.054321     13.054321     26.108641
      9.460000     12.929011     12.929011     25.858022
      9.480000     12.749191     12.749191     25.498382
      9.500000     12.499696     12.499696     24.999392
      9.520000     12.177475     12.177475     24.354951
      9.540000     11.794831     11.794831     23.589661
      9.560000     11.377527     11.377527     22.755054
      9.580000     10.958196     10.958196     21.916392
      9.600000     10.567874     10.567874     21.135749
      9.620000     10.229316     10.229316     20.458632
      9.640000      9.954386      9.954386     19.908771
      9.660000      9.745391      9.745391     19.490782
      9.680000      9.598294      9.598294     19.196588
      9.700000      9.505457      9.505457     19.010914
      9.720000      9.456792      9.456792     18.913585
      9.740000      9.439775      9.439775     18.879551
      9.760000      9.439739      9.439739     18.879477
      9.780000      9.441618      9.441618     18.883235
      9.800000      9.433222      9.433222     18.866444
      9.820000      9.408811      9.408811     18.817622
      9.840000      9.371068      9.371068     18.742136
      9.860000      9.329965      9.329965     18.659930
      9.880000      9.298454      9.298454     18.596908
      9.900000      9.286650      9.286650     18.573300
      9.920000      9.297207      9.297207     18.594413
      9.940000      9.324169      9.324169     18.648338
      9.960000      9.355944      9.355944     18.711889
      9.980000      9.381101      9.381101     18.762202
     10.000000      9.394558      9.394558     18.789116
