# EIG2DOS: Utility for SIESTA to obtain the electronic density of states
#  E. Artacho, Apr 1999, A. Garcia, Apr 2012
# ------------------------------------------
# Eigenvalues read from GRP_doping.EIG
# Using smearing parameter:   0.100
# Using   1001 points in energy range
# Selected bands: 1 to: 936
# Emin, emax in file for selected band(s):    -26.6883300    154.2697200
# Nbands, Nspin, Nk   =    936     1   231
# E_F                 =    -3.2320 eV --> (shifted to ZERO)
# Broadening          =     0.1000 eV
#
#        E            N(up)  (=)   N(down)         Ntot
    -10.000000     11.211961     11.211961     22.423922
     -9.980000     11.525301     11.525301     23.050601
     -9.960000     11.851629     11.851629     23.703257
     -9.940000     12.181491     12.181491     24.362983
     -9.920000     12.498415     12.498415     24.996829
     -9.900000     12.782123     12.782123     25.564246
     -9.880000     13.014444     13.014444     26.028888
     -9.860000     13.185967     13.185967     26.371933
     -9.840000     13.301229     13.301229     26.602458
     -9.820000     13.380663     13.380663     26.761325
     -9.800000     13.458421     13.458421     26.916841
     -9.780000     13.576228     13.576228     27.152455
     -9.760000     13.774255     13.774255     27.548509
     -9.740000     14.080769     14.080769     28.161537
     -9.720000     14.502904     14.502904     29.005807
     -9.700000     15.021246     15.021246     30.042492
     -9.680000     15.590609     15.590609     31.181219
     -9.660000     16.147914     16.147914     32.295828
     -9.640000     16.625634     16.625634     33.251267
     -9.620000     16.966784     16.966784     33.933567
     -9.600000     17.136421     17.136421     34.272842
     -9.580000     17.125897     17.125897     34.251793
     -9.560000     16.949188     16.949188     33.898376
     -9.540000     16.633930     16.633930     33.267859
     -9.520000     16.211624     16.211624     32.423248
     -9.500000     15.711110     15.711110     31.422220
     -9.480000     15.157096     15.157096     30.314192
     -9.460000     14.572637     14.572637     29.145273
     -9.440000     13.982430     13.982430     27.964860
     -9.420000     13.413812     13.413812     26.827624
     -9.400000     12.894223     12.894223     25.788447
     -9.380000     12.446417     12.446417     24.892835
     -9.360000     12.084128     12.084128     24.168257
     -9.340000     11.810475     11.810475     23.620951
     -9.320000     11.619581     11.619581     23.239162
     -9.300000     11.500099     11.500099     23.000198
     -9.280000     11.438672     11.438672     22.877343
     -9.260000     11.421996     11.421996     22.843991
     -9.240000     11.437434     11.437434     22.874867
     -9.220000     11.473085     11.473085     22.946170
     -9.200000     11.518271     11.518271     23.036541
     -9.180000     11.564691     11.564691     23.129383
     -9.160000     11.607664     11.607664     23.215329
     -9.140000     11.646599     11.646599     23.293198
     -9.120000     11.684332     11.684332     23.368664
     -9.100000     11.725737     11.725737     23.451473
     -9.080000     11.776493     11.776493     23.552986
     -9.060000     11.842769     11.842769     23.685537
     -9.040000     11.931975     11.931975     23.863951
     -9.020000     12.054082     12.054082     24.108165
     -9.000000     12.222582     12.222582     24.445165
     -8.980000     12.454254     12.454254     24.908508
     -8.960000     12.767369     12.767369     25.534738
     -8.940000     13.178731     13.178731     26.357463
     -8.920000     13.700540     13.700540     27.401080
     -8.900000     14.338133     14.338133     28.676266
     -8.880000     15.089055     15.089055     30.178111
     -8.860000     15.942833     15.942833     31.885667
     -8.840000     16.880093     16.880093     33.760186
     -8.820000     17.869915     17.869915     35.739830
     -8.800000     18.865898     18.865898     37.731796
     -8.780000     19.803580     19.803580     39.607159
     -8.760000     20.603038     20.603038     41.206077
     -8.740000     21.179299     21.179299     42.358599
     -8.720000     21.459504     21.459504     42.919008
     -8.700000     21.401629     21.401629     42.803257
     -8.680000     21.007480     21.007480     42.014960
     -8.660000     20.324382     20.324382     40.648764
     -8.640000     19.434585     19.434585     38.869171
     -8.620000     18.436446     18.436446     36.872892
     -8.600000     17.424156     17.424156     34.848313
     -8.580000     16.472267     16.472267     32.944533
     -8.560000     15.628225     15.628225     31.256449
     -8.540000     14.912634     14.912634     29.825268
     -8.520000     14.324614     14.324614     28.649229
     -8.500000     13.849193     13.849193     27.698387
     -8.480000     13.464495     13.464495     26.928991
     -8.460000     13.147626     13.147626     26.295252
     -8.440000     12.878819     12.878819     25.757639
     -8.420000     12.643637     12.643637     25.287274
     -8.400000     12.433170     12.433170     24.866341
     -8.380000     12.242634     12.242634     24.485269
     -8.360000     12.069239     12.069239     24.138479
     -8.340000     11.910462     11.910462     23.820925
     -8.320000     11.763455     11.763455     23.526910
     -8.300000     11.625520     11.625520     23.251040
     -8.280000     11.494869     11.494869     22.989739
     -8.260000     11.370830     11.370830     22.741660
     -8.240000     11.253310     11.253310     22.506620
     -8.220000     11.142062     11.142062     22.284124
     -8.200000     11.036417     11.036417     22.072835
     -8.180000     10.935610     10.935610     21.871221
     -8.160000     10.839213     10.839213     21.678425
     -8.140000     10.747172     10.747172     21.494344
     -8.120000     10.659454     10.659454     21.318908
     -8.100000     10.575713     10.575713     21.151427
     -8.080000     10.495342     10.495342     20.990683
     -8.060000     10.417807     10.417807     20.835614
     -8.040000     10.342912     10.342912     20.685825
     -8.020000     10.270741     10.270741     20.541482
     -8.000000     10.201401     10.201401     20.402802
     -7.980000     10.134868     10.134868     20.269736
     -7.960000     10.071054     10.071054     20.142108
     -7.940000     10.009954     10.009954     20.019908
     -7.920000      9.951624      9.951624     19.903247
     -7.900000      9.895969      9.895969     19.791937
     -7.880000      9.842605      9.842605     19.685211
     -7.860000      9.791059      9.791059     19.582118
     -7.840000      9.741228      9.741228     19.482457
     -7.820000      9.693715      9.693715     19.387430
     -7.800000      9.649624      9.649624     19.299249
     -7.780000      9.609862      9.609862     19.219725
     -7.760000      9.574410      9.574410     19.148821
     -7.740000      9.542157      9.542157     19.084314
     -7.720000      9.511472      9.511472     19.022944
     -7.700000      9.481101      9.481101     18.962203
     -7.680000      9.450655      9.450655     18.901310
     -7.660000      9.420234      9.420234     18.840469
     -7.640000      9.389503      9.389503     18.779007
     -7.620000      9.357074      9.357074     18.714147
     -7.600000      9.320906      9.320906     18.641812
     -7.580000      9.279577      9.279577     18.559154
     -7.560000      9.233449      9.233449     18.466898
     -7.540000      9.184773      9.184773     18.369547
     -7.520000      9.136576      9.136576     18.273153
     -7.500000      9.091147      9.091147     18.182295
     -7.480000      9.049197      9.049197     18.098394
     -7.460000      9.010157      9.010157     18.020313
     -7.440000      8.973188      8.973188     17.946376
     -7.420000      8.938027      8.938027     17.876055
     -7.400000      8.905090      8.905090     17.810181
     -7.380000      8.874957      8.874957     17.749914
     -7.360000      8.847797      8.847797     17.695594
     -7.340000      8.823204      8.823204     17.646407
     -7.320000      8.800469      8.800469     17.600938
     -7.300000      8.779005      8.779005     17.558009
     -7.280000      8.758638      8.758638     17.517276
     -7.260000      8.739742      8.739742     17.479483
     -7.240000      8.723305      8.723305     17.446609
     -7.220000      8.711062      8.711062     17.422125
     -7.200000      8.705747      8.705747     17.411493
     -7.180000      8.711493      8.711493     17.422987
     -7.160000      8.734331      8.734331     17.468662
     -7.140000      8.782384      8.782384     17.564768
     -7.120000      8.865132      8.865132     17.730263
     -7.100000      8.991226      8.991226     17.982453
     -7.080000      9.165173      9.165173     18.330347
     -7.060000      9.384176      9.384176     18.768351
     -7.040000      9.636866      9.636866     19.273731
     -7.020000      9.904941      9.904941     19.809882
     -7.000000     10.167285     10.167285     20.334571
     -6.980000     10.404925     10.404925     20.809851
     -6.960000     10.604954     10.604954     21.209908
     -6.940000     10.762260     10.762260     21.524521
     -6.920000     10.878973     10.878973     21.757945
     -6.900000     10.962303     10.962303     21.924606
     -6.880000     11.021773     11.021773     22.043546
     -6.860000     11.066725     11.066725     22.133450
     -6.840000     11.104724     11.104724     22.209449
     -6.820000     11.141029     11.141029     22.282057
     -6.800000     11.178876     11.178876     22.357753
     -6.780000     11.220147     11.220147     22.440294
     -6.760000     11.266021     11.266021     22.532041
     -6.740000     11.317494     11.317494     22.634987
     -6.720000     11.375751     11.375751     22.751502
     -6.700000     11.442392     11.442392     22.884785
     -6.680000     11.519499     11.519499     23.038998
     -6.660000     11.609544     11.609544     23.219089
     -6.640000     11.715151     11.715151     23.430303
     -6.620000     11.838565     11.838565     23.677130
     -6.600000     11.980588     11.980588     23.961176
     -6.580000     12.138917     12.138917     24.277833
     -6.560000     12.306364     12.306364     24.612728
     -6.540000     12.469981     12.469981     24.939962
     -6.520000     12.612113     12.612113     25.224226
     -6.500000     12.713719     12.713719     25.427437
     -6.480000     12.759162     12.759162     25.518323
     -6.460000     12.740807     12.740807     25.481614
     -6.440000     12.661559     12.661559     25.323117
     -6.420000     12.534229     12.534229     25.068458
     -6.400000     12.377947     12.377947     24.755894
     -6.380000     12.213073     12.213073     24.426147
     -6.360000     12.056589     12.056589     24.113178
     -6.340000     11.919435     11.919435     23.838870
     -6.320000     11.806193     11.806193     23.612385
     -6.300000     11.716481     11.716481     23.432961
     -6.280000     11.646989     11.646989     23.293978
     -6.260000     11.593173     11.593173     23.186347
     -6.240000     11.550109     11.550109     23.100218
     -6.220000     11.512529     11.512529     23.025057
     -6.200000     11.474439     11.474439     22.948879
     -6.180000     11.428855     11.428855     22.857709
     -6.160000     11.368118     11.368118     22.736235
     -6.140000     11.285086     11.285086     22.570172
     -6.120000     11.175115     11.175115     22.350230
     -6.100000     11.038320     11.038320     22.076639
     -6.080000     10.881214     10.881214     21.762429
     -6.060000     10.716828     10.716828     21.433656
     -6.040000     10.562945     10.562945     21.125890
     -6.020000     10.438990     10.438990     20.877979
     -6.000000     10.362662     10.362662     20.725324
     -5.980000     10.347376     10.347376     20.694752
     -5.960000     10.400900     10.400900     20.801799
     -5.940000     10.524817     10.524817     21.049634
     -5.920000     10.714037     10.714037     21.428073
     -5.900000     10.955905     10.955905     21.911811
     -5.880000     11.229390     11.229390     22.458781
     -5.860000     11.505638     11.505638     23.011277
     -5.840000     11.751177     11.751177     23.502355
     -5.820000     11.933737     11.933737     23.867474
     -5.800000     12.028828     12.028828     24.057655
     -5.780000     12.024207     12.024207     24.048413
     -5.760000     11.920065     11.920065     23.840131
     -5.740000     11.724921     11.724921     23.449842
     -5.720000     11.449357     11.449357     22.898715
     -5.700000     11.100715     11.100715     22.201431
     -5.680000     10.681186     10.681186     21.362371
     -5.660000     10.190031     10.190031     20.380063
     -5.640000      9.628697      9.628697     19.257394
     -5.620000      9.006104      9.006104     18.012208
     -5.600000      8.341193      8.341193     16.682386
     -5.580000      7.661084      7.661084     15.322168
     -5.560000      6.995604      6.995604     13.991208
     -5.540000      6.370963      6.370963     12.741926
     -5.520000      5.805639      5.805639     11.611278
     -5.500000      5.309837      5.309837     10.619673
     -5.480000      4.887531      4.887531      9.775062
     -5.460000      4.538928      4.538928      9.077856
     -5.440000      4.261780      4.261780      8.523560
     -5.420000      4.051528      4.051528      8.103057
     -5.400000      3.901185      3.901185      7.802371
     -5.380000      3.801709      3.801709      7.603419
     -5.360000      3.742881      3.742881      7.485762
     -5.340000      3.714323      3.714323      7.428645
     -5.320000      3.706444      3.706444      7.412887
     -5.300000      3.711305      3.711305      7.422610
     -5.280000      3.723282      3.723282      7.446564
     -5.260000      3.739175      3.739175      7.478349
     -5.240000      3.757574      3.757574      7.515149
     -5.220000      3.777811      3.777811      7.555621
     -5.200000      3.799199      3.799199      7.598399
     -5.180000      3.821033      3.821033      7.642066
     -5.160000      3.843033      3.843033      7.686067
     -5.140000      3.865564      3.865564      7.731129
     -5.120000      3.889224      3.889224      7.778448
     -5.100000      3.914190      3.914190      7.828380
     -5.080000      3.940024      3.940024      7.880047
     -5.060000      3.966169      3.966169      7.932337
     -5.040000      3.992617      3.992617      7.985235
     -5.020000      4.020004      4.020004      8.040007
     -5.000000      4.048989      4.048989      8.097978
     -4.980000      4.079594      4.079594      8.159189
     -4.960000      4.111214      4.111214      8.222428
     -4.940000      4.143332      4.143332      8.286665
     -4.920000      4.176187      4.176187      8.352374
     -4.900000      4.210648      4.210648      8.421295
     -4.880000      4.247411      4.247411      8.494821
     -4.860000      4.286364      4.286364      8.572728
     -4.840000      4.326821      4.326821      8.653642
     -4.820000      4.368417      4.368417      8.736834
     -4.800000      4.411722      4.411722      8.823444
     -4.780000      4.457905      4.457905      8.915810
     -4.760000      4.507787      4.507787      9.015573
     -4.740000      4.561294      4.561294      9.122588
     -4.720000      4.617943      4.617943      9.235886
     -4.700000      4.677907      4.677907      9.355815
     -4.680000      4.742595      4.742595      9.485191
     -4.660000      4.814173      4.814173      9.628346
     -4.640000      4.894578      4.894578      9.789155
     -4.620000      4.985095      4.985095      9.970190
     -4.600000      5.086915      5.086915     10.173830
     -4.580000      5.201849      5.201849     10.403698
     -4.560000      5.331907      5.331907     10.663814
     -4.540000      5.477318      5.477318     10.954636
     -4.520000      5.634051      5.634051     11.268102
     -4.500000      5.792631      5.792631     11.585262
     -4.480000      5.939307      5.939307     11.878613
     -4.460000      6.059117      6.059117     12.118234
     -4.440000      6.139435      6.139435     12.278871
     -4.420000      6.172805      6.172805     12.345611
     -4.400000      6.158760      6.158760     12.317520
     -4.380000      6.104772      6.104772     12.209544
     -4.360000      6.026180      6.026180     12.052361
     -4.340000      5.944569      5.944569     11.889138
     -4.320000      5.884444      5.884444     11.768888
     -4.300000      5.869070      5.869070     11.738141
     -4.280000      5.916901      5.916901     11.833802
     -4.260000      6.039506      6.039506     12.079011
     -4.240000      6.240747      6.240747     12.481494
     -4.220000      6.516498      6.516498     13.032995
     -4.200000      6.854930      6.854930     13.709861
     -4.180000      7.238472      7.238472     14.476944
     -4.160000      7.648348      7.648348     15.296697
     -4.140000      8.070964      8.070964     16.141927
     -4.120000      8.503406      8.503406     17.006811
     -4.100000      8.954935      8.954935     17.909871
     -4.080000      9.442868      9.442868     18.885737
     -4.060000      9.983678      9.983678     19.967357
     -4.040000     10.581967     10.581967     21.163934
     -4.020000     11.220541     11.220541     22.441081
     -4.000000     11.854777     11.854777     23.709554
     -3.980000     12.414181     12.414181     24.828362
     -3.960000     12.813031     12.813031     25.626062
     -3.940000     12.969404     12.969404     25.938808
     -3.920000     12.827845     12.827845     25.655689
     -3.900000     12.377634     12.377634     24.755267
     -3.880000     11.658852     11.658852     23.317704
     -3.860000     10.753091     10.753091     21.506182
     -3.840000      9.762454      9.762454     19.524908
     -3.820000      8.785318      8.785318     17.570636
     -3.800000      7.897463      7.897463     15.794926
     -3.780000      7.143213      7.143213     14.286427
     -3.760000      6.536322      6.536322     13.072644
     -3.740000      6.067191      6.067191     12.134383
     -3.720000      5.712534      5.712534     11.425067
     -3.700000      5.444521      5.444521     10.889042
     -3.680000      5.237644      5.237644     10.475288
     -3.660000      5.072405      5.072405     10.144809
     -3.640000      4.935874      4.935874      9.871748
     -3.620000      4.820047      4.820047      9.640094
     -3.600000      4.719464      4.719464      9.438929
     -3.580000      4.629345      4.629345      9.258691
     -3.560000      4.544682      4.544682      9.089364
     -3.540000      4.460091      4.460091      8.920182
     -3.520000      4.370147      4.370147      8.740294
     -3.500000      4.270174      4.270174      8.540347
     -3.480000      4.157476      4.157476      8.314952
     -3.460000      4.032544      4.032544      8.065088
     -3.440000      3.899368      3.899368      7.798735
     -3.420000      3.764299      3.764299      7.528598
     -3.400000      3.633805      3.633805      7.267611
     -3.380000      3.512242      3.512242      7.024485
     -3.360000      3.400758      3.400758      6.801515
     -3.340000      3.297654      3.297654      6.595308
     -3.320000      3.199741      3.199741      6.399483
     -3.300000      3.103892      3.103892      6.207783
     -3.280000      3.008197      3.008197      6.016395
     -3.260000      2.912457      2.912457      5.824914
     -3.240000      2.817955      2.817955      5.635909
     -3.220000      2.726699      2.726699      5.453398
     -3.200000      2.640503      2.640503      5.281007
     -3.180000      2.560323      2.560323      5.120646
     -3.160000      2.486104      2.486104      4.972208
     -3.140000      2.417060      2.417060      4.834120
     -3.120000      2.352098      2.352098      4.704195
     -3.100000      2.290153      2.290153      4.580306
     -3.080000      2.230356      2.230356      4.460711
     -3.060000      2.172067      2.172067      4.344134
     -3.040000      2.114842      2.114842      4.229683
     -3.020000      2.058333      2.058333      4.116667
     -3.000000      2.002138      2.002138      4.004275
     -2.980000      1.945578      1.945578      3.891155
     -2.960000      1.887431      1.887431      3.774862
     -2.940000      1.825621      1.825621      3.651241
     -2.920000      1.756952      1.756952      3.513905
     -2.900000      1.677098      1.677098      3.354197
     -2.880000      1.581046      1.581046      3.162092
     -2.860000      1.464174      1.464174      2.928348
     -2.840000      1.323837      1.323837      2.647674
     -2.820000      1.160999      1.160999      2.321998
     -2.800000      0.981199      0.981199      1.962398
     -2.780000      0.794223      0.794223      1.588447
     -2.760000      0.612317      0.612317      1.224635
     -2.740000      0.447455      0.447455      0.894911
     -2.720000      0.308646      0.308646      0.617292
     -2.700000      0.200261      0.200261      0.400521
     -2.680000      0.121870      0.121870      0.243739
     -2.660000      0.069394      0.069394      0.138787
     -2.640000      0.036898      0.036898      0.073797
     -2.620000      0.018292      0.018292      0.036583
     -2.600000      0.008442      0.008442      0.016885
     -2.580000      0.003624      0.003624      0.007247
     -2.560000      0.001445      0.001445      0.002890
     -2.540000      0.000535      0.000535      0.001070
     -2.520000      0.000184      0.000184      0.000368
     -2.500000      0.000059      0.000059      0.000117
     -2.480000      0.000017      0.000017      0.000035
     -2.460000      0.000005      0.000005      0.000009
     -2.440000      0.000001      0.000001      0.000002
     -2.420000      0.000000      0.000000      0.000001
     -2.400000      0.000000      0.000000      0.000000
     -2.380000      0.000000      0.000000      0.000000
     -2.360000      0.000000      0.000000      0.000000
     -2.340000      0.000000      0.000000      0.000000
     -2.320000      0.000000      0.000000      0.000000
     -2.300000      0.000000      0.000000      0.000000
     -2.280000      0.000000      0.000000      0.000000
     -2.260000      0.000000      0.000000      0.000000
     -2.240000      0.000000      0.000000      0.000000
     -2.220000      0.000000      0.000000      0.000000
     -2.200000      0.000000      0.000000      0.000000
     -2.180000      0.000000      0.000000      0.000000
     -2.160000      0.000000      0.000000      0.000000
     -2.140000      0.000000      0.000000      0.000000
     -2.120000      0.000000      0.000000      0.000000
     -2.100000      0.000000      0.000000      0.000000
     -2.080000      0.000000      0.000000      0.000000
     -2.060000      0.000000      0.000000      0.000000
     -2.040000      0.000000      0.000000      0.000000
     -2.020000      0.000000      0.000000      0.000000
     -2.000000      0.000000      0.000000      0.000000
     -1.980000      0.000000      0.000000      0.000000
     -1.960000      0.000000      0.000000      0.000000
     -1.940000      0.000000      0.000000      0.000000
     -1.920000      0.000000      0.000000      0.000000
     -1.900000      0.000000      0.000000      0.000000
     -1.880000      0.000000      0.000000      0.000001
     -1.860000      0.000002      0.000002      0.000003
     -1.840000      0.000006      0.000006      0.000012
     -1.820000      0.000022      0.000022      0.000045
     -1.800000      0.000075      0.000075      0.000149
     -1.780000      0.000231      0.000231      0.000462
     -1.760000      0.000663      0.000663      0.001326
     -1.740000      0.001766      0.001766      0.003533
     -1.720000      0.004368      0.004368      0.008736
     -1.700000      0.010039      0.010039      0.020078
     -1.680000      0.021461      0.021461      0.042922
     -1.660000      0.042727      0.042727      0.085453
     -1.640000      0.079330      0.079330      0.158660
     -1.620000      0.137597      0.137597      0.275194
     -1.600000      0.223412      0.223412      0.446824
     -1.580000      0.340420      0.340420      0.680840
     -1.560000      0.488252      0.488252      0.976504
     -1.540000      0.661555      0.661555      1.323109
     -1.520000      0.850445      0.850445      1.700889
     -1.500000      1.042463      1.042463      2.084926
     -1.480000      1.225412      1.225412      2.450823
     -1.460000      1.390029      1.390029      2.780058
     -1.440000      1.531553      1.531553      3.063107
     -1.420000      1.649788      1.649788      3.299576
     -1.400000      1.747931      1.747931      3.495861
     -1.380000      1.830874      1.830874      3.661747
     -1.360000      1.903663      1.903663      3.807325
     -1.340000      1.970523      1.970523      3.941046
     -1.320000      2.034503      2.034503      4.069005
     -1.300000      2.097554      2.097554      4.195109
     -1.280000      2.160828      2.160828      4.321655
     -1.260000      2.225000      2.225000      4.449999
     -1.240000      2.290552      2.290552      4.581103
     -1.220000      2.357967      2.357967      4.715933
     -1.200000      2.427861      2.427861      4.855721
     -1.180000      2.501065      2.501065      5.002130
     -1.160000      2.578641      2.578641      5.157282
     -1.140000      2.661745      2.661745      5.323490
     -1.120000      2.751315      2.751315      5.502630
     -1.100000      2.847685      2.847685      5.695370
     -1.080000      2.950386      2.950386      5.900773
     -1.060000      3.058350      3.058350      6.116701
     -1.040000      3.170517      3.170517      6.341035
     -1.020000      3.286618      3.286618      6.573236
     -1.000000      3.407789      3.407789      6.815577
     -0.980000      3.536680      3.536680      7.073361
     -0.960000      3.676763      3.676763      7.353526
     -0.940000      3.830758      3.830758      7.661517
     -0.920000      3.998661      3.998661      7.997323
     -0.900000      4.176392      4.176392      8.352784
     -0.880000      4.356173      4.356173      8.712346
     -0.860000      4.528847      4.528847      9.057693
     -0.840000      4.687087      4.687087      9.374173
     -0.820000      4.827817      4.827817      9.655633
     -0.800000      4.952806      4.952806      9.905611
     -0.780000      5.067672      5.067672     10.135344
     -0.760000      5.180298      5.180298     10.360597
     -0.740000      5.299426      5.299426     10.598851
     -0.720000      5.433619      5.433619     10.867238
     -0.700000      5.590775      5.590775     11.181550
     -0.680000      5.778734      5.778734     11.557469
     -0.660000      6.007463      6.007463     12.014927
     -0.640000      6.292144      6.292144     12.584289
     -0.620000      6.655178      6.655178     13.310357
     -0.600000      7.124756      7.124756     14.249512
     -0.580000      7.728786      7.728786     15.457572
     -0.560000      8.484787      8.484787     16.969574
     -0.540000      9.388029      9.388029     18.776058
     -0.520000     10.401557     10.401557     20.803114
     -0.500000     11.452625     11.452625     22.905251
     -0.480000     12.439671     12.439671     24.879343
     -0.460000     13.250913     13.250913     26.501825
     -0.440000     13.790346     13.790346     27.580692
     -0.420000     14.002110     14.002110     28.004221
     -0.400000     13.883477     13.883477     27.766954
     -0.380000     13.481478     13.481478     26.962957
     -0.360000     12.875732     12.875732     25.751465
     -0.340000     12.155736     12.155736     24.311472
     -0.320000     11.401569     11.401569     22.803138
     -0.300000     10.673104     10.673104     21.346208
     -0.280000     10.007694     10.007694     20.015388
     -0.260000      9.423141      9.423141     18.846281
     -0.240000      8.922542      8.922542     17.845085
     -0.220000      8.499178      8.499178     16.998355
     -0.200000      8.141001      8.141001     16.282002
     -0.180000      7.834668      7.834668     15.669335
     -0.160000      7.568590      7.568590     15.137180
     -0.140000      7.334327      7.334327     14.668653
     -0.120000      7.126151      7.126151     14.252301
     -0.100000      6.939590      6.939590     13.879179
     -0.080000      6.770269      6.770269     13.540539
     -0.060000      6.613939      6.613939     13.227878
     -0.040000      6.467428      6.467428     12.934855
     -0.020000      6.329395      6.329395     12.658789
      0.000000      6.199874      6.199874     12.399748
      0.020000      6.078709      6.078709     12.157418
      0.040000      5.964017      5.964017     11.928033
      0.060000      5.851876      5.851876     11.703753
      0.080000      5.737426      5.737426     11.474852
      0.100000      5.616446      5.616446     11.232893
      0.120000      5.486349      5.486349     10.972697
      0.140000      5.346369      5.346369     10.692738
      0.160000      5.197755      5.197755     10.395511
      0.180000      5.044698      5.044698     10.089395
      0.200000      4.895617      4.895617      9.791234
      0.220000      4.763294      4.763294      9.526588
      0.240000      4.662431      4.662431      9.324863
      0.260000      4.604860      4.604860      9.209721
      0.280000      4.594575      4.594575      9.189150
      0.300000      4.625447      4.625447      9.250894
      0.320000      4.683182      4.683182      9.366364
      0.340000      4.750598      4.750598      9.501196
      0.360000      4.813401      4.813401      9.626802
      0.380000      4.863600      4.863600      9.727201
      0.400000      4.899440      4.899440      9.798879
      0.420000      4.922929      4.922929      9.845858
      0.440000      4.937139      4.937139      9.874278
      0.460000      4.944836      4.944836      9.889672
      0.480000      4.948496      4.948496      9.896992
      0.500000      4.950566      4.950566      9.901131
      0.520000      4.952983      4.952983      9.905965
      0.540000      4.956080      4.956080      9.912159
      0.560000      4.957973      4.957973      9.915947
      0.580000      4.955385      4.955385      9.910771
      0.600000      4.945685      4.945685      9.891369
      0.620000      4.928770      4.928770      9.857541
      0.640000      4.907370      4.907370      9.814741
      0.660000      4.885468      4.885468      9.770936
      0.680000      4.866012      4.866012      9.732024
      0.700000      4.849565      4.849565      9.699130
      0.720000      4.834764      4.834764      9.669528
      0.740000      4.820054      4.820054      9.640108
      0.760000      4.805248      4.805248      9.610496
      0.780000      4.791749      4.791749      9.583497
      0.800000      4.781370      4.781370      9.562740
      0.820000      4.774790      4.774790      9.549579
      0.840000      4.770887      4.770887      9.541775
      0.860000      4.767513      4.767513      9.535027
      0.880000      4.763114      4.763114      9.526229
      0.900000      4.757956      4.757956      9.515913
      0.920000      4.753952      4.753952      9.507905
      0.940000      4.753171      4.753171      9.506341
      0.960000      4.756169      4.756169      9.512338
      0.980000      4.761507      4.761507      9.523014
      1.000000      4.766910      4.766910      9.533821
      1.020000      4.771211      4.771211      9.542421
      1.040000      4.775486      4.775486      9.550972
      1.060000      4.782413      4.782413      9.564826
      1.080000      4.794303      4.794303      9.588606
      1.100000      4.811438      4.811438      9.622876
      1.120000      4.832151      4.832151      9.664303
      1.140000      4.854670      4.854670      9.709340
      1.160000      4.879256      4.879256      9.758512
      1.180000      4.908843      4.908843      9.817685
      1.200000      4.947475      4.947475      9.894950
      1.220000      4.997549      4.997549      9.995099
      1.240000      5.057726      5.057726     10.115451
      1.260000      5.122855      5.122855     10.245710
      1.280000      5.185769      5.185769     10.371538
      1.300000      5.239560      5.239560     10.479121
      1.320000      5.278931      5.278931     10.557862
      1.340000      5.300206      5.300206     10.600412
      1.360000      5.300798      5.300798     10.601596
      1.380000      5.279220      5.279220     10.558440
      1.400000      5.236041      5.236041     10.472081
      1.420000      5.175035      5.175035     10.350070
      1.440000      5.103284      5.103284     10.206568
      1.460000      5.029526      5.029526     10.059052
      1.480000      4.961325      4.961325      9.922650
      1.500000      4.902631      4.902631      9.805262
      1.520000      4.853215      4.853215      9.706431
      1.540000      4.810284      4.810284      9.620568
      1.560000      4.771135      4.771135      9.542270
      1.580000      4.735075      4.735075      9.470151
      1.600000      4.703447      4.703447      9.406894
      1.620000      4.678040      4.678040      9.356080
      1.640000      4.659301      4.659301      9.318602
      1.660000      4.645742      4.645742      9.291485
      1.680000      4.634879      4.634879      9.269758
      1.700000      4.624722      4.624722      9.249443
      1.720000      4.614415      4.614415      9.228830
      1.740000      4.603377      4.603377      9.206754
      1.760000      4.589696      4.589696      9.179392
      1.780000      4.569388      4.569388      9.138775
      1.800000      4.537634      4.537634      9.075268
      1.820000      4.491564      4.491564      8.983129
      1.840000      4.432723      4.432723      8.865446
      1.860000      4.367282      4.367282      8.734563
      1.880000      4.303505      4.303505      8.607009
      1.900000      4.247930      4.247930      8.495859
      1.920000      4.202690      4.202690      8.405380
      1.940000      4.165632      4.165632      8.331263
      1.960000      4.132905      4.132905      8.265811
      1.980000      4.102045      4.102045      8.204091
      2.000000      4.073378      4.073378      8.146757
      2.020000      4.049017      4.049017      8.098035
      2.040000      4.030513      4.030513      8.061026
      2.060000      4.017099      4.017099      8.034198
      2.080000      4.005796      4.005796      8.011593
      2.100000      3.993148      3.993148      7.986296
      2.120000      3.977216      3.977216      7.954432
      2.140000      3.958471      3.958471      7.916941
      2.160000      3.939143      3.939143      7.878287
      2.180000      3.921663      3.921663      7.843326
      2.200000      3.907234      3.907234      7.814468
      2.220000      3.895330      3.895330      7.790659
      2.240000      3.884205      3.884205      7.768410
      2.260000      3.872001      3.872001      7.744002
      2.280000      3.857778      3.857778      7.715556
      2.300000      3.841972      3.841972      7.683945
      2.320000      3.826062      3.826062      7.652123
      2.340000      3.811621      3.811621      7.623242
      2.360000      3.799295      3.799295      7.598589
      2.380000      3.788322      3.788322      7.576645
      2.400000      3.777025      3.777025      7.554049
      2.420000      3.764016      3.764016      7.528032
      2.440000      3.749330      3.749330      7.498661
      2.460000      3.734554      3.734554      7.469109
      2.480000      3.721719      3.721719      7.443439
      2.500000      3.711688      3.711688      7.423377
      2.520000      3.703287      3.703287      7.406575
      2.540000      3.693964      3.693964      7.387928
      2.560000      3.681604      3.681604      7.363209
      2.580000      3.666175      3.666175      7.332350
      2.600000      3.649927      3.649927      7.299854
      2.620000      3.635952      3.635952      7.271903
      2.640000      3.626095      3.626095      7.252190
      2.660000      3.619706      3.619706      7.239412
      2.680000      3.614042      3.614042      7.228084
      2.700000      3.605981      3.605981      7.211961
      2.720000      3.593884      3.593884      7.187767
      2.740000      3.578484      3.578484      7.156967
      2.760000      3.562387      3.562387      7.124774
      2.780000      3.548589      3.548589      7.097178
      2.800000      3.538864      3.538864      7.077729
      2.820000      3.532852      3.532852      7.065704
      2.840000      3.528282      3.528282      7.056564
      2.860000      3.522216      3.522216      7.044431
      2.880000      3.512645      3.512645      7.025290
      2.900000      3.499563      3.499563      6.999126
      2.920000      3.484899      3.484899      6.969798
      2.940000      3.471369      3.471369      6.942738
      2.960000      3.460965      3.460965      6.921931
      2.980000      3.453992      3.453992      6.907983
      3.000000      3.449178      3.449178      6.898355
      3.020000      3.444760      3.444760      6.889519
      3.040000      3.439957      3.439957      6.879915
      3.060000      3.436251      3.436251      6.872503
      3.080000      3.438150      3.438150      6.876301
      3.100000      3.453458      3.453458      6.906916
      3.120000      3.493149      3.493149      6.986299
      3.140000      3.570812      3.570812      7.141623
      3.160000      3.701345      3.701345      7.402690
      3.180000      3.898612      3.898612      7.797225
      3.200000      4.172161      4.172161      8.344323
      3.220000      4.523927      4.523927      9.047853
      3.240000      4.946421      4.946421      9.892843
      3.260000      5.423715      5.423715     10.847431
      3.280000      5.935335      5.935335     11.870670
      3.300000      6.461649      6.461649     12.923298
      3.320000      6.988296      6.988296     13.976593
      3.340000      7.507479      7.507479     15.014959
      3.360000      8.015429      8.015429     16.030858
      3.380000      8.507194      8.507194     17.014388
      3.400000      8.971225      8.971225     17.942450
      3.420000      9.386400      9.386400     18.772801
      3.440000      9.723299      9.723299     19.446597
      3.460000      9.949950      9.949950     19.899900
      3.480000     10.040543     10.040543     20.081086
      3.500000      9.984173      9.984173     19.968346
      3.520000      9.790273      9.790273     19.580546
      3.540000      9.488327      9.488327     18.976654
      3.560000      9.121567      9.121567     18.243134
      3.580000      8.736810      8.736810     17.473620
      3.600000      8.374096      8.374096     16.748192
      3.620000      8.059699      8.059699     16.119398
      3.640000      7.804389      7.804389     15.608778
      3.660000      7.606498      7.606498     15.212996
      3.680000      7.457479      7.457479     14.914958
      3.700000      7.347159      7.347159     14.694319
      3.720000      7.266761      7.266761     14.533523
      3.740000      7.209386      7.209386     14.418771
      3.760000      7.168971      7.168971     14.337942
      3.780000      7.139172      7.139172     14.278345
      3.800000      7.113164      7.113164     14.226328
      3.820000      7.084584      7.084584     14.169167
      3.840000      7.049192      7.049192     14.098385
      3.860000      7.006390      7.006390     14.012779
      3.880000      6.959608      6.959608     13.919217
      3.900000      6.914950      6.914950     13.829900
      3.920000      6.878343      6.878343     13.756686
      3.940000      6.852628      6.852628     13.705256
      3.960000      6.836375      6.836375     13.672751
      3.980000      6.825293      6.825293     13.650587
      4.000000      6.815294      6.815294     13.630587
      4.020000      6.805012      6.805012     13.610023
      4.040000      6.796046      6.796046     13.592093
      4.060000      6.791035      6.791035     13.582070
      4.080000      6.791368      6.791368     13.582736
      4.100000      6.796396      6.796396     13.592792
      4.120000      6.804472      6.804472     13.608943
      4.140000      6.814537      6.814537     13.629075
      4.160000      6.826698      6.826698     13.653397
      4.180000      6.841427      6.841427     13.682854
      4.200000      6.858427      6.858427     13.716854
      4.220000      6.876472      6.876472     13.752944
      4.240000      6.894457      6.894457     13.788915
      4.260000      6.912650      6.912650     13.825301
      4.280000      6.932836      6.932836     13.865673
      4.300000      6.957041      6.957041     13.914082
      4.320000      6.985828      6.985828     13.971656
      4.340000      7.017617      7.017617     14.035234
      4.360000      7.049663      7.049663     14.099327
      4.380000      7.080005      7.080005     14.160009
      4.400000      7.108900      7.108900     14.217801
      4.420000      7.138684      7.138684     14.277369
      4.440000      7.172135      7.172135     14.344270
      4.460000      7.210519      7.210519     14.421038
      4.480000      7.252665      7.252665     14.505330
      4.500000      7.295689      7.295689     14.591377
      4.520000      7.336885      7.336885     14.673771
      4.540000      7.375546      7.375546     14.751092
      4.560000      7.413521      7.413521     14.827042
      4.580000      7.454155      7.454155     14.908310
      4.600000      7.500204      7.500204     15.000407
      4.620000      7.551987      7.551987     15.103974
      4.640000      7.606940      7.606940     15.213879
      4.660000      7.660971      7.660971     15.321942
      4.680000      7.710999      7.710999     15.421998
      4.700000      7.757180      7.757180     15.514359
      4.720000      7.803336      7.803336     15.606673
      4.740000      7.855074      7.855074     15.710148
      4.760000      7.916573      7.916573     15.833146
      4.780000      7.988083      7.988083     15.976167
      4.800000      8.065862      8.065862     16.131724
      4.820000      8.144795      8.144795     16.289591
      4.840000      8.222166      8.222166     16.444333
      4.860000      8.300135      8.300135     16.600270
      4.880000      8.385109      8.385109     16.770218
      4.900000      8.484002      8.484002     16.968003
      4.920000      8.599413      8.599413     17.198825
      4.940000      8.726772      8.726772     17.453544
      4.960000      8.855689      8.855689     17.711379
      4.980000      8.975342      8.975342     17.950685
      5.000000      9.081109      9.081109     18.162218
      5.020000      9.178535      9.178535     18.357070
      5.040000      9.282003      9.282003     18.564007
      5.060000      9.408521      9.408521     18.817043
      5.080000      9.569867      9.569867     19.139735
      5.100000      9.767176      9.767176     19.534351
      5.120000      9.990314      9.990314     19.980629
      5.140000     10.221443     10.221443     20.442886
      5.160000     10.439962     10.439962     20.879923
      5.180000     10.626069     10.626069     21.252137
      5.200000     10.761998     10.761998     21.523996
      5.220000     10.832045     10.832045     21.664090
      5.240000     10.823219     10.823219     21.646439
      5.260000     10.727474     10.727474     21.454948
      5.280000     10.544890     10.544890     21.089780
      5.300000     10.286185     10.286185     20.572371
      5.320000      9.972925      9.972925     19.945850
      5.340000      9.634683      9.634683     19.269366
      5.360000      9.303675      9.303675     18.607351
      5.380000      9.008567      9.008567     18.017134
      5.400000      8.769893      8.769893     17.539787
      5.420000      8.599309      8.599309     17.198618
      5.440000      8.503622      8.503622     17.007244
      5.460000      8.492565      8.492565     16.985130
      5.480000      8.587291      8.587291     17.174582
      5.500000      8.825399      8.825399     17.650799
      5.520000      9.258431      9.258431     18.516862
      5.540000      9.939561      9.939561     19.879122
      5.560000     10.902795     10.902795     21.805590
      5.580000     12.139598     12.139598     24.279195
      5.600000     13.582657     13.582657     27.165314
      5.620000     15.106591     15.106591     30.213182
      5.640000     16.550027     16.550027     33.100054
      5.660000     17.754010     17.754010     35.508020
      5.680000     18.602947     18.602947     37.205893
      5.700000     19.051849     19.051849     38.103697
      5.720000     19.129763     19.129763     38.259526
      5.740000     18.920525     18.920525     37.841050
      5.760000     18.531685     18.531685     37.063371
      5.780000     18.065272     18.065272     36.130544
      5.800000     17.599688     17.599688     35.199376
      5.820000     17.184592     17.184592     34.369184
      5.840000     16.844847     16.844847     33.689693
      5.860000     16.587958     16.587958     33.175916
      5.880000     16.410964     16.410964     32.821927
      5.900000     16.305178     16.305178     32.610356
      5.920000     16.258803     16.258803     32.517607
      5.940000     16.257890     16.257890     32.515781
      5.960000     16.286237     16.286237     32.572473
      5.980000     16.325172     16.325172     32.650344
      6.000000     16.354548     16.354548     32.709097
      6.020000     16.355913     16.355913     32.711826
      6.040000     16.317439     16.317439     32.634878
      6.060000     16.238489     16.238489     32.476978
      6.080000     16.131050     16.131050     32.262100
      6.100000     16.016458     16.016458     32.032915
      6.120000     15.918244     15.918244     31.836488
      6.140000     15.853995     15.853995     31.707990
      6.160000     15.829477     15.829477     31.658955
      6.180000     15.836964     15.836964     31.673929
      6.200000     15.857696     15.857696     31.715393
      6.220000     15.867002     15.867002     31.734004
      6.240000     15.840247     15.840247     31.680494
      6.260000     15.758132     15.758132     31.516263
      6.280000     15.610396     15.610396     31.220791
      6.300000     15.397437     15.397437     30.794874
      6.320000     15.129789     15.129789     30.259577
      6.340000     14.825758     14.825758     29.651516
      6.360000     14.507742     14.507742     29.015484
      6.380000     14.197741     14.197741     28.395482
      6.400000     13.912693     13.912693     27.825386
      6.420000     13.660657     13.660657     27.321314
      6.440000     13.439308     13.439308     26.878616
      6.460000     13.237975     13.237975     26.475951
      6.480000     13.043086     13.043086     26.086173
      6.500000     12.845001     12.845001     25.690002
      6.520000     12.643006     12.643006     25.286011
      6.540000     12.445814     12.445814     24.891629
      6.560000     12.267068     12.267068     24.534136
      6.580000     12.117897     12.117897     24.235794
      6.600000     12.000170     12.000170     24.000340
      6.620000     11.903883     11.903883     23.807765
      6.640000     11.810267     11.810267     23.620535
      6.660000     11.699459     11.699459     23.398918
      6.680000     11.559089     11.559089     23.118177
      6.700000     11.389392     11.389392     22.778785
      6.720000     11.202000     11.202000     22.404000
      6.740000     11.012953     11.012953     22.025905
      6.760000     10.833779     10.833779     21.667558
      6.780000     10.665562     10.665562     21.331123
      6.800000     10.499187     10.499187     20.998374
      6.820000     10.321463     10.321463     20.642926
      6.840000     10.123712     10.123712     20.247424
      6.860000      9.908405      9.908405     19.816810
      6.880000      9.690616      9.690616     19.381233
      6.900000      9.493609      9.493609     18.987218
      6.920000      9.340444      9.340444     18.680888
      6.940000      9.245171      9.245171     18.490343
      6.960000      9.207392      9.207392     18.414784
      6.980000      9.212649      9.212649     18.425298
      7.000000      9.238579      9.238579     18.477158
      7.020000      9.264040      9.264040     18.528079
      7.040000      9.276969      9.276969     18.553938
      7.060000      9.277427      9.277427     18.554853
      7.080000      9.274913      9.274913     18.549826
      7.100000      9.281994      9.281994     18.563988
      7.120000      9.307748      9.307748     18.615495
      7.140000      9.353812      9.353812     18.707624
      7.160000      9.413834      9.413834     18.827669
      7.180000      9.475508      9.475508     18.951015
      7.200000      9.524000      9.524000     19.048001
      7.220000      9.545977      9.545977     19.091953
      7.240000      9.533522      9.533522     19.067044
      7.260000      9.486879      9.486879     18.973759
      7.280000      9.414670      9.414670     18.829339
      7.300000      9.330984      9.330984     18.661967
      7.320000      9.250303      9.250303     18.500605
      7.340000      9.182450      9.182450     18.364899
      7.360000      9.129812      9.129812     18.259624
      7.380000      9.087841      9.087841     18.175682
      7.400000      9.048236      9.048236     18.096473
      7.420000      9.003188      9.003188     18.006376
      7.440000      8.948872      8.948872     17.897743
      7.460000      8.886886      8.886886     17.773771
      7.480000      8.823218      8.823218     17.646436
      7.500000      8.765349      8.765349     17.530698
      7.520000      8.718906      8.718906     17.437812
      7.540000      8.685415      8.685415     17.370831
      7.560000      8.661992      8.661992     17.323984
      7.580000      8.642802      8.642802     17.285605
      7.600000      8.621449      8.621449     17.242899
      7.620000      8.593399      8.593399     17.186799
      7.640000      8.557824      8.557824     17.115648
      7.660000      8.518311      8.518311     17.036622
      7.680000      8.481898      8.481898     16.963795
      7.700000      8.456239      8.456239     16.912478
      7.720000      8.445760      8.445760     16.891519
      7.740000      8.448722      8.448722     16.897444
      7.760000      8.457363      8.457363     16.914725
      7.780000      8.461909      8.461909     16.923817
      7.800000      8.456994      8.456994     16.913988
      7.820000      8.447193      8.447193     16.894386
      7.840000      8.448527      8.448527     16.897055
      7.860000      8.484941      8.484941     16.969883
      7.880000      8.581555      8.581555     17.163110
      7.900000      8.757990      8.757990     17.515981
      7.920000      9.024393      9.024393     18.048786
      7.940000      9.380606      9.380606     18.761213
      7.960000      9.817152      9.817152     19.634304
      7.980000     10.316446     10.316446     20.632892
      8.000000     10.853858     10.853858     21.707716
      8.020000     11.399466     11.399466     22.798933
      8.040000     11.921452     11.921452     23.842904
      8.060000     12.391006     12.391006     24.782013
      8.080000     12.787312     12.787312     25.574624
      8.100000     13.100709     13.100709     26.201417
      8.120000     13.332838     13.332838     26.665676
      8.140000     13.493915     13.493915     26.987831
      8.160000     13.598427     13.598427     27.196854
      8.180000     13.661013     13.661013     27.322026
      8.200000     13.693920     13.693920     27.387839
      8.220000     13.706447     13.706447     27.412894
      8.240000     13.705798     13.705798     27.411595
      8.260000     13.698139     13.698139     27.396278
      8.280000     13.688820     13.688820     27.377639
      8.300000     13.681432     13.681432     27.362863
      8.320000     13.676277     13.676277     27.352554
      8.340000     13.669269     13.669269     27.338539
      8.360000     13.652167     13.652167     27.304335
      8.380000     13.614420     13.614420     27.228839
      8.400000     13.546178     13.546178     27.092356
      8.420000     13.441520     13.441520     26.883040
      8.440000     13.300775     13.300775     26.601551
      8.460000     13.131128     13.131128     26.262256
      8.480000     12.945286     12.945286     25.890573
      8.500000     12.758780     12.758780     25.517560
      8.520000     12.586979     12.586979     25.173959
      8.540000     12.442952     12.442952     24.885904
      8.560000     12.336637     12.336637     24.673275
      8.580000     12.274934     12.274934     24.549868
      8.600000     12.261742     12.261742     24.523485
      8.620000     12.297238     12.297238     24.594475
      8.640000     12.376484     12.376484     24.752967
      8.660000     12.488351     12.488351     24.976703
      8.680000     12.615894     12.615894     25.231787
      8.700000     12.738752     12.738752     25.477503
      8.720000     12.837175     12.837175     25.674351
      8.740000     12.896371     12.896371     25.792742
      8.760000     12.909595     12.909595     25.819190
      8.780000     12.878811     12.878811     25.757623
      8.800000     12.812680     12.812680     25.625360
      8.820000     12.722808     12.722808     25.445615
      8.840000     12.619916     12.619916     25.239833
      8.860000     12.511541     12.511541     25.023083
      8.880000     12.401940     12.401940     24.803880
      8.900000     12.293630     12.293630     24.587260
      8.920000     12.189062     12.189062     24.378124
      8.940000     12.090970     12.090970     24.181939
      8.960000     12.000844     12.000844     24.001687
      8.980000     11.916303     11.916303     23.832607
      9.000000     11.829064     11.829064     23.658128
      9.020000     11.725273     11.725273     23.450545
      9.040000     11.589017     11.589017     23.178034
      9.060000     11.408262     11.408262     22.816523
      9.080000     11.181022     11.181022     22.362043
      9.100000     10.919105     10.919105     21.838210
      9.120000     10.647572     10.647572     21.295145
      9.140000     10.399835     10.399835     20.799669
      9.160000     10.210028     10.210028     20.420056
      9.180000     10.105112     10.105112     20.210224
      9.200000     10.098851     10.098851     20.197702
      9.220000     10.189016     10.189016     20.378031
      9.240000     10.358231     10.358231     20.716462
      9.260000     10.578110     10.578110     21.156220
      9.280000     10.815405     10.815405     21.630810
      9.300000     11.038201     11.038201     22.076402
      9.320000     11.220163     11.220163     22.440327
      9.340000     11.341890     11.341890     22.683780
      9.360000     11.389955     11.389955     22.779911
      9.380000     11.355391     11.355391     22.710781
      9.400000     11.233434     11.233434     22.466867
      9.420000     11.025561     11.025561     22.051122
      9.440000     10.743450     10.743450     21.486899
      9.460000     10.413029     10.413029     20.826058
      9.480000     10.075726     10.075726     20.151452
      9.500000      9.784185      9.784185     19.568369
      9.520000      9.591797      9.591797     19.183594
      9.540000      9.538678      9.538678     19.077356
      9.560000      9.639331      9.639331     19.278663
      9.580000      9.877251      9.877251     19.754503
      9.600000     10.208845     10.208845     20.417689
      9.620000     10.575035     10.575035     21.150069
      9.640000     10.916026     10.916026     21.832052
      9.660000     11.184173     11.184173     22.368346
      9.680000     11.351398     11.351398     22.702796
      9.700000     11.410026     11.410026     22.820052
      9.720000     11.368114     11.368114     22.736229
      9.740000     11.241874     11.241874     22.483747
      9.760000     11.048187     11.048187     22.096373
      9.780000     10.799735     10.799735     21.599469
      9.800000     10.503987     10.503987     21.007974
      9.820000     10.165821     10.165821     20.331642
      9.840000      9.792133      9.792133     19.584266
      9.860000      9.395963      9.395963     18.791925
      9.880000      8.997782      8.997782     17.995564
      9.900000      8.622887      8.622887     17.245775
      9.920000      8.295840      8.295840     16.591679
      9.940000      8.034498      8.034498     16.068995
      9.960000      7.846416      7.846416     15.692832
      9.980000      7.729088      7.729088     15.458176
     10.000000      7.673647      7.673647     15.347295
