# EIG2DOS: Utility for SIESTA to obtain the electronic density of states
#  E. Artacho, Apr 1999, A. Garcia, Apr 2012
# ------------------------------------------
# Eigenvalues read from GRP_doping.EIG
# Using smearing parameter:   0.100
# Using   1001 points in energy range
# Selected bands: 1 to: 936
# Emin, emax in file for selected band(s):    -40.2005600    235.1885500
# Nbands, Nspin, Nk   =    936     1   231
# E_F                 =    -3.5239 eV --> (shifted to ZERO)
# Broadening          =     0.1000 eV
#
#        E            N(up)  (=)   N(down)         Ntot
    -10.000000      6.816680      6.816680     13.633361
     -9.980000      7.751145      7.751145     15.502289
     -9.960000      8.990462      8.990462     17.980924
     -9.940000     10.338800     10.338800     20.677600
     -9.920000     11.558233     11.558233     23.116466
     -9.900000     12.443040     12.443040     24.886080
     -9.880000     12.879817     12.879817     25.759634
     -9.860000     12.875546     12.875546     25.751093
     -9.840000     12.548335     12.548335     25.096669
     -9.820000     12.087391     12.087391     24.174783
     -9.800000     11.695880     11.695880     23.391760
     -9.780000     11.531832     11.531832     23.063665
     -9.760000     11.660724     11.660724     23.321448
     -9.740000     12.031165     12.031165     24.062330
     -9.720000     12.482386     12.482386     24.964772
     -9.700000     12.786221     12.786221     25.572443
     -9.680000     12.715552     12.715552     25.431105
     -9.660000     12.118872     12.118872     24.237744
     -9.640000     10.974266     10.974266     21.948531
     -9.620000      9.401817      9.401817     18.803633
     -9.600000      7.630361      7.630361     15.260721
     -9.580000      5.933745      5.933745     11.867491
     -9.560000      4.562322      4.562322      9.124644
     -9.540000      3.692040      3.692040      7.384081
     -9.520000      3.400378      3.400378      6.800756
     -9.500000      3.665238      3.665238      7.330475
     -9.480000      4.377848      4.377848      8.755695
     -9.460000      5.364028      5.364028     10.728056
     -9.440000      6.413732      6.413732     12.827464
     -9.420000      7.319599      7.319599     14.639198
     -9.400000      7.919640      7.919640     15.839280
     -9.380000      8.131940      8.131940     16.263881
     -9.360000      7.967682      7.967682     15.935364
     -9.340000      7.516255      7.516255     15.032510
     -9.320000      6.909133      6.909133     13.818267
     -9.300000      6.279322      6.279322     12.558645
     -9.280000      5.733577      5.733577     11.467154
     -9.260000      5.344850      5.344850     10.689699
     -9.240000      5.159140      5.159140     10.318281
     -9.220000      5.203208      5.203208     10.406416
     -9.200000      5.482763      5.482763     10.965525
     -9.180000      5.972125      5.972125     11.944249
     -9.160000      6.606770      6.606770     13.213541
     -9.140000      7.290705      7.290705     14.581409
     -9.120000      7.920113      7.920113     15.840225
     -9.100000      8.411810      8.411810     16.823620
     -9.080000      8.721148      8.721148     17.442296
     -9.060000      8.843041      8.843041     17.686082
     -9.040000      8.803333      8.803333     17.606666
     -9.020000      8.652639      8.652639     17.305277
     -9.000000      8.466074      8.466074     16.932148
     -8.980000      8.338906      8.338906     16.677812
     -8.960000      8.364944      8.364944     16.729887
     -8.940000      8.597406      8.597406     17.194811
     -8.920000      9.011116      9.011116     18.022233
     -8.900000      9.492636      9.492636     18.985271
     -8.880000      9.871939      9.871939     19.743878
     -8.860000      9.983639      9.983639     19.967278
     -8.840000      9.726557      9.726557     19.453115
     -8.820000      9.092144      9.092144     18.184288
     -8.800000      8.152720      8.152720     16.305441
     -8.780000      7.023939      7.023939     14.047878
     -8.760000      5.826154      5.826154     11.652308
     -8.740000      4.662613      4.662613      9.325227
     -8.720000      3.617392      3.617392      7.234784
     -8.700000      2.764884      2.764884      5.529769
     -8.680000      2.180685      2.180685      4.361369
     -8.660000      1.947410      1.947410      3.894821
     -8.640000      2.152236      2.152236      4.304472
     -8.620000      2.873406      2.873406      5.746812
     -8.600000      4.153870      4.153870      8.307740
     -8.580000      5.965413      5.965413     11.930826
     -8.560000      8.175791      8.175791     16.351583
     -8.540000     10.538188     10.538188     21.076376
     -8.520000     12.719144     12.719144     25.438289
     -8.500000     14.365976     14.365976     28.731953
     -8.480000     15.194449     15.194449     30.388898
     -8.460000     15.064474     15.064474     30.128947
     -8.440000     14.014564     14.014564     28.029127
     -8.420000     12.243375     12.243375     24.486751
     -8.400000     10.048615     10.048615     20.097230
     -8.380000      7.748279      7.748279     15.496559
     -8.360000      5.611148      5.611148     11.222296
     -8.340000      3.814842      3.814842      7.629683
     -8.320000      2.436909      2.436909      4.873818
     -8.300000      1.473180      1.473180      2.946360
     -8.280000      0.871287      0.871287      1.742574
     -8.260000      0.566217      0.566217      1.132435
     -8.240000      0.507453      0.507453      1.014907
     -8.220000      0.671442      0.671442      1.342884
     -8.200000      1.057201      1.057201      2.114402
     -8.180000      1.666874      1.666874      3.333748
     -8.160000      2.477802      2.477802      4.955604
     -8.140000      3.417816      3.417816      6.835632
     -8.120000      4.357901      4.357901      8.715801
     -8.100000      5.132126      5.132126     10.264252
     -8.080000      5.582713      5.582713     11.165425
     -8.060000      5.613589      5.613589     11.227177
     -8.040000      5.228165      5.228165     10.456331
     -8.020000      4.532883      4.532883      9.065767
     -8.000000      3.704877      3.704877      7.409753
     -7.980000      2.939297      2.939297      5.878594
     -7.960000      2.398684      2.398684      4.797367
     -7.940000      2.180688      2.180688      4.361375
     -7.920000      2.308025      2.308025      4.616050
     -7.900000      2.735078      2.735078      5.470156
     -7.880000      3.363746      3.363746      6.727492
     -7.860000      4.064683      4.064683      8.129366
     -7.840000      4.703348      4.703348      9.406696
     -7.820000      5.169778      5.169778     10.339556
     -7.800000      5.407099      5.407099     10.814199
     -7.780000      5.430093      5.430093     10.860185
     -7.760000      5.325105      5.325105     10.650209
     -7.740000      5.227733      5.227733     10.455467
     -7.720000      5.283445      5.283445     10.566891
     -7.700000      5.604615      5.604615     11.209229
     -7.680000      6.240595      6.240595     12.481190
     -7.660000      7.172644      7.172644     14.345288
     -7.640000      8.334252      8.334252     16.668505
     -7.620000      9.645250      9.645250     19.290500
     -7.600000     11.041534     11.041534     22.083068
     -7.580000     12.484993     12.484993     24.969985
     -7.560000     13.948983     13.948983     27.897965
     -7.540000     15.388279     15.388279     30.776557
     -7.520000     16.712276     16.712276     33.424552
     -7.500000     17.781063     17.781063     35.562127
     -7.480000     18.434109     18.434109     36.868218
     -7.460000     18.544356     18.544356     37.088712
     -7.440000     18.075146     18.075146     36.150292
     -7.420000     17.112703     17.112703     34.225407
     -7.400000     15.856404     15.856404     31.712808
     -7.380000     14.567574     14.567574     29.135147
     -7.360000     13.495177     13.495177     26.990354
     -7.340000     12.805320     12.805320     25.610641
     -7.320000     12.538771     12.538771     25.077541
     -7.300000     12.609380     12.609380     25.218761
     -7.280000     12.841289     12.841289     25.682579
     -7.260000     13.029406     13.029406     26.058813
     -7.240000     13.000626     13.000626     26.001251
     -7.220000     12.655106     12.655106     25.310212
     -7.200000     11.976753     11.976753     23.953507
     -7.180000     11.015380     11.015380     22.030761
     -7.160000      9.853894      9.853894     19.707789
     -7.140000      8.577500      8.577500     17.155000
     -7.120000      7.256985      7.256985     14.513971
     -7.100000      5.947976      5.947976     11.895951
     -7.080000      4.698804      4.698804      9.397608
     -7.060000      3.556862      3.556862      7.113724
     -7.040000      2.567678      2.567678      5.135355
     -7.020000      1.768379      1.768379      3.536757
     -7.000000      1.181872      1.181872      2.363745
     -6.980000      0.817088      0.817088      1.634176
     -6.960000      0.675495      0.675495      1.350990
     -6.940000      0.758807      0.758807      1.517615
     -6.920000      1.070819      1.070819      2.141638
     -6.900000      1.608925      1.608925      3.217850
     -6.880000      2.346943      2.346943      4.693886
     -6.860000      3.217525      3.217525      6.435050
     -6.840000      4.106012      4.106012      8.212024
     -6.820000      4.864834      4.864834      9.729668
     -6.800000      5.348344      5.348344     10.696688
     -6.780000      5.456441      5.456441     10.912882
     -6.760000      5.168520      5.168520     10.337040
     -6.740000      4.552342      4.552342      9.104684
     -6.720000      3.744489      3.744489      7.488977
     -6.700000      2.912880      2.912880      5.825760
     -6.680000      2.218917      2.218917      4.437834
     -6.660000      1.793228      1.793228      3.586456
     -6.640000      1.728148      1.728148      3.456296
     -6.620000      2.079633      2.079633      4.159266
     -6.600000      2.867933      2.867933      5.735866
     -6.580000      4.071167      4.071167      8.142334
     -6.560000      5.614820      5.614820     11.229639
     -6.540000      7.366600      7.366600     14.733199
     -6.520000      9.146005      9.146005     18.292011
     -6.500000     10.751888     10.751888     21.503777
     -6.480000     12.003198     12.003198     24.006397
     -6.460000     12.781966     12.781966     25.563932
     -6.440000     13.064910     13.064910     26.129820
     -6.420000     12.931034     12.931034     25.862069
     -6.400000     12.537901     12.537901     25.075802
     -6.380000     12.069849     12.069849     24.139697
     -6.360000     11.675135     11.675135     23.350270
     -6.340000     11.418425     11.418425     22.836849
     -6.320000     11.271840     11.271840     22.543680
     -6.300000     11.149768     11.149768     22.299535
     -6.280000     10.968550     10.968550     21.937101
     -6.260000     10.697337     10.697337     21.394673
     -6.240000     10.371524     10.371524     20.743048
     -6.220000     10.063230     10.063230     20.126460
     -6.200000      9.829415      9.829415     19.658829
     -6.180000      9.671015      9.671015     19.342030
     -6.160000      9.528266      9.528266     19.056531
     -6.140000      9.314662      9.314662     18.629324
     -6.120000      8.969362      8.969362     17.938724
     -6.100000      8.498159      8.498159     16.996318
     -6.080000      7.980495      7.980495     15.960990
     -6.060000      7.538493      7.538493     15.076986
     -6.040000      7.283102      7.283102     14.566203
     -6.020000      7.262889      7.262889     14.525777
     -6.000000      7.438956      7.438956     14.877913
     -5.980000      7.697110      7.697110     15.394220
     -5.960000      7.891897      7.891897     15.783794
     -5.940000      7.903753      7.903753     15.807505
     -5.920000      7.685698      7.685698     15.371395
     -5.900000      7.281552      7.281552     14.563103
     -5.880000      6.810353      6.810353     13.620707
     -5.860000      6.425219      6.425219     12.850437
     -5.840000      6.262947      6.262947     12.525894
     -5.820000      6.400954      6.400954     12.801907
     -5.800000      6.832804      6.832804     13.665607
     -5.780000      7.467076      7.467076     14.934151
     -5.760000      8.148969      8.148969     16.297938
     -5.740000      8.699638      8.699638     17.399276
     -5.720000      8.963715      8.963715     17.927430
     -5.700000      8.851982      8.851982     17.703964
     -5.680000      8.366431      8.366431     16.732862
     -5.660000      7.600580      7.600580     15.201160
     -5.640000      6.716696      6.716696     13.433393
     -5.620000      5.908780      5.908780     11.817560
     -5.600000      5.362123      5.362123     10.724246
     -5.580000      5.217271      5.217271     10.434541
     -5.560000      5.541753      5.541753     11.083507
     -5.540000      6.311015      6.311015     12.622030
     -5.520000      7.401667      7.401667     14.803334
     -5.500000      8.603194      8.603194     17.206387
     -5.480000      9.653914      9.653914     19.307828
     -5.460000     10.300171     10.300171     20.600342
     -5.440000     10.365716     10.365716     20.731431
     -5.420000      9.808026      9.808026     19.616053
     -5.400000      8.737985      8.737985     17.475970
     -5.380000      7.391838      7.391838     14.783677
     -5.360000      6.063858      6.063858     12.127716
     -5.340000      5.023541      5.023541     10.047082
     -5.320000      4.444880      4.444880      8.889761
     -5.300000      4.367870      4.367870      8.735740
     -5.280000      4.700723      4.700723      9.401446
     -5.260000      5.260658      5.260658     10.521316
     -5.240000      5.842110      5.842110     11.684220
     -5.220000      6.292410      6.292410     12.584821
     -5.200000      6.568493      6.568493     13.136986
     -5.180000      6.750094      6.750094     13.500188
     -5.160000      6.999442      6.999442     13.998883
     -5.140000      7.480813      7.480813     14.961627
     -5.120000      8.274108      8.274108     16.548216
     -5.100000      9.322533      9.322533     18.645067
     -5.080000     10.440779     10.440779     20.881558
     -5.060000     11.382351     11.382351     22.764702
     -5.040000     11.936609     11.936609     23.873217
     -5.020000     12.011839     12.011839     24.023677
     -5.000000     11.667977     11.667977     23.335955
     -4.980000     11.087449     11.087449     22.174898
     -4.960000     10.501290     10.501290     21.002580
     -4.940000     10.105103     10.105103     20.210205
     -4.920000      9.998216      9.998216     19.996432
     -4.900000     10.164090     10.164090     20.328180
     -4.880000     10.491275     10.491275     20.982550
     -4.860000     10.820986     10.820986     21.641972
     -4.840000     11.002111     11.002111     22.004223
     -4.820000     10.935361     10.935361     21.870722
     -4.800000     10.593459     10.593459     21.186918
     -4.780000     10.013139     10.013139     20.026277
     -4.760000      9.265659      9.265659     18.531319
     -4.740000      8.421368      8.421368     16.842736
     -4.720000      7.525434      7.525434     15.050868
     -4.700000      6.594523      6.594523     13.189047
     -4.680000      5.631836      5.631836     11.263671
     -4.660000      4.648053      4.648053      9.296107
     -4.640000      3.674231      3.674231      7.348462
     -4.620000      2.759572      2.759572      5.519143
     -4.600000      1.957143      1.957143      3.914287
     -4.580000      1.307179      1.307179      2.614358
     -4.560000      0.827411      0.827411      1.654823
     -4.540000      0.514407      0.514407      1.028815
     -4.520000      0.353480      0.353480      0.706960
     -4.500000      0.331054      0.331054      0.662109
     -4.480000      0.443334      0.443334      0.886667
     -4.460000      0.697540      0.697540      1.395081
     -4.440000      1.105344      1.105344      2.210688
     -4.420000      1.671340      1.671340      3.342679
     -4.400000      2.381945      2.381945      4.763890
     -4.380000      3.200907      3.200907      6.401813
     -4.360000      4.075647      4.075647      8.151295
     -4.340000      4.953867      4.953867      9.907735
     -4.320000      5.803852      5.803852     11.607704
     -4.300000      6.627895      6.627895     13.255789
     -4.280000      7.458984      7.458984     14.917969
     -4.260000      8.337304      8.337304     16.674607
     -4.240000      9.273322      9.273322     18.546644
     -4.220000     10.213876     10.213876     20.427753
     -4.200000     11.030972     11.030972     22.061943
     -4.180000     11.546041     11.546041     23.092082
     -4.160000     11.586117     11.586117     23.172235
     -4.140000     11.050516     11.050516     22.101032
     -4.120000      9.958105      9.958105     19.916211
     -4.100000      8.452807      8.452807     16.905615
     -4.080000      6.765187      6.765187     13.530373
     -4.060000      5.148828      5.148828     10.297656
     -4.040000      3.819417      3.819417      7.638835
     -4.020000      2.918101      2.918101      5.836202
     -4.000000      2.505112      2.505112      5.010223
     -3.980000      2.575164      2.575164      5.150329
     -3.960000      3.079800      3.079800      6.159600
     -3.940000      3.944092      3.944092      7.888184
     -3.920000      5.072199      5.072199     10.144397
     -3.900000      6.344140      6.344140     12.688279
     -3.880000      7.612475      7.612475     15.224949
     -3.860000      8.710010      8.710010     17.420021
     -3.840000      9.476103      9.476103     18.952205
     -3.820000      9.799080      9.799080     19.598161
     -3.800000      9.659861      9.659861     19.319722
     -3.780000      9.154602      9.154602     18.309203
     -3.760000      8.478651      8.478651     16.957301
     -3.740000      7.869852      7.869852     15.739705
     -3.720000      7.528936      7.528936     15.057872
     -3.700000      7.547961      7.547961     15.095921
     -3.680000      7.877394      7.877394     15.754788
     -3.660000      8.347531      8.347531     16.695061
     -3.640000      8.736598      8.736598     17.473197
     -3.620000      8.856627      8.856627     17.713255
     -3.600000      8.619996      8.619996     17.239992
     -3.580000      8.059791      8.059791     16.119581
     -3.560000      7.300803      7.300803     14.601606
     -3.540000      6.501829      6.501829     13.003657
     -3.520000      5.800448      5.800448     11.600896
     -3.500000      5.284091      5.284091     10.568182
     -3.480000      4.992501      4.992501      9.985002
     -3.460000      4.938993      4.938993      9.877987
     -3.440000      5.130568      5.130568     10.261137
     -3.420000      5.571877      5.571877     11.143753
     -3.400000      6.250498      6.250498     12.500996
     -3.380000      7.113689      7.113689     14.227378
     -3.360000      8.053474      8.053474     16.106947
     -3.340000      8.914534      8.914534     17.829069
     -3.320000      9.528562      9.528562     19.057124
     -3.300000      9.764436      9.764436     19.528872
     -3.280000      9.573386      9.573386     19.146771
     -3.260000      9.008386      9.008386     18.016771
     -3.240000      8.208073      8.208073     16.416145
     -3.220000      7.351410      7.351410     14.702820
     -3.200000      6.601450      6.601450     13.202900
     -3.180000      6.059302      6.059302     12.118605
     -3.160000      5.743147      5.743147     11.486293
     -3.140000      5.596177      5.596177     11.192353
     -3.120000      5.516757      5.516757     11.033514
     -3.100000      5.397365      5.397365     10.794729
     -3.080000      5.158023      5.158023     10.316047
     -3.060000      4.764732      4.764732      9.529464
     -3.040000      4.231235      4.231235      8.462469
     -3.020000      3.609264      3.609264      7.218528
     -3.000000      2.974921      2.974921      5.949842
     -2.980000      2.416884      2.416884      4.833768
     -2.960000      2.027959      2.027959      4.055918
     -2.940000      1.897766      1.897766      3.795531
     -2.920000      2.102838      2.102838      4.205677
     -2.900000      2.691550      2.691550      5.383100
     -2.880000      3.664949      3.664949      7.329897
     -2.860000      4.959481      4.959481      9.918961
     -2.840000      6.441078      6.441078     12.882157
     -2.820000      7.919136      7.919136     15.838272
     -2.800000      9.182545      9.182545     18.365089
     -2.780000     10.050550     10.050550     20.101100
     -2.760000     10.423289     10.423289     20.846579
     -2.740000     10.314127     10.314127     20.628254
     -2.720000      9.849663      9.849663     19.699327
     -2.700000      9.232741      9.232741     18.465482
     -2.680000      8.676989      8.676989     17.353978
     -2.660000      8.334606      8.334606     16.669212
     -2.640000      8.245861      8.245861     16.491721
     -2.620000      8.333179      8.333179     16.666359
     -2.600000      8.444024      8.444024     16.888047
     -2.580000      8.423358      8.423358     16.846717
     -2.560000      8.181747      8.181747     16.363494
     -2.540000      7.728633      7.728633     15.457265
     -2.520000      7.160237      7.160237     14.320473
     -2.500000      6.615258      6.615258     13.230517
     -2.480000      6.224682      6.224682     12.449364
     -2.460000      6.078206      6.078206     12.156411
     -2.440000      6.214178      6.214178     12.428357
     -2.420000      6.624440      6.624440     13.248879
     -2.400000      7.260328      7.260328     14.520656
     -2.380000      8.033215      8.033215     16.066429
     -2.360000      8.815237      8.815237     17.630474
     -2.340000      9.452539      9.452539     18.905077
     -2.320000      9.797698      9.797698     19.595396
     -2.300000      9.753341      9.753341     19.506683
     -2.280000      9.306632      9.306632     18.613263
     -2.260000      8.535261      8.535261     17.070521
     -2.240000      7.580637      7.580637     15.161275
     -2.220000      6.602712      6.602712     13.205423
     -2.200000      5.739527      5.739527     11.479054
     -2.180000      5.087334      5.087334     10.174668
     -2.160000      4.700424      4.700424      9.400848
     -2.140000      4.596975      4.596975      9.193950
     -2.120000      4.757647      4.757647      9.515295
     -2.100000      5.116003      5.116003     10.232006
     -2.080000      5.553395      5.553395     11.106791
     -2.060000      5.914041      5.914041     11.828082
     -2.040000      6.044907      6.044907     12.089814
     -2.020000      5.847325      5.847325     11.694651
     -2.000000      5.316138      5.316138     10.632276
     -1.980000      4.546425      4.546425      9.092849
     -1.960000      3.704614      3.704614      7.409228
     -1.940000      2.978209      2.978209      5.956418
     -1.920000      2.525168      2.525168      5.050336
     -1.900000      2.438231      2.438231      4.876462
     -1.880000      2.728609      2.728609      5.457219
     -1.860000      3.326655      3.326655      6.653310
     -1.840000      4.097234      4.097234      8.194469
     -1.820000      4.869885      4.869885      9.739770
     -1.800000      5.481986      5.481986     10.963971
     -1.780000      5.825820      5.825820     11.651639
     -1.760000      5.883153      5.883153     11.766305
     -1.740000      5.731347      5.731347     11.462694
     -1.720000      5.515673      5.515673     11.031347
     -1.700000      5.398119      5.398119     10.796239
     -1.680000      5.504128      5.504128     11.008256
     -1.660000      5.888557      5.888557     11.777115
     -1.640000      6.531323      6.531323     13.062645
     -1.620000      7.358561      7.358561     14.717123
     -1.600000      8.275099      8.275099     16.550198
     -1.580000      9.192882      9.192882     18.385763
     -1.560000     10.046594     10.046594     20.093187
     -1.540000     10.796427     10.796427     21.592855
     -1.520000     11.423431     11.423431     22.846863
     -1.500000     11.923034     11.923034     23.846068
     -1.480000     12.299340     12.299340     24.598681
     -1.460000     12.560349     12.560349     25.120698
     -1.440000     12.714073     12.714073     25.428146
     -1.420000     12.766386     12.766386     25.532773
     -1.400000     12.721157     12.721157     25.442314
     -1.380000     12.581897     12.581897     25.163794
     -1.360000     12.353564     12.353564     24.707128
     -1.340000     12.044224     12.044224     24.088448
     -1.320000     11.667315     11.667315     23.334630
     -1.300000     11.243912     11.243912     22.487825
     -1.280000     10.801483     10.801483     21.602966
     -1.260000     10.365100     10.365100     20.730200
     -1.240000      9.941900      9.941900     19.883800
     -1.220000      9.507218      9.507218     19.014437
     -1.200000      9.004369      9.004369     18.008738
     -1.180000      8.364358      8.364358     16.728717
     -1.160000      7.539334      7.539334     15.078667
     -1.140000      6.533007      6.533007     13.066015
     -1.120000      5.410984      5.410984     10.821968
     -1.100000      4.284564      4.284564      8.569129
     -1.080000      3.276094      3.276094      6.552188
     -1.060000      2.482909      2.482909      4.965819
     -1.040000      1.955768      1.955768      3.911535
     -1.020000      1.698629      1.698629      3.397259
     -1.000000      1.685885      1.685885      3.371771
     -0.980000      1.885954      1.885954      3.771909
     -0.960000      2.278606      2.278606      4.557212
     -0.940000      2.856956      2.856956      5.713912
     -0.920000      3.612470      3.612470      7.224941
     -0.900000      4.510438      4.510438      9.020876
     -0.880000      5.470777      5.470777     10.941555
     -0.860000      6.369924      6.369924     12.739848
     -0.840000      7.070869      7.070869     14.141739
     -0.820000      7.472525      7.472525     14.945050
     -0.800000      7.555104      7.555104     15.110207
     -0.780000      7.395401      7.395401     14.790802
     -0.760000      7.138832      7.138832     14.277665
     -0.740000      6.937795      6.937795     13.875590
     -0.720000      6.885082      6.885082     13.770164
     -0.700000      6.975029      6.975029     13.950058
     -0.680000      7.111319      7.111319     14.222638
     -0.660000      7.156827      7.156827     14.313654
     -0.640000      7.000555      7.000555     14.001110
     -0.620000      6.610258      6.610258     13.220517
     -0.600000      6.048883      6.048883     12.097767
     -0.580000      5.451758      5.451758     10.903515
     -0.560000      4.978390      4.978390      9.956780
     -0.540000      4.759680      4.759680      9.519360
     -0.520000      4.857848      4.857848      9.715697
     -0.500000      5.248233      5.248233     10.496467
     -0.480000      5.825447      5.825447     11.650894
     -0.460000      6.432519      6.432519     12.865038
     -0.440000      6.907686      6.907686     13.815371
     -0.420000      7.137080      7.137080     14.274160
     -0.400000      7.095237      7.095237     14.190473
     -0.380000      6.855227      6.855227     13.710454
     -0.360000      6.560464      6.560464     13.120928
     -0.340000      6.367760      6.367760     12.735520
     -0.320000      6.386526      6.386526     12.773051
     -0.300000      6.642248      6.642248     13.284497
     -0.280000      7.080522      7.080522     14.161045
     -0.260000      7.606985      7.606985     15.213970
     -0.240000      8.140339      8.140339     16.280678
     -0.220000      8.650309      8.650309     17.300618
     -0.200000      9.162645      9.162645     18.325289
     -0.180000      9.732688      9.732688     19.465375
     -0.160000     10.405888     10.405888     20.811776
     -0.140000     11.188025     11.188025     22.376050
     -0.120000     12.038018     12.038018     24.076037
     -0.100000     12.880114     12.880114     25.760227
     -0.080000     13.621817     13.621817     27.243633
     -0.060000     14.166254     14.166254     28.332507
     -0.040000     14.418750     14.418750     28.837500
     -0.020000     14.296303     14.296303     28.592606
      0.000000     13.746705     13.746705     27.493410
      0.020000     12.773154     12.773154     25.546309
      0.040000     11.450536     11.450536     22.901072
      0.060000      9.920495      9.920495     19.840990
      0.080000      8.363959      8.363959     16.727917
      0.100000      6.962960      6.962960     13.925920
      0.120000      5.868393      5.868393     11.736785
      0.140000      5.183736      5.183736     10.367472
      0.160000      4.962816      4.962816      9.925632
      0.180000      5.211987      5.211987     10.423973
      0.200000      5.889283      5.889283     11.778566
      0.220000      6.902470      6.902470     13.804940
      0.240000      8.115614      8.115614     16.231227
      0.260000      9.372138      9.372138     18.744277
      0.280000     10.531175     10.531175     21.062351
      0.300000     11.501887     11.501887     23.003775
      0.320000     12.257857     12.257857     24.515714
      0.340000     12.824043     12.824043     25.648086
      0.360000     13.245211     13.245211     26.490422
      0.380000     13.554790     13.554790     27.109581
      0.400000     13.759669     13.759669     27.519338
      0.420000     13.843291     13.843291     27.686582
      0.440000     13.777866     13.777866     27.555731
      0.460000     13.534898     13.534898     27.069796
      0.480000     13.090463     13.090463     26.180927
      0.500000     12.429101     12.429101     24.858202
      0.520000     11.550771     11.550771     23.101541
      0.540000     10.479790     10.479790     20.959581
      0.560000      9.269646      9.269646     18.539292
      0.580000      7.998376      7.998376     15.996752
      0.600000      6.754933      6.754933     13.509867
      0.620000      5.622130      5.622130     11.244260
      0.640000      4.662516      4.662516      9.325033
      0.660000      3.910490      3.910490      7.820981
      0.680000      3.370675      3.370675      6.741351
      0.700000      3.021587      3.021587      6.043173
      0.720000      2.824072      2.824072      5.648144
      0.740000      2.733882      2.733882      5.467765
      0.760000      2.716078      2.716078      5.432156
      0.780000      2.757096      2.757096      5.514193
      0.800000      2.869926      2.869926      5.739852
      0.820000      3.089549      3.089549      6.179098
      0.840000      3.458775      3.458775      6.917551
      0.860000      4.007622      4.007622      8.015243
      0.880000      4.731896      4.731896      9.463793
      0.900000      5.578184      5.578184     11.156368
      0.920000      6.442180      6.442180     12.884360
      0.940000      7.184379      7.184379     14.368759
      0.960000      7.661453      7.661453     15.322905
      0.980000      7.765141      7.765141     15.530283
      1.000000      7.456213      7.456213     14.912426
      1.020000      6.781491      6.781491     13.562982
      1.040000      5.867463      5.867463     11.734926
      1.060000      4.892090      4.892090      9.784180
      1.080000      4.043411      4.043411      8.086823
      1.100000      3.476549      3.476549      6.953098
      1.120000      3.279381      3.279381      6.558762
      1.140000      3.453641      3.453641      6.907281
      1.160000      3.914878      3.914878      7.829756
      1.180000      4.512189      4.512189      9.024378
      1.200000      5.065537      5.065537     10.131073
      1.220000      5.413604      5.413604     10.827207
      1.240000      5.459745      5.459745     10.919490
      1.260000      5.201401      5.201401     10.402802
      1.280000      4.732321      4.732321      9.464641
      1.300000      4.216395      4.216395      8.432790
      1.320000      3.842157      3.842157      7.684314
      1.340000      3.772735      3.772735      7.545469
      1.360000      4.105072      4.105072      8.210144
      1.380000      4.846825      4.846825      9.693650
      1.400000      5.913728      5.913728     11.827457
      1.420000      7.146926      7.146926     14.293851
      1.440000      8.347930      8.347930     16.695861
      1.460000      9.325787      9.325787     18.651574
      1.480000      9.945741      9.945741     19.891481
      1.500000     10.164137     10.164137     20.328273
      1.520000     10.035391     10.035391     20.070782
      1.540000      9.686370      9.686370     19.372740
      1.560000      9.268001      9.268001     18.536002
      1.580000      8.905143      8.905143     17.810286
      1.600000      8.666161      8.666161     17.332322
      1.620000      8.562236      8.562236     17.124471
      1.640000      8.569951      8.569951     17.139902
      1.660000      8.659196      8.659196     17.318391
      1.680000      8.808664      8.808664     17.617328
      1.700000      9.002451      9.002451     18.004902
      1.720000      9.215494      9.215494     18.430989
      1.740000      9.403190      9.403190     18.806379
      1.760000      9.506361      9.506361     19.012721
      1.780000      9.470436      9.470436     18.940872
      1.800000      9.266633      9.266633     18.533266
      1.820000      8.901451      8.901451     17.802902
      1.840000      8.409365      8.409365     16.818729
      1.860000      7.835103      7.835103     15.670206
      1.880000      7.217670      7.217670     14.435341
      1.900000      6.584938      6.584938     13.169876
      1.920000      5.959051      5.959051     11.918101
      1.940000      5.365865      5.365865     10.731730
      1.960000      4.840359      4.840359      9.680718
      1.980000      4.423861      4.423861      8.847723
      2.000000      4.154348      4.154348      8.308696
      2.020000      4.054777      4.054777      8.109553
      2.040000      4.125352      4.125352      8.250703
      2.060000      4.344080      4.344080      8.688160
      2.080000      4.676512      4.676512      9.353025
      2.100000      5.090887      5.090887     10.181774
      2.120000      5.570986      5.570986     11.141972
      2.140000      6.118898      6.118898     12.237796
      2.160000      6.745273      6.745273     13.490546
      2.180000      7.452933      7.452933     14.905867
      2.200000      8.224634      8.224634     16.449269
      2.220000      9.022505      9.022505     18.045011
      2.240000      9.797192      9.797192     19.594384
      2.260000     10.497124     10.497124     20.994249
      2.280000     11.069837     11.069837     22.139674
      2.300000     11.456681     11.456681     22.913361
      2.320000     11.590707     11.590707     23.181413
      2.340000     11.406709     11.406709     22.813418
      2.360000     10.862741     10.862741     21.725482
      2.380000      9.962300      9.962300     19.924600
      2.400000      8.764172      8.764172     17.528344
      2.420000      7.373849      7.373849     14.747698
      2.440000      5.920505      5.920505     11.841009
      2.460000      4.529811      4.529811      9.059623
      2.480000      3.302689      3.302689      6.605378
      2.500000      2.305564      2.305564      4.611129
      2.520000      1.572466      1.572466      3.144932
      2.540000      1.115373      1.115373      2.230746
      2.560000      0.936896      0.936896      1.873791
      2.580000      1.038446      1.038446      2.076892
      2.600000      1.418163      1.418163      2.836326
      2.620000      2.057058      2.057058      4.114116
      2.640000      2.898781      2.898781      5.797562
      2.660000      3.835113      3.835113      7.670227
      2.680000      4.710854      4.710854      9.421708
      2.700000      5.354663      5.354663     10.709325
      2.720000      5.628564      5.628564     11.257129
      2.740000      5.476072      5.476072     10.952144
      2.760000      4.946417      4.946417      9.892833
      2.780000      4.183122      4.183122      8.366245
      2.800000      3.382636      3.382636      6.765272
      2.820000      2.741342      2.741342      5.482685
      2.840000      2.409796      2.409796      4.819592
      2.860000      2.463784      2.463784      4.927567
      2.880000      2.892213      2.892213      5.784426
      2.900000      3.599223      3.599223      7.198447
      2.920000      4.421501      4.421501      8.843001
      2.940000      5.164143      5.164143     10.328286
      2.960000      5.653189      5.653189     11.306377
      2.980000      5.791576      5.791576     11.583151
      3.000000      5.596771      5.596771     11.193542
      3.020000      5.201186      5.201186     10.402372
      3.040000      4.811582      4.811582      9.623164
      3.060000      4.642557      4.642557      9.285113
      3.080000      4.850862      4.850862      9.701723
      3.100000      5.495483      5.495483     10.990966
      3.120000      6.534940      6.534940     13.069879
      3.140000      7.855424      7.855424     15.710847
      3.160000      9.310269      9.310269     18.620538
      3.180000     10.749709     10.749709     21.499419
      3.200000     12.031379     12.031379     24.062757
      3.220000     13.019564     13.019564     26.039128
      3.240000     13.591867     13.591867     27.183734
      3.260000     13.665662     13.665662     27.331324
      3.280000     13.236383     13.236383     26.472767
      3.300000     12.401283     12.401283     24.802567
      3.320000     11.343045     11.343045     22.686089
      3.340000     10.270402     10.270402     20.540804
      3.360000      9.342269      9.342269     18.684538
      3.380000      8.615631      8.615631     17.231262
      3.400000      8.044593      8.044593     16.089185
      3.420000      7.527274      7.527274     15.054547
      3.440000      6.970214      6.970214     13.940429
      3.460000      6.334194      6.334194     12.668388
      3.480000      5.642211      5.642211     11.284422
      3.500000      4.955713      4.955713      9.911427
      3.520000      4.341419      4.341419      8.682839
      3.540000      3.849999      3.849999      7.699998
      3.560000      3.514389      3.514389      7.028778
      3.580000      3.361032      3.361032      6.722064
      3.600000      3.420734      3.420734      6.841468
      3.620000      3.728514      3.728514      7.457028
      3.640000      4.310004      4.310004      8.620008
      3.660000      5.160573      5.160573     10.321146
      3.680000      6.228627      6.228627     12.457254
      3.700000      7.413902      7.413902     14.827805
      3.720000      8.584584      8.584584     17.169169
      3.740000      9.606752      9.606752     19.213504
      3.760000     10.372665     10.372665     20.745331
      3.780000     10.816431     10.816431     21.632861
      3.800000     10.915720     10.915720     21.831440
      3.820000     10.687889     10.687889     21.375778
      3.840000     10.188923     10.188923     20.377847
      3.860000      9.513760      9.513760     19.027520
      3.880000      8.786658      8.786658     17.573316
      3.900000      8.132131      8.132131     16.264262
      3.920000      7.631794      7.631794     15.263587
      3.940000      7.288753      7.288753     14.577505
      3.960000      7.023919      7.023919     14.047837
      3.980000      6.712804      6.712804     13.425607
      4.000000      6.247052      6.247052     12.494103
      4.020000      5.589324      5.589324     11.178647
      4.040000      4.794164      4.794164      9.588327
      4.060000      3.987653      3.987653      7.975306
      4.080000      3.320919      3.320919      6.641838
      4.100000      2.923133      2.923133      5.846266
      4.120000      2.874359      2.874359      5.748718
      4.140000      3.203705      3.203705      6.407409
      4.160000      3.903909      3.903909      7.807817
      4.180000      4.947077      4.947077      9.894155
      4.200000      6.289238      6.289238     12.578476
      4.220000      7.860604      7.860604     15.721209
      4.240000      9.548967      9.548967     19.097933
      4.260000     11.190390     11.190390     22.380780
      4.280000     12.580883     12.580883     25.161767
      4.300000     13.514292     13.514292     27.028584
      4.320000     13.838414     13.838414     27.676828
      4.340000     13.509374     13.509374     27.018747
      4.360000     12.619983     12.619983     25.239966
      4.380000     11.384962     11.384962     22.769924
      4.400000     10.082792     10.082792     20.165585
      4.420000      8.973572      8.973572     17.947144
      4.440000      8.224649      8.224649     16.449298
      4.460000      7.873559      7.873559     15.747118
      4.480000      7.840899      7.840899     15.681798
      4.500000      7.982685      7.982685     15.965370
      4.520000      8.154808      8.154808     16.309616
      4.540000      8.260381      8.260381     16.520762
      4.560000      8.263663      8.263663     16.527327
      4.580000      8.173382      8.173382     16.346765
      4.600000      8.012481      8.012481     16.024961
      4.620000      7.794154      7.794154     15.588307
      4.640000      7.516216      7.516216     15.032433
      4.660000      7.173421      7.173421     14.346842
      4.680000      6.777246      6.777246     13.554492
      4.700000      6.369323      6.369323     12.738647
      4.720000      6.018686      6.018686     12.037373
      4.740000      5.801838      5.801838     11.603677
      4.760000      5.773747      5.773747     11.547495
      4.780000      5.942884      5.942884     11.885769
      4.800000      6.262113      6.262113     12.524226
      4.820000      6.640515      6.640515     13.281031
      4.840000      6.972440      6.972440     13.944880
      4.860000      7.173022      7.173022     14.346043
      4.880000      7.206682      7.206682     14.413365
      4.900000      7.097453      7.097453     14.194906
      4.920000      6.916541      6.916541     13.833082
      4.940000      6.751453      6.751453     13.502905
      4.960000      6.668942      6.668942     13.337884
      4.980000      6.687465      6.687465     13.374930
      5.000000      6.771145      6.771145     13.542291
      5.020000      6.847578      6.847578     13.695156
      5.040000      6.840710      6.840710     13.681419
      5.060000      6.703605      6.703605     13.407209
      5.080000      6.437300      6.437300     12.874600
      5.100000      6.089751      6.089751     12.179501
      5.120000      5.738059      5.738059     11.476117
      5.140000      5.462922      5.462922     10.925843
      5.160000      5.324724      5.324724     10.649448
      5.180000      5.347414      5.347414     10.694829
      5.200000      5.512338      5.512338     11.024677
      5.220000      5.761687      5.761687     11.523374
      5.240000      6.010461      6.010461     12.020923
      5.260000      6.165422      6.165422     12.330843
      5.280000      6.147968      6.147968     12.295935
      5.300000      5.915407      5.915407     11.830814
      5.320000      5.473518      5.473518     10.947036
      5.340000      4.875016      4.875016      9.750031
      5.360000      4.203736      4.203736      8.407471
      5.380000      3.550595      3.550595      7.101189
      5.400000      2.990855      2.990855      5.981709
      5.420000      2.570804      2.570804      5.141609
      5.440000      2.306775      2.306775      4.613550
      5.460000      2.193767      2.193767      4.387535
      5.480000      2.217925      2.217925      4.435850
      5.500000      2.367403      2.367403      4.734807
      5.520000      2.638522      2.638522      5.277043
      5.540000      3.036365      3.036365      6.072729
      5.560000      3.570160      3.570160      7.140320
      5.580000      4.244226      4.244226      8.488452
      5.600000      5.046264      5.046264     10.092528
      5.620000      5.936886      5.936886     11.873772
      5.640000      6.846221      6.846221     13.692441
      5.660000      7.682694      7.682694     15.365388
      5.680000      8.354010      8.354010     16.708020
      5.700000      8.792979      8.792979     17.585957
      5.720000      8.976325      8.976325     17.952649
      5.740000      8.927413      8.927413     17.854825
      5.760000      8.702910      8.702910     17.405820
      5.780000      8.372296      8.372296     16.744592
      5.800000      8.000984      8.000984     16.001969
      5.820000      7.641939      7.641939     15.283878
      5.840000      7.332884      7.332884     14.665767
      5.860000      7.093618      7.093618     14.187237
      5.880000      6.922126      6.922126     13.844251
      5.900000      6.794030      6.794030     13.588060
      5.920000      6.671129      6.671129     13.342258
      5.940000      6.519191      6.519191     13.038383
      5.960000      6.327382      6.327382     12.654765
      5.980000      6.118116      6.118116     12.236233
      6.000000      5.940299      5.940299     11.880597
      6.020000      5.848545      5.848545     11.697090
      6.040000      5.879891      5.879891     11.759782
      6.060000      6.041804      6.041804     12.083608
      6.080000      6.318999      6.318999     12.637998
      6.100000      6.694821      6.694821     13.389642
      6.120000      7.172508      7.172508     14.345016
      6.140000      7.779185      7.779185     15.558370
      6.160000      8.543785      8.543785     17.087570
      6.180000      9.455985      9.455985     18.911969
      6.200000     10.428213     10.428213     20.856426
      6.220000     11.287068     11.287068     22.574136
      6.240000     11.809009     11.809009     23.618019
      6.260000     11.791978     11.791978     23.583956
      6.280000     11.132585     11.132585     22.265171
      6.300000      9.871817      9.871817     19.743633
      6.320000      8.186617      8.186617     16.373234
      6.340000      6.332139      6.332139     12.664278
      6.360000      4.563241      4.563241      9.126482
      6.380000      3.070323      3.070323      6.140645
      6.400000      1.952268      1.952268      3.904536
      6.420000      1.228109      1.228109      2.456218
      6.440000      0.871993      0.871993      1.743986
      6.460000      0.850294      0.850294      1.700587
      6.480000      1.144279      1.144279      2.288559
      6.500000      1.751453      1.751453      3.502905
      6.520000      2.668615      2.668615      5.337230
      6.540000      3.867362      3.867362      7.734725
      6.560000      5.276278      5.276278     10.552556
      6.580000      6.781631      6.781631     13.563262
      6.600000      8.249297      8.249297     16.498593
      6.620000      9.558219      9.558219     19.116438
      6.640000     10.627491     10.627491     21.254982
      6.660000     11.421916     11.421916     22.843832
      6.680000     11.934775     11.934775     23.869550
      6.700000     12.162555     12.162555     24.325110
      6.720000     12.092475     12.092475     24.184950
      6.740000     11.714159     11.714159     23.428318
      6.760000     11.048111     11.048111     22.096222
      6.780000     10.169659     10.169659     20.339317
      6.800000      9.208392      9.208392     18.416785
      6.820000      8.318691      8.318691     16.637383
      6.840000      7.635251      7.635251     15.270503
      6.860000      7.235853      7.235853     14.471705
      6.880000      7.127390      7.127390     14.254780
      6.900000      7.256247      7.256247     14.512494
      6.920000      7.531428      7.531428     15.062857
      6.940000      7.846436      7.846436     15.692872
      6.960000      8.093621      8.093621     16.187241
      6.980000      8.175173      8.175173     16.350346
      7.000000      8.019039      8.019039     16.038078
      7.020000      7.602117      7.602117     15.204234
      7.040000      6.971883      6.971883     13.943765
      7.060000      6.250765      6.250765     12.501530
      7.080000      5.612070      5.612070     11.224140
      7.100000      5.230505      5.230505     10.461010
      7.120000      5.225406      5.225406     10.450812
      7.140000      5.620966      5.620966     11.241933
      7.160000      6.340998      6.340998     12.681996
      7.180000      7.239623      7.239623     14.479245
      7.200000      8.152575      8.152575     16.305151
      7.220000      8.945579      8.945579     17.891158
      7.240000      9.540990      9.540990     19.081979
      7.260000      9.918238      9.918238     19.836477
      7.280000     10.097856     10.097856     20.195712
      7.300000     10.123839     10.123839     20.247677
      7.320000     10.052931     10.052931     20.105861
      7.340000      9.949130      9.949130     19.898260
      7.360000      9.876643      9.876643     19.753286
      7.380000      9.888257      9.888257     19.776514
      7.400000     10.013835     10.013835     20.027669
      7.420000     10.257330     10.257330     20.514660
      7.440000     10.606174     10.606174     21.212348
      7.460000     11.047001     11.047001     22.094002
      7.480000     11.574281     11.574281     23.148562
      7.500000     12.180304     12.180304     24.360607
      7.520000     12.827376     12.827376     25.654751
      7.540000     13.419242     13.419242     26.838485
      7.560000     13.796939     13.796939     27.593879
      7.580000     13.775561     13.775561     27.551122
      7.600000     13.214846     13.214846     26.429692
      7.620000     12.092489     12.092489     24.184978
      7.640000     10.541940     10.541940     21.083881
      7.660000      8.832659      8.832659     17.665318
      7.680000      7.299696      7.299696     14.599392
      7.700000      6.252084      6.252084     12.504167
      7.720000      5.893266      5.893266     11.786532
      7.740000      6.274690      6.274690     12.549380
      7.760000      7.288328      7.288328     14.576656
      7.780000      8.695173      8.695173     17.390347
      7.800000     10.183894     10.183894     20.367788
      7.820000     11.449702     11.449702     22.899403
      7.840000     12.274554     12.274554     24.549108
      7.860000     12.582055     12.582055     25.164110
      7.880000     12.444068     12.444068     24.888137
      7.900000     12.034760     12.034760     24.069520
      7.920000     11.552492     11.552492     23.104984
      7.940000     11.144960     11.144960     22.289920
      7.960000     10.868445     10.868445     21.736891
      7.980000     10.692125     10.692125     21.384249
      8.000000     10.536680     10.536680     21.073361
      8.020000     10.324631     10.324631     20.649261
      8.040000     10.020385     10.020385     20.040769
      8.060000      9.646303      9.646303     19.292605
      8.080000      9.271566      9.271566     18.543133
      8.100000      8.980615      8.980615     17.961231
      8.120000      8.835322      8.835322     17.670645
      8.140000      8.847152      8.847152     17.694304
      8.160000      8.970302      8.970302     17.940604
      8.180000      9.116428      9.116428     18.232855
      8.200000      9.182022      9.182022     18.364045
      8.220000      9.076412      9.076412     18.152825
      8.240000      8.742059      8.742059     17.484117
      8.260000      8.164964      8.164964     16.329928
      8.280000      7.376572      7.376572     14.753145
      8.300000      6.448521      6.448521     12.897043
      8.320000      5.480660      5.480660     10.961321
      8.340000      4.583717      4.583717      9.167435
      8.360000      3.860704      3.860704      7.721409
      8.380000      3.392812      3.392812      6.785624
      8.400000      3.233637      3.233637      6.467275
      8.420000      3.410616      3.410616      6.821231
      8.440000      3.927730      3.927730      7.855460
      8.460000      4.762676      4.762676      9.525351
      8.480000      5.856299      5.856299     11.712598
      8.500000      7.100359      7.100359     14.200718
      8.520000      8.336379      8.336379     16.672757
      8.540000      9.377785      9.377785     18.755570
      8.560000     10.057151     10.057151     20.114302
      8.580000     10.284292     10.284292     20.568585
      8.600000     10.089195     10.089195     20.178389
      8.620000      9.625766      9.625766     19.251532
      8.640000      9.129496      9.129496     18.258991
      8.660000      8.844739      8.844739     17.689478
      8.680000      8.951560      8.951560     17.903121
      8.700000      9.519615      9.519615     19.039229
      8.720000     10.500695     10.500695     21.001391
      8.740000     11.753453     11.753453     23.506905
      8.760000     13.083751     13.083751     26.167502
      8.780000     14.285052     14.285052     28.570104
      8.800000     15.170811     15.170811     30.341623
      8.820000     15.598324     15.598324     31.196649
      8.840000     15.486269     15.486269     30.972538
      8.860000     14.826262     14.826262     29.652524
      8.880000     13.685321     13.685321     27.370641
      8.900000     12.195243     12.195243     24.390485
      8.920000     10.528330     10.528330     21.056659
      8.940000      8.864747      8.864747     17.729494
      8.960000      7.360928      7.360928     14.721857
      8.980000      6.127778      6.127778     12.255556
      9.000000      5.222552      5.222552     10.445104
      9.020000      4.652642      4.652642      9.305284
      9.040000      4.386423      4.386423      8.772847
      9.060000      4.366696      4.366696      8.733393
      9.080000      4.524640      4.524640      9.049279
      9.100000      4.794178      4.794178      9.588356
      9.120000      5.126840      5.126840     10.253681
      9.140000      5.505358      5.505358     11.010717
      9.160000      5.951736      5.951736     11.903472
      9.180000      6.524276      6.524276     13.048552
      9.200000      7.299767      7.299767     14.599534
      9.220000      8.341890      8.341890     16.683781
      9.240000      9.663485      9.663485     19.326969
      9.260000     11.196024     11.196024     22.392049
      9.280000     12.781761     12.781761     25.563521
      9.300000     14.199864     14.199864     28.399727
      9.320000     15.226373     15.226373     30.452746
      9.340000     15.711106     15.711106     31.422211
      9.360000     15.640418     15.640418     31.280835
      9.380000     15.153143     15.153143     30.306285
      9.400000     14.494209     14.494209     28.988419
      9.420000     13.920962     13.920962     27.841924
      9.440000     13.604387     13.604387     27.208775
      9.460000     13.573094     13.573094     27.146188
      9.480000     13.725757     13.725757     27.451515
      9.500000     13.900107     13.900107     27.800213
      9.520000     13.956887     13.956887     27.913773
      9.540000     13.834140     13.834140     27.668281
      9.560000     13.550840     13.550840     27.101679
      9.580000     13.171382     13.171382     26.342763
      9.600000     12.761606     12.761606     25.523212
      9.620000     12.362736     12.362736     24.725472
      9.640000     11.989984     11.989984     23.979967
      9.660000     11.644796     11.644796     23.289592
      9.680000     11.325794     11.325794     22.651589
      9.700000     11.031842     11.031842     22.063683
      9.720000     10.760767     10.760767     21.521534
      9.740000     10.510156     10.510156     21.020311
      9.760000     10.281955     10.281955     20.563910
      9.780000     10.086737     10.086737     20.173475
      9.800000      9.942149      9.942149     19.884297
      9.820000      9.864062      9.864062     19.728124
      9.840000      9.854513      9.854513     19.709025
      9.860000      9.893500      9.893500     19.787001
      9.880000      9.940358      9.940358     19.880716
      9.900000      9.945639      9.945639     19.891279
      9.920000      9.868971      9.868971     19.737942
      9.940000      9.695031      9.695031     19.390061
      9.960000      9.440545      9.440545     18.881089
      9.980000      9.149481      9.149481     18.298961
     10.000000      8.878823      8.878823     17.757646
