# EIG2DOS: Utility for SIESTA to obtain the electronic density of states
#  E. Artacho, Apr 1999, A. Garcia, Apr 2012
# ------------------------------------------
# Eigenvalues read from GRP_doping.EIG
# Using smearing parameter:   0.100
# Using   1001 points in energy range
# Selected bands: 1 to: 936
# Emin, emax in file for selected band(s):    -41.4564500    244.7262100
# Nbands, Nspin, Nk   =    936     1   231
# E_F                 =    -4.3355 eV --> (shifted to ZERO)
# Broadening          =     0.1000 eV
#
#        E            N(up)  (=)   N(down)         Ntot
    -10.000000      2.330554      2.330554      4.661108
     -9.980000      3.224598      3.224598      6.449196
     -9.960000      4.160542      4.160542      8.321085
     -9.940000      4.973106      4.973106      9.946212
     -9.920000      5.498856      5.498856     10.997711
     -9.900000      5.627303      5.627303     11.254607
     -9.880000      5.342805      5.342805     10.685611
     -9.860000      4.736720      4.736720      9.473440
     -9.840000      3.983394      3.983394      7.966788
     -9.820000      3.290466      3.290466      6.580932
     -9.800000      2.843120      2.843120      5.686240
     -9.780000      2.759616      2.759616      5.519232
     -9.760000      3.066717      3.066717      6.133434
     -9.740000      3.696813      3.696813      7.393625
     -9.720000      4.506644      4.506644      9.013288
     -9.700000      5.316694      5.316694     10.633389
     -9.680000      5.964930      5.964930     11.929860
     -9.660000      6.359100      6.359100     12.718199
     -9.640000      6.505883      6.505883     13.011766
     -9.620000      6.501223      6.501223     13.002447
     -9.600000      6.484232      6.484232     12.968464
     -9.580000      6.576732      6.576732     13.153463
     -9.560000      6.838119      6.838119     13.676238
     -9.540000      7.254904      7.254904     14.509807
     -9.520000      7.763063      7.763063     15.526126
     -9.500000      8.284100      8.284100     16.568200
     -9.480000      8.753443      8.753443     17.506886
     -9.460000      9.131639      9.131639     18.263279
     -9.440000      9.403154      9.403154     18.806309
     -9.420000      9.572712      9.572712     19.145424
     -9.400000      9.662998      9.662998     19.325997
     -9.380000      9.708974      9.708974     19.417947
     -9.360000      9.743502      9.743502     19.487003
     -9.340000      9.777935      9.777935     19.555871
     -9.320000      9.790586      9.790586     19.581173
     -9.300000      9.735018      9.735018     19.470036
     -9.280000      9.567562      9.567562     19.135124
     -9.260000      9.278957      9.278957     18.557913
     -9.240000      8.910267      8.910267     17.820534
     -9.220000      8.541918      8.541918     17.083836
     -9.200000      8.260106      8.260106     16.520212
     -9.180000      8.116732      8.116732     16.233464
     -9.160000      8.101327      8.101327     16.202655
     -9.140000      8.137127      8.137127     16.274255
     -9.120000      8.103286      8.103286     16.206573
     -9.100000      7.875429      7.875429     15.750857
     -9.080000      7.369968      7.369968     14.739937
     -9.060000      6.575741      6.575741     13.151482
     -9.040000      5.560984      5.560984     11.121967
     -9.020000      4.453699      4.453699      8.907398
     -9.000000      3.404611      3.404611      6.809222
     -8.980000      2.548281      2.548281      5.096562
     -8.960000      1.976153      1.976153      3.952306
     -8.940000      1.727363      1.727363      3.454725
     -8.920000      1.794581      1.794581      3.589163
     -8.900000      2.137826      2.137826      4.275652
     -8.880000      2.699725      2.699725      5.399450
     -8.860000      3.418619      3.418619      6.837239
     -8.840000      4.238168      4.238168      8.476336
     -8.820000      5.112860      5.112860     10.225721
     -8.800000      6.008985      6.008985     12.017969
     -8.780000      6.901293      6.901293     13.802586
     -8.760000      7.766859      7.766859     15.533719
     -8.740000      8.578635      8.578635     17.157270
     -8.720000      9.301112      9.301112     18.602224
     -8.700000      9.889343      9.889343     19.778686
     -8.680000     10.291141     10.291141     20.582282
     -8.660000     10.451809     10.451809     20.903617
     -8.640000     10.321479     10.321479     20.642958
     -8.620000      9.865859      9.865859     19.731718
     -8.600000      9.079919      9.079919     18.159839
     -8.580000      8.000508      8.000508     16.001016
     -8.560000      6.710714      6.710714     13.421428
     -8.540000      5.329880      5.329880     10.659759
     -8.520000      3.989584      3.989584      7.979168
     -8.500000      2.803904      2.803904      5.607809
     -8.480000      1.846125      1.846125      3.692250
     -8.460000      1.140834      1.140834      2.281668
     -8.440000      0.672445      0.672445      1.344890
     -8.420000      0.403895      0.403895      0.807791
     -8.400000      0.296464      0.296464      0.592928
     -8.380000      0.323437      0.323437      0.646873
     -8.360000      0.474314      0.474314      0.948628
     -8.340000      0.749899      0.749899      1.499798
     -8.320000      1.151187      1.151187      2.302374
     -8.300000      1.666621      1.666621      3.333243
     -8.280000      2.263078      2.263078      4.526156
     -8.260000      2.885022      2.885022      5.770044
     -8.240000      3.463227      3.463227      6.926454
     -8.220000      3.929983      3.929983      7.859965
     -8.200000      4.234343      4.234343      8.468687
     -8.180000      4.351051      4.351051      8.702103
     -8.160000      4.280571      4.280571      8.561143
     -8.140000      4.042708      4.042708      8.085416
     -8.120000      3.669087      3.669087      7.338174
     -8.100000      3.198656      3.198656      6.397313
     -8.080000      2.676727      2.676727      5.353453
     -8.060000      2.155049      2.155049      4.310098
     -8.040000      1.690228      1.690228      3.380456
     -8.020000      1.339848      1.339848      2.679696
     -8.000000      1.157848      1.157848      2.315696
     -7.980000      1.190957      1.190957      2.381914
     -7.960000      1.476509      1.476509      2.953018
     -7.940000      2.040196      2.040196      4.080391
     -7.920000      2.891832      2.891832      5.783663
     -7.900000      4.018354      4.018354      8.036708
     -7.880000      5.375383      5.375383     10.750765
     -7.860000      6.880716      6.880716     13.761432
     -7.840000      8.414211      8.414211     16.828422
     -7.820000      9.827813      9.827813     19.655627
     -7.800000     10.966694     10.966694     21.933388
     -7.780000     11.698014     11.698014     23.396029
     -7.760000     11.939665     11.939665     23.879331
     -7.740000     11.679713     11.679713     23.359425
     -7.720000     10.979622     10.979622     21.959244
     -7.700000      9.960056      9.960056     19.920112
     -7.680000      8.774607      8.774607     17.549215
     -7.660000      7.581069      7.581069     15.162137
     -7.640000      6.519385      6.519385     13.038770
     -7.620000      5.700299      5.700299     11.400598
     -7.600000      5.201738      5.201738     10.403477
     -7.580000      5.065968      5.065968     10.131935
     -7.560000      5.292782      5.292782     10.585565
     -7.540000      5.831364      5.831364     11.662728
     -7.520000      6.579751      6.579751     13.159503
     -7.500000      7.399869      7.399869     14.799738
     -7.480000      8.147001      8.147001     16.294001
     -7.460000      8.702412      8.702412     17.404824
     -7.440000      8.995495      8.995495     17.990990
     -7.420000      9.009816      9.009816     18.019631
     -7.400000      8.778662      8.778662     17.557323
     -7.380000      8.379773      8.379773     16.759547
     -7.360000      7.932526      7.932526     15.865051
     -7.340000      7.590972      7.590972     15.181944
     -7.320000      7.523551      7.523551     15.047102
     -7.300000      7.878253      7.878253     15.756506
     -7.280000      8.743533      8.743533     17.487066
     -7.260000     10.119569     10.119569     20.239138
     -7.240000     11.908202     11.908202     23.816405
     -7.220000     13.919952     13.919952     27.839904
     -7.200000     15.892889     15.892889     31.785778
     -7.180000     17.523221     17.523221     35.046442
     -7.160000     18.513017     18.513017     37.026034
     -7.140000     18.636274     18.636274     37.272547
     -7.120000     17.809636     17.809636     35.619273
     -7.100000     16.139908     16.139908     32.279815
     -7.080000     13.920899     13.920899     27.841799
     -7.060000     11.570721     11.570721     23.141441
     -7.040000      9.526590      9.526590     19.053179
     -7.020000      8.132097      8.132097     16.264195
     -7.000000      7.553165      7.553165     15.106330
     -6.980000      7.746704      7.746704     15.493409
     -6.960000      8.488592      8.488592     16.977185
     -6.940000      9.450831      9.450831     18.901662
     -6.920000     10.303766     10.303766     20.607532
     -6.900000     10.810291     10.810291     21.620581
     -6.880000     10.880094     10.880094     21.760187
     -6.860000     10.566621     10.566621     21.133243
     -6.840000     10.013291     10.013291     20.026582
     -6.820000      9.376861      9.376861     18.753723
     -6.800000      8.763082      8.763082     17.526164
     -6.780000      8.199776      8.199776     16.399551
     -6.760000      7.652497      7.652497     15.304994
     -6.740000      7.069047      7.069047     14.138095
     -6.720000      6.429381      6.429381     12.858762
     -6.700000      5.778463      5.778463     11.556927
     -6.680000      5.228470      5.228470     10.456940
     -6.660000      4.928913      4.928913      9.857826
     -6.640000      5.014834      5.014834     10.029668
     -6.620000      5.551159      5.551159     11.102318
     -6.600000      6.493660      6.493660     12.987321
     -6.580000      7.682677      7.682677     15.365354
     -6.560000      8.875341      8.875341     17.750682
     -6.540000      9.808275      9.808275     19.616549
     -6.520000     10.270756     10.270756     20.541512
     -6.500000     10.163758     10.163758     20.327516
     -6.480000      9.525523      9.525523     19.051047
     -6.460000      8.516908      8.516908     17.033816
     -6.440000      7.373394      7.373394     14.746789
     -6.420000      6.339886      6.339886     12.679772
     -6.400000      5.607338      5.607338     11.214676
     -6.380000      5.268249      5.268249     10.536498
     -6.360000      5.302943      5.302943     10.605885
     -6.340000      5.600709      5.600709     11.201418
     -6.320000      6.009386      6.009386     12.018772
     -6.300000      6.395984      6.395984     12.791968
     -6.280000      6.694717      6.694717     13.389433
     -6.260000      6.922774      6.922774     13.845549
     -6.240000      7.159067      7.159067     14.318134
     -6.220000      7.500149      7.500149     15.000299
     -6.200000      8.018839      8.018839     16.037679
     -6.180000      8.746284      8.746284     17.492568
     -6.160000      9.679809      9.679809     19.359617
     -6.140000     10.800160     10.800160     21.600321
     -6.120000     12.077281     12.077281     24.154563
     -6.100000     13.457153     13.457153     26.914306
     -6.080000     14.842331     14.842331     29.684663
     -6.060000     16.088321     16.088321     32.176642
     -6.040000     17.028720     17.028720     34.057441
     -6.020000     17.521799     17.521799     35.043599
     -6.000000     17.496175     17.496175     34.992350
     -5.980000     16.973990     16.973990     33.947980
     -5.960000     16.063258     16.063258     32.126516
     -5.940000     14.925274     14.925274     29.850547
     -5.920000     13.729822     13.729822     27.459644
     -5.900000     12.610823     12.610823     25.221645
     -5.880000     11.633299     11.633299     23.266597
     -5.860000     10.781347     10.781347     21.562693
     -5.840000      9.973299      9.973299     19.946598
     -5.820000      9.101463      9.101463     18.202926
     -5.800000      8.082107      8.082107     16.164215
     -5.780000      6.894385      6.894385     13.788770
     -5.760000      5.591015      5.591015     11.182031
     -5.740000      4.277699      4.277699      8.555399
     -5.720000      3.073944      3.073944      6.147888
     -5.700000      2.075608      2.075608      4.151216
     -5.680000      1.335420      1.335420      2.670840
     -5.660000      0.866045      0.866045      1.732091
     -5.640000      0.658688      0.658688      1.317375
     -5.620000      0.704425      0.704425      1.408850
     -5.600000      1.006452      1.006452      2.012905
     -5.580000      1.576966      1.576966      3.153932
     -5.560000      2.419840      2.419840      4.839680
     -5.540000      3.507316      3.507316      7.014633
     -5.520000      4.763296      4.763296      9.526592
     -5.500000      6.064930      6.064930     12.129860
     -5.480000      7.266872      7.266872     14.533744
     -5.460000      8.241483      8.241483     16.482967
     -5.440000      8.919498      8.919498     17.838996
     -5.420000      9.314500      9.314500     18.628999
     -5.400000      9.521262      9.521262     19.042525
     -5.380000      9.687652      9.687652     19.375304
     -5.360000      9.967024      9.967024     19.934049
     -5.340000     10.462167     10.462167     20.924333
     -5.320000     11.175618     11.175618     22.351237
     -5.300000     11.985294     11.985294     23.970587
     -5.280000     12.663315     12.663315     25.326630
     -5.260000     12.943124     12.943124     25.886248
     -5.240000     12.616511     12.616511     25.233023
     -5.220000     11.621486     11.621486     23.242972
     -5.200000     10.080300     10.080300     20.160600
     -5.180000      8.269445      8.269445     16.538889
     -5.160000      6.536841      6.536841     13.073681
     -5.140000      5.204205      5.204205     10.408410
     -5.120000      4.491991      4.491991      8.983982
     -5.100000      4.485556      4.485556      8.971112
     -5.080000      5.140519      5.140519     10.281038
     -5.060000      6.314851      6.314851     12.629702
     -5.040000      7.815086      7.815086     15.630173
     -5.020000      9.446273      9.446273     18.892545
     -5.000000     11.054443     11.054443     22.108885
     -4.980000     12.548913     12.548913     25.097827
     -4.960000     13.895980     13.895980     27.791960
     -4.940000     15.087561     15.087561     30.175123
     -4.920000     16.102020     16.102020     32.204040
     -4.900000     16.879862     16.879862     33.759724
     -4.880000     17.329114     17.329114     34.658229
     -4.860000     17.358178     17.358178     34.716357
     -4.840000     16.918643     16.918643     33.837287
     -4.820000     16.036246     16.036246     32.072492
     -4.800000     14.815935     14.815935     29.631870
     -4.780000     13.420367     13.420367     26.840734
     -4.760000     12.031799     12.031799     24.063598
     -4.740000     10.811227     10.811227     21.622453
     -4.720000      9.866901      9.866901     19.733803
     -4.700000      9.239943      9.239943     18.479887
     -4.680000      8.909179      8.909179     17.818358
     -4.660000      8.811017      8.811017     17.622034
     -4.640000      8.864943      8.864943     17.729887
     -4.620000      8.994269      8.994269     17.988538
     -4.600000      9.136670      9.136670     18.273341
     -4.580000      9.246710      9.246710     18.493419
     -4.560000      9.296666      9.296666     18.593333
     -4.540000      9.279334      9.279334     18.558669
     -4.520000      9.210222      9.210222     18.420445
     -4.500000      9.123926      9.123926     18.247852
     -4.480000      9.063482      9.063482     18.126963
     -4.460000      9.067763      9.067763     18.135527
     -4.440000      9.163101      9.163101     18.326203
     -4.420000      9.359568      9.359568     18.719137
     -4.400000      9.646453      9.646453     19.292906
     -4.380000      9.983176      9.983176     19.966351
     -4.360000     10.291203     10.291203     20.582405
     -4.340000     10.459949     10.459949     20.919898
     -4.320000     10.375445     10.375445     20.750891
     -4.300000      9.965143      9.965143     19.930286
     -4.280000      9.237227      9.237227     18.474455
     -4.260000      8.291108      8.291108     16.582216
     -4.240000      7.290027      7.290027     14.580055
     -4.220000      6.407194      6.407194     12.814388
     -4.200000      5.769819      5.769819     11.539638
     -4.180000      5.424091      5.424091     10.848182
     -4.160000      5.331871      5.331871     10.663742
     -4.140000      5.395474      5.395474     10.790948
     -4.120000      5.497238      5.497238     10.994476
     -4.100000      5.537859      5.537859     11.075717
     -4.080000      5.460700      5.460700     10.921400
     -4.060000      5.256423      5.256423     10.512846
     -4.040000      4.950712      4.950712      9.901423
     -4.020000      4.584306      4.584306      9.168612
     -4.000000      4.195985      4.195985      8.391970
     -3.980000      3.815016      3.815016      7.630031
     -3.960000      3.462659      3.462659      6.925318
     -3.940000      3.157035      3.157035      6.314070
     -3.920000      2.915197      2.915197      5.830393
     -3.900000      2.750245      2.750245      5.500491
     -3.880000      2.666314      2.666314      5.332629
     -3.860000      2.656472      2.656472      5.312944
     -3.840000      2.706596      2.706596      5.413191
     -3.820000      2.803832      2.803832      5.607664
     -3.800000      2.944662      2.944662      5.889324
     -3.780000      3.137242      3.137242      6.274483
     -3.760000      3.395540      3.395540      6.791081
     -3.740000      3.727115      3.727115      7.454230
     -3.720000      4.119886      4.119886      8.239773
     -3.700000      4.534585      4.534585      9.069169
     -3.680000      4.907904      4.907904      9.815807
     -3.660000      5.167223      5.167223     10.334446
     -3.640000      5.252389      5.252389     10.504777
     -3.620000      5.136029      5.136029     10.272058
     -3.600000      4.833699      4.833699      9.667398
     -3.580000      4.399390      4.399390      8.798779
     -3.560000      3.908621      3.908621      7.817242
     -3.540000      3.436676      3.436676      6.873353
     -3.520000      3.040566      3.040566      6.081133
     -3.500000      2.750009      2.750009      5.500017
     -3.480000      2.567582      2.567582      5.135164
     -3.460000      2.474556      2.474556      4.949111
     -3.440000      2.438380      2.438380      4.876759
     -3.420000      2.419723      2.419723      4.839446
     -3.400000      2.379179      2.379179      4.758358
     -3.380000      2.284468      2.284468      4.568937
     -3.360000      2.117869      2.117869      4.235738
     -3.340000      1.881907      1.881907      3.763815
     -3.320000      1.600797      1.600797      3.201593
     -3.300000      1.316424      1.316424      2.632849
     -3.280000      1.080123      1.080123      2.160246
     -3.260000      0.943325      0.943325      1.886650
     -3.240000      0.950305      0.950305      1.900611
     -3.220000      1.134589      1.134589      2.269178
     -3.200000      1.518399      1.518399      3.036797
     -3.180000      2.112731      2.112731      4.225462
     -3.160000      2.915020      2.915020      5.830039
     -3.140000      3.902324      3.902324      7.804649
     -3.120000      5.021018      5.021018     10.042036
     -3.100000      6.178411      6.178411     12.356821
     -3.080000      7.245005      7.245005     14.490011
     -3.060000      8.074213      8.074213     16.148426
     -3.040000      8.537927      8.537927     17.075855
     -3.020000      8.565259      8.565259     17.130517
     -3.000000      8.165968      8.165968     16.331937
     -2.980000      7.425682      7.425682     14.851364
     -2.960000      6.474591      6.474591     12.949182
     -2.940000      5.445504      5.445504     10.891008
     -2.920000      4.441079      4.441079      8.882158
     -2.900000      3.521940      3.521940      7.043879
     -2.880000      2.714024      2.714024      5.428047
     -2.860000      2.024333      2.024333      4.048666
     -2.840000      1.454037      1.454037      2.908073
     -2.820000      1.004085      1.004085      2.008169
     -2.800000      0.675180      0.675180      1.350360
     -2.780000      0.466613      0.466613      0.933227
     -2.760000      0.376858      0.376858      0.753716
     -2.740000      0.405537      0.405537      0.811074
     -2.720000      0.554360      0.554360      1.108720
     -2.700000      0.825103      0.825103      1.650206
     -2.680000      1.215045      1.215045      2.430090
     -2.660000      1.712665      1.712665      3.425331
     -2.640000      2.297037      2.297037      4.594073
     -2.620000      2.942454      2.942454      5.884908
     -2.600000      3.626402      3.626402      7.252804
     -2.580000      4.336335      4.336335      8.672670
     -2.560000      5.071054      5.071054     10.142109
     -2.540000      5.835803      5.835803     11.671606
     -2.520000      6.634126      6.634126     13.268251
     -2.500000      7.461002      7.461002     14.922005
     -2.480000      8.299675      8.299675     16.599351
     -2.460000      9.121102      9.121102     18.242204
     -2.440000      9.883748      9.883748     19.767495
     -2.420000     10.534196     10.534196     21.068392
     -2.400000     11.013198     11.013198     22.026395
     -2.380000     11.271981     11.271981     22.543962
     -2.360000     11.296713     11.296713     22.593426
     -2.340000     11.128538     11.128538     22.257077
     -2.320000     10.861931     10.861931     21.723861
     -2.300000     10.612605     10.612605     21.225211
     -2.280000     10.465417     10.465417     20.930835
     -2.260000     10.429319     10.429319     20.858638
     -2.240000     10.426789     10.426789     20.853578
     -2.220000     10.326561     10.326561     20.653121
     -2.200000     10.003045     10.003045     20.006090
     -2.180000      9.391034      9.391034     18.782069
     -2.160000      8.509353      8.509353     17.018706
     -2.140000      7.446914      7.446914     14.893829
     -2.120000      6.324885      6.324885     12.649770
     -2.100000      5.257187      5.257187     10.514374
     -2.080000      4.326119      4.326119      8.652238
     -2.060000      3.577214      3.577214      7.154428
     -2.040000      3.026958      3.026958      6.053916
     -2.020000      2.674165      2.674165      5.348330
     -2.000000      2.509739      2.509739      5.019477
     -1.980000      2.525158      2.525158      5.050315
     -1.960000      2.722300      2.722300      5.444599
     -1.940000      3.124503      3.124503      6.249007
     -1.920000      3.783499      3.783499      7.566999
     -1.900000      4.773383      4.773383      9.546767
     -1.880000      6.164854      6.164854     12.329707
     -1.860000      7.981475      7.981475     15.962950
     -1.840000     10.152084     10.152084     20.304168
     -1.820000     12.483350     12.483350     24.966699
     -1.800000     14.676128     14.676128     29.352257
     -1.780000     16.393904     16.393904     32.787809
     -1.760000     17.365341     17.365341     34.730682
     -1.740000     17.479759     17.479759     34.959518
     -1.720000     16.830553     16.830553     33.661106
     -1.700000     15.683553     15.683553     31.367106
     -1.680000     14.384080     14.384080     28.768160
     -1.660000     13.245617     13.245617     26.491233
     -1.640000     12.467113     12.467113     24.934227
     -1.620000     12.104860     12.104860     24.209721
     -1.600000     12.094846     12.094846     24.189692
     -1.580000     12.301461     12.301461     24.602921
     -1.560000     12.566820     12.566820     25.133640
     -1.540000     12.746789     12.746789     25.493578
     -1.520000     12.733284     12.733284     25.466568
     -1.500000     12.468670     12.468670     24.937340
     -1.480000     11.955319     11.955319     23.910638
     -1.460000     11.256588     11.256588     22.513177
     -1.440000     10.481840     10.481840     20.963679
     -1.420000      9.752589      9.752589     19.505177
     -1.400000      9.158222      9.158222     18.316444
     -1.380000      8.720414      8.720414     17.440829
     -1.360000      8.386372      8.386372     16.772743
     -1.340000      8.058684      8.058684     16.117368
     -1.320000      7.649839      7.649839     15.299677
     -1.300000      7.134446      7.134446     14.268892
     -1.280000      6.571839      6.571839     13.143679
     -1.260000      6.086437      6.086437     12.172875
     -1.240000      5.814569      5.814569     11.629137
     -1.220000      5.842839      5.842839     11.685677
     -1.200000      6.167025      6.167025     12.334050
     -1.180000      6.690902      6.690902     13.381805
     -1.160000      7.265761      7.265761     14.531522
     -1.140000      7.751604      7.751604     15.503207
     -1.120000      8.069418      8.069418     16.138835
     -1.100000      8.217890      8.217890     16.435779
     -1.080000      8.247370      8.247370     16.494741
     -1.060000      8.208753      8.208753     16.417506
     -1.040000      8.109701      8.109701     16.219401
     -1.020000      7.905163      7.905163     15.810327
     -1.000000      7.526732      7.526732     15.053463
     -0.980000      6.931352      6.931352     13.862704
     -0.960000      6.140061      6.140061     12.280122
     -0.940000      5.246598      5.246598     10.493196
     -0.920000      4.395437      4.395437      8.790875
     -0.900000      3.744570      3.744570      7.489140
     -0.880000      3.431201      3.431201      6.862402
     -0.860000      3.550034      3.550034      7.100069
     -0.840000      4.143046      4.143046      8.286091
     -0.820000      5.194899      5.194899     10.389799
     -0.800000      6.630979      6.630979     13.261959
     -0.780000      8.320499      8.320499     16.640999
     -0.760000     10.089506     10.089506     20.179011
     -0.740000     11.745806     11.745806     23.491612
     -0.720000     13.112490     13.112490     26.224980
     -0.700000     14.062310     14.062310     28.124621
     -0.680000     14.543279     14.543279     29.086558
     -0.660000     14.586346     14.586346     29.172693
     -0.640000     14.289557     14.289557     28.579114
     -0.620000     13.780757     13.780757     27.561514
     -0.600000     13.171483     13.171483     26.342965
     -0.580000     12.522204     12.522204     25.044409
     -0.560000     11.836598     11.836598     23.673196
     -0.540000     11.088428     11.088428     22.176857
     -0.520000     10.266092     10.266092     20.532183
     -0.500000      9.408551      9.408551     18.817102
     -0.480000      8.610051      8.610051     17.220101
     -0.460000      7.987844      7.987844     15.975687
     -0.440000      7.627587      7.627587     15.255173
     -0.420000      7.533888      7.533888     15.067776
     -0.400000      7.612245      7.612245     15.224491
     -0.380000      7.694161      7.694161     15.388321
     -0.360000      7.596689      7.596689     15.193379
     -0.340000      7.191157      7.191157     14.382314
     -0.320000      6.451699      6.451699     12.903398
     -0.300000      5.464941      5.464941     10.929883
     -0.280000      4.401543      4.401543      8.803086
     -0.260000      3.467236      3.467236      6.934472
     -0.240000      2.855957      2.855957      5.711913
     -0.220000      2.719424      2.719424      5.438848
     -0.200000      3.153599      3.153599      6.307199
     -0.180000      4.193097      4.193097      8.386193
     -0.160000      5.805354      5.805354     11.610707
     -0.140000      7.884653      7.884653     15.769305
     -0.120000     10.254165     10.254165     20.508330
     -0.100000     12.685412     12.685412     25.370823
     -0.080000     14.937519     14.937519     29.875037
     -0.060000     16.807607     16.807607     33.615214
     -0.040000     18.174856     18.174856     36.349711
     -0.020000     19.019358     19.019358     38.038715
      0.000000     19.404833     19.404833     38.809665
      0.020000     19.429735     19.429735     38.859470
      0.040000     19.167997     19.167997     38.335993
      0.060000     18.629195     18.629195     37.258391
      0.080000     17.760765     17.760765     35.521529
      0.100000     16.492970     16.492970     32.985941
      0.120000     14.802512     14.802512     29.605023
      0.140000     12.758806     12.758806     25.517613
      0.160000     10.526712     10.526712     21.053424
      0.180000      8.324540      8.324540     16.649079
      0.200000      6.360188      6.360188     12.720377
      0.220000      4.776606      4.776606      9.553211
      0.240000      3.627929      3.627929      7.255858
      0.260000      2.888854      2.888854      5.777709
      0.280000      2.484485      2.484485      4.968969
      0.300000      2.323250      2.323250      4.646499
      0.320000      2.320389      2.320389      4.640778
      0.340000      2.408233      2.408233      4.816467
      0.360000      2.536674      2.536674      5.073349
      0.380000      2.670170      2.670170      5.340340
      0.400000      2.786600      2.786600      5.573201
      0.420000      2.879890      2.879890      5.759780
      0.440000      2.964599      2.964599      5.929198
      0.460000      3.078316      3.078316      6.156633
      0.480000      3.277498      3.277498      6.554996
      0.500000      3.624342      3.624342      7.248684
      0.520000      4.165788      4.165788      8.331576
      0.540000      4.910026      4.910026      9.820052
      0.560000      5.809622      5.809622     11.619243
      0.580000      6.761347      6.761347     13.522695
      0.600000      7.628628      7.628628     15.257255
      0.620000      8.282925      8.282925     16.565850
      0.640000      8.649097      8.649097     17.298194
      0.660000      8.733628      8.733628     17.467255
      0.680000      8.619604      8.619604     17.239208
      0.700000      8.428208      8.428208     16.856416
      0.720000      8.265410      8.265410     16.530820
      0.740000      8.182490      8.182490     16.364979
      0.760000      8.171978      8.171978     16.343957
      0.780000      8.199168      8.199168     16.398336
      0.800000      8.246692      8.246692     16.493384
      0.820000      8.341285      8.341285     16.682571
      0.840000      8.544091      8.544091     17.088182
      0.860000      8.910610      8.910610     17.821221
      0.880000      9.446292      9.446292     18.892583
      0.900000     10.085320     10.085320     20.170640
      0.920000     10.703962     10.703962     21.407924
      0.940000     11.158854     11.158854     22.317708
      0.960000     11.329592     11.329592     22.659185
      0.980000     11.148643     11.148643     22.297286
      1.000000     10.612967     10.612967     21.225934
      1.020000      9.780338      9.780338     19.560676
      1.040000      8.754586      8.754586     17.509171
      1.060000      7.661905      7.661905     15.323810
      1.080000      6.621023      6.621023     13.242046
      1.100000      5.714604      5.714604     11.429207
      1.120000      4.972880      4.972880      9.945759
      1.140000      4.377755      4.377755      8.755511
      1.160000      3.886291      3.886291      7.772582
      1.180000      3.462207      3.462207      6.924415
      1.200000      3.099638      3.099638      6.199275
      1.220000      2.827692      2.827692      5.655383
      1.240000      2.694649      2.694649      5.389298
      1.260000      2.740690      2.740690      5.481379
      1.280000      2.972803      2.972803      5.945606
      1.300000      3.353399      3.353399      6.706798
      1.320000      3.807339      3.807339      7.614678
      1.340000      4.244402      4.244402      8.488804
      1.360000      4.588804      4.588804      9.177607
      1.380000      4.805733      4.805733      9.611465
      1.400000      4.916552      4.916552      9.833103
      1.420000      4.997739      4.997739      9.995477
      1.440000      5.162314      5.162314     10.324627
      1.460000      5.525967      5.525967     11.051933
      1.480000      6.164250      6.164250     12.328499
      1.500000      7.072523      7.072523     14.145047
      1.520000      8.144710      8.144710     16.289419
      1.540000      9.185518      9.185518     18.371036
      1.560000      9.959963      9.959963     19.919927
      1.580000     10.266191     10.266191     20.532383
      1.600000     10.002706     10.002706     20.005413
      1.620000      9.200139      9.200139     18.400278
      1.640000      8.003853      8.003853     16.007707
      1.660000      6.618144      6.618144     13.236289
      1.680000      5.240391      5.240391     10.480782
      1.700000      4.014081      4.014081      8.028163
      1.720000      3.014855      3.014855      6.029709
      1.740000      2.264757      2.264757      4.529514
      1.760000      1.758333      1.758333      3.516666
      1.780000      1.484299      1.484299      2.968598
      1.800000      1.434812      1.434812      2.869624
      1.820000      1.603727      1.603727      3.207455
      1.840000      1.980537      1.980537      3.961075
      1.860000      2.546412      2.546412      5.092824
      1.880000      3.274633      3.274633      6.549266
      1.900000      4.132776      4.132776      8.265552
      1.920000      5.081505      5.081505     10.163009
      1.940000      6.066972      6.066972     12.133945
      1.960000      7.010058      7.010058     14.020116
      1.980000      7.802031      7.802031     15.604061
      2.000000      8.317015      8.317015     16.634031
      2.020000      8.443782      8.443782     16.887564
      2.040000      8.126331      8.126331     16.252662
      2.060000      7.393486      7.393486     14.786971
      2.080000      6.360149      6.360149     12.720298
      2.100000      5.196938      5.196938     10.393875
      2.120000      4.081463      4.081463      8.162925
      2.140000      3.152656      3.152656      6.305313
      2.160000      2.484872      2.484872      4.969745
      2.180000      2.086182      2.086182      4.172365
      2.200000      1.914386      1.914386      3.828772
      2.220000      1.900299      1.900299      3.800598
      2.240000      1.970028      1.970028      3.940055
      2.260000      2.061827      2.061827      4.123655
      2.280000      2.135755      2.135755      4.271511
      2.300000      2.175644      2.175644      4.351288
      2.320000      2.184357      2.184357      4.368714
      2.340000      2.175242      2.175242      4.350483
      2.360000      2.164045      2.164045      4.328089
      2.380000      2.165048      2.165048      4.330096
      2.400000      2.192832      2.192832      4.385665
      2.420000      2.268227      2.268227      4.536454
      2.440000      2.425121      2.425121      4.850243
      2.460000      2.714227      2.714227      5.428453
      2.480000      3.200208      3.200208      6.400415
      2.500000      3.949834      3.949834      7.899669
      2.520000      5.011627      5.011627     10.023253
      2.540000      6.392116      6.392116     12.784231
      2.560000      8.038277      8.038277     16.076553
      2.580000      9.836090      9.836090     19.672181
      2.600000     11.629385     11.629385     23.258770
      2.620000     13.253515     13.253515     26.507029
      2.640000     14.571257     14.571257     29.142515
      2.660000     15.498281     15.498281     30.996563
      2.680000     16.011728     16.011728     32.023457
      2.700000     16.142427     16.142427     32.284854
      2.720000     15.954844     15.954844     31.909688
      2.740000     15.520046     15.520046     31.040092
      2.760000     14.889029     14.889029     29.778058
      2.780000     14.076837     14.076837     28.153674
      2.800000     13.067144     13.067144     26.134288
      2.820000     11.838380     11.838380     23.676760
      2.840000     10.399216     10.399216     20.798433
      2.860000      8.813138      8.813138     17.626276
      2.880000      7.196605      7.196605     14.393210
      2.900000      5.690880      5.690880     11.381759
      2.920000      4.422956      4.422956      8.845912
      2.940000      3.475626      3.475626      6.951253
      2.960000      2.878801      2.878801      5.757602
      2.980000      2.620772      2.620772      5.241545
      3.000000      2.668280      2.668280      5.336559
      3.020000      2.982388      2.982388      5.964776
      3.040000      3.522085      3.522085      7.044171
      3.060000      4.235258      4.235258      8.470515
      3.080000      5.043973      5.043973     10.087946
      3.100000      5.835428      5.835428     11.670856
      3.120000      6.469346      6.469346     12.938693
      3.140000      6.805751      6.805751     13.611502
      3.160000      6.745666      6.745666     13.491333
      3.180000      6.267440      6.267440     12.534881
      3.200000      5.440244      5.440244     10.880488
      3.220000      4.406459      4.406459      8.812918
      3.240000      3.340670      3.340670      6.681341
      3.260000      2.404549      2.404549      4.809097
      3.280000      1.716705      1.716705      3.433410
      3.300000      1.345572      1.345572      2.691145
      3.320000      1.319582      1.319582      2.639163
      3.340000      1.641019      1.641019      3.282037
      3.360000      2.291562      2.291562      4.583123
      3.380000      3.226254      3.226254      6.452508
      3.400000      4.362730      4.362730      8.725459
      3.420000      5.578191      5.578191     11.156381
      3.440000      6.724543      6.724543     13.449085
      3.460000      7.662548      7.662548     15.325097
      3.480000      8.303284      8.303284     16.606568
      3.500000      8.636858      8.636858     17.273716
      3.520000      8.730667      8.730667     17.461334
      3.540000      8.693438      8.693438     17.386875
      3.560000      8.620266      8.620266     17.240532
      3.580000      8.546435      8.546435     17.092870
      3.600000      8.435039      8.435039     16.870077
      3.620000      8.205564      8.205564     16.411129
      3.640000      7.787843      7.787843     15.575685
      3.660000      7.172118      7.172118     14.344236
      3.680000      6.429413      6.429413     12.858827
      3.700000      5.693616      5.693616     11.387233
      3.720000      5.116138      5.116138     10.232275
      3.740000      4.814500      4.814500      9.629001
      3.760000      4.834472      4.834472      9.668944
      3.780000      5.136119      5.136119     10.272239
      3.800000      5.604607      5.604607     11.209214
      3.820000      6.080403      6.080403     12.160805
      3.840000      6.400385      6.400385     12.800771
      3.860000      6.439351      6.439351     12.878701
      3.880000      6.140742      6.140742     12.281483
      3.900000      5.527764      5.527764     11.055527
      3.920000      4.692101      4.692101      9.384202
      3.940000      3.765317      3.765317      7.530633
      3.960000      2.883822      2.883822      5.767644
      3.980000      2.159153      2.159153      4.318305
      4.000000      1.661117      1.661117      3.322233
      4.020000      1.415023      1.415023      2.830046
      4.040000      1.409123      1.409123      2.818246
      4.060000      1.606586      1.606586      3.213172
      4.080000      1.957487      1.957487      3.914975
      4.100000      2.408528      2.408528      4.817056
      4.120000      2.909971      2.909971      5.819942
      4.140000      3.419943      3.419943      6.839886
      4.160000      3.906369      3.906369      7.812737
      4.180000      4.347051      4.347051      8.694103
      4.200000      4.729008      4.729008      9.458016
      4.220000      5.048572      5.048572     10.097144
      4.240000      5.313233      5.313233     10.626466
      4.260000      5.544172      5.544172     11.088345
      4.280000      5.775796      5.775796     11.551591
      4.300000      6.047417      6.047417     12.094835
      4.320000      6.385109      6.385109     12.770217
      4.340000      6.778785      6.778785     13.557571
      4.360000      7.166976      7.166976     14.333951
      4.380000      7.442870      7.442870     14.885740
      4.400000      7.486377      7.486377     14.972753
      4.420000      7.211584      7.211584     14.423169
      4.440000      6.607505      6.607505     13.215009
      4.460000      5.751423      5.751423     11.502847
      4.480000      4.788786      4.788786      9.577571
      4.500000      3.891301      3.891301      7.782602
      4.520000      3.213729      3.213729      6.427458
      4.540000      2.864872      2.864872      5.729745
      4.560000      2.895621      2.895621      5.791242
      4.580000      3.297252      3.297252      6.594504
      4.600000      4.003314      4.003314      8.006627
      4.620000      4.896043      4.896043      9.792085
      4.640000      5.824577      5.824577     11.649154
      4.660000      6.639494      6.639494     13.278989
      4.680000      7.236309      7.236309     14.472618
      4.700000      7.588307      7.588307     15.176614
      4.720000      7.747820      7.747820     15.495640
      4.740000      7.809517      7.809517     15.619033
      4.760000      7.852127      7.852127     15.704254
      4.780000      7.890688      7.890688     15.781376
      4.800000      7.867554      7.867554     15.735108
      4.820000      7.687995      7.687995     15.375989
      4.840000      7.279709      7.279709     14.559418
      4.860000      6.642622      6.642622     13.285244
      4.880000      5.863443      5.863443     11.726887
      4.900000      5.091088      5.091088     10.182175
      4.920000      4.488457      4.488457      8.976915
      4.940000      4.182401      4.182401      8.364803
      4.960000      4.227829      4.227829      8.455658
      4.980000      4.593119      4.593119      9.186239
      5.000000      5.169005      5.169005     10.338011
      5.020000      5.800741      5.800741     11.601482
      5.040000      6.337914      6.337914     12.675829
      5.060000      6.686343      6.686343     13.372685
      5.080000      6.839252      6.839252     13.678503
      5.100000      6.870090      6.870090     13.740179
      5.120000      6.888650      6.888650     13.777299
      5.140000      6.984815      6.984815     13.969629
      5.160000      7.193391      7.193391     14.386782
      5.180000      7.500093      7.500093     15.000186
      5.200000      7.880122      7.880122     15.760244
      5.220000      8.336855      8.336855     16.673710
      5.240000      8.907115      8.907115     17.814229
      5.260000      9.623598      9.623598     19.247197
      5.280000     10.457943     10.457943     20.915887
      5.300000     11.285844     11.285844     22.571688
      5.320000     11.904851     11.904851     23.809703
      5.340000     12.102690     12.102690     24.205379
      5.360000     11.741643     11.741643     23.483286
      5.380000     10.814600     10.814600     21.629199
      5.400000      9.446017      9.446017     18.892035
      5.420000      7.842681      7.842681     15.685362
      5.440000      6.223415      6.223415     12.446830
      5.460000      4.760757      4.760757      9.521513
      5.480000      3.553488      3.553488      7.106976
      5.500000      2.629637      2.629637      5.259274
      5.520000      1.967250      1.967250      3.934500
      5.540000      1.518761      1.518761      3.037522
      5.560000      1.230214      1.230214      2.460427
      5.580000      1.052875      1.052875      2.105750
      5.600000      0.948370      0.948370      1.896739
      5.620000      0.889374      0.889374      1.778748
      5.640000      0.857785      0.857785      1.715571
      5.660000      0.842053      0.842053      1.684107
      5.680000      0.834999      0.834999      1.669999
      5.700000      0.832670      0.832670      1.665339
      5.720000      0.833959      0.833959      1.667918
      5.740000      0.840548      0.840548      1.681096
      5.760000      0.857330      0.857330      1.714660
      5.780000      0.894203      0.894203      1.788406
      5.800000      0.969933      0.969933      1.939866
      5.820000      1.117386      1.117386      2.234773
      5.840000      1.387382      1.387382      2.774763
      5.860000      1.846805      1.846805      3.693611
      5.880000      2.566680      2.566680      5.133359
      5.900000      3.598531      3.598531      7.197062
      5.920000      4.943103      4.943103      9.886206
      5.940000      6.522566      6.522566     13.045132
      5.960000      8.171761      8.171761     16.343522
      5.980000      9.660659      9.660659     19.321318
      6.000000     10.747706     10.747706     21.495411
      6.020000     11.247362     11.247362     22.494724
      6.040000     11.085001     11.085001     22.170002
      6.060000     10.315998     10.315998     20.631996
      6.080000      9.102222      9.102222     18.204444
      6.100000      7.658515      7.658515     15.317030
      6.120000      6.193082      6.193082     12.386163
      6.140000      4.864214      4.864214      9.728428
      6.160000      3.764679      3.764679      7.529358
      6.180000      2.931827      2.931827      5.863655
      6.200000      2.372078      2.372078      4.744155
      6.220000      2.085195      2.085195      4.170391
      6.240000      2.076147      2.076147      4.152294
      6.260000      2.348808      2.348808      4.697615
      6.280000      2.884687      2.884687      5.769374
      6.300000      3.618581      3.618581      7.237163
      6.320000      4.427620      4.427620      8.855241
      6.340000      5.146759      5.146759     10.293518
      6.360000      5.611679      5.611679     11.223358
      6.380000      5.714498      5.714498     11.428995
      6.400000      5.447736      5.447736     10.895472
      6.420000      4.914836      4.914836      9.829672
      6.440000      4.300371      4.300371      8.600742
      6.460000      3.811276      3.811276      7.622552
      6.480000      3.611826      3.611826      7.223653
      6.500000      3.775343      3.775343      7.550686
      6.520000      4.267500      4.267500      8.535000
      6.540000      4.965005      4.965005      9.930009
      6.560000      5.702457      5.702457     11.404914
      6.580000      6.330590      6.330590     12.661179
      6.600000      6.763357      6.763357     13.526714
      6.620000      6.994119      6.994119     13.988237
      6.640000      7.074579      7.074579     14.149158
      6.660000      7.069185      7.069185     14.138370
      6.680000      7.011127      7.011127     14.022253
      6.700000      6.884471      6.884471     13.768943
      6.720000      6.640557      6.640557     13.281114
      6.740000      6.236185      6.236185     12.472371
      6.760000      5.669768      5.669768     11.339536
      6.780000      4.995758      4.995758      9.991515
      6.800000      4.312889      4.312889      8.625779
      6.820000      3.736760      3.736760      7.473521
      6.840000      3.372649      3.372649      6.745299
      6.860000      3.298757      3.298757      6.597514
      6.880000      3.559489      3.559489      7.118979
      6.900000      4.161696      4.161696      8.323392
      6.920000      5.068501      5.068501     10.137002
      6.940000      6.193188      6.193188     12.386376
      6.960000      7.402225      7.402225     14.804451
      6.980000      8.535453      8.535453     17.070907
      7.000000      9.442292      9.442292     18.884584
      7.020000     10.021819     10.021819     20.043638
      7.040000     10.250064     10.250064     20.500128
      7.060000     10.183237     10.183237     20.366475
      7.080000      9.936805      9.936805     19.873610
      7.100000      9.649379      9.649379     19.298758
      7.120000      9.442810      9.442810     18.885620
      7.140000      9.387486      9.387486     18.774971
      7.160000      9.479609      9.479609     18.959218
      7.180000      9.637136      9.637136     19.274272
      7.200000      9.719794      9.719794     19.439588
      7.220000      9.572107      9.572107     19.144214
      7.240000      9.077348      9.077348     18.154696
      7.260000      8.201797      8.201797     16.403593
      7.280000      7.010237      7.010237     14.020474
      7.300000      5.646508      5.646508     11.293017
      7.320000      4.289847      4.289847      8.579694
      7.340000      3.108272      3.108272      6.216544
      7.360000      2.228323      2.228323      4.456646
      7.380000      1.728559      1.728559      3.457118
      7.400000      1.650553      1.650553      3.301106
      7.420000      2.013489      2.013489      4.026978
      7.440000      2.819880      2.819880      5.639760
      7.460000      4.047960      4.047960      8.095919
      7.480000      5.635662      5.635662     11.271325
      7.500000      7.466873      7.466873     14.933745
      7.520000      9.370296      9.370296     18.740592
      7.540000     11.135898     11.135898     22.271796
      7.560000     12.546607     12.546607     25.093214
      7.580000     13.417402     13.417402     26.834805
      7.600000     13.631714     13.631714     27.263428
      7.620000     13.165865     13.165865     26.331730
      7.640000     12.095159     12.095159     24.190319
      7.660000     10.579637     10.579637     21.159274
      7.680000      8.833078      8.833078     17.666156
      7.700000      7.083878      7.083878     14.167756
      7.720000      5.538282      5.538282     11.076564
      7.740000      4.353599      4.353599      8.707197
      7.760000      3.623083      3.623083      7.246165
      7.780000      3.369378      3.369378      6.738756
      7.800000      3.543398      3.543398      7.086796
      7.820000      4.029830      4.029830      8.059659
      7.840000      4.664751      4.664751      9.329501
      7.860000      5.269830      5.269830     10.539660
      7.880000      5.699761      5.699761     11.399522
      7.900000      5.889011      5.889011     11.778023
      7.920000      5.878078      5.878078     11.756156
      7.940000      5.803830      5.803830     11.607660
      7.960000      5.852534      5.852534     11.705068
      7.980000      6.191075      6.191075     12.382150
      8.000000      6.902741      6.902741     13.805483
      8.020000      7.953120      7.953120     15.906239
      8.040000      9.199425      9.199425     18.398851
      8.060000     10.438838     10.438838     20.877675
      8.080000     11.476126     11.476126     22.952253
      8.100000     12.184603     12.184603     24.369206
      8.120000     12.539221     12.539221     25.078441
      8.140000     12.613349     12.613349     25.226699
      8.160000     12.544821     12.544821     25.089642
      8.180000     12.486034     12.486034     24.972068
      8.200000     12.554865     12.554865     25.109731
      8.220000     12.799737     12.799737     25.599473
      8.240000     13.187247     13.187247     26.374494
      8.260000     13.615872     13.615872     27.231744
      8.280000     13.953178     13.953178     27.906356
      8.300000     14.085550     14.085550     28.171100
      8.320000     13.961669     13.961669     27.923338
      8.340000     13.610337     13.610337     27.220673
      8.360000     13.123885     13.123885     26.247770
      8.380000     12.616123     12.616123     25.232246
      8.400000     12.177295     12.177295     24.354590
      8.420000     11.848149     11.848149     23.696298
      8.440000     11.621159     11.621159     23.242318
      8.460000     11.459991     11.459991     22.919983
      8.480000     11.320609     11.320609     22.641218
      8.500000     11.162887     11.162887     22.325775
      8.520000     10.953417     10.953417     21.906834
      8.540000     10.667690     10.667690     21.335380
      8.560000     10.297927     10.297927     20.595854
      8.580000      9.864833      9.864833     19.729666
      8.600000      9.424959      9.424959     18.849919
      8.620000      9.064898      9.064898     18.129796
      8.640000      8.878931      8.878931     17.757861
      8.660000      8.934642      8.934642     17.869285
      8.680000      9.238111      9.238111     18.476221
      8.700000      9.713899      9.713899     19.427798
      8.720000     10.212708     10.212708     20.425416
      8.740000     10.549984     10.549984     21.099968
      8.760000     10.564702     10.564702     21.129403
      8.780000     10.176047     10.176047     20.352095
      8.800000      9.414475      9.414475     18.828950
      8.820000      8.414631      8.414631     16.829263
      8.840000      7.374883      7.374883     14.749766
      8.860000      6.501438      6.501438     13.002876
      8.880000      5.957642      5.957642     11.915283
      8.900000      5.832006      5.832006     11.664012
      8.920000      6.128528      6.128528     12.257056
      8.940000      6.775990      6.775990     13.551979
      8.960000      7.650696      7.650696     15.301393
      8.980000      8.607122      8.607122     17.214244
      9.000000      9.510645      9.510645     19.021290
      9.020000     10.265745     10.265745     20.531490
      9.040000     10.833158     10.833158     21.666317
      9.060000     11.231796     11.231796     22.463591
      9.080000     11.525336     11.525336     23.050672
      9.100000     11.798017     11.798017     23.596033
      9.120000     12.127601     12.127601     24.255202
      9.140000     12.564403     12.564403     25.128805
      9.160000     13.122549     13.122549     26.245098
      9.180000     13.783758     13.783758     27.567517
      9.200000     14.507634     14.507634     29.015267
      9.220000     15.240253     15.240253     30.480507
      9.240000     15.917230     15.917230     31.834459
      9.260000     16.465659     16.465659     32.931318
      9.280000     16.814093     16.814093     33.628186
      9.300000     16.914579     16.914579     33.829159
      9.320000     16.767874     16.767874     33.535748
      9.340000     16.432846     16.432846     32.865692
      9.360000     16.005399     16.005399     32.010798
      9.380000     15.571706     15.571706     31.143413
      9.400000     15.161934     15.161934     30.323868
      9.420000     14.735736     14.735736     29.471473
      9.440000     14.212592     14.212592     28.425185
      9.460000     13.529988     13.529988     27.059976
      9.480000     12.692783     12.692783     25.385567
      9.500000     11.782620     11.782620     23.565240
      9.520000     10.922735     10.922735     21.845471
      9.540000     10.221515     10.221515     20.443030
      9.560000      9.728572      9.728572     19.457144
      9.580000      9.425459      9.425459     18.850919
      9.600000      9.250076      9.250076     18.500151
      9.620000      9.135657      9.135657     18.271314
      9.640000      9.041612      9.041612     18.083225
      9.660000      8.963014      8.963014     17.926029
      9.680000      8.919700      8.919700     17.839401
      9.700000      8.936009      8.936009     17.872018
      9.720000      9.024150      9.024150     18.048301
      9.740000      9.179192      9.179192     18.358385
      9.760000      9.385699      9.385699     18.771398
      9.780000      9.629532      9.629532     19.259064
      9.800000      9.906084      9.906084     19.812167
      9.820000     10.218840     10.218840     20.437680
      9.840000     10.568176     10.568176     21.136352
      9.860000     10.936622     10.936622     21.873245
      9.880000     11.280281     11.280281     22.560562
      9.900000     11.534351     11.534351     23.068702
      9.920000     11.634155     11.634155     23.268310
      9.940000     11.544545     11.544545     23.089090
      9.960000     11.284492     11.284492     22.568985
      9.980000     10.933498     10.933498     21.866996
     10.000000     10.612809     10.612809     21.225618
