# EIG2DOS: Utility for SIESTA to obtain the electronic density of states
#  E. Artacho, Apr 1999, A. Garcia, Apr 2012
# ------------------------------------------
# Eigenvalues read from GRP_doping.EIG
# Using smearing parameter:   0.100
# Using   1001 points in energy range
# Selected bands: 1 to: 936
# Emin, emax in file for selected band(s):    -40.1657900    234.7667100
# Nbands, Nspin, Nk   =    936     1   231
# E_F                 =    -3.8734 eV --> (shifted to ZERO)
# Broadening          =     0.1000 eV
#
#        E            N(up)  (=)   N(down)         Ntot
    -10.000000     10.389697     10.389697     20.779394
     -9.980000     10.737192     10.737192     21.474384
     -9.960000     10.672066     10.672066     21.344131
     -9.940000     10.153242     10.153242     20.306484
     -9.920000      9.223765      9.223765     18.447529
     -9.900000      7.992405      7.992405     15.984809
     -9.880000      6.601666      6.601666     13.203331
     -9.860000      5.194548      5.194548     10.389097
     -9.840000      3.889436      3.889436      7.778872
     -9.820000      2.766707      2.766707      5.533413
     -9.800000      1.866113      1.866113      3.732225
     -9.780000      1.192083      1.192083      2.384167
     -9.760000      0.724048      0.724048      1.448095
     -9.740000      0.429240      0.429240      0.858481
     -9.720000      0.275653      0.275653      0.551306
     -9.700000      0.242894      0.242894      0.485788
     -9.680000      0.328870      0.328870      0.657740
     -9.660000      0.550287      0.550287      1.100574
     -9.640000      0.935314      0.935314      1.870628
     -9.620000      1.508134      1.508134      3.016268
     -9.600000      2.268320      2.268320      4.536640
     -9.580000      3.172373      3.172373      6.344745
     -9.560000      4.127574      4.127574      8.255148
     -9.540000      5.006086      5.006086     10.012171
     -9.520000      5.678768      5.678768     11.357536
     -9.500000      6.057050      6.057050     12.114100
     -9.480000      6.124404      6.124404     12.248808
     -9.460000      5.942374      5.942374     11.884748
     -9.440000      5.628775      5.628775     11.257550
     -9.420000      5.319944      5.319944     10.639888
     -9.400000      5.135386      5.135386     10.270773
     -9.380000      5.158117      5.158117     10.316233
     -9.360000      5.432025      5.432025     10.864051
     -9.340000      5.967677      5.967677     11.935354
     -9.320000      6.746402      6.746402     13.492803
     -9.300000      7.718870      7.718870     15.437739
     -9.280000      8.802532      8.802532     17.605064
     -9.260000      9.886008      9.886008     19.772016
     -9.240000     10.845438     10.845438     21.690875
     -9.220000     11.570831     11.570831     23.141661
     -9.200000     11.994444     11.994444     23.988888
     -9.180000     12.111388     12.111388     24.222775
     -9.160000     11.984655     11.984655     23.969310
     -9.140000     11.730541     11.730541     23.461082
     -9.120000     11.485065     11.485065     22.970130
     -9.100000     11.358304     11.358304     22.716609
     -9.080000     11.390803     11.390803     22.781606
     -9.060000     11.530358     11.530358     23.060716
     -9.040000     11.643390     11.643390     23.286779
     -9.020000     11.561800     11.561800     23.123599
     -9.000000     11.149681     11.149681     22.299363
     -8.980000     10.363456     10.363456     20.726911
     -8.960000      9.280073      9.280073     18.560145
     -8.940000      8.080251      8.080251     16.160501
     -8.920000      6.991583      6.991583     13.983166
     -8.900000      6.212443      6.212443     12.424885
     -8.880000      5.845989      5.845989     11.691977
     -8.860000      5.870864      5.870864     11.741727
     -8.840000      6.161328      6.161328     12.322656
     -8.820000      6.548733      6.548733     13.097467
     -8.800000      6.896754      6.896754     13.793509
     -8.780000      7.154910      7.154910     14.309819
     -8.760000      7.364995      7.364995     14.729991
     -8.740000      7.619902      7.619902     15.239803
     -8.720000      8.000443      8.000443     16.000886
     -8.700000      8.527079      8.527079     17.054158
     -8.680000      9.152013      9.152013     18.304027
     -8.660000      9.790581      9.790581     19.581163
     -8.640000     10.366948     10.366948     20.733896
     -8.620000     10.843780     10.843780     21.687560
     -8.600000     11.220923     11.220923     22.441846
     -8.580000     11.511652     11.511652     23.023304
     -8.560000     11.719141     11.719141     23.438282
     -8.540000     11.831179     11.831179     23.662357
     -8.520000     11.833262     11.833262     23.666524
     -8.500000     11.724431     11.724431     23.448862
     -8.480000     11.519131     11.519131     23.038263
     -8.460000     11.232043     11.232043     22.464086
     -8.440000     10.859042     10.859042     21.718085
     -8.420000     10.372396     10.372396     20.744792
     -8.400000      9.737800      9.737800     19.475600
     -8.380000      8.943727      8.943727     17.887454
     -8.360000      8.023558      8.023558     16.047117
     -8.340000      7.055486      7.055486     14.110971
     -8.320000      6.139863      6.139863     12.279726
     -8.300000      5.367229      5.367229     10.734458
     -8.280000      4.793932      4.793932      9.587863
     -8.260000      4.435709      4.435709      8.871417
     -8.240000      4.278630      4.278630      8.557260
     -8.220000      4.298155      4.298155      8.596310
     -8.200000      4.474119      4.474119      8.948238
     -8.180000      4.792693      4.792693      9.585387
     -8.160000      5.234413      5.234413     10.468825
     -8.140000      5.757186      5.757186     11.514372
     -8.120000      6.289453      6.289453     12.578906
     -8.100000      6.745713      6.745713     13.491425
     -8.080000      7.063471      7.063471     14.126941
     -8.060000      7.244158      7.244158     14.488316
     -8.040000      7.372623      7.372623     14.745246
     -8.020000      7.598026      7.598026     15.196052
     -8.000000      8.079597      8.079597     16.159194
     -7.980000      8.920302      8.920302     17.840604
     -7.960000     10.117362     10.117362     20.234723
     -7.940000     11.548678     11.548678     23.097357
     -7.920000     12.997261     12.997261     25.994523
     -7.900000     14.202660     14.202660     28.405321
     -7.880000     14.923630     14.923630     29.847260
     -7.860000     14.996719     14.996719     29.993439
     -7.840000     14.376910     14.376910     28.753820
     -7.820000     13.148866     13.148866     26.297731
     -7.800000     11.503926     11.503926     23.007853
     -7.780000      9.689350      9.689350     19.378700
     -7.760000      7.947425      7.947425     15.894850
     -7.740000      6.465780      6.465780     12.931560
     -7.720000      5.353535      5.353535     10.707070
     -7.700000      4.644988      4.644988      9.289976
     -7.680000      4.321054      4.321054      8.642107
     -7.660000      4.334207      4.334207      8.668415
     -7.640000      4.625488      4.625488      9.250977
     -7.620000      5.128845      5.128845     10.257690
     -7.600000      5.765199      5.765199     11.530398
     -7.580000      6.433976      6.433976     12.867952
     -7.560000      7.012190      7.012190     14.024380
     -7.540000      7.368995      7.368995     14.737990
     -7.520000      7.396252      7.396252     14.792504
     -7.500000      7.045560      7.045560     14.091119
     -7.480000      6.355174      6.355174     12.710348
     -7.460000      5.451900      5.451900     10.903801
     -7.440000      4.523653      4.523653      9.047307
     -7.420000      3.771745      3.771745      7.543490
     -7.400000      3.359948      3.359948      6.719896
     -7.380000      3.376337      3.376337      6.752673
     -7.360000      3.816858      3.816858      7.633717
     -7.340000      4.592057      4.592057      9.184115
     -7.320000      5.553259      5.553259     11.106519
     -7.300000      6.530793      6.530793     13.061587
     -7.280000      7.373348      7.373348     14.746696
     -7.260000      7.976075      7.976075     15.952150
     -7.240000      8.288928      8.288928     16.577856
     -7.220000      8.306151      8.306151     16.612302
     -7.200000      8.047710      8.047710     16.095419
     -7.180000      7.546586      7.546586     15.093172
     -7.160000      6.849376      6.849376     13.698752
     -7.140000      6.026002      6.026002     12.052003
     -7.120000      5.176090      5.176090     10.352181
     -7.100000      4.420560      4.420560      8.841120
     -7.080000      3.876119      3.876119      7.752237
     -7.060000      3.621382      3.621382      7.242764
     -7.040000      3.669298      3.669298      7.338597
     -7.020000      3.958706      3.958706      7.917412
     -7.000000      4.369715      4.369715      8.739431
     -6.980000      4.757688      4.757688      9.515377
     -6.960000      4.993467      4.993467      9.986934
     -6.940000      4.996279      4.996279      9.992558
     -6.920000      4.750465      4.750465      9.500930
     -6.900000      4.304898      4.304898      8.609795
     -6.880000      3.760293      3.760293      7.520587
     -6.860000      3.251325      3.251325      6.502649
     -6.840000      2.927449      2.927449      5.854898
     -6.820000      2.931620      2.931620      5.863239
     -6.800000      3.373563      3.373563      6.747125
     -6.780000      4.296938      4.296938      8.593876
     -6.760000      5.647173      5.647173     11.294345
     -6.740000      7.254789      7.254789     14.509578
     -6.720000      8.850916      8.850916     17.701832
     -6.700000     10.122348     10.122348     20.244696
     -6.680000     10.794929     10.794929     21.589858
     -6.660000     10.716207     10.716207     21.432414
     -6.640000      9.903560      9.903560     19.807120
     -6.620000      8.537663      8.537663     17.075325
     -6.600000      6.906219      6.906219     13.812438
     -6.580000      5.324189      5.324189     10.648377
     -6.560000      4.061913      4.061913      8.123826
     -6.540000      3.300768      3.300768      6.601536
     -6.520000      3.117543      3.117543      6.235085
     -6.500000      3.486807      3.486807      6.973614
     -6.480000      4.291358      4.291358      8.582717
     -6.460000      5.340088      5.340088     10.680177
     -6.440000      6.399738      6.399738     12.799477
     -6.420000      7.243957      7.243957     14.487914
     -6.400000      7.711078      7.711078     15.422156
     -6.380000      7.750705      7.750705     15.501411
     -6.360000      7.438603      7.438603     14.877205
     -6.340000      6.951577      6.951577     13.903154
     -6.320000      6.511272      6.511272     13.022544
     -6.300000      6.317420      6.317420     12.634840
     -6.280000      6.492074      6.492074     12.984149
     -6.260000      7.049581      7.049581     14.099162
     -6.240000      7.898386      7.898386     15.796772
     -6.220000      8.872827      8.872827     17.745653
     -6.200000      9.784958      9.784958     19.569915
     -6.180000     10.478726     10.478726     20.957453
     -6.160000     10.866152     10.866152     21.732303
     -6.140000     10.932755     10.932755     21.865510
     -6.120000     10.715524     10.715524     21.431048
     -6.100000     10.271085     10.271085     20.542171
     -6.080000      9.653813      9.653813     19.307625
     -6.060000      8.912131      8.912131     17.824261
     -6.040000      8.096231      8.096231     16.192461
     -6.020000      7.263910      7.263910     14.527820
     -6.000000      6.476761      6.476761     12.953522
     -5.980000      5.789462      5.789462     11.578924
     -5.960000      5.240855      5.240855     10.481709
     -5.940000      4.853149      4.853149      9.706299
     -5.920000      4.638817      4.638817      9.277634
     -5.900000      4.609382      4.609382      9.218763
     -5.880000      4.779425      4.779425      9.558849
     -5.860000      5.161829      5.161829     10.323658
     -5.840000      5.754697      5.754697     11.509394
     -5.820000      6.525013      6.525013     13.050027
     -5.800000      7.397569      7.397569     14.795138
     -5.780000      8.257741      8.257741     16.515483
     -5.760000      8.971659      8.971659     17.943319
     -5.740000      9.418350      9.418350     18.836701
     -5.720000      9.520832      9.520832     19.041664
     -5.700000      9.262598      9.262598     18.525196
     -5.680000      8.684038      8.684038     17.368076
     -5.660000      7.864805      7.864805     15.729610
     -5.640000      6.904656      6.904656     13.809312
     -5.620000      5.912303      5.912303     11.824606
     -5.600000      5.002265      5.002265     10.004529
     -5.580000      4.291469      4.291469      8.582939
     -5.560000      3.886786      3.886786      7.773572
     -5.540000      3.861842      3.861842      7.723683
     -5.520000      4.231206      4.231206      8.462411
     -5.500000      4.935546      4.935546      9.871092
     -5.480000      5.848702      5.848702     11.697404
     -5.460000      6.807491      6.807491     13.614983
     -5.440000      7.652882      7.652882     15.305765
     -5.420000      8.264606      8.264606     16.529211
     -5.400000      8.575412      8.575412     17.150823
     -5.380000      8.564048      8.564048     17.128096
     -5.360000      8.238716      8.238716     16.477431
     -5.340000      7.625965      7.625965     15.251930
     -5.320000      6.771835      6.771835     13.543670
     -5.300000      5.749835      5.749835     11.499669
     -5.280000      4.664191      4.664191      9.328382
     -5.260000      3.640644      3.640644      7.281288
     -5.240000      2.806343      2.806343      5.612686
     -5.220000      2.266764      2.266764      4.533528
     -5.200000      2.086965      2.086965      4.173930
     -5.180000      2.279613      2.279613      4.559225
     -5.160000      2.799081      2.799081      5.598162
     -5.140000      3.542478      3.542478      7.084956
     -5.120000      4.362115      4.362115      8.724231
     -5.100000      5.093986      5.093986     10.187973
     -5.080000      5.600096      5.600096     11.200192
     -5.060000      5.811958      5.811958     11.623917
     -5.040000      5.755823      5.755823     11.511645
     -5.020000      5.543804      5.543804     11.087607
     -5.000000      5.329316      5.329316     10.658633
     -4.980000      5.243002      5.243002     10.486004
     -4.960000      5.336673      5.336673     10.673346
     -4.940000      5.560876      5.560876     11.121752
     -4.920000      5.786839      5.786839     11.573679
     -4.900000      5.863156      5.863156     11.726311
     -4.880000      5.681779      5.681779     11.363558
     -4.860000      5.224798      5.224798     10.449596
     -4.840000      4.574065      4.574065      9.148130
     -4.820000      3.883931      3.883931      7.767861
     -4.800000      3.332873      3.332873      6.665747
     -4.780000      3.075208      3.075208      6.150416
     -4.760000      3.208382      3.208382      6.416764
     -4.740000      3.760161      3.760161      7.520322
     -4.720000      4.690580      4.690580      9.381159
     -4.700000      5.900620      5.900620     11.801241
     -4.680000      7.243292      7.243292     14.486583
     -4.660000      8.539296      8.539296     17.078592
     -4.640000      9.603137      9.603137     19.206275
     -4.620000     10.281968     10.281968     20.563936
     -4.600000     10.499200     10.499200     20.998400
     -4.580000     10.284692     10.284692     20.569384
     -4.560000      9.772515      9.772515     19.545029
     -4.540000      9.160163      9.160163     18.320327
     -4.520000      8.643352      8.643352     17.286703
     -4.500000      8.354634      8.354634     16.709267
     -4.480000      8.331637      8.331637     16.663274
     -4.460000      8.523278      8.523278     17.046555
     -4.440000      8.822652      8.822652     17.645304
     -4.420000      9.106642      9.106642     18.213284
     -4.400000      9.267889      9.267889     18.535778
     -4.380000      9.236312      9.236312     18.472625
     -4.360000      8.993425      8.993425     17.986850
     -4.340000      8.579583      8.579583     17.159166
     -4.320000      8.088416      8.088416     16.176831
     -4.300000      7.643165      7.643165     15.286330
     -4.280000      7.358690      7.358690     14.717379
     -4.260000      7.303242      7.303242     14.606484
     -4.240000      7.476463      7.476463     14.952927
     -4.220000      7.811799      7.811799     15.623597
     -4.200000      8.199026      8.199026     16.398053
     -4.180000      8.514935      8.514935     17.029870
     -4.160000      8.651247      8.651247     17.302493
     -4.140000      8.535274      8.535274     17.070547
     -4.120000      8.143811      8.143811     16.287623
     -4.100000      7.510735      7.510735     15.021470
     -4.080000      6.725673      6.725673     13.451347
     -4.060000      5.919738      5.919738     11.839475
     -4.040000      5.237713      5.237713     10.475425
     -4.020000      4.802794      4.802794      9.605589
     -4.000000      4.685354      4.685354      9.370709
     -3.980000      4.887217      4.887217      9.774434
     -3.960000      5.346903      5.346903     10.693807
     -3.940000      5.962298      5.962298     11.924595
     -3.920000      6.620015      6.620015     13.240031
     -3.900000      7.219224      7.219224     14.438449
     -3.880000      7.682484      7.682484     15.364969
     -3.860000      7.954418      7.954418     15.908836
     -3.840000      7.995755      7.995755     15.991510
     -3.820000      7.781521      7.781521     15.563042
     -3.800000      7.307353      7.307353     14.614706
     -3.780000      6.600548      6.600548     13.201096
     -3.760000      5.727435      5.727435     11.454870
     -3.740000      4.789294      4.789294      9.578587
     -3.720000      3.904790      3.904790      7.809581
     -3.700000      3.184066      3.184066      6.368133
     -3.680000      2.703993      2.703993      5.407985
     -3.660000      2.493560      2.493560      4.987120
     -3.640000      2.533638      2.533638      5.067276
     -3.620000      2.769117      2.769117      5.538234
     -3.600000      3.126742      3.126742      6.253483
     -3.580000      3.530852      3.530852      7.061705
     -3.560000      3.912097      3.912097      7.824194
     -3.540000      4.209420      4.209420      8.418840
     -3.520000      4.370067      4.370067      8.740135
     -3.500000      4.353025      4.353025      8.706051
     -3.480000      4.137604      4.137604      8.275208
     -3.460000      3.733364      3.733364      7.466728
     -3.440000      3.184640      3.184640      6.369280
     -3.420000      2.565069      2.565069      5.130139
     -3.400000      1.963500      1.963500      3.926999
     -3.380000      1.467896      1.467896      2.935793
     -3.360000      1.154428      1.154428      2.308857
     -3.340000      1.084293      1.084293      2.168586
     -3.320000      1.304530      1.304530      2.609060
     -3.300000      1.845837      1.845837      3.691674
     -3.280000      2.712977      2.712977      5.425954
     -3.260000      3.870275      3.870275      7.740549
     -3.240000      5.231213      5.231213     10.462427
     -3.220000      6.662074      6.662074     13.324148
     -3.200000      8.003430      8.003430     16.006859
     -3.180000      9.103807      9.103807     18.207613
     -3.160000      9.853359      9.853359     19.706718
     -3.140000     10.205849     10.205849     20.411699
     -3.120000     10.183038     10.183038     20.366075
     -3.100000      9.861914      9.861914     19.723827
     -3.080000      9.349142      9.349142     18.698285
     -3.060000      8.749426      8.749426     17.498852
     -3.040000      8.136736      8.136736     16.273472
     -3.020000      7.538297      7.538297     15.076595
     -3.000000      6.937768      6.937768     13.875536
     -2.980000      6.295947      6.295947     12.591893
     -2.960000      5.578881      5.578881     11.157762
     -2.940000      4.780156      4.780156      9.560313
     -2.920000      3.928376      3.928376      7.856752
     -2.900000      3.079208      3.079208      6.158416
     -2.880000      2.298478      2.298478      4.596956
     -2.860000      1.645187      1.645187      3.290374
     -2.840000      1.160995      1.160995      2.321991
     -2.820000      0.867933      0.867933      1.735866
     -2.800000      0.771702      0.771702      1.543404
     -2.780000      0.865933      0.865933      1.731866
     -2.760000      1.133763      1.133763      2.267527
     -2.740000      1.546261      1.546261      3.092522
     -2.720000      2.060425      2.060425      4.120850
     -2.700000      2.620544      2.620544      5.241088
     -2.680000      3.164775      3.164775      6.329550
     -2.660000      3.635162      3.635162      7.270323
     -2.640000      3.986679      3.986679      7.973358
     -2.620000      4.191392      4.191392      8.382783
     -2.600000      4.237212      4.237212      8.474425
     -2.580000      4.124448      4.124448      8.248895
     -2.560000      3.864335      3.864335      7.728670
     -2.540000      3.481365      3.481365      6.962729
     -2.520000      3.017296      3.017296      6.034593
     -2.500000      2.532605      2.532605      5.065210
     -2.480000      2.102248      2.102248      4.204496
     -2.460000      1.806027      1.806027      3.612054
     -2.440000      1.716717      1.716717      3.433433
     -2.420000      1.889430      1.889430      3.778859
     -2.400000      2.353554      2.353554      4.707108
     -2.380000      3.106093      3.106093      6.212186
     -2.360000      4.104886      4.104886      8.209773
     -2.340000      5.263015      5.263015     10.526030
     -2.320000      6.450109      6.450109     12.900218
     -2.300000      7.508424      7.508424     15.016848
     -2.280000      8.287602      8.287602     16.575204
     -2.260000      8.691784      8.691784     17.383567
     -2.240000      8.721571      8.721571     17.443141
     -2.220000      8.489436      8.489436     16.978872
     -2.200000      8.195420      8.195420     16.390840
     -2.180000      8.067122      8.067122     16.134244
     -2.160000      8.284644      8.284644     16.569287
     -2.140000      8.918374      8.918374     17.836748
     -2.120000      9.902748      9.902748     19.805495
     -2.100000     11.055977     11.055977     22.111953
     -2.080000     12.139983     12.139983     24.279967
     -2.060000     12.940900     12.940900     25.881800
     -2.040000     13.341984     13.341984     26.683968
     -2.020000     13.361167     13.361167     26.722335
     -2.000000     13.136856     13.136856     26.273713
     -1.980000     12.866030     12.866030     25.732060
     -1.960000     12.720133     12.720133     25.440265
     -1.940000     12.775806     12.775806     25.551611
     -1.920000     12.991476     12.991476     25.982951
     -1.900000     13.238498     13.238498     26.476996
     -1.880000     13.368160     13.368160     26.736321
     -1.860000     13.278741     13.278741     26.557482
     -1.840000     12.950064     12.950064     25.900129
     -1.820000     12.434070     12.434070     24.868139
     -1.800000     11.814955     11.814955     23.629911
     -1.780000     11.165765     11.165765     22.331529
     -1.760000     10.523587     10.523587     21.047173
     -1.740000      9.889447      9.889447     19.778893
     -1.720000      9.244366      9.244366     18.488731
     -1.700000      8.568582      8.568582     17.137164
     -1.680000      7.855661      7.855661     15.711321
     -1.660000      7.120038      7.120038     14.240076
     -1.640000      6.399535      6.399535     12.799071
     -1.620000      5.753182      5.753182     11.506365
     -1.600000      5.253079      5.253079     10.506157
     -1.580000      4.970126      4.970126      9.940251
     -1.560000      4.956695      4.956695      9.913390
     -1.540000      5.231547      5.231547     10.463093
     -1.520000      5.771330      5.771330     11.542661
     -1.500000      6.509863      6.509863     13.019726
     -1.480000      7.344135      7.344135     14.688269
     -1.460000      8.146480      8.146480     16.292960
     -1.440000      8.783979      8.783979     17.567958
     -1.420000      9.145493      9.145493     18.290986
     -1.400000      9.172052      9.172052     18.344105
     -1.380000      8.879974      8.879974     17.759947
     -1.360000      8.363456      8.363456     16.726911
     -1.340000      7.768801      7.768801     15.537602
     -1.320000      7.245232      7.245232     14.490463
     -1.300000      6.891141      6.891141     13.782283
     -1.280000      6.720783      6.720783     13.441566
     -1.260000      6.669184      6.669184     13.338369
     -1.240000      6.634562      6.634562     13.269123
     -1.220000      6.537224      6.537224     13.074449
     -1.200000      6.363966      6.363966     12.727932
     -1.180000      6.174068      6.174068     12.348135
     -1.160000      6.064189      6.064189     12.128379
     -1.140000      6.112598      6.112598     12.225196
     -1.120000      6.334673      6.334673     12.669347
     -1.100000      6.674341      6.674341     13.348683
     -1.080000      7.034321      7.034321     14.068643
     -1.060000      7.325270      7.325270     14.650541
     -1.040000      7.504372      7.504372     15.008744
     -1.020000      7.583549      7.583549     15.167098
     -1.000000      7.609279      7.609279     15.218557
     -0.980000      7.634538      7.634538     15.269075
     -0.960000      7.705572      7.705572     15.411144
     -0.940000      7.870869      7.870869     15.741737
     -0.920000      8.198754      8.198754     16.397508
     -0.900000      8.779431      8.779431     17.558863
     -0.880000      9.695543      9.695543     19.391086
     -0.860000     10.967516     10.967516     21.935032
     -0.840000     12.501410     12.501410     25.002819
     -0.820000     14.073427     14.073427     28.146854
     -0.800000     15.371550     15.371550     30.743100
     -0.780000     16.087637     16.087637     32.175274
     -0.760000     16.026862     16.026862     32.053725
     -0.740000     15.189283     15.189283     30.378567
     -0.720000     13.786987     13.786987     27.573973
     -0.700000     12.185737     12.185737     24.371475
     -0.680000     10.790672     10.790672     21.581345
     -0.660000      9.917797      9.917797     19.835594
     -0.640000      9.698016      9.698016     19.396032
     -0.620000     10.047204     10.047204     20.094409
     -0.600000     10.710471     10.710471     21.420941
     -0.580000     11.361091     11.361091     22.722182
     -0.560000     11.714839     11.714839     23.429679
     -0.540000     11.616338     11.616338     23.232677
     -0.520000     11.067779     11.067779     22.135557
     -0.500000     10.196310     10.196310     20.392621
     -0.480000      9.182464      9.182464     18.364928
     -0.460000      8.185446      8.185446     16.370892
     -0.440000      7.296304      7.296304     14.592608
     -0.420000      6.531365      6.531365     13.062730
     -0.400000      5.857689      5.857689     11.715377
     -0.380000      5.230390      5.230390     10.460780
     -0.360000      4.622437      4.622437      9.244874
     -0.340000      4.037118      4.037118      8.074235
     -0.320000      3.504479      3.504479      7.008958
     -0.300000      3.069849      3.069849      6.139698
     -0.280000      2.783288      2.783288      5.566576
     -0.260000      2.695048      2.695048      5.390096
     -0.240000      2.856748      2.856748      5.713496
     -0.220000      3.323764      3.323764      6.647529
     -0.200000      4.153112      4.153112      8.306225
     -0.180000      5.393332      5.393332     10.786664
     -0.160000      7.067286      7.067286     14.134572
     -0.140000      9.152746      9.152746     18.305491
     -0.120000     11.567057     11.567057     23.134114
     -0.100000     14.161163     14.161163     28.322327
     -0.080000     16.726687     16.726687     33.453375
     -0.060000     19.018568     19.018568     38.037137
     -0.040000     20.793203     20.793203     41.586407
     -0.020000     21.855883     21.855883     43.711766
      0.000000     22.103498     22.103498     44.206997
      0.020000     21.545572     21.545572     43.091145
      0.040000     20.294081     20.294081     40.588163
      0.060000     18.527580     18.527580     37.055160
      0.080000     16.447462     16.447462     32.894924
      0.100000     14.244719     14.244719     28.489439
      0.120000     12.084949     12.084949     24.169898
      0.140000     10.106935     10.106935     20.213870
      0.160000      8.424838      8.424838     16.849676
      0.180000      7.127053      7.127053     14.254106
      0.200000      6.270835      6.270835     12.541670
      0.220000      5.875536      5.875536     11.751072
      0.240000      5.917814      5.917814     11.835627
      0.260000      6.331344      6.331344     12.662688
      0.280000      7.012847      7.012847     14.025694
      0.300000      7.835170      7.835170     15.670340
      0.320000      8.666323      8.666323     17.332645
      0.340000      9.391296      9.391296     18.782591
      0.360000      9.932374      9.932374     19.864749
      0.380000     10.263597     10.263597     20.527194
      0.400000     10.415336     10.415336     20.830673
      0.420000     10.465743     10.465743     20.931485
      0.440000     10.518161     10.518161     21.036321
      0.460000     10.668480     10.668480     21.336960
      0.480000     10.971949     10.971949     21.943898
      0.500000     11.421440     11.421440     22.842879
      0.520000     11.945668     11.945668     23.891337
      0.540000     12.427584     12.427584     24.855168
      0.560000     12.734865     12.734865     25.469730
      0.580000     12.751078     12.751078     25.502155
      0.600000     12.398823     12.398823     24.797646
      0.620000     11.652087     11.652087     23.304174
      0.640000     10.539466     10.539466     21.078931
      0.660000      9.140520      9.140520     18.281040
      0.680000      7.575670      7.575670     15.151340
      0.700000      5.989111      5.989111     11.978223
      0.720000      4.526184      4.526184      9.052367
      0.740000      3.309958      3.309958      6.619915
      0.760000      2.423344      2.423344      4.846688
      0.780000      1.900910      1.900910      3.801820
      0.800000      1.730316      1.730316      3.460632
      0.820000      1.860132      1.860132      3.720264
      0.840000      2.210702      2.210702      4.421404
      0.860000      2.686687      2.686687      5.373374
      0.880000      3.191212      3.191212      6.382425
      0.900000      3.640585      3.640585      7.281170
      0.920000      3.976445      3.976445      7.952891
      0.940000      4.171568      4.171568      8.343137
      0.960000      4.227708      4.227708      8.455416
      0.980000      4.167682      4.167682      8.335363
      1.000000      4.026342      4.026342      8.052684
      1.020000      3.844294      3.844294      7.688588
      1.040000      3.664998      3.664998      7.329996
      1.060000      3.532954      3.532954      7.065908
      1.080000      3.490303      3.490303      6.980606
      1.100000      3.571192      3.571192      7.142384
      1.120000      3.795562      3.795562      7.591124
      1.140000      4.164625      4.164625      8.329249
      1.160000      4.659054      4.659054      9.318107
      1.180000      5.239469      5.239469     10.478937
      1.200000      5.848597      5.848597     11.697194
      1.220000      6.415619      6.415619     12.831237
      1.240000      6.864192      6.864192     13.728383
      1.260000      7.124974      7.124974     14.249949
      1.280000      7.150816      7.150816     14.301632
      1.300000      6.929661      6.929661     13.859323
      1.320000      6.489019      6.489019     12.978039
      1.340000      5.888413      5.888413     11.776826
      1.360000      5.201922      5.201922     10.403844
      1.380000      4.498575      4.498575      8.997150
      1.400000      3.829971      3.829971      7.659943
      1.420000      3.230486      3.230486      6.460972
      1.440000      2.727951      2.727951      5.455902
      1.460000      2.356429      2.356429      4.712859
      1.480000      2.161400      2.161400      4.322800
      1.500000      2.191787      2.191787      4.383574
      1.520000      2.480336      2.480336      4.960672
      1.540000      3.020489      3.020489      6.040978
      1.560000      3.751362      3.751362      7.502724
      1.580000      4.561126      4.561126      9.122253
      1.600000      5.312569      5.312569     10.625138
      1.620000      5.884524      5.884524     11.769047
      1.640000      6.213553      6.213553     12.427105
      1.660000      6.317181      6.317181     12.634363
      1.680000      6.286339      6.286339     12.572678
      1.700000      6.248205      6.248205     12.496409
      1.720000      6.314561      6.314561     12.629121
      1.740000      6.537549      6.537549     13.075099
      1.760000      6.891050      6.891050     13.782100
      1.780000      7.283994      7.283994     14.567987
      1.800000      7.597962      7.597962     15.195924
      1.820000      7.731855      7.731855     15.463710
      1.840000      7.635191      7.635191     15.270381
      1.860000      7.318596      7.318596     14.637193
      1.880000      6.841281      6.841281     13.682561
      1.900000      6.285051      6.285051     12.570102
      1.920000      5.728213      5.728213     11.456425
      1.940000      5.229494      5.229494     10.458988
      1.960000      4.824815      4.824815      9.649630
      1.980000      4.532743      4.532743      9.065486
      2.000000      4.361559      4.361559      8.723118
      2.020000      4.312765      4.312765      8.625530
      2.040000      4.380575      4.380575      8.761149
      2.060000      4.550893      4.550893      9.101787
      2.080000      4.803954      4.803954      9.607907
      2.100000      5.121884      5.121884     10.243767
      2.120000      5.498200      5.498200     10.996400
      2.140000      5.943259      5.943259     11.886518
      2.160000      6.479972      6.479972     12.959944
      2.180000      7.127936      7.127936     14.255873
      2.200000      7.880511      7.880511     15.761022
      2.220000      8.685685      8.685685     17.371370
      2.240000      9.443783      9.443783     18.887567
      2.260000     10.029671     10.029671     20.059342
      2.280000     10.334726     10.334726     20.669451
      2.300000     10.310881     10.310881     20.621762
      2.320000      9.994602      9.994602     19.989204
      2.340000      9.497325      9.497325     18.994650
      2.360000      8.966269      8.966269     17.932538
      2.380000      8.534580      8.534580     17.069161
      2.400000      8.283383      8.283383     16.566766
      2.420000      8.229405      8.229405     16.458810
      2.440000      8.337324      8.337324     16.674648
      2.460000      8.544670      8.544670     17.089340
      2.480000      8.784481      8.784481     17.568963
      2.500000      8.996896      8.996896     17.993793
      2.520000      9.130886      9.130886     18.261773
      2.540000      9.144782      9.144782     18.289564
      2.560000      9.013681      9.013681     18.027361
      2.580000      8.743065      8.743065     17.486129
      2.600000      8.377575      8.377575     16.755149
      2.620000      7.991358      7.991358     15.982716
      2.640000      7.656478      7.656478     15.312957
      2.660000      7.402844      7.402844     14.805689
      2.680000      7.193996      7.193996     14.387992
      2.700000      6.937672      6.937672     13.875344
      2.720000      6.530192      6.530192     13.060384
      2.740000      5.912845      5.912845     11.825691
      2.760000      5.111430      5.111430     10.222859
      2.780000      4.241135      4.241135      8.482270
      2.800000      3.478908      3.478908      6.957815
      2.820000      3.019583      3.019583      6.039165
      2.840000      3.032335      3.032335      6.064670
      2.860000      3.624408      3.624408      7.248816
      2.880000      4.811065      4.811065      9.622131
      2.900000      6.492425      6.492425     12.984851
      2.920000      8.446974      8.446974     16.893948
      2.940000     10.357151     10.357151     20.714301
      2.960000     11.874720     11.874720     23.749439
      2.980000     12.713460     12.713460     25.426920
      3.000000     12.736601     12.736601     25.473202
      3.020000     12.001733     12.001733     24.003466
      3.040000     10.742207     10.742207     21.484414
      3.060000      9.292358      9.292358     18.584717
      3.080000      7.987200      7.987200     15.974400
      3.100000      7.073423      7.073423     14.146847
      3.120000      6.657801      6.657801     13.315601
      3.140000      6.701152      6.701152     13.402303
      3.160000      7.051119      7.051119     14.102239
      3.180000      7.499150      7.499150     14.998300
      3.200000      7.844774      7.844774     15.689547
      3.220000      7.950943      7.950943     15.901885
      3.240000      7.777242      7.777242     15.554485
      3.260000      7.383778      7.383778     14.767555
      3.280000      6.906811      6.906811     13.813623
      3.300000      6.515046      6.515046     13.030093
      3.320000      6.359877      6.359877     12.719754
      3.340000      6.532887      6.532887     13.065775
      3.360000      7.040324      7.040324     14.080647
      3.380000      7.799157      7.799157     15.598313
      3.400000      8.654419      8.654419     17.308839
      3.420000      9.413711      9.413711     18.827423
      3.440000      9.892263      9.892263     19.784527
      3.460000      9.960146      9.960146     19.920291
      3.480000      9.581518      9.581518     19.163036
      3.500000      8.834896      8.834896     17.669792
      3.520000      7.905219      7.905219     15.810438
      3.540000      7.044560      7.044560     14.089121
      3.560000      6.507709      6.507709     13.015417
      3.580000      6.478291      6.478291     12.956581
      3.600000      7.006901      7.006901     14.013803
      3.620000      7.982472      7.982472     15.964944
      3.640000      9.150866      9.150866     18.301731
      3.660000     10.180732     10.180732     20.361464
      3.680000     10.758920     10.758920     21.517841
      3.700000     10.683315     10.683315     21.366631
      3.720000      9.918645      9.918645     19.837289
      3.740000      8.594839      8.594839     17.189677
      3.760000      6.952342      6.952342     13.904683
      3.780000      5.260986      5.260986     10.521971
      3.800000      3.746419      3.746419      7.492838
      3.820000      2.548200      2.548200      5.096400
      3.840000      1.714697      1.714697      3.429394
      3.860000      1.223836      1.223836      2.447672
      3.880000      1.012856      1.012856      2.025713
      3.900000      1.004026      1.004026      2.008051
      3.920000      1.121188      1.121188      2.242376
      3.940000      1.298352      1.298352      2.596704
      3.960000      1.483789      1.483789      2.967579
      3.980000      1.642120      1.642120      3.284239
      4.000000      1.754924      1.754924      3.509848
      4.020000      1.819374      1.819374      3.638747
      4.040000      1.844684      1.844684      3.689368
      4.060000      1.847207      1.847207      3.694414
      4.080000      1.845613      1.845613      3.691225
      4.100000      1.857446      1.857446      3.714892
      4.120000      1.897483      1.897483      3.794966
      4.140000      1.977455      1.977455      3.954909
      4.160000      2.106392      2.106392      4.212784
      4.180000      2.291168      2.291168      4.582336
      4.200000      2.537408      2.537408      5.074816
      4.220000      2.850997      2.850997      5.701994
      4.240000      3.239470      3.239470      6.478941
      4.260000      3.710950      3.710950      7.421901
      4.280000      4.267696      4.267696      8.535392
      4.300000      4.893654      4.893654      9.787308
      4.320000      5.540883      5.540883     11.081765
      4.340000      6.125194      6.125194     12.250387
      4.360000      6.541531      6.541531     13.083061
      4.380000      6.701253      6.701253     13.402507
      4.400000      6.579609      6.579609     13.159218
      4.420000      6.250947      6.250947     12.501894
      4.440000      5.889989      5.889989     11.779979
      4.460000      5.730909      5.730909     11.461818
      4.480000      5.995093      5.995093     11.990186
      4.500000      6.813116      6.813116     13.626233
      4.520000      8.170015      8.170015     16.340030
      4.540000      9.894782      9.894782     19.789565
      4.560000     11.698848     11.698848     23.397697
      4.580000     13.250337     13.250337     26.500674
      4.600000     14.258268     14.258268     28.516536
      4.620000     14.539390     14.539390     29.078780
      4.640000     14.050531     14.050531     28.101062
      4.660000     12.884799     12.884799     25.769598
      4.680000     11.241595     11.241595     22.483190
      4.700000      9.383215      9.383215     18.766431
      4.720000      7.587395      7.587395     15.174790
      4.740000      6.101412      6.101412     12.202825
      4.760000      5.102833      5.102833     10.205666
      4.780000      4.673153      4.673153      9.346306
      4.800000      4.790290      4.790290      9.580581
      4.820000      5.342495      5.342495     10.684990
      4.840000      6.160776      6.160776     12.321551
      4.860000      7.061471      7.061471     14.122943
      4.880000      7.887018      7.887018     15.774036
      4.900000      8.533005      8.533005     17.066010
      4.920000      8.954236      8.954236     17.908472
      4.940000      9.150829      9.150829     18.301658
      4.960000      9.143941      9.143941     18.287881
      4.980000      8.954763      8.954763     17.909525
      5.000000      8.597128      8.597128     17.194256
      5.020000      8.084832      8.084832     16.169663
      5.040000      7.445271      7.445271     14.890542
      5.060000      6.727315      6.727315     13.454630
      5.080000      5.995686      5.995686     11.991372
      5.100000      5.313378      5.313378     10.626757
      5.120000      4.721424      4.721424      9.442849
      5.140000      4.226976      4.226976      8.453952
      5.160000      3.805901      3.805901      7.611801
      5.180000      3.418489      3.418489      6.836978
      5.200000      3.030810      3.030810      6.061621
      5.220000      2.632373      2.632373      5.264747
      5.240000      2.243205      2.243205      4.486409
      5.260000      1.908479      1.908479      3.816958
      5.280000      1.684046      1.684046      3.368093
      5.300000      1.619527      1.619527      3.239053
      5.320000      1.746020      1.746020      3.492039
      5.340000      2.072959      2.072959      4.145917
      5.360000      2.594211      2.594211      5.188422
      5.380000      3.298791      3.298791      6.597582
      5.400000      4.178685      4.178685      8.357369
      5.420000      5.227288      5.227288     10.454576
      5.440000      6.427286      6.427286     12.854572
      5.460000      7.733883      7.733883     15.467766
      5.480000      9.063584      9.063584     18.127169
      5.500000     10.296756     10.296756     20.593513
      5.520000     11.295155     11.295155     22.590311
      5.540000     11.928558     11.928558     23.857115
      5.560000     12.102226     12.102226     24.204452
      5.580000     11.779254     11.779254     23.558509
      5.600000     10.994784     10.994784     21.989569
      5.620000      9.859440      9.859440     19.718880
      5.640000      8.548056      8.548056     17.096112
      5.660000      7.270745      7.270745     14.541490
      5.680000      6.228664      6.228664     12.457328
      5.700000      5.564529      5.564529     11.129058
      5.720000      5.323619      5.323619     10.647238
      5.740000      5.441080      5.441080     10.882160
      5.760000      5.764477      5.764477     11.528953
      5.780000      6.107867      6.107867     12.215735
      5.800000      6.319285      6.319285     12.638571
      5.820000      6.334311      6.334311     12.668622
      5.840000      6.191277      6.191277     12.382553
      5.860000      6.000052      6.000052     12.000104
      5.880000      5.879256      5.879256     11.758512
      5.900000      5.893581      5.893581     11.787161
      5.920000      6.023423      6.023423     12.046846
      5.940000      6.182267      6.182267     12.364534
      5.960000      6.272109      6.272109     12.544218
      5.980000      6.247214      6.247214     12.494427
      6.000000      6.151899      6.151899     12.303797
      6.020000      6.111096      6.111096     12.222192
      6.040000      6.276132      6.276132     12.552264
      6.060000      6.750685      6.750685     13.501371
      6.080000      7.532155      7.532155     15.064309
      6.100000      8.496933      8.496933     16.993866
      6.120000      9.437858      9.437858     18.875716
      6.140000     10.138220     10.138220     20.276440
      6.160000     10.450604     10.450604     20.901209
      6.180000     10.347717     10.347717     20.695435
      6.200000      9.925696      9.925696     19.851391
      6.220000      9.360934      9.360934     18.721867
      6.240000      8.839710      8.839710     17.679421
      6.260000      8.489131      8.489131     16.978261
      6.280000      8.335943      8.335943     16.671885
      6.300000      8.308134      8.308134     16.616267
      6.320000      8.276819      8.276819     16.553639
      6.340000      8.119252      8.119252     16.238505
      6.360000      7.775252      7.775252     15.550504
      6.380000      7.273711      7.273711     14.547422
      6.400000      6.720916      6.720916     13.441833
      6.420000      6.259753      6.259753     12.519506
      6.440000      6.019035      6.019035     12.038070
      6.460000      6.071702      6.071702     12.143405
      6.480000      6.412879      6.412879     12.825758
      6.500000      6.960408      6.960408     13.920815
      6.520000      7.575539      7.575539     15.151078
      6.540000      8.099322      8.099322     16.198644
      6.560000      8.398049      8.398049     16.796098
      6.580000      8.407169      8.407169     16.814337
      6.600000      8.159385      8.159385     16.318771
      6.620000      7.783212      7.783212     15.566424
      6.640000      7.466119      7.466119     14.932237
      6.660000      7.390253      7.390253     14.780506
      6.680000      7.662486      7.662486     15.324972
      6.700000      8.266455      8.266455     16.532911
      6.720000      9.057677      9.057677     18.115354
      6.740000      9.805547      9.805547     19.611095
      6.760000     10.266307     10.266307     20.532614
      6.780000     10.258539     10.258539     20.517078
      6.800000      9.713613      9.713613     19.427225
      6.820000      8.686220      8.686220     17.372440
      6.840000      7.327587      7.327587     14.655173
      6.860000      5.837353      5.837353     11.674706
      6.880000      4.414474      4.414474      8.828948
      6.900000      3.222958      3.222958      6.445915
      6.920000      2.378661      2.378661      4.757322
      6.940000      1.953388      1.953388      3.906775
      6.960000      1.985888      1.985888      3.971776
      6.980000      2.488150      2.488150      4.976300
      7.000000      3.440055      3.440055      6.880110
      7.020000      4.774300      4.774300      9.548600
      7.040000      6.362441      6.362441     12.724882
      7.060000      8.016780      8.016780     16.033560
      7.080000      9.517892      9.517892     19.035784
      7.100000     10.664652     10.664652     21.329303
      7.120000     11.328938     11.328938     22.657877
      7.140000     11.490024     11.490024     22.980048
      7.160000     11.230304     11.230304     22.460607
      7.180000     10.692916     10.692916     21.385832
      7.200000     10.022482     10.022482     20.044963
      7.220000      9.319497      9.319497     18.638993
      7.240000      8.629859      8.629859     17.259719
      7.260000      7.968628      7.968628     15.937256
      7.280000      7.355925      7.355925     14.711850
      7.300000      6.837049      6.837049     13.674097
      7.320000      6.471942      6.471942     12.943883
      7.340000      6.301764      6.301764     12.603529
      7.360000      6.316723      6.316723     12.633447
      7.380000      6.448798      6.448798     12.897596
      7.400000      6.596749      6.596749     13.193498
      7.420000      6.670259      6.670259     13.340518
      7.440000      6.628547      6.628547     13.257094
      7.460000      6.492792      6.492792     12.985584
      7.480000      6.327605      6.327605     12.655210
      7.500000      6.204220      6.204220     12.408441
      7.520000      6.167021      6.167021     12.334043
      7.540000      6.221245      6.221245     12.442490
      7.560000      6.346529      6.346529     12.693058
      7.580000      6.526174      6.526174     13.052349
      7.600000      6.773575      6.773575     13.547151
      7.620000      7.139252      7.139252     14.278504
      7.640000      7.692669      7.692669     15.385337
      7.660000      8.486365      8.486365     16.972730
      7.680000      9.518785      9.518785     19.037570
      7.700000     10.712573     10.712573     21.425146
      7.720000     11.917931     11.917931     23.835862
      7.740000     12.940493     12.940493     25.880986
      7.760000     13.584855     13.584855     27.169710
      7.780000     13.700996     13.700996     27.401991
      7.800000     13.221364     13.221364     26.442728
      7.820000     12.180087     12.180087     24.360175
      7.840000     10.710952     10.710952     21.421905
      7.860000      9.026083      9.026083     18.052167
      7.880000      7.381097      7.381097     14.762194
      7.900000      6.033939      6.033939     12.067878
      7.920000      5.203621      5.203621     10.407242
      7.940000      5.033219      5.033219     10.066438
      7.960000      5.561123      5.561123     11.122246
      7.980000      6.706716      6.706716     13.413431
      8.000000      8.279128      8.279128     16.558256
      8.020000     10.015580     10.015580     20.031159
      8.040000     11.645668     11.645668     23.291336
      8.060000     12.962970     12.962970     25.925940
      8.080000     13.875363     13.875363     27.750727
      8.100000     14.410563     14.410563     28.821125
      8.120000     14.674298     14.674298     29.348597
      8.140000     14.783866     14.783866     29.567732
      8.160000     14.812715     14.812715     29.625429
      8.180000     14.773183     14.773183     29.546366
      8.200000     14.640183     14.640183     29.280367
      8.220000     14.395117     14.395117     28.790234
      8.240000     14.061064     14.061064     28.122129
      8.260000     13.709729     13.709729     27.419457
      8.280000     13.438232     13.438232     26.876465
      8.300000     13.328020     13.328020     26.656040
      8.320000     13.403516     13.403516     26.807032
      8.340000     13.607152     13.607152     27.214304
      8.360000     13.803045     13.803045     27.606090
      8.380000     13.813861     13.813861     27.627722
      8.400000     13.482734     13.482734     26.965469
      8.420000     12.738039     12.738039     25.476079
      8.440000     11.632224     11.632224     23.264448
      8.460000     10.334352     10.334352     20.668704
      8.480000      9.077322      9.077322     18.154644
      8.500000      8.082951      8.082951     16.165902
      8.520000      7.497700      7.497700     14.995399
      8.540000      7.363681      7.363681     14.727363
      8.560000      7.629871      7.629871     15.259741
      8.580000      8.189373      8.189373     16.378747
      8.600000      8.920409      8.920409     17.840819
      8.620000      9.713666      9.713666     19.427332
      8.640000     10.481397     10.481397     20.962793
      8.660000     11.154968     11.154968     22.309936
      8.680000     11.680952     11.680952     23.361904
      8.700000     12.021308     12.021308     24.042615
      8.720000     12.156115     12.156115     24.312230
      8.740000     12.083837     12.083837     24.167673
      8.760000     11.816209     11.816209     23.632418
      8.780000     11.369946     11.369946     22.739892
      8.800000     10.761056     10.761056     21.522112
      8.820000     10.006816     10.006816     20.013632
      8.840000      9.135467      9.135467     18.270934
      8.860000      8.197398      8.197398     16.394795
      8.880000      7.268222      7.268222     14.536444
      8.900000      6.437062      6.437062     12.874123
      8.920000      5.781874      5.781874     11.563748
      8.940000      5.342845      5.342845     10.685689
      8.960000      5.108051      5.108051     10.216102
      8.980000      5.019923      5.019923     10.039846
      9.000000      4.999818      4.999818      9.999635
      9.020000      4.978613      4.978613      9.957225
      9.040000      4.919384      4.919384      9.838769
      9.060000      4.824015      4.824015      9.648031
      9.080000      4.724247      4.724247      9.448495
      9.100000      4.663703      4.663703      9.327405
      9.120000      4.678526      4.678526      9.357053
      9.140000      4.782143      4.782143      9.564286
      9.160000      4.957101      4.957101      9.914202
      9.180000      5.155669      5.155669     10.311338
      9.200000      5.310050      5.310050     10.620099
      9.220000      5.351336      5.351336     10.702672
      9.240000      5.233421      5.233421     10.466842
      9.260000      4.955291      4.955291      9.910583
      9.280000      4.574383      4.574383      9.148766
      9.300000      4.205593      4.205593      8.411186
      9.320000      4.004116      4.004116      8.008231
      9.340000      4.133992      4.133992      8.267985
      9.360000      4.727459      4.727459      9.454919
      9.380000      5.843467      5.843467     11.686935
      9.400000      7.437273      7.437273     14.874546
      9.420000      9.354734      9.354734     18.709468
      9.440000     11.360909     11.360909     22.721819
      9.460000     13.200431     13.200431     26.400862
      9.480000     14.670318     14.670318     29.340636
      9.500000     15.674453     15.674453     31.348905
      9.520000     16.233141     16.233141     32.466282
      9.540000     16.442786     16.442786     32.885572
      9.560000     16.408438     16.408438     32.816876
      9.580000     16.187712     16.187712     32.375424
      9.600000     15.776765     15.776765     31.553531
      9.620000     15.142439     15.142439     30.284878
      9.640000     14.277261     14.277261     28.554521
      9.660000     13.243131     13.243131     26.486262
      9.680000     12.179480     12.179480     24.358960
      9.700000     11.272591     11.272591     22.545181
      9.720000     10.700651     10.700651     21.401302
      9.740000     10.576311     10.576311     21.152621
      9.760000     10.906424     10.906424     21.812849
      9.780000     11.581998     11.581998     23.163996
      9.800000     12.402709     12.402709     24.805418
      9.820000     13.130066     13.130066     26.260132
      9.840000     13.552871     13.552871     27.105742
      9.860000     13.542695     13.542695     27.085390
      9.880000     13.080334     13.080334     26.160668
      9.900000     12.246529     12.246529     24.493058
      9.920000     11.185654     11.185654     22.371307
      9.940000     10.060794     10.060794     20.121588
      9.960000      9.017721      9.017721     18.035442
      9.980000      8.165645      8.165645     16.331290
     10.000000      7.571727      7.571727     15.143454
