# EIG2DOS: Utility for SIESTA to obtain the electronic density of states
#  E. Artacho, Apr 1999, A. Garcia, Apr 2012
# ------------------------------------------
# Eigenvalues read from GRP_doping.EIG
# Using smearing parameter:   0.100
# Using   1001 points in energy range
# Selected bands: 1 to: 936
# Emin, emax in file for selected band(s):    -36.9479700    257.5534000
# Nbands, Nspin, Nk   =    936     1   231
# E_F                 =    -3.9935 eV --> (shifted to ZERO)
# Broadening          =     0.1000 eV
#
#        E            N(up)  (=)   N(down)         Ntot
    -10.000000      5.829245      5.829245     11.658490
     -9.980000      5.326404      5.326404     10.652808
     -9.960000      4.657949      4.657949      9.315899
     -9.940000      3.951161      3.951161      7.902322
     -9.920000      3.360025      3.360025      6.720049
     -9.900000      3.014862      3.014862      6.029723
     -9.880000      2.983623      2.983623      5.967246
     -9.860000      3.255136      3.255136      6.510272
     -9.840000      3.745868      3.745868      7.491736
     -9.820000      4.325838      4.325838      8.651676
     -9.800000      4.856108      4.856108      9.712216
     -9.780000      5.228357      5.228357     10.456713
     -9.760000      5.396002      5.396002     10.792004
     -9.740000      5.386958      5.386958     10.773916
     -9.720000      5.291768      5.291768     10.583537
     -9.700000      5.227897      5.227897     10.455794
     -9.680000      5.290321      5.290321     10.580642
     -9.660000      5.506906      5.506906     11.013811
     -9.640000      5.819333      5.819333     11.638667
     -9.620000      6.102593      6.102593     12.205187
     -9.600000      6.218995      6.218995     12.437991
     -9.580000      6.084213      6.084213     12.168425
     -9.560000      5.714001      5.714001     11.428002
     -9.540000      5.227745      5.227745     10.455490
     -9.520000      4.805729      4.805729      9.611458
     -9.500000      4.619617      4.619617      9.239233
     -9.480000      4.768102      4.768102      9.536204
     -9.460000      5.246708      5.246708     10.493416
     -9.440000      5.964542      5.964542     11.929083
     -9.420000      6.798881      6.798881     13.597761
     -9.400000      7.659690      7.659690     15.319379
     -9.380000      8.529419      8.529419     17.058838
     -9.360000      9.454208      9.454208     18.908415
     -9.340000     10.488363     10.488363     20.976725
     -9.320000     11.622228     11.622228     23.244456
     -9.300000     12.737027     12.737027     25.474055
     -9.280000     13.618472     13.618472     27.236944
     -9.260000     14.028766     14.028766     28.057533
     -9.240000     13.803073     13.803073     27.606147
     -9.220000     12.922189     12.922189     25.844378
     -9.200000     11.526579     11.526579     23.053159
     -9.180000      9.868638      9.868638     19.737277
     -9.160000      8.230102      8.230102     16.460204
     -9.140000      6.843397      6.843397     13.686793
     -9.120000      5.846102      5.846102     11.692205
     -9.100000      5.276497      5.276497     10.552994
     -9.080000      5.099189      5.099189     10.198379
     -9.060000      5.241736      5.241736     10.483472
     -9.040000      5.625802      5.625802     11.251605
     -9.020000      6.184125      6.184125     12.368250
     -9.000000      6.861669      6.861669     13.723339
     -8.980000      7.604153      7.604153     15.208306
     -8.960000      8.340811      8.340811     16.681622
     -8.940000      8.971795      8.971795     17.943590
     -8.920000      9.371645      9.371645     18.743289
     -8.900000      9.414960      9.414960     18.829920
     -8.880000      9.018473      9.018473     18.036947
     -8.860000      8.181423      8.181423     16.362846
     -8.840000      7.002887      7.002887     14.005773
     -8.820000      5.664823      5.664823     11.329645
     -8.800000      4.387083      4.387083      8.774166
     -8.780000      3.373589      3.373589      6.747177
     -8.760000      2.768966      2.768966      5.537932
     -8.740000      2.634549      2.634549      5.269098
     -8.720000      2.941795      2.941795      5.883590
     -8.700000      3.578175      3.578175      7.156349
     -8.680000      4.365034      4.365034      8.730068
     -8.660000      5.090904      5.090904     10.181808
     -8.640000      5.560071      5.560071     11.120142
     -8.620000      5.645766      5.645766     11.291532
     -8.600000      5.328790      5.328790     10.657580
     -8.580000      4.704495      4.704495      9.408990
     -8.560000      3.954337      3.954337      7.908673
     -8.540000      3.293912      3.293912      6.587824
     -8.520000      2.916967      2.916967      5.833934
     -8.500000      2.950980      2.950980      5.901959
     -8.480000      3.430565      3.430565      6.861131
     -8.460000      4.289073      4.289073      8.578146
     -8.440000      5.369358      5.369358     10.738717
     -8.420000      6.456849      6.456849     12.913698
     -8.400000      7.334072      7.334072     14.668144
     -8.380000      7.844563      7.844563     15.689127
     -8.360000      7.942982      7.942982     15.885963
     -8.340000      7.707954      7.707954     15.415907
     -8.320000      7.308560      7.308560     14.617120
     -8.300000      6.937377      6.937377     13.874754
     -8.280000      6.739357      6.739357     13.478713
     -8.260000      6.766945      6.766945     13.533891
     -8.240000      6.977966      6.977966     13.955931
     -8.220000      7.272542      7.272542     14.545084
     -8.200000      7.549227      7.549227     15.098455
     -8.180000      7.754935      7.754935     15.509869
     -8.160000      7.908902      7.908902     15.817803
     -8.140000      8.093600      8.093600     16.187199
     -8.120000      8.419078      8.419078     16.838156
     -8.100000      8.976189      8.976189     17.952378
     -8.080000      9.795868      9.795868     19.591737
     -8.060000     10.827221     10.827221     21.654443
     -8.040000     11.939985     11.939985     23.879969
     -8.020000     12.950365     12.950365     25.900730
     -8.000000     13.664335     13.664335     27.328670
     -7.980000     13.928565     13.928565     27.857129
     -7.960000     13.675626     13.675626     27.351252
     -7.940000     12.948566     12.948566     25.897133
     -7.920000     11.893517     11.893517     23.787034
     -7.900000     10.719183     10.719183     21.438367
     -7.880000      9.635582      9.635582     19.271165
     -7.860000      8.794110      8.794110     17.588220
     -7.840000      8.250893      8.250893     16.501785
     -7.820000      7.965200      7.965200     15.930400
     -7.800000      7.830165      7.830165     15.660330
     -7.780000      7.721322      7.721322     15.442645
     -7.760000      7.543711      7.543711     15.087422
     -7.740000      7.260806      7.260806     14.521611
     -7.720000      6.896595      6.896595     13.793190
     -7.700000      6.513141      6.513141     13.026282
     -7.680000      6.176157      6.176157     12.352314
     -7.660000      5.925954      5.925954     11.851909
     -7.640000      5.767452      5.767452     11.534903
     -7.620000      5.682205      5.682205     11.364409
     -7.600000      5.653595      5.653595     11.307189
     -7.580000      5.689954      5.689954     11.379907
     -7.560000      5.832467      5.832467     11.664933
     -7.540000      6.142943      6.142943     12.285887
     -7.520000      6.676298      6.676298     13.352595
     -7.500000      7.449679      7.449679     14.899358
     -7.480000      8.422281      8.422281     16.844562
     -7.460000      9.495884      9.495884     18.991767
     -7.440000     10.536993     10.536993     21.073986
     -7.420000     11.410955     11.410955     22.821910
     -7.400000     12.012800     12.012800     24.025600
     -7.380000     12.282956     12.282956     24.565911
     -7.360000     12.206068     12.206068     24.412137
     -7.340000     11.800545     11.800545     23.601090
     -7.320000     11.108570     11.108570     22.217140
     -7.300000     10.191181     10.191181     20.382362
     -7.280000      9.126041      9.126041     18.252082
     -7.260000      8.002452      8.002452     16.004903
     -7.240000      6.910315      6.910315     13.820631
     -7.220000      5.924688      5.924688     11.849377
     -7.200000      5.091615      5.091615     10.183231
     -7.180000      4.421711      4.421711      8.843423
     -7.160000      3.894889      3.894889      7.789777
     -7.140000      3.474323      3.474323      6.948645
     -7.120000      3.123241      3.123241      6.246482
     -7.100000      2.817241      2.817241      5.634482
     -7.080000      2.548044      2.548044      5.096088
     -7.060000      2.319520      2.319520      4.639041
     -7.040000      2.140223      2.140223      4.280446
     -7.020000      2.016827      2.016827      4.033654
     -7.000000      1.950651      1.950651      3.901301
     -6.980000      1.936919      1.936919      3.873839
     -6.960000      1.965346      1.965346      3.930693
     -6.940000      2.021210      2.021210      4.042421
     -6.920000      2.087462      2.087462      4.174923
     -6.900000      2.149184      2.149184      4.298368
     -6.880000      2.200954      2.200954      4.401907
     -6.860000      2.255262      2.255262      4.510524
     -6.840000      2.347368      2.347368      4.694736
     -6.820000      2.530863      2.530863      5.061726
     -6.800000      2.860889      2.860889      5.721778
     -6.780000      3.368531      3.368531      6.737061
     -6.760000      4.037573      4.037573      8.075146
     -6.740000      4.798547      4.798547      9.597094
     -6.720000      5.550188      5.550188     11.100375
     -6.700000      6.205004      6.205004     12.410008
     -6.680000      6.739797      6.739797     13.479594
     -6.660000      7.223537      7.223537     14.447073
     -6.640000      7.801479      7.801479     15.602957
     -6.620000      8.634667      8.634667     17.269333
     -6.600000      9.817826      9.817826     19.635652
     -6.580000     11.312502     11.312502     22.625005
     -6.560000     12.927892     12.927892     25.855784
     -6.540000     14.361319     14.361319     28.722637
     -6.520000     15.284563     15.284563     30.569125
     -6.500000     15.443779     15.443779     30.887558
     -6.480000     14.736893     14.736893     29.473787
     -6.460000     13.242902     13.242902     26.485804
     -6.440000     11.196517     11.196517     22.393035
     -6.420000      8.921214      8.921214     17.842428
     -6.400000      6.746700      6.746700     13.493400
     -6.380000      4.938866      4.938866      9.877732
     -6.360000      3.661354      3.661354      7.322709
     -6.340000      2.972847      2.972847      5.945693
     -6.320000      2.850296      2.850296      5.700592
     -6.300000      3.221250      3.221250      6.442499
     -6.280000      3.989591      3.989591      7.979183
     -6.260000      5.046172      5.046172     10.092344
     -6.240000      6.265343      6.265343     12.530685
     -6.220000      7.496926      7.496926     14.993851
     -6.200000      8.567168      8.567168     17.134336
     -6.180000      9.298749      9.298749     18.597499
     -6.160000      9.549037      9.549037     19.098073
     -6.140000      9.252785      9.252785     18.505571
     -6.120000      8.448842      8.448842     16.897684
     -6.100000      7.275634      7.275634     14.551268
     -6.080000      5.934862      5.934862     11.869724
     -6.060000      4.637701      4.637701      9.275402
     -6.040000      3.554138      3.554138      7.108276
     -6.020000      2.781600      2.781600      5.563200
     -6.000000      2.338519      2.338519      4.677037
     -5.980000      2.178771      2.178771      4.357543
     -5.960000      2.218000      2.218000      4.435999
     -5.940000      2.362401      2.362401      4.724802
     -5.920000      2.532646      2.532646      5.065291
     -5.900000      2.678380      2.678380      5.356760
     -5.880000      2.781839      2.781839      5.563679
     -5.860000      2.852106      2.852106      5.704212
     -5.840000      2.913816      2.913816      5.827632
     -5.820000      2.994941      2.994941      5.989882
     -5.800000      3.117424      3.117424      6.234848
     -5.780000      3.292595      3.292595      6.585190
     -5.760000      3.521275      3.521275      7.042550
     -5.740000      3.796918      3.796918      7.593836
     -5.720000      4.109473      4.109473      8.218946
     -5.700000      4.447992      4.447992      8.895984
     -5.680000      4.801358      4.801358      9.602715
     -5.660000      5.158053      5.158053     10.316107
     -5.640000      5.506513      5.506513     11.013026
     -5.620000      5.836644      5.836644     11.673288
     -5.600000      6.141374      6.141374     12.282748
     -5.580000      6.416168      6.416168     12.832337
     -5.560000      6.655488      6.655488     13.310976
     -5.540000      6.847479      6.847479     13.694957
     -5.520000      6.970036      6.970036     13.940072
     -5.500000      6.991485      6.991485     13.982970
     -5.480000      6.877536      6.877536     13.755073
     -5.460000      6.603933      6.603933     13.207866
     -5.440000      6.172049      6.172049     12.344098
     -5.420000      5.622849      5.622849     11.245698
     -5.400000      5.043383      5.043383     10.086765
     -5.380000      4.560181      4.560181      9.120361
     -5.360000      4.316600      4.316600      8.633199
     -5.340000      4.436408      4.436408      8.872816
     -5.320000      4.982311      4.982311      9.964623
     -5.300000      5.923039      5.923039     11.846079
     -5.280000      7.123144      7.123144     14.246288
     -5.260000      8.364096      8.364096     16.728192
     -5.240000      9.394443      9.394443     18.788885
     -5.220000      9.994852      9.994852     19.989704
     -5.200000     10.036798     10.036798     20.073597
     -5.180000      9.515741      9.515741     19.031483
     -5.160000      8.550231      8.550231     17.100463
     -5.140000      7.351535      7.351535     14.703070
     -5.120000      6.176962      6.176962     12.353924
     -5.100000      5.280613      5.280613     10.561225
     -5.080000      4.869970      4.869970      9.739940
     -5.060000      5.071257      5.071257     10.142514
     -5.040000      5.905126      5.905126     11.810251
     -5.020000      7.276844      7.276844     14.553687
     -5.000000      8.987250      8.987250     17.974501
     -4.980000     10.767785     10.767785     21.535570
     -4.960000     12.334424     12.334424     24.668848
     -4.940000     13.446480     13.446480     26.892961
     -4.920000     13.953519     13.953519     27.907039
     -4.900000     13.819180     13.819180     27.638360
     -4.880000     13.120025     13.120025     26.240050
     -4.860000     12.023758     12.023758     24.047516
     -4.840000     10.751819     10.751819     21.503638
     -4.820000      9.530430      9.530430     19.060860
     -4.800000      8.537096      8.537096     17.074191
     -4.780000      7.856623      7.856623     15.713247
     -4.760000      7.465135      7.465135     14.930269
     -4.740000      7.254304      7.254304     14.508608
     -4.720000      7.090269      7.090269     14.180537
     -4.700000      6.881439      6.881439     13.762877
     -4.680000      6.620882      6.620882     13.241763
     -4.660000      6.380329      6.380329     12.760658
     -4.640000      6.259409      6.259409     12.518817
     -4.620000      6.319604      6.319604     12.639208
     -4.600000      6.541236      6.541236     13.082471
     -4.580000      6.827697      6.827697     13.655393
     -4.560000      7.053310      7.053310     14.106621
     -4.540000      7.126975      7.126975     14.253951
     -4.520000      7.037635      7.037635     14.075271
     -4.500000      6.861161      6.861161     13.722322
     -4.480000      6.730544      6.730544     13.461089
     -4.460000      6.787627      6.787627     13.575255
     -4.440000      7.137420      7.137420     14.274839
     -4.420000      7.818862      7.818862     15.637724
     -4.400000      8.797056      8.797056     17.594112
     -4.380000      9.976289      9.976289     19.952579
     -4.360000     11.228939     11.228939     22.457878
     -4.340000     12.429962     12.429962     24.859924
     -4.320000     13.482662     13.482662     26.965324
     -4.300000     14.324788     14.324788     28.649575
     -4.280000     14.916406     14.916406     29.832811
     -4.260000     15.224586     15.224586     30.449172
     -4.240000     15.222612     15.222612     30.445224
     -4.220000     14.908743     14.908743     29.817487
     -4.200000     14.330641     14.330641     28.661283
     -4.180000     13.592475     13.592475     27.184950
     -4.160000     12.830952     12.830952     25.661905
     -4.140000     12.167428     12.167428     24.334857
     -4.120000     11.659828     11.659828     23.319656
     -4.100000     11.279064     11.279064     22.558128
     -4.080000     10.921199     10.921199     21.842398
     -4.060000     10.449336     10.449336     20.898672
     -4.040000      9.747789      9.747789     19.495579
     -4.020000      8.768597      8.768597     17.537194
     -4.000000      7.554878      7.554878     15.109757
     -3.980000      6.234127      6.234127     12.468254
     -3.960000      4.984812      4.984812      9.969624
     -3.940000      3.988397      3.988397      7.976794
     -3.920000      3.382533      3.382533      6.765066
     -3.900000      3.228390      3.228390      6.456779
     -3.880000      3.498667      3.498667      6.997333
     -3.860000      4.086877      4.086877      8.173754
     -3.840000      4.834860      4.834860      9.669719
     -3.820000      5.572669      5.572669     11.145338
     -3.800000      6.161320      6.161320     12.322640
     -3.780000      6.525828      6.525828     13.051655
     -3.760000      6.667300      6.667300     13.334600
     -3.740000      6.650257      6.650257     13.300514
     -3.720000      6.571713      6.571713     13.143426
     -3.700000      6.525555      6.525555     13.051109
     -3.680000      6.575220      6.575220     13.150441
     -3.660000      6.741095      6.741095     13.482189
     -3.640000      7.001696      7.001696     14.003392
     -3.620000      7.304164      7.304164     14.608328
     -3.600000      7.579855      7.579855     15.159709
     -3.580000      7.762111      7.762111     15.524223
     -3.560000      7.803065      7.803065     15.606131
     -3.540000      7.685162      7.685162     15.370323
     -3.520000      7.423436      7.423436     14.846872
     -3.500000      7.057709      7.057709     14.115417
     -3.480000      6.638442      6.638442     13.276883
     -3.460000      6.212812      6.212812     12.425623
     -3.440000      5.816352      5.816352     11.632705
     -3.420000      5.471080      5.471080     10.942161
     -3.400000      5.186672      5.186672     10.373344
     -3.380000      4.960411      4.960411      9.920821
     -3.360000      4.774849      4.774849      9.549697
     -3.340000      4.596681      4.596681      9.193361
     -3.320000      4.382009      4.382009      8.764017
     -3.300000      4.090004      4.090004      8.180008
     -3.280000      3.700800      3.700800      7.401600
     -3.260000      3.228891      3.228891      6.457781
     -3.240000      2.724049      2.724049      5.448099
     -3.220000      2.257704      2.257704      4.515409
     -3.200000      1.900075      1.900075      3.800151
     -3.180000      1.697691      1.697691      3.395382
     -3.160000      1.660125      1.660125      3.320251
     -3.140000      1.760116      1.760116      3.520233
     -3.120000      1.945553      1.945553      3.891107
     -3.100000      2.157722      2.157722      4.315443
     -3.080000      2.348816      2.348816      4.697632
     -3.060000      2.493014      2.493014      4.986029
     -3.040000      2.588496      2.588496      5.176993
     -3.020000      2.651313      2.651313      5.302625
     -3.000000      2.704519      2.704519      5.409039
     -2.980000      2.766753      2.766753      5.533506
     -2.960000      2.843642      2.843642      5.687284
     -2.940000      2.924165      2.924165      5.848330
     -2.920000      2.982974      2.982974      5.965948
     -2.900000      2.988718      2.988718      5.977436
     -2.880000      2.916984      2.916984      5.833968
     -2.860000      2.764495      2.764495      5.528990
     -2.840000      2.559457      2.559457      5.118913
     -2.820000      2.362787      2.362787      4.725574
     -2.800000      2.257077      2.257077      4.514154
     -2.780000      2.324156      2.324156      4.648312
     -2.760000      2.616730      2.616730      5.233461
     -2.740000      3.133222      3.133222      6.266444
     -2.720000      3.806145      3.806145      7.612291
     -2.700000      4.511892      4.511892      9.023784
     -2.680000      5.103163      5.103163     10.206326
     -2.660000      5.456108      5.456108     10.912216
     -2.640000      5.516406      5.516406     11.032812
     -2.620000      5.326506      5.326506     10.653012
     -2.600000      5.021843      5.021843     10.043687
     -2.580000      4.794853      4.794853      9.589706
     -2.560000      4.837008      4.837008      9.674015
     -2.540000      5.276552      5.276552     10.553105
     -2.520000      6.131317      6.131317     12.262633
     -2.500000      7.292196      7.292196     14.584391
     -2.480000      8.544527      8.544527     17.089053
     -2.460000      9.623147      9.623147     19.246293
     -2.440000     10.285437     10.285437     20.570873
     -2.420000     10.379634     10.379634     20.759268
     -2.400000      9.886703      9.886703     19.773406
     -2.380000      8.923213      8.923213     17.846425
     -2.360000      7.706077      7.706077     15.412154
     -2.340000      6.492175      6.492175     12.984351
     -2.320000      5.512407      5.512407     11.024813
     -2.300000      4.919167      4.919167      9.838333
     -2.280000      4.759892      4.759892      9.519784
     -2.260000      4.980154      4.980154      9.960309
     -2.240000      5.451202      5.451202     10.902403
     -2.220000      6.011172      6.011172     12.022343
     -2.200000      6.507402      6.507402     13.014803
     -2.180000      6.828979      6.828979     13.657958
     -2.160000      6.923005      6.923005     13.846010
     -2.140000      6.793543      6.793543     13.587086
     -2.120000      6.487089      6.487089     12.974178
     -2.100000      6.071078      6.071078     12.142156
     -2.080000      5.612074      5.612074     11.224148
     -2.060000      5.158906      5.158906     10.317811
     -2.040000      4.734520      4.734520      9.469040
     -2.020000      4.338829      4.338829      8.677658
     -2.000000      3.962247      3.962247      7.924495
     -1.980000      3.605481      3.605481      7.210961
     -1.960000      3.296940      3.296940      6.593879
     -1.940000      3.098130      3.098130      6.196260
     -1.920000      3.091520      3.091520      6.183041
     -1.900000      3.353627      3.353627      6.707253
     -1.880000      3.924265      3.924265      7.848530
     -1.860000      4.786440      4.786440      9.572881
     -1.840000      5.867454      5.867454     11.734907
     -1.820000      7.061629      7.061629     14.123258
     -1.800000      8.263531      8.263531     16.527063
     -1.780000      9.394527      9.394527     18.789054
     -1.760000     10.409763     10.409763     20.819527
     -1.740000     11.285378     11.285378     22.570755
     -1.720000     11.998556     11.998556     23.997111
     -1.700000     12.516478     12.516478     25.032957
     -1.680000     12.801600     12.801600     25.603201
     -1.660000     12.827220     12.827220     25.654440
     -1.640000     12.590097     12.590097     25.180193
     -1.620000     12.111329     12.111329     24.222658
     -1.600000     11.427902     11.427902     22.855803
     -1.580000     10.584856     10.584856     21.169711
     -1.560000      9.635636      9.635636     19.271272
     -1.540000      8.648669      8.648669     17.297338
     -1.520000      7.710493      7.710493     15.420986
     -1.500000      6.916399      6.916399     13.832797
     -1.480000      6.347975      6.347975     12.695950
     -1.460000      6.046554      6.046554     12.093107
     -1.440000      5.995477      5.995477     11.990954
     -1.420000      6.120323      6.120323     12.240646
     -1.400000      6.307942      6.307942     12.615884
     -1.380000      6.437763      6.437763     12.875527
     -1.360000      6.415687      6.415687     12.831373
     -1.340000      6.201834      6.201834     12.403669
     -1.320000      5.826272      5.826272     11.652544
     -1.300000      5.389451      5.389451     10.778901
     -1.280000      5.046116      5.046116     10.092232
     -1.260000      4.973358      4.973358      9.946716
     -1.240000      5.326280      5.326280     10.652560
     -1.220000      6.189114      6.189114     12.378227
     -1.200000      7.535007      7.535007     15.070014
     -1.180000      9.211340      9.211340     18.422680
     -1.160000     10.964288     10.964288     21.928575
     -1.140000     12.503050     12.503050     25.006101
     -1.120000     13.584342     13.584342     27.168684
     -1.100000     14.083004     14.083004     28.166008
     -1.080000     14.017653     14.017653     28.035305
     -1.060000     13.522902     13.522902     27.045805
     -1.040000     12.788351     12.788351     25.576702
     -1.020000     11.999013     11.999013     23.998027
     -1.000000     11.302248     11.302248     22.604496
     -0.980000     10.801738     10.801738     21.603476
     -0.960000     10.560388     10.560388     21.120775
     -0.940000     10.594946     10.594946     21.189892
     -0.920000     10.861662     10.861662     21.723324
     -0.900000     11.247894     11.247894     22.495788
     -0.880000     11.585994     11.585994     23.171988
     -0.860000     11.693112     11.693112     23.386224
     -0.840000     11.424427     11.424427     22.848853
     -0.820000     10.718801     10.718801     21.437603
     -0.800000      9.618866      9.618866     19.237731
     -0.780000      8.258916      8.258916     16.517833
     -0.760000      6.827489      6.827489     13.654979
     -0.740000      5.520682      5.520682     11.041363
     -0.720000      4.503329      4.503329      9.006658
     -0.700000      3.887919      3.887919      7.775838
     -0.680000      3.730270      3.730270      7.460540
     -0.660000      4.033445      4.033445      8.066890
     -0.640000      4.751488      4.751488      9.502977
     -0.620000      5.790947      5.790947     11.581893
     -0.600000      7.014924      7.014924     14.029847
     -0.580000      8.256120      8.256120     16.512240
     -0.560000      9.341107      9.341107     18.682214
     -0.540000     10.121646     10.121646     20.243293
     -0.520000     10.504694     10.504694     21.009388
     -0.500000     10.472546     10.472546     20.945092
     -0.480000     10.087109     10.087109     20.174218
     -0.460000      9.475616      9.475616     18.951233
     -0.440000      8.799027      8.799027     17.598053
     -0.420000      8.209556      8.209556     16.419112
     -0.400000      7.809598      7.809598     15.619196
     -0.380000      7.627260      7.627260     15.254521
     -0.360000      7.619966      7.619966     15.239932
     -0.340000      7.706320      7.706320     15.412641
     -0.320000      7.812593      7.812593     15.625187
     -0.300000      7.911736      7.911736     15.823473
     -0.280000      8.035865      8.035865     16.071731
     -0.260000      8.256854      8.256854     16.513707
     -0.240000      8.646387      8.646387     17.292773
     -0.220000      9.236874      9.236874     18.473748
     -0.200000     10.002633     10.002633     20.005266
     -0.180000     10.869076     10.869076     21.738152
     -0.160000     11.743839     11.743839     23.487679
     -0.140000     12.555041     12.555041     25.110083
     -0.120000     13.280345     13.280345     26.560690
     -0.100000     13.954168     13.954168     27.908336
     -0.080000     14.646793     14.646793     29.293587
     -0.060000     15.418397     15.418397     30.836793
     -0.040000     16.263468     16.263468     32.526936
     -0.020000     17.072403     17.072403     34.144807
      0.000000     17.637790     17.637790     35.275580
      0.020000     17.715966     17.715966     35.431931
      0.040000     17.124610     17.124610     34.249220
      0.060000     15.832155     15.832155     31.664309
      0.080000     13.993198     13.993198     27.986395
      0.100000     11.909735     11.909735     23.819471
      0.120000      9.935302      9.935302     19.870604
      0.140000      8.364873      8.364873     16.729747
      0.160000      7.354388      7.354388     14.708776
      0.180000      6.894438      6.894438     13.788875
      0.200000      6.838137      6.838137     13.676273
      0.220000      6.965923      6.965923     13.931847
      0.240000      7.063082      7.063082     14.126164
      0.260000      6.986017      6.986017     13.972035
      0.280000      6.698180      6.698180     13.396360
      0.300000      6.266150      6.266150     12.532299
      0.320000      5.820274      5.820274     11.640548
      0.340000      5.497773      5.497773     10.995545
      0.360000      5.392317      5.392317     10.784633
      0.380000      5.528778      5.528778     11.057557
      0.400000      5.868183      5.868183     11.736367
      0.420000      6.334053      6.334053     12.668106
      0.440000      6.844601      6.844601     13.689203
      0.460000      7.337282      7.337282     14.674565
      0.480000      7.779190      7.779190     15.558380
      0.500000      8.163681      8.163681     16.327361
      0.520000      8.497712      8.497712     16.995425
      0.540000      8.786180      8.786180     17.572361
      0.560000      9.020090      9.020090     18.040179
      0.580000      9.174463      9.174463     18.348926
      0.600000      9.218268      9.218268     18.436536
      0.620000      9.132490      9.132490     18.264979
      0.640000      8.926760      8.926760     17.853521
      0.660000      8.643903      8.643903     17.287806
      0.680000      8.347564      8.347564     16.695128
      0.700000      8.098061      8.098061     16.196122
      0.720000      7.929371      7.929371     15.858742
      0.740000      7.840128      7.840128     15.680256
      0.760000      7.803093      7.803093     15.606186
      0.780000      7.786192      7.786192     15.572385
      0.800000      7.771391      7.771391     15.542783
      0.820000      7.759746      7.759746     15.519493
      0.840000      7.760345      7.760345     15.520690
      0.860000      7.771455      7.771455     15.542910
      0.880000      7.767621      7.767621     15.535242
      0.900000      7.703532      7.703532     15.407064
      0.920000      7.535767      7.535767     15.071534
      0.940000      7.252220      7.252220     14.504440
      0.960000      6.892538      6.892538     13.785076
      0.980000      6.545600      6.545600     13.091199
      1.000000      6.321257      6.321257     12.642514
      1.020000      6.307571      6.307571     12.615142
      1.040000      6.533556      6.533556     13.067112
      1.060000      6.955724      6.955724     13.911448
      1.080000      7.475148      7.475148     14.950295
      1.100000      7.976665      7.976665     15.953330
      1.120000      8.371372      8.371372     16.742744
      1.140000      8.622952      8.622952     17.245903
      1.160000      8.747429      8.747429     17.494859
      1.180000      8.789373      8.789373     17.578746
      1.200000      8.788315      8.788315     17.576631
      1.220000      8.752419      8.752419     17.504838
      1.240000      8.651502      8.651502     17.303005
      1.260000      8.431833      8.431833     16.863666
      1.280000      8.045375      8.045375     16.090750
      1.300000      7.480371      7.480371     14.960741
      1.320000      6.779978      6.779978     13.559957
      1.340000      6.040659      6.040659     12.081317
      1.360000      5.390103      5.390103     10.780207
      1.380000      4.952689      4.952689      9.905377
      1.400000      4.815465      4.815465      9.630931
      1.420000      5.007116      5.007116     10.014231
      1.440000      5.495884      5.495884     10.991767
      1.460000      6.203272      6.203272     12.406543
      1.480000      7.023641      7.023641     14.047282
      1.500000      7.840233      7.840233     15.680465
      1.520000      8.535181      8.535181     17.070361
      1.540000      8.999028      8.999028     17.998056
      1.560000      9.146782      9.146782     18.293565
      1.580000      8.940427      8.940427     17.880854
      1.600000      8.407637      8.407637     16.815274
      1.620000      7.642552      7.642552     15.285105
      1.640000      6.781833      6.781833     13.563666
      1.660000      5.963541      5.963541     11.927081
      1.680000      5.287221      5.287221     10.574442
      1.700000      4.792925      4.792925      9.585851
      1.720000      4.465549      4.465549      8.931097
      1.740000      4.257151      4.257151      8.514302
      1.760000      4.112892      4.112892      8.225784
      1.780000      3.988911      3.988911      7.977822
      1.800000      3.859121      3.859121      7.718241
      1.820000      3.715441      3.715441      7.430882
      1.840000      3.567790      3.567790      7.135579
      1.860000      3.445999      3.445999      6.891998
      1.880000      3.399695      3.399695      6.799389
      1.900000      3.489187      3.489187      6.978374
      1.920000      3.763791      3.763791      7.527582
      1.940000      4.232744      4.232744      8.465487
      1.960000      4.842737      4.842737      9.685475
      1.980000      5.478060      5.478060     10.956120
      2.000000      5.990649      5.990649     11.981299
      2.020000      6.251321      6.251321     12.502641
      2.040000      6.199673      6.199673     12.399345
      2.060000      5.868493      5.868493     11.736987
      2.080000      5.371090      5.371090     10.742180
      2.100000      4.859120      4.859120      9.718239
      2.120000      4.472008      4.472008      8.944015
      2.140000      4.299432      4.299432      8.598864
      2.160000      4.367638      4.367638      8.735275
      2.180000      4.647183      4.647183      9.294366
      2.200000      5.071935      5.071935     10.143869
      2.220000      5.558955      5.558955     11.117911
      2.240000      6.023578      6.023578     12.047156
      2.260000      6.389221      6.389221     12.778442
      2.280000      6.594580      6.594580     13.189161
      2.300000      6.600809      6.600809     13.201618
      2.320000      6.398854      6.398854     12.797708
      2.340000      6.014071      6.014071     12.028142
      2.360000      5.504112      5.504112     11.008224
      2.380000      4.948444      4.948444      9.896887
      2.400000      4.432533      4.432533      8.865067
      2.420000      4.033299      4.033299      8.066598
      2.440000      3.811485      3.811485      7.622971
      2.460000      3.811297      3.811297      7.622594
      2.480000      4.061812      4.061812      8.123625
      2.500000      4.573448      4.573448      9.146897
      2.520000      5.327851      5.327851     10.655702
      2.540000      6.267548      6.267548     12.535095
      2.560000      7.295954      7.295954     14.591907
      2.580000      8.294278      8.294278     16.588556
      2.600000      9.151283      9.151283     18.302566
      2.620000      9.792188      9.792188     19.584376
      2.640000     10.192137     10.192137     20.384274
      2.660000     10.369223     10.369223     20.738445
      2.680000     10.365570     10.365570     20.731139
      2.700000     10.232214     10.232214     20.464427
      2.720000     10.028380     10.028380     20.056760
      2.740000      9.831582      9.831582     19.663164
      2.760000      9.742392      9.742392     19.484784
      2.780000      9.867265      9.867265     19.734530
      2.800000     10.276716     10.276716     20.553431
      2.820000     10.956181     10.956181     21.912362
      2.840000     11.779348     11.779348     23.558696
      2.860000     12.528399     12.528399     25.056798
      2.880000     12.963540     12.963540     25.927081
      2.900000     12.917325     12.917325     25.834650
      2.920000     12.373442     12.373442     24.746885
      2.940000     11.493889     11.493889     22.987778
      2.960000     10.579879     10.579879     21.159759
      2.980000      9.978574      9.978574     19.957148
      3.000000      9.967479      9.967479     19.934959
      3.020000     10.655286     10.655286     21.310573
      3.040000     11.932372     11.932372     23.864744
      3.060000     13.489292     13.489292     26.978583
      3.080000     14.900424     14.900424     29.800849
      3.100000     15.747345     15.747345     31.494690
      3.120000     15.740527     15.740527     31.481054
      3.140000     14.797166     14.797166     29.594332
      3.160000     13.050013     13.050013     26.100027
      3.180000     10.790135     10.790135     21.580269
      3.200000      8.371611      8.371611     16.743222
      3.220000      6.116433      6.116433     12.232866
      3.240000      4.250110      4.250110      8.500221
      3.260000      2.879769      2.879769      5.759537
      3.280000      2.007839      2.007839      4.015679
      3.300000      1.564471      1.564471      3.128943
      3.320000      1.442298      1.442298      2.884597
      3.340000      1.524212      1.524212      3.048425
      3.360000      1.702285      1.702285      3.404571
      3.380000      1.889811      1.889811      3.779622
      3.400000      2.028331      2.028331      4.056662
      3.420000      2.089823      2.089823      4.179646
      3.440000      2.073620      2.073620      4.147240
      3.460000      1.998870      1.998870      3.997739
      3.480000      1.895282      1.895282      3.790564
      3.500000      1.795744      1.795744      3.591487
      3.520000      1.733269      1.733269      3.466538
      3.540000      1.742197      1.742197      3.484394
      3.560000      1.860770      1.860770      3.721539
      3.580000      2.130565      2.130565      4.261129
      3.600000      2.588735      2.588735      5.177471
      3.620000      3.252281      3.252281      6.504562
      3.640000      4.099112      4.099112      8.198224
      3.660000      5.056083      5.056083     10.112165
      3.680000      6.005427      6.005427     12.010854
      3.700000      6.815036      6.815036     13.630071
      3.720000      7.385787      7.385787     14.771574
      3.740000      7.697054      7.697054     15.394108
      3.760000      7.827818      7.827818     15.655637
      3.780000      7.939603      7.939603     15.879207
      3.800000      8.224785      8.224785     16.449569
      3.820000      8.839854      8.839854     17.679708
      3.840000      9.849134      9.849134     19.698268
      3.860000     11.198267     11.198267     22.396533
      3.880000     12.723622     12.723622     25.447244
      3.900000     14.191205     14.191205     28.382411
      3.920000     15.351537     15.351537     30.703073
      3.940000     15.995831     15.995831     31.991661
      3.960000     16.001168     16.001168     32.002336
      3.980000     15.355759     15.355759     30.711519
      4.000000     14.159178     14.159178     28.318357
      4.020000     12.597248     12.597248     25.194495
      4.040000     10.897534     10.897534     21.795068
      4.060000      9.277642      9.277642     18.555284
      4.080000      7.901559      7.901559     15.803118
      4.100000      6.856593      6.856593     13.713186
      4.120000      6.155302      6.155302     12.310604
      4.140000      5.756810      5.756810     11.513621
      4.160000      5.594933      5.594933     11.189865
      4.180000      5.599873      5.599873     11.199747
      4.200000      5.706092      5.706092     11.412185
      4.220000      5.848080      5.848080     11.696160
      4.240000      5.953331      5.953331     11.906662
      4.260000      5.943320      5.943320     11.886641
      4.280000      5.747494      5.747494     11.494989
      4.300000      5.325543      5.325543     10.651085
      4.320000      4.685890      4.685890      9.371781
      4.340000      3.888759      3.888759      7.777519
      4.360000      3.030378      3.030378      6.060756
      4.380000      2.215578      2.215578      4.431156
      4.400000      1.532092      1.532092      3.064184
      4.420000      1.037886      1.037886      2.075771
      4.440000      0.764796      0.764796      1.529592
      4.460000      0.732952      0.732952      1.465904
      4.480000      0.965449      0.965449      1.930898
      4.500000      1.493245      1.493245      2.986491
      4.520000      2.345286      2.345286      4.690572
      4.540000      3.526362      3.526362      7.052724
      4.560000      4.992423      4.992423      9.984845
      4.580000      6.636634      6.636634     13.273268
      4.600000      8.296745      8.296745     16.593489
      4.620000      9.785301      9.785301     19.570602
      4.640000     10.933434     10.933434     21.866868
      4.660000     11.632452     11.632452     23.264905
      4.680000     11.858892     11.858892     23.717784
      4.700000     11.675835     11.675835     23.351671
      4.720000     11.211091     11.211091     22.422183
      4.740000     10.618113     10.618113     21.236227
      4.760000     10.029399     10.029399     20.058798
      4.780000      9.516111      9.516111     19.032223
      4.800000      9.069541      9.069541     18.139082
      4.820000      8.614775      8.614775     17.229550
      4.840000      8.053205      8.053205     16.106410
      4.860000      7.314937      7.314937     14.629874
      4.880000      6.395679      6.395679     12.791358
      4.900000      5.361069      5.361069     10.722138
      4.920000      4.319611      4.319611      8.639222
      4.940000      3.381365      3.381365      6.762730
      4.960000      2.623556      2.623556      5.247113
      4.980000      2.076057      2.076057      4.152114
      5.000000      1.726733      1.726733      3.453467
      5.020000      1.537570      1.537570      3.075139
      5.040000      1.461075      1.461075      2.922150
      5.060000      1.450852      1.450852      2.901704
      5.080000      1.465918      1.465918      2.931837
      5.100000      1.471870      1.471870      2.943740
      5.120000      1.442148      1.442148      2.884297
      5.140000      1.360660      1.360660      2.721321
      5.160000      1.224644      1.224644      2.449289
      5.180000      1.045716      1.045716      2.091431
      5.200000      0.847939      0.847939      1.695879
      5.220000      0.663836      0.663836      1.327672
      5.240000      0.530838      0.530838      1.061676
      5.260000      0.490520      0.490520      0.981041
      5.280000      0.590698      0.590698      1.181397
      5.300000      0.887342      0.887342      1.774683
      5.320000      1.441174      1.441174      2.882348
      5.340000      2.304650      2.304650      4.609300
      5.360000      3.499336      3.499336      6.998671
      5.380000      4.990230      4.990230      9.980460
      5.400000      6.668877      6.668877     13.337753
      5.420000      8.357452      8.357452     16.714904
      5.440000      9.839539      9.839539     19.679078
      5.460000     10.912092     10.912092     21.824184
      5.480000     11.442461     11.442461     22.884922
      5.500000     11.409788     11.409788     22.819575
      5.520000     10.914112     10.914112     21.828224
      5.540000     10.147464     10.147464     20.294929
      5.560000      9.334816      9.334816     18.669631
      5.580000      8.664335      8.664335     17.328670
      5.600000      8.231784      8.231784     16.463567
      5.620000      8.020272      8.020272     16.040544
      5.640000      7.923586      7.923586     15.847172
      5.660000      7.802901      7.802901     15.605802
      5.680000      7.551387      7.551387     15.102775
      5.700000      7.137813      7.137813     14.275626
      5.720000      6.611771      6.611771     13.223541
      5.740000      6.073382      6.073382     12.146764
      5.760000      5.627110      5.627110     11.254220
      5.780000      5.343145      5.343145     10.686289
      5.800000      5.240471      5.240471     10.480941
      5.820000      5.291571      5.291571     10.583141
      5.840000      5.439576      5.439576     10.879152
      5.860000      5.618422      5.618422     11.236845
      5.880000      5.771428      5.771428     11.542856
      5.900000      5.867078      5.867078     11.734157
      5.920000      5.909499      5.909499     11.818999
      5.940000      5.938018      5.938018     11.876037
      5.960000      6.010989      6.010989     12.021977
      5.980000      6.176290      6.176290     12.352581
      6.000000      6.440886      6.440886     12.881772
      6.020000      6.756663      6.756663     13.513327
      6.040000      7.034083      7.034083     14.068166
      6.060000      7.180584      7.180584     14.361169
      6.080000      7.145848      7.145848     14.291696
      6.100000      6.950313      6.950313     13.900626
      6.120000      6.680610      6.680610     13.361220
      6.140000      6.451891      6.451891     12.903782
      6.160000      6.353729      6.353729     12.707459
      6.180000      6.405223      6.405223     12.810446
      6.200000      6.541889      6.541889     13.083778
      6.220000      6.642777      6.642777     13.285553
      6.240000      6.586848      6.586848     13.173695
      6.260000      6.312329      6.312329     12.624657
      6.280000      5.850246      5.850246     11.700491
      6.300000      5.316102      5.316102     10.632204
      6.320000      4.864938      4.864938      9.729875
      6.340000      4.632416      4.632416      9.264832
      6.360000      4.688678      4.688678      9.377356
      6.380000      5.021955      5.021955     10.043909
      6.400000      5.553216      5.553216     11.106432
      6.420000      6.170707      6.170707     12.341413
      6.440000      6.768789      6.768789     13.537578
      6.460000      7.277962      7.277962     14.555924
      6.480000      7.678427      7.678427     15.356855
      6.500000      7.995345      7.995345     15.990689
      6.520000      8.278990      8.278990     16.557981
      6.540000      8.577363      8.577363     17.154725
      6.560000      8.911533      8.911533     17.823067
      6.580000      9.263789      9.263789     18.527578
      6.600000      9.584191      9.584191     19.168382
      6.620000      9.813297      9.813297     19.626594
      6.640000      9.910501      9.910501     19.821001
      6.660000      9.873404      9.873404     19.746808
      6.680000      9.737362      9.737362     19.474725
      6.700000      9.555002      9.555002     19.110005
      6.720000      9.367216      9.367216     18.734432
      6.740000      9.182149      9.182149     18.364298
      6.760000      8.973461      8.973461     17.946922
      6.780000      8.697249      8.697249     17.394497
      6.800000      8.316790      8.316790     16.633580
      6.820000      7.822028      7.822028     15.644056
      6.840000      7.236331      7.236331     14.472662
      6.860000      6.611154      6.611154     13.222308
      6.880000      6.014152      6.014152     12.028305
      6.900000      5.516361      5.516361     11.032722
      6.920000      5.181178      5.181178     10.362356
      6.940000      5.055076      5.055076     10.110152
      6.960000      5.158927      5.158927     10.317854
      6.980000      5.479869      5.479869     10.959738
      7.000000      5.966156      5.966156     11.932311
      7.020000      6.529741      6.529741     13.059482
      7.040000      7.060952      7.060952     14.121905
      7.060000      7.454748      7.454748     14.909497
      7.080000      7.640473      7.640473     15.280946
      7.100000      7.601962      7.601962     15.203923
      7.120000      7.377375      7.377375     14.754750
      7.140000      7.038211      7.038211     14.076422
      7.160000      6.658300      6.658300     13.316601
      7.180000      6.288674      6.288674     12.577348
      7.200000      5.949959      5.949959     11.899918
      7.220000      5.643835      5.643835     11.287671
      7.240000      5.375339      5.375339     10.750678
      7.260000      5.172988      5.172988     10.345976
      7.280000      5.094986      5.094986     10.189971
      7.300000      5.216141      5.216141     10.432281
      7.320000      5.599348      5.599348     11.198696
      7.340000      6.263840      6.263840     12.527679
      7.360000      7.165433      7.165433     14.330866
      7.380000      8.199154      8.199154     16.398309
      7.400000      9.224048      9.224048     18.448096
      7.420000     10.100048     10.100048     20.200095
      7.440000     10.723133     10.723133     21.446266
      7.460000     11.048255     11.048255     22.096511
      7.480000     11.095591     11.095591     22.191182
      7.500000     10.940324     10.940324     21.880647
      7.520000     10.688884     10.688884     21.377767
      7.540000     10.447487     10.447487     20.894975
      7.560000     10.292449     10.292449     20.584897
      7.580000     10.253080     10.253080     20.506160
      7.600000     10.313550     10.313550     20.627100
      7.620000     10.430439     10.430439     20.860879
      7.640000     10.553876     10.553876     21.107751
      7.660000     10.638933     10.638933     21.277866
      7.680000     10.642477     10.642477     21.284954
      7.700000     10.513046     10.513046     21.026092
      7.720000     10.188252     10.188252     20.376503
      7.740000      9.609570      9.609570     19.219140
      7.760000      8.751118      8.751118     17.502236
      7.780000      7.646768      7.646768     15.293536
      7.800000      6.398013      6.398013     12.796026
      7.820000      5.154838      5.154838     10.309675
      7.840000      4.076577      4.076577      8.153154
      7.860000      3.289746      3.289746      6.579492
      7.880000      2.859767      2.859767      5.719534
      7.900000      2.785194      2.785194      5.570389
      7.920000      3.012380      3.012380      6.024760
      7.940000      3.460988      3.460988      6.921977
      7.960000      4.048825      4.048825      8.097650
      7.980000      4.707650      4.707650      9.415300
      8.000000      5.388019      5.388019     10.776039
      8.020000      6.057621      6.057621     12.115242
      8.040000      6.700447      6.700447     13.400893
      8.060000      7.321198      7.321198     14.642395
      8.080000      7.951929      7.951929     15.903857
      8.100000      8.651435      8.651435     17.302869
      8.120000      9.488476      9.488476     18.976952
      8.140000     10.509365     10.509365     21.018730
      8.160000     11.703383     11.703383     23.406766
      8.180000     12.986315     12.986315     25.972630
      8.200000     14.216226     14.216226     28.432452
      8.220000     15.238544     15.238544     30.477088
      8.240000     15.940053     15.940053     31.880106
      8.260000     16.285375     16.285375     32.570751
      8.280000     16.319239     16.319239     32.638477
      8.300000     16.136911     16.136911     32.273821
      8.320000     15.841422     15.841422     31.682844
      8.340000     15.510070     15.510070     31.020140
      8.360000     15.183421     15.183421     30.366842
      8.380000     14.874743     14.874743     29.749486
      8.400000     14.586494     14.586494     29.172987
      8.420000     14.319639     14.319639     28.639278
      8.440000     14.070705     14.070705     28.141411
      8.460000     13.823269     13.823269     27.646539
      8.480000     13.546021     13.546021     27.092041
      8.500000     13.204156     13.204156     26.408312
      8.520000     12.778988     12.778988     25.557976
      8.540000     12.282073     12.282073     24.564145
      8.560000     11.752386     11.752386     23.504771
      8.580000     11.236908     11.236908     22.473817
      8.600000     10.767317     10.767317     21.534633
      8.620000     10.348791     10.348791     20.697583
      8.640000      9.968586      9.968586     19.937172
      8.660000      9.617999      9.617999     19.235998
      8.680000      9.311671      9.311671     18.623342
      8.700000      9.089269      9.089269     18.178539
      8.720000      8.995654      8.995654     17.991309
      8.740000      9.049262      9.049262     18.098525
      8.760000      9.216291      9.216291     18.432582
      8.780000      9.406102      9.406102     18.812204
      8.800000      9.492960      9.492960     18.985920
      8.820000      9.356816      9.356816     18.713633
      8.840000      8.927468      8.927468     17.854937
      8.860000      8.215192      8.215192     16.430385
      8.880000      7.316236      7.316236     14.632471
      8.900000      6.390381      6.390381     12.780761
      8.920000      5.616893      5.616893     11.233785
      8.940000      5.142190      5.142190     10.284379
      8.960000      5.036043      5.036043     10.072086
      8.980000      5.271841      5.271841     10.543682
      9.000000      5.739443      5.739443     11.478885
      9.020000      6.287073      6.287073     12.574146
      9.040000      6.775535      6.775535     13.551071
      9.060000      7.120715      7.120715     14.241430
      9.080000      7.305088      7.305088     14.610175
      9.100000      7.355424      7.355424     14.710848
      9.120000      7.303335      7.303335     14.606670
      9.140000      7.155141      7.155141     14.310281
      9.160000      6.890617      6.890617     13.781233
      9.180000      6.490774      6.490774     12.981549
      9.200000      5.975884      5.975884     11.951769
      9.220000      5.428695      5.428695     10.857389
      9.240000      4.986981      4.986981      9.973963
      9.260000      4.807045      4.807045      9.614091
      9.280000      5.014501      5.014501     10.029002
      9.300000      5.663345      5.663345     11.326690
      9.320000      6.718312      6.718312     13.436625
      9.340000      8.063721      8.063721     16.127442
      9.360000      9.530984      9.530984     19.061968
      9.380000     10.931976     10.931976     21.863952
      9.400000     12.088152     12.088152     24.176304
      9.420000     12.852709     12.852709     25.705418
      9.440000     13.129229     13.129229     26.258458
      9.460000     12.890286     12.890286     25.780572
      9.480000     12.193680     12.193680     24.387360
      9.500000     11.187602     11.187602     22.375203
      9.520000     10.095101     10.095101     20.190202
      9.540000      9.174559      9.174559     18.349119
      9.560000      8.662951      8.662951     17.325901
      9.580000      8.716941      8.716941     17.433881
      9.600000      9.369565      9.369565     18.739130
      9.620000     10.516907     10.516907     21.033815
      9.640000     11.941437     11.941437     23.882874
      9.660000     13.368313     13.368313     26.736626
      9.680000     14.540065     14.540065     29.080131
      9.700000     15.286808     15.286808     30.573617
      9.720000     15.567791     15.567791     31.135583
      9.740000     15.468601     15.468601     30.937203
      9.760000     15.155203     15.155203     30.310406
      9.780000     14.804148     14.804148     29.608297
      9.800000     14.538405     14.538405     29.076810
      9.820000     14.394334     14.394334     28.788667
      9.840000     14.329170     14.329170     28.658340
      9.860000     14.258764     14.258764     28.517528
      9.880000     14.103045     14.103045     28.206090
      9.900000     13.817741     13.817741     27.635481
      9.920000     13.402888     13.402888     26.805775
      9.940000     12.892838     12.892838     25.785676
      9.960000     12.339795     12.339795     24.679590
      9.980000     11.800471     11.800471     23.600941
     10.000000     11.327739     11.327739     22.655478
