# EIG2DOS: Utility for SIESTA to obtain the electronic density of states
#  E. Artacho, Apr 1999, A. Garcia, Apr 2012
# ------------------------------------------
# Eigenvalues read from GRP_doping.EIG
# Using smearing parameter:   0.100
# Using   1001 points in energy range
# Selected bands: 1 to: 936
# Emin, emax in file for selected band(s):    -41.0746000    236.9529900
# Nbands, Nspin, Nk   =    936     1   231
# E_F                 =    -3.8452 eV --> (shifted to ZERO)
# Broadening          =     0.1000 eV
#
#        E            N(up)  (=)   N(down)         Ntot
    -10.000000      8.152529      8.152529     16.305057
     -9.980000      8.178836      8.178836     16.357672
     -9.960000      7.955426      7.955426     15.910852
     -9.940000      7.533166      7.533166     15.066332
     -9.920000      7.020666      7.020666     14.041331
     -9.900000      6.544648      6.544648     13.089297
     -9.880000      6.212113      6.212113     12.424226
     -9.860000      6.085047      6.085047     12.170094
     -9.840000      6.169481      6.169481     12.338962
     -9.820000      6.415968      6.415968     12.831937
     -9.800000      6.728983      6.728983     13.457966
     -9.780000      6.985061      6.985061     13.970121
     -9.760000      7.059676      7.059676     14.119352
     -9.740000      6.859336      6.859336     13.718672
     -9.720000      6.350366      6.350366     12.700732
     -9.700000      5.573852      5.573852     11.147703
     -9.680000      4.640229      4.640229      9.280458
     -9.660000      3.705686      3.705686      7.411373
     -9.640000      2.940505      2.940505      5.881010
     -9.620000      2.501152      2.501152      5.002304
     -9.600000      2.512410      2.512410      5.024819
     -9.580000      3.057353      3.057353      6.114706
     -9.560000      4.168119      4.168119      8.336238
     -9.540000      5.812560      5.812560     11.625120
     -9.520000      7.879355      7.879355     15.758710
     -9.500000     10.171480     10.171480     20.342960
     -9.480000     12.419806     12.419806     24.839612
     -9.460000     14.323057     14.323057     28.646114
     -9.440000     15.609254     15.609254     31.218509
     -9.420000     16.101965     16.101965     32.203930
     -9.400000     15.767988     15.767988     31.535977
     -9.380000     14.726308     14.726308     29.452615
     -9.360000     13.211718     13.211718     26.423436
     -9.340000     11.505250     11.505250     23.010500
     -9.320000      9.857893      9.857893     19.715785
     -9.300000      8.436186      8.436186     16.872373
     -9.280000      7.306827      7.306827     14.613654
     -9.260000      6.458872      6.458872     12.917744
     -9.240000      5.846153      5.846153     11.692306
     -9.220000      5.426367      5.426367     10.852735
     -9.200000      5.178797      5.178797     10.357595
     -9.180000      5.096132      5.096132     10.192265
     -9.160000      5.160403      5.160403     10.320807
     -9.140000      5.321184      5.321184     10.642368
     -9.120000      5.491761      5.491761     10.983522
     -9.100000      5.567679      5.567679     11.135358
     -9.080000      5.458924      5.458924     10.917848
     -9.060000      5.119945      5.119945     10.239890
     -9.040000      4.564116      4.564116      9.128232
     -9.020000      3.858362      3.858362      7.716724
     -9.000000      3.103180      3.103180      6.206360
     -8.980000      2.408034      2.408034      4.816069
     -8.960000      1.870925      1.870925      3.741851
     -8.940000      1.566024      1.566024      3.132048
     -8.920000      1.538366      1.538366      3.076733
     -8.900000      1.802426      1.802426      3.604851
     -8.880000      2.342653      2.342653      4.685305
     -8.860000      3.116984      3.116984      6.233968
     -8.840000      4.065613      4.065613      8.131225
     -8.820000      5.124774      5.124774     10.249548
     -8.800000      6.240221      6.240221     12.480441
     -8.780000      7.372045      7.372045     14.744090
     -8.760000      8.485960      8.485960     16.971920
     -8.740000      9.535405      9.535405     19.070810
     -8.720000     10.447331     10.447331     20.894663
     -8.700000     11.124688     11.124688     22.249375
     -8.680000     11.468863     11.468863     22.937726
     -8.660000     11.412407     11.412407     22.824814
     -8.640000     10.945905     10.945905     21.891810
     -8.620000     10.127203     10.127203     20.254406
     -8.600000      9.071553      9.071553     18.143105
     -8.580000      7.929223      7.929223     15.858446
     -8.560000      6.858116      6.858116     13.716231
     -8.540000      5.995570      5.995570     11.991140
     -8.520000      5.431611      5.431611     10.863222
     -8.500000      5.187822      5.187822     10.375643
     -8.480000      5.209170      5.209170     10.418339
     -8.460000      5.375766      5.375766     10.751532
     -8.440000      5.535718      5.535718     11.071436
     -8.420000      5.551324      5.551324     11.102648
     -8.400000      5.343705      5.343705     10.687410
     -8.380000      4.919746      4.919746      9.839491
     -8.360000      4.370986      4.370986      8.741972
     -8.340000      3.844318      3.844318      7.688635
     -8.320000      3.494388      3.494388      6.988776
     -8.300000      3.433490      3.433490      6.866980
     -8.280000      3.694995      3.694995      7.389989
     -8.260000      4.222154      4.222154      8.444308
     -8.240000      4.886957      4.886957      9.773915
     -8.220000      5.534469      5.534469     11.068938
     -8.200000      6.038197      6.038197     12.076395
     -8.180000      6.345111      6.345111     12.690223
     -8.160000      6.490316      6.490316     12.980631
     -8.140000      6.573637      6.573637     13.147275
     -8.120000      6.709208      6.709208     13.418417
     -8.100000      6.973886      6.973886     13.947772
     -8.080000      7.380832      7.380832     14.761664
     -8.060000      7.889014      7.889014     15.778027
     -8.040000      8.437293      8.437293     16.874586
     -8.020000      8.978003      8.978003     17.956005
     -8.000000      9.488839      9.488839     18.977678
     -7.980000      9.960216      9.960216     19.920432
     -7.960000     10.374103     10.374103     20.748206
     -7.940000     10.696033     10.696033     21.392065
     -7.920000     10.890950     10.890950     21.781901
     -7.900000     10.954482     10.954482     21.908964
     -7.880000     10.937844     10.937844     21.875688
     -7.860000     10.945811     10.945811     21.891622
     -7.840000     11.101928     11.101928     22.203856
     -7.820000     11.494562     11.494562     22.989125
     -7.800000     12.130427     12.130427     24.260854
     -7.780000     12.921499     12.921499     25.842998
     -7.760000     13.716122     13.716122     27.432243
     -7.740000     14.362121     14.362121     28.724242
     -7.720000     14.770794     14.770794     29.541587
     -7.700000     14.947251     14.947251     29.894503
     -7.680000     14.969133     14.969133     29.938265
     -7.660000     14.924569     14.924569     29.849138
     -7.640000     14.844786     14.844786     29.689573
     -7.620000     14.671136     14.671136     29.342272
     -7.600000     14.276821     14.276821     28.553643
     -7.580000     13.531871     13.531871     27.063743
     -7.560000     12.375499     12.375499     24.750998
     -7.540000     10.857484     10.857484     21.714969
     -7.520000      9.129478      9.129478     18.258957
     -7.500000      7.394814      7.394814     14.789629
     -7.480000      5.844559      5.844559     11.689117
     -7.460000      4.608985      4.608985      9.217969
     -7.440000      3.740332      3.740332      7.480665
     -7.420000      3.225437      3.225437      6.450874
     -7.400000      3.015677      3.015677      6.031354
     -7.380000      3.059860      3.059860      6.119721
     -7.360000      3.329580      3.329580      6.659160
     -7.340000      3.830574      3.830574      7.661147
     -7.320000      4.595518      4.595518      9.191036
     -7.300000      5.655999      5.655999     11.311997
     -7.280000      6.998429      6.998429     13.996858
     -7.260000      8.520432      8.520432     17.040865
     -7.240000     10.013485     10.013485     20.026970
     -7.220000     11.193770     11.193770     22.387540
     -7.200000     11.781976     11.781976     23.563953
     -7.180000     11.603534     11.603534     23.207068
     -7.160000     10.663023     10.663023     21.326046
     -7.140000      9.154990      9.154990     18.309979
     -7.120000      7.404989      7.404989     14.809978
     -7.100000      5.768988      5.768988     11.537976
     -7.080000      4.534708      4.534708      9.069416
     -7.060000      3.858763      3.858763      7.717527
     -7.040000      3.750359      3.750359      7.500719
     -7.020000      4.093282      4.093282      8.186564
     -7.000000      4.691527      4.691527      9.383055
     -6.980000      5.326102      5.326102     10.652203
     -6.960000      5.812516      5.812516     11.625033
     -6.940000      6.046870      6.046870     12.093739
     -6.920000      6.027463      6.027463     12.054925
     -6.900000      5.844564      5.844564     11.689127
     -6.880000      5.643157      5.643157     11.286313
     -6.860000      5.575057      5.575057     11.150113
     -6.840000      5.759270      5.759270     11.518541
     -6.820000      6.261092      6.261092     12.522185
     -6.800000      7.087720      7.087720     14.175440
     -6.780000      8.190731      8.190731     16.381462
     -6.760000      9.468265      9.468265     18.936530
     -6.740000     10.768418     10.768418     21.536837
     -6.720000     11.901835     11.901835     23.803670
     -6.700000     12.669810     12.669810     25.339621
     -6.680000     12.905555     12.905555     25.811109
     -6.660000     12.516831     12.516831     25.033663
     -6.640000     11.514318     11.514318     23.028636
     -6.620000     10.013820     10.013820     20.027640
     -6.600000      8.209829      8.209829     16.419658
     -6.580000      6.328540      6.328540     12.657080
     -6.560000      4.575951      4.575951      9.151902
     -6.540000      3.097950      3.097950      6.195899
     -6.520000      1.963698      1.963698      3.927396
     -6.500000      1.173894      1.173894      2.347788
     -6.480000      0.686432      0.686432      1.372864
     -6.460000      0.447670      0.447670      0.895340
     -6.440000      0.418658      0.418658      0.837316
     -6.420000      0.589745      0.589745      1.179490
     -6.400000      0.980882      0.980882      1.961763
     -6.380000      1.627505      1.627505      3.255010
     -6.360000      2.554460      2.554460      5.108921
     -6.340000      3.744604      3.744604      7.489208
     -6.320000      5.113987      5.113987     10.227973
     -6.300000      6.507933      6.507933     13.015865
     -6.280000      7.727378      7.727378     15.454757
     -6.260000      8.581720      8.581720     17.163439
     -6.240000      8.949119      8.949119     17.898237
     -6.220000      8.817808      8.817808     17.635616
     -6.200000      8.289167      8.289167     16.578335
     -6.180000      7.542214      7.542214     15.084429
     -6.160000      6.777705      6.777705     13.555411
     -6.140000      6.166387      6.166387     12.332775
     -6.120000      5.817525      5.817525     11.635050
     -6.100000      5.769238      5.769238     11.538476
     -6.080000      5.993182      5.993182     11.986363
     -6.060000      6.407518      6.407518     12.815036
     -6.040000      6.898339      6.898339     13.796678
     -6.020000      7.351154      7.351154     14.702308
     -6.000000      7.687052      7.687052     15.374103
     -5.980000      7.889124      7.889124     15.778248
     -5.960000      8.003996      8.003996     16.007993
     -5.940000      8.114650      8.114650     16.229300
     -5.920000      8.296823      8.296823     16.593646
     -5.900000      8.580106      8.580106     17.160212
     -5.880000      8.930468      8.930468     17.860936
     -5.860000      9.258397      9.258397     18.516794
     -5.840000      9.446179      9.446179     18.892359
     -5.820000      9.384607      9.384607     18.769214
     -5.800000      9.010866      9.010866     18.021733
     -5.780000      8.339873      8.339873     16.679745
     -5.760000      7.479414      7.479414     14.958828
     -5.740000      6.619196      6.619196     13.238393
     -5.720000      5.989622      5.989622     11.979243
     -5.700000      5.797387      5.797387     11.594775
     -5.680000      6.156459      6.156459     12.312918
     -5.660000      7.038863      7.038863     14.077726
     -5.640000      8.266767      8.266767     16.533534
     -5.620000      9.555286      9.555286     19.110573
     -5.600000     10.596887     10.596887     21.193774
     -5.580000     11.159360     11.159360     22.318720
     -5.560000     11.159293     11.159293     22.318586
     -5.540000     10.679461     10.679461     21.358922
     -5.520000      9.921659      9.921659     19.843318
     -5.500000      9.116010      9.116010     18.232020
     -5.480000      8.428394      8.428394     16.856788
     -5.460000      7.907833      7.907833     15.815665
     -5.440000      7.494748      7.494748     14.989496
     -5.420000      7.079957      7.079957     14.159914
     -5.400000      6.579741      6.579741     13.159482
     -5.380000      5.987503      5.987503     11.975006
     -5.360000      5.379181      5.379181     10.758363
     -5.340000      4.876805      4.876805      9.753609
     -5.320000      4.595622      4.595622      9.191243
     -5.300000      4.603689      4.603689      9.207377
     -5.280000      4.909429      4.909429      9.818857
     -5.260000      5.473836      5.473836     10.947673
     -5.240000      6.232464      6.232464     12.464928
     -5.220000      7.113582      7.113582     14.227164
     -5.200000      8.048522      8.048522     16.097044
     -5.180000      8.978534      8.978534     17.957067
     -5.160000      9.862568      9.862568     19.725136
     -5.140000     10.683478     10.683478     21.366955
     -5.120000     11.444035     11.444035     22.888071
     -5.100000     12.146861     12.146861     24.293722
     -5.080000     12.764058     12.764058     25.528117
     -5.060000     13.214621     13.214621     26.429241
     -5.040000     13.369297     13.369297     26.738595
     -5.020000     13.089443     13.089443     26.178886
     -5.000000     12.285546     12.285546     24.571093
     -4.980000     10.966801     10.966801     21.933603
     -4.960000      9.255644      9.255644     18.511288
     -4.940000      7.359478      7.359478     14.718957
     -4.920000      5.513990      5.513990     11.027979
     -4.900000      3.924776      3.924776      7.849553
     -4.880000      2.730343      2.730343      5.460687
     -4.860000      1.994283      1.994283      3.988565
     -4.840000      1.718397      1.718397      3.436794
     -4.820000      1.860856      1.860856      3.721712
     -4.800000      2.346915      2.346915      4.693831
     -4.780000      3.070205      3.070205      6.140410
     -4.760000      3.892610      3.892610      7.785221
     -4.740000      4.654011      4.654011      9.308021
     -4.720000      5.197644      5.197644     10.395289
     -4.700000      5.406158      5.406158     10.812317
     -4.680000      5.234371      5.234371     10.468743
     -4.660000      4.723626      4.723626      9.447252
     -4.640000      3.990484      3.990484      7.980968
     -4.620000      3.194613      3.194613      6.389226
     -4.600000      2.499357      2.499357      4.998714
     -4.580000      2.038697      2.038697      4.077395
     -4.560000      1.897219      1.897219      3.794439
     -4.540000      2.101439      2.101439      4.202878
     -4.520000      2.617562      2.617562      5.235125
     -4.500000      3.353957      3.353957      6.707915
     -4.480000      4.172143      4.172143      8.344287
     -4.460000      4.911640      4.911640      9.823280
     -4.440000      5.428395      5.428395     10.856790
     -4.420000      5.636675      5.636675     11.273350
     -4.400000      5.537467      5.537467     11.074934
     -4.380000      5.218751      5.218751     10.437503
     -4.360000      4.824475      4.824475      9.648949
     -4.340000      4.503527      4.503527      9.007055
     -4.320000      4.359092      4.359092      8.718183
     -4.300000      4.417666      4.417666      8.835332
     -4.280000      4.627249      4.627249      9.254497
     -4.260000      4.881591      4.881591      9.763182
     -4.240000      5.058374      5.058374     10.116748
     -4.220000      5.056833      5.056833     10.113667
     -4.200000      4.823795      4.823795      9.647590
     -4.180000      4.363140      4.363140      8.726280
     -4.160000      3.729439      3.729439      7.458877
     -4.140000      3.010551      3.010551      6.021102
     -4.120000      2.306218      2.306218      4.612436
     -4.100000      1.709816      1.709816      3.419632
     -4.080000      1.298134      1.298134      2.596267
     -4.060000      1.129442      1.129442      2.258883
     -4.040000      1.245123      1.245123      2.490246
     -4.020000      1.667716      1.667716      3.335431
     -4.000000      2.390793      2.390793      4.781585
     -3.980000      3.363215      3.363215      6.726429
     -3.960000      4.477947      4.477947      8.955895
     -3.940000      5.578091      5.578091     11.156182
     -3.920000      6.486432      6.486432     12.972863
     -3.900000      7.051948      7.051948     14.103896
     -3.880000      7.195096      7.195096     14.390193
     -3.860000      6.931736      6.931736     13.863472
     -3.840000      6.365513      6.365513     12.731026
     -3.820000      5.654172      5.654172     11.308343
     -3.800000      4.966413      4.966413      9.932825
     -3.780000      4.446115      4.446115      8.892231
     -3.760000      4.191728      4.191728      8.383456
     -3.740000      4.248236      4.248236      8.496473
     -3.720000      4.604702      4.604702      9.209404
     -3.700000      5.193803      5.193803     10.387606
     -3.680000      5.896751      5.896751     11.793503
     -3.660000      6.560474      6.560474     13.120948
     -3.640000      7.029903      7.029903     14.059805
     -3.620000      7.188463      7.188463     14.376925
     -3.600000      6.991490      6.991490     13.982979
     -3.580000      6.477363      6.477363     12.954725
     -3.560000      5.750960      5.750960     11.501920
     -3.540000      4.947630      4.947630      9.895261
     -3.520000      4.194387      4.194387      8.388773
     -3.500000      3.583585      3.583585      7.167169
     -3.480000      3.165204      3.165204      6.330409
     -3.460000      2.953775      2.953775      5.907549
     -3.440000      2.940650      2.940650      5.881300
     -3.420000      3.103062      3.103062      6.206123
     -3.400000      3.405938      3.405938      6.811876
     -3.380000      3.798057      3.798057      7.596114
     -3.360000      4.208456      4.208456      8.416912
     -3.340000      4.550487      4.550487      9.100975
     -3.320000      4.738121      4.738121      9.476243
     -3.300000      4.712341      4.712341      9.424681
     -3.280000      4.468037      4.468037      8.936075
     -3.260000      4.068428      4.068428      8.136857
     -3.240000      3.637589      3.637589      7.275179
     -3.220000      3.330655      3.330655      6.661311
     -3.200000      3.290514      3.290514      6.581028
     -3.180000      3.604968      3.604968      7.209936
     -3.160000      4.278132      4.278132      8.556264
     -3.140000      5.225706      5.225706     10.451412
     -3.120000      6.297243      6.297243     12.594487
     -3.100000      7.320402      7.320402     14.640805
     -3.080000      8.153751      8.153751     16.307502
     -3.060000      8.729277      8.729277     17.458554
     -3.040000      9.067087      9.067087     18.134174
     -3.020000      9.254254      9.254254     18.508508
     -3.000000      9.394571      9.394571     18.789142
     -2.980000      9.549950      9.549950     19.099900
     -2.960000      9.700487      9.700487     19.400973
     -2.940000      9.744254      9.744254     19.488508
     -2.920000      9.540318      9.540318     19.080637
     -2.900000      8.976830      8.976830     17.953660
     -2.880000      8.032255      8.032255     16.064510
     -2.860000      6.801119      6.801119     13.602239
     -2.840000      5.474793      5.474793     10.949586
     -2.820000      4.290655      4.290655      8.581309
     -2.800000      3.474635      3.474635      6.949271
     -2.780000      3.196715      3.196715      6.393430
     -2.760000      3.543715      3.543715      7.087430
     -2.740000      4.502544      4.502544      9.005089
     -2.720000      5.948797      5.948797     11.897595
     -2.700000      7.646966      7.646966     15.293932
     -2.680000      9.277063      9.277063     18.554126
     -2.660000     10.496889     10.496889     20.993779
     -2.640000     11.029594     11.029594     22.059187
     -2.620000     10.745276     10.745276     21.490552
     -2.600000      9.699836      9.699836     19.399673
     -2.580000      8.111021      8.111021     16.222041
     -2.560000      6.281836      6.281836     12.563672
     -2.540000      4.506141      4.506141      9.012282
     -2.520000      2.995583      2.995583      5.991167
     -2.500000      1.850850      1.850850      3.701699
     -2.480000      1.076017      1.076017      2.152034
     -2.460000      0.617435      0.617435      1.234869
     -2.440000      0.404854      0.404854      0.809707
     -2.420000      0.379596      0.379596      0.759191
     -2.400000      0.504862      0.504862      1.009723
     -2.380000      0.761158      0.761158      1.522315
     -2.360000      1.133642      1.133642      2.267283
     -2.340000      1.599083      1.599083      3.198165
     -2.320000      2.119120      2.119120      4.238239
     -2.300000      2.643687      2.643687      5.287374
     -2.280000      3.123973      3.123973      6.247946
     -2.260000      3.529500      3.529500      7.059001
     -2.240000      3.861438      3.861438      7.722876
     -2.220000      4.155807      4.155807      8.311613
     -2.200000      4.475079      4.475079      8.950157
     -2.180000      4.891628      4.891628      9.783256
     -2.160000      5.468623      5.468623     10.937245
     -2.140000      6.242915      6.242915     12.485831
     -2.120000      7.212673      7.212673     14.425347
     -2.100000      8.332347      8.332347     16.664694
     -2.080000      9.518640      9.518640     19.037281
     -2.060000     10.670073     10.670073     21.340147
     -2.040000     11.696824     11.696824     23.393648
     -2.020000     12.548982     12.548982     25.097964
     -2.000000     13.226891     13.226891     26.453782
     -1.980000     13.763388     13.763388     27.526776
     -1.960000     14.183731     14.183731     28.367463
     -1.940000     14.465625     14.465625     28.931251
     -1.920000     14.526520     14.526520     29.053040
     -1.900000     14.252368     14.252368     28.504736
     -1.880000     13.557404     13.557404     27.114808
     -1.860000     12.443770     12.443770     24.887539
     -1.840000     11.027050     11.027050     22.054101
     -1.820000      9.511615      9.511615     19.023231
     -1.800000      8.126770      8.126770     16.253540
     -1.780000      7.054261      7.054261     14.108522
     -1.760000      6.378853      6.378853     12.757706
     -1.740000      6.078471      6.078471     12.156941
     -1.720000      6.050114      6.050114     12.100228
     -1.700000      6.154250      6.154250     12.308499
     -1.680000      6.258597      6.258597     12.517194
     -1.660000      6.269331      6.269331     12.538662
     -1.640000      6.146902      6.146902     12.293805
     -1.620000      5.909385      5.909385     11.818770
     -1.600000      5.626845      5.626845     11.253690
     -1.580000      5.407728      5.407728     10.815455
     -1.560000      5.376318      5.376318     10.752636
     -1.540000      5.641575      5.641575     11.283149
     -1.520000      6.262333      6.262333     12.524666
     -1.500000      7.219473      7.219473     14.438947
     -1.480000      8.407975      8.407975     16.815950
     -1.460000      9.657427      9.657427     19.314855
     -1.440000     10.778472     10.778472     21.556944
     -1.420000     11.619505     11.619505     23.239011
     -1.400000     12.110339     12.110339     24.220678
     -1.380000     12.273306     12.273306     24.546612
     -1.360000     12.197142     12.197142     24.394284
     -1.340000     11.987535     11.987535     23.975070
     -1.320000     11.720103     11.720103     23.440206
     -1.300000     11.419276     11.419276     22.838552
     -1.280000     11.070792     11.070792     22.141585
     -1.260000     10.655134     10.655134     21.310268
     -1.240000     10.176916     10.176916     20.353833
     -1.220000      9.669504      9.669504     19.339007
     -1.200000      9.172719      9.172719     18.345438
     -1.180000      8.701835      8.701835     17.403671
     -1.160000      8.233375      8.233375     16.466751
     -1.140000      7.721894      7.721894     15.443789
     -1.120000      7.139882      7.139882     14.279764
     -1.100000      6.516156      6.516156     13.032311
     -1.080000      5.948207      5.948207     11.896415
     -1.060000      5.579776      5.579776     11.159551
     -1.040000      5.554567      5.554567     11.109133
     -1.020000      5.967806      5.967806     11.935613
     -1.000000      6.834682      6.834682     13.669364
     -0.980000      8.083635      8.083635     16.167270
     -0.960000      9.571436      9.571436     19.142872
     -0.940000     11.111444     11.111444     22.222888
     -0.920000     12.506533     12.506533     25.013067
     -0.900000     13.580848     13.580848     27.161696
     -0.880000     14.206729     14.206729     28.413459
     -0.860000     14.323732     14.323732     28.647463
     -0.840000     13.946313     13.946313     27.892625
     -0.820000     13.157503     13.157503     26.315006
     -0.800000     12.089072     12.089072     24.178144
     -0.780000     10.893778     10.893778     21.787556
     -0.760000      9.719104      9.719104     19.438208
     -0.740000      8.690996      8.690996     17.381993
     -0.720000      7.909977      7.909977     15.819954
     -0.700000      7.454235      7.454235     14.908470
     -0.680000      7.380451      7.380451     14.760901
     -0.660000      7.716285      7.716285     15.432570
     -0.640000      8.446704      8.446704     16.893408
     -0.620000      9.503427      9.503427     19.006854
     -0.600000     10.767294     10.767294     21.534589
     -0.580000     12.086380     12.086380     24.172761
     -0.560000     13.303282     13.303282     26.606564
     -0.540000     14.280162     14.280162     28.560324
     -0.520000     14.913213     14.913213     29.826427
     -0.500000     15.136367     15.136367     30.272733
     -0.480000     14.920446     14.920446     29.840891
     -0.460000     14.273781     14.273781     28.547563
     -0.440000     13.244462     13.244462     26.488925
     -0.420000     11.918732     11.918732     23.837465
     -0.400000     10.409967     10.409967     20.819933
     -0.380000      8.838602      8.838602     17.677205
     -0.360000      7.310531      7.310531     14.621061
     -0.340000      5.903849      5.903849     11.807698
     -0.320000      4.669441      4.669441      9.338883
     -0.300000      3.642892      3.642892      7.285783
     -0.280000      2.859323      2.859323      5.718647
     -0.260000      2.362239      2.362239      4.724478
     -0.240000      2.201503      2.201503      4.403006
     -0.220000      2.421101      2.421101      4.842202
     -0.200000      3.041641      3.041641      6.083281
     -0.180000      4.044839      4.044839      8.089677
     -0.160000      5.367080      5.367080     10.734160
     -0.140000      6.905879      6.905879     13.811759
     -0.120000      8.537206      8.537206     17.074412
     -0.100000     10.136088     10.136088     20.272177
     -0.080000     11.592007     11.592007     23.184014
     -0.060000     12.815801     12.815801     25.631602
     -0.040000     13.742189     13.742189     27.484379
     -0.020000     14.334839     14.334839     28.669677
      0.000000     14.596080     14.596080     29.192160
      0.020000     14.574891     14.574891     29.149782
      0.040000     14.362484     14.362484     28.724967
      0.060000     14.069490     14.069490     28.138981
      0.080000     13.789960     13.789960     27.579921
      0.100000     13.567636     13.567636     27.135271
      0.120000     13.382197     13.382197     26.764395
      0.140000     13.164932     13.164932     26.329863
      0.160000     12.838318     12.838318     25.676636
      0.180000     12.360535     12.360535     24.721070
      0.200000     11.752065     11.752065     23.504130
      0.220000     11.090510     11.090510     22.181020
      0.240000     10.476597     10.476597     20.953193
      0.260000      9.989160      9.989160     19.978319
      0.280000      9.651389      9.651389     19.302779
      0.300000      9.423486      9.423486     18.846971
      0.320000      9.223607      9.223607     18.447214
      0.340000      8.966966      8.966966     17.933933
      0.360000      8.606686      8.606686     17.213373
      0.380000      8.160337      8.160337     16.320674
      0.400000      7.711603      7.711603     15.423205
      0.420000      7.385527      7.385527     14.771054
      0.440000      7.306019      7.306019     14.612038
      0.460000      7.552036      7.552036     15.104073
      0.480000      8.129961      8.129961     16.259922
      0.500000      8.972155      8.972155     17.944310
      0.520000      9.958829      9.958829     19.917658
      0.540000     10.949643     10.949643     21.899286
      0.560000     11.809960     11.809960     23.619920
      0.580000     12.425044     12.425044     24.850089
      0.600000     12.706750     12.706750     25.413500
      0.620000     12.602173     12.602173     25.204346
      0.640000     12.108477     12.108477     24.216953
      0.660000     11.287631     11.287631     22.575263
      0.680000     10.268328     10.268328     20.536655
      0.700000      9.225555      9.225555     18.451110
      0.720000      8.339221      8.339221     16.678442
      0.740000      7.744468      7.744468     15.488935
      0.760000      7.491670      7.491670     14.983340
      0.780000      7.531506      7.531506     15.063013
      0.800000      7.731860      7.731860     15.463721
      0.820000      7.921977      7.921977     15.843954
      0.840000      7.948857      7.948857     15.897714
      0.860000      7.725213      7.725213     15.450425
      0.880000      7.250794      7.250794     14.501588
      0.900000      6.599773      6.599773     13.199547
      0.920000      5.881717      5.881717     11.763435
      0.940000      5.194981      5.194981     10.389962
      0.960000      4.593124      4.593124      9.186249
      0.980000      4.076662      4.076662      8.153325
      1.000000      3.609213      3.609213      7.218427
      1.020000      3.146209      3.146209      6.292419
      1.040000      2.660838      2.660838      5.321677
      1.060000      2.156310      2.156310      4.312619
      1.080000      1.662254      1.662254      3.324508
      1.100000      1.220900      1.220900      2.441800
      1.120000      0.871832      0.871832      1.743664
      1.140000      0.642042      0.642042      1.284084
      1.160000      0.543025      0.543025      1.086051
      1.180000      0.572403      0.572403      1.144806
      1.200000      0.716312      0.716312      1.432624
      1.220000      0.950588      0.950588      1.901176
      1.240000      1.241635      1.241635      2.483271
      1.260000      1.549511      1.549511      3.099023
      1.280000      1.834957      1.834957      3.669915
      1.300000      2.069554      2.069554      4.139109
      1.320000      2.245679      2.245679      4.491357
      1.340000      2.382138      2.382138      4.764277
      1.360000      2.522601      2.522601      5.045203
      1.380000      2.726264      2.726264      5.452528
      1.400000      3.052423      3.052423      6.104846
      1.420000      3.542274      3.542274      7.084547
      1.440000      4.202653      4.202653      8.405305
      1.460000      4.997498      4.997498      9.994996
      1.480000      5.852504      5.852504     11.705008
      1.500000      6.675152      6.675152     13.350304
      1.520000      7.385786      7.385786     14.771572
      1.540000      7.948053      7.948053     15.896107
      1.560000      8.383650      8.383650     16.767301
      1.580000      8.760811      8.760811     17.521622
      1.600000      9.158149      9.158149     18.316299
      1.620000      9.619294      9.619294     19.238589
      1.640000     10.120692     10.120692     20.241384
      1.660000     10.569672     10.569672     21.139344
      1.680000     10.834690     10.834690     21.669381
      1.700000     10.793569     10.793569     21.587138
      1.720000     10.377863     10.377863     20.755726
      1.740000      9.595651      9.595651     19.191302
      1.760000      8.527041      8.527041     17.054083
      1.780000      7.298962      7.298962     14.597924
      1.800000      6.052625      6.052625     12.105250
      1.820000      4.916816      4.916816      9.833632
      1.840000      3.994649      3.994649      7.989297
      1.860000      3.363691      3.363691      6.727383
      1.880000      3.082675      3.082675      6.165350
      1.900000      3.195077      3.195077      6.390155
      1.920000      3.722302      3.722302      7.444605
      1.940000      4.646187      4.646187      9.292374
      1.960000      5.889001      5.889001     11.778003
      1.980000      7.304531      7.304531     14.609061
      2.000000      8.692450      8.692450     17.384899
      2.020000      9.839092      9.839092     19.678183
      2.040000     10.574105     10.574105     21.148211
      2.060000     10.821169     10.821169     21.642337
      2.080000     10.619224     10.619224     21.238448
      2.100000     10.101768     10.101768     20.203536
      2.120000      9.441332      9.441332     18.882664
      2.140000      8.784099      8.784099     17.568198
      2.160000      8.205093      8.205093     16.410187
      2.180000      7.703551      7.703551     15.407103
      2.200000      7.236606      7.236606     14.473213
      2.220000      6.769314      6.769314     13.538628
      2.240000      6.311555      6.311555     12.623110
      2.260000      5.921304      5.921304     11.842609
      2.280000      5.673597      5.673597     11.347194
      2.300000      5.613957      5.613957     11.227913
      2.320000      5.723599      5.723599     11.447198
      2.340000      5.917217      5.917217     11.834435
      2.360000      6.076517      6.076517     12.153034
      2.380000      6.103423      6.103423     12.206847
      2.400000      5.966291      5.966291     11.932581
      2.420000      5.715941      5.715941     11.431882
      2.440000      5.463944      5.463944     10.927887
      2.460000      5.334579      5.334579     10.669157
      2.480000      5.414150      5.414150     10.828300
      2.500000      5.720804      5.720804     11.441609
      2.520000      6.206127      6.206127     12.412254
      2.540000      6.783869      6.783869     13.567738
      2.560000      7.369383      7.369383     14.738766
      2.580000      7.910507      7.910507     15.821015
      2.600000      8.396557      8.396557     16.793114
      2.620000      8.843257      8.843257     17.686514
      2.640000      9.263152      9.263152     18.526305
      2.660000      9.638591      9.638591     19.277183
      2.680000      9.914045      9.914045     19.828091
      2.700000     10.015028     10.015028     20.030057
      2.720000      9.885841      9.885841     19.771681
      2.740000      9.525894      9.525894     19.051787
      2.760000      9.002900      9.002900     18.005801
      2.780000      8.433011      8.433011     16.866022
      2.800000      7.936441      7.936441     15.872882
      2.820000      7.590839      7.590839     15.181678
      2.840000      7.405380      7.405380     14.810760
      2.860000      7.326858      7.326858     14.653716
      2.880000      7.272733      7.272733     14.545466
      2.900000      7.174195      7.174195     14.348391
      2.920000      7.009707      7.009707     14.019414
      2.940000      6.815440      6.815440     13.630879
      2.960000      6.669608      6.669608     13.339215
      2.980000      6.658266      6.658266     13.316532
      3.000000      6.837218      6.837218     13.674436
      3.020000      7.206142      7.206142     14.412285
      3.040000      7.706247      7.706247     15.412494
      3.060000      8.242768      8.242768     16.485535
      3.080000      8.721912      8.721912     17.443824
      3.100000      9.083844      9.083844     18.167688
      3.120000      9.314531      9.314531     18.629062
      3.140000      9.430891      9.430891     18.861781
      3.160000      9.450090      9.450090     18.900180
      3.180000      9.364443      9.364443     18.728885
      3.200000      9.140066      9.140066     18.280133
      3.220000      8.741528      8.741528     17.483055
      3.240000      8.166946      8.166946     16.333892
      3.260000      7.470821      7.470821     14.941641
      3.280000      6.759476      6.759476     13.518951
      3.300000      6.160061      6.160061     12.320123
      3.320000      5.777305      5.777305     11.554609
      3.340000      5.655967      5.655967     11.311933
      3.360000      5.762343      5.762343     11.524686
      3.380000      5.990427      5.990427     11.980855
      3.400000      6.191106      6.191106     12.382212
      3.420000      6.216334      6.216334     12.432667
      3.440000      5.964648      5.964648     11.929295
      3.460000      5.412208      5.412208     10.824416
      3.480000      4.617949      4.617949      9.235899
      3.500000      3.702280      3.702280      7.404561
      3.520000      2.810580      2.810580      5.621159
      3.540000      2.078436      2.078436      4.156873
      3.560000      1.611582      1.611582      3.223164
      3.580000      1.482731      1.482731      2.965462
      3.600000      1.736994      1.736994      3.473988
      3.620000      2.393569      2.393569      4.787138
      3.640000      3.436129      3.436129      6.872258
      3.660000      4.794874      4.794874      9.589747
      3.680000      6.333258      6.333258     12.666516
      3.700000      7.855133      7.855133     15.710267
      3.720000      9.140010      9.140010     18.280020
      3.740000      9.998504      9.998504     19.997008
      3.760000     10.326071     10.326071     20.652143
      3.780000     10.130805     10.130805     20.261611
      3.800000      9.523142      9.523142     19.046283
      3.820000      8.674359      8.674359     17.348718
      3.840000      7.764261      7.764261     15.528522
      3.860000      6.938657      6.938657     13.877314
      3.880000      6.286853      6.286853     12.573706
      3.900000      5.837791      5.837791     11.675582
      3.920000      5.568342      5.568342     11.136684
      3.940000      5.418747      5.418747     10.837494
      3.960000      5.313045      5.313045     10.626091
      3.980000      5.182135      5.182135     10.364271
      4.000000      4.984389      4.984389      9.968778
      4.020000      4.717415      4.717415      9.434829
      4.040000      4.417574      4.417574      8.835148
      4.060000      4.149817      4.149817      8.299634
      4.080000      3.994706      3.994706      7.989413
      4.100000      4.038321      4.038321      8.076641
      4.120000      4.364541      4.364541      8.729081
      4.140000      5.043103      5.043103     10.086207
      4.160000      6.106821      6.106821     12.213641
      4.180000      7.519705      7.519705     15.039409
      4.200000      9.150008      9.150008     18.300016
      4.220000     10.769114     10.769114     21.538227
      4.240000     12.090837     12.090837     24.181673
      4.260000     12.846288     12.846288     25.692577
      4.280000     12.867314     12.867314     25.734629
      4.300000     12.141569     12.141569     24.283139
      4.320000     10.813022     10.813022     21.626044
      4.340000      9.128180      9.128180     18.256359
      4.360000      7.354558      7.354558     14.709115
      4.380000      5.708244      5.708244     11.416489
      4.400000      4.317315      4.317315      8.634631
      4.420000      3.226026      3.226026      6.452053
      4.440000      2.425397      2.425397      4.850795
      4.460000      1.888570      1.888570      3.777141
      4.480000      1.594389      1.594389      3.188777
      4.500000      1.533474      1.533474      3.066947
      4.520000      1.700517      1.700517      3.401034
      4.540000      2.081014      2.081014      4.162028
      4.560000      2.640535      2.640535      5.281071
      4.580000      3.321902      3.321902      6.643805
      4.600000      4.052027      4.052027      8.104054
      4.620000      4.756609      4.756609      9.513218
      4.640000      5.377808      5.377808     10.755615
      4.660000      5.888084      5.888084     11.776167
      4.680000      6.293728      6.293728     12.587455
      4.700000      6.625078      6.625078     13.250156
      4.720000      6.916670      6.916670     13.833341
      4.740000      7.186772      7.186772     14.373544
      4.760000      7.427546      7.427546     14.855092
      4.780000      7.611713      7.611713     15.223427
      4.800000      7.711226      7.711226     15.422451
      4.820000      7.715118      7.715118     15.430237
      4.840000      7.634159      7.634159     15.268319
      4.860000      7.489760      7.489760     14.979520
      4.880000      7.296767      7.296767     14.593535
      4.900000      7.054820      7.054820     14.109639
      4.920000      6.756730      6.756730     13.513461
      4.940000      6.409329      6.409329     12.818658
      4.960000      6.051754      6.051754     12.103508
      4.980000      5.755818      5.755818     11.511636
      5.000000      5.603292      5.603292     11.206583
      5.020000      5.649696      5.649696     11.299392
      5.040000      5.894442      5.894442     11.788885
      5.060000      6.276100      6.276100     12.552200
      5.080000      6.698460      6.698460     13.396921
      5.100000      7.074663      7.074663     14.149326
      5.120000      7.364530      7.364530     14.729061
      5.140000      7.583536      7.583536     15.167072
      5.160000      7.779896      7.779896     15.559793
      5.180000      7.997231      7.997231     15.994463
      5.200000      8.248658      8.248658     16.497316
      5.220000      8.517380      8.517380     17.034759
      5.240000      8.777248      8.777248     17.554496
      5.260000      9.011830      9.011830     18.023659
      5.280000      9.214198      9.214198     18.428395
      5.300000      9.368320      9.368320     18.736639
      5.320000      9.430343      9.430343     18.860686
      5.340000      9.329835      9.329835     18.659671
      5.360000      8.996092      8.996092     17.992185
      5.380000      8.395508      8.395508     16.791017
      5.400000      7.557350      7.557350     15.114700
      5.420000      6.572511      6.572511     13.145021
      5.440000      5.566280      5.566280     11.132560
      5.460000      4.660089      4.660089      9.320178
      5.480000      3.940605      3.940605      7.881210
      5.500000      3.447723      3.447723      6.895445
      5.520000      3.181944      3.181944      6.363889
      5.540000      3.122842      3.122842      6.245683
      5.560000      3.247010      3.247010      6.494019
      5.580000      3.536025      3.536025      7.072051
      5.600000      3.970707      3.970707      7.941415
      5.620000      4.515449      4.515449      9.030898
      5.640000      5.102940      5.102940     10.205880
      5.660000      5.631869      5.631869     11.263737
      5.680000      5.985533      5.985533     11.971066
      5.700000      6.068569      6.068569     12.137137
      5.720000      5.847508      5.847508     11.695016
      5.740000      5.375846      5.375846     10.751692
      5.760000      4.789454      4.789454      9.578909
      5.780000      4.271095      4.271095      8.542190
      5.800000      3.996214      3.996214      7.992427
      5.820000      4.079642      4.079642      8.159283
      5.840000      4.541953      4.541953      9.083907
      5.860000      5.306624      5.306624     10.613248
      5.880000      6.227791      6.227791     12.455581
      5.900000      7.136731      7.136731     14.273462
      5.920000      7.887597      7.887597     15.775194
      5.940000      8.384235      8.384235     16.768471
      5.960000      8.581209      8.581209     17.162419
      5.980000      8.467437      8.467437     16.934874
      6.000000      8.049755      8.049755     16.099510
      6.020000      7.349504      7.349504     14.699008
      6.040000      6.411539      6.411539     12.823078
      6.060000      5.313265      5.313265     10.626530
      6.080000      4.160826      4.160826      8.321653
      6.100000      3.069805      3.069805      6.139611
      6.120000      2.139608      2.139608      4.279216
      6.140000      1.434877      1.434877      2.869754
      6.160000      0.981832      0.981832      1.963664
      6.180000      0.777776      0.777776      1.555551
      6.200000      0.805186      0.805186      1.610372
      6.220000      1.041423      1.041423      2.082846
      6.240000      1.459811      1.459811      2.919621
      6.260000      2.023979      2.023979      4.047958
      6.280000      2.681422      2.681422      5.362844
      6.300000      3.362669      3.362669      6.725338
      6.320000      3.989597      3.989597      7.979194
      6.340000      4.491988      4.491988      8.983976
      6.360000      4.827417      4.827417      9.654835
      6.380000      4.997559      4.997559      9.995119
      6.400000      5.054215      5.054215     10.108430
      6.420000      5.090564      5.090564     10.181128
      6.440000      5.217007      5.217007     10.434013
      6.460000      5.526490      5.526490     11.052980
      6.480000      6.060321      6.060321     12.120641
      6.500000      6.788995      6.788995     13.577991
      6.520000      7.619365      7.619365     15.238731
      6.540000      8.428252      8.428252     16.856504
      6.560000      9.108252      9.108252     18.216503
      6.580000      9.603188      9.603188     19.206376
      6.600000      9.915545      9.915545     19.831090
      6.620000     10.084516     10.084516     20.169033
      6.640000     10.150642     10.150642     20.301284
      6.660000     10.129750     10.129750     20.259500
      6.680000     10.011102     10.011102     20.022204
      6.700000      9.778263      9.778263     19.556526
      6.720000      9.437065      9.437065     18.874130
      6.740000      9.031246      9.031246     18.062492
      6.760000      8.634064      8.634064     17.268128
      6.780000      8.318632      8.318632     16.637264
      6.800000      8.123057      8.123057     16.246114
      6.820000      8.031200      8.031200     16.062399
      6.840000      7.982309      7.982309     15.964618
      6.860000      7.905862      7.905862     15.811725
      6.880000      7.761567      7.761567     15.523135
      6.900000      7.560044      7.560044     15.120089
      6.920000      7.351796      7.351796     14.703592
      6.940000      7.193464      7.193464     14.386928
      6.960000      7.116080      7.116080     14.232159
      6.980000      7.118204      7.118204     14.236409
      7.000000      7.188218      7.188218     14.376436
      7.020000      7.337587      7.337587     14.675175
      7.040000      7.616918      7.616918     15.233836
      7.060000      8.096676      8.096676     16.193351
      7.080000      8.818729      8.818729     17.637457
      7.100000      9.747279      9.747279     19.494557
      7.120000     10.752788     10.752788     21.505576
      7.140000     11.645150     11.645150     23.290301
      7.160000     12.242529     12.242529     24.485058
      7.180000     12.439209     12.439209     24.878417
      7.200000     12.235529     12.235529     24.471059
      7.220000     11.716478     11.716478     23.432956
      7.240000     10.997166     10.997166     21.994332
      7.260000     10.171487     10.171487     20.342973
      7.280000      9.292958      9.292958     18.585916
      7.300000      8.390976      8.390976     16.781953
      7.320000      7.501139      7.501139     15.002279
      7.340000      6.682101      6.682101     13.364202
      7.360000      6.005538      6.005538     12.011077
      7.380000      5.527254      5.527254     11.054508
      7.400000      5.260043      5.260043     10.520085
      7.420000      5.165771      5.165771     10.331542
      7.440000      5.170561      5.170561     10.341122
      7.460000      5.194018      5.194018     10.388037
      7.480000      5.178345      5.178345     10.356690
      7.500000      5.105868      5.105868     10.211736
      7.520000      4.999735      4.999735      9.999471
      7.540000      4.908731      4.908731      9.817461
      7.560000      4.882140      4.882140      9.764280
      7.580000      4.944139      4.944139      9.888277
      7.600000      5.077905      5.077905     10.155810
      7.620000      5.226346      5.226346     10.452692
      7.640000      5.309536      5.309536     10.619072
      7.660000      5.251949      5.251949     10.503898
      7.680000      5.009067      5.009067     10.018133
      7.700000      4.584438      4.584438      9.168876
      7.720000      4.033106      4.033106      8.066213
      7.740000      3.452321      3.452321      6.904642
      7.760000      2.963296      2.963296      5.926593
      7.780000      2.688192      2.688192      5.376384
      7.800000      2.725785      2.725785      5.451570
      7.820000      3.129105      3.129105      6.258210
      7.840000      3.889196      3.889196      7.778392
      7.860000      4.930203      4.930203      9.860406
      7.880000      6.119994      6.119994     12.239988
      7.900000      7.296443      7.296443     14.592887
      7.920000      8.303531      8.303531     16.607063
      7.940000      9.027132      9.027132     18.054264
      7.960000      9.420506      9.420506     18.841012
      7.980000      9.513616      9.513616     19.027233
      8.000000      9.405176      9.405176     18.810353
      8.020000      9.239153      9.239153     18.478306
      8.040000      9.169017      9.169017     18.338035
      8.060000      9.315899      9.315899     18.631798
      8.080000      9.731597      9.731597     19.463193
      8.100000     10.380617     10.380617     20.761233
      8.120000     11.151983     11.151983     22.303967
      8.140000     11.900027     11.900027     23.800055
      8.160000     12.498671     12.498671     24.997342
      8.180000     12.885027     12.885027     25.770053
      8.200000     13.072338     13.072338     26.144676
      8.220000     13.128435     13.128435     26.256869
      8.240000     13.134553     13.134553     26.269106
      8.260000     13.148680     13.148680     26.297360
      8.280000     13.191686     13.191686     26.383372
      8.300000     13.258333     13.258333     26.516665
      8.320000     13.340439     13.340439     26.680878
      8.340000     13.445372     13.445372     26.890744
      8.360000     13.599607     13.599607     27.199214
      8.380000     13.837335     13.837335     27.674670
      8.400000     14.181064     14.181064     28.362128
      8.420000     14.623359     14.623359     29.246718
      8.440000     15.117860     15.117860     30.235719
      8.460000     15.584331     15.584331     31.168662
      8.480000     15.926335     15.926335     31.852670
      8.500000     16.053332     16.053332     32.106664
      8.520000     15.896938     15.896938     31.793876
      8.540000     15.417014     15.417014     30.834028
      8.560000     14.603082     14.603082     29.206165
      8.580000     13.480915     13.480915     26.961831
      8.600000     12.127391     12.127391     24.254782
      8.620000     10.683784     10.683784     21.367567
      8.640000      9.350176      9.350176     18.700352
      8.660000      8.349669      8.349669     16.699337
      8.680000      7.867856      7.867856     15.735712
      8.700000      7.989621      7.989621     15.979242
      8.720000      8.660964      8.660964     17.321928
      8.740000      9.694755      9.694755     19.389511
      8.760000     10.820690     10.820690     21.641379
      8.780000     11.760895     11.760895     23.521789
      8.800000     12.302729     12.302729     24.605458
      8.820000     12.343651     12.343651     24.687301
      8.840000     11.897037     11.897037     23.794073
      8.860000     11.064605     11.064605     22.129210
      8.880000      9.992386      9.992386     19.984772
      8.900000      8.829014      8.829014     17.658027
      8.920000      7.699010      7.699010     15.398020
      8.940000      6.694234      6.694234     13.388468
      8.960000      5.878250      5.878250     11.756500
      8.980000      5.293862      5.293862     10.587724
      9.000000      4.964841      4.964841      9.929682
      9.020000      4.888529      4.888529      9.777058
      9.040000      5.023990      5.023990     10.047980
      9.060000      5.286203      5.286203     10.572405
      9.080000      5.556338      5.556338     11.112675
      9.100000      5.710637      5.710637     11.421273
      9.120000      5.659523      5.659523     11.319046
      9.140000      5.380835      5.380835     10.761671
      9.160000      4.931658      4.931658      9.863317
      9.180000      4.432404      4.432404      8.864808
      9.200000      4.029557      4.029557      8.059113
      9.220000      3.852621      3.852621      7.705242
      9.240000      3.981598      3.981598      7.963196
      9.260000      4.434356      4.434356      8.868711
      9.280000      5.173533      5.173533     10.347065
      9.300000      6.125815      6.125815     12.251630
      9.320000      7.205147      7.205147     14.410295
      9.340000      8.334073      8.334073     16.668146
      9.360000      9.460211      9.460211     18.920422
      9.380000     10.565277     10.565277     21.130555
      9.400000     11.663004     11.663004     23.326008
      9.420000     12.783028     12.783028     25.566055
      9.440000     13.942695     13.942695     27.885391
      9.460000     15.116179     15.116179     30.232359
      9.480000     16.215374     16.215374     32.430747
      9.500000     17.095173     17.095173     34.190345
      9.520000     17.586381     17.586381     35.172762
      9.540000     17.547055     17.547055     35.094111
      9.560000     16.913883     16.913883     33.827766
      9.580000     15.733782     15.733782     31.467564
      9.600000     14.162940     14.162940     28.325880
      9.620000     12.432936     12.432936     24.865873
      9.640000     10.796035     10.796035     21.592071
      9.660000      9.468906      9.468906     18.937812
      9.680000      8.592788      8.592788     17.185576
      9.700000      8.219615      8.219615     16.439231
      9.720000      8.322389      8.322389     16.644779
      9.740000      8.819649      8.819649     17.639297
      9.760000      9.601454      9.601454     19.202907
      9.780000     10.547728     10.547728     21.095457
      9.800000     11.536504     11.536504     23.073008
      9.820000     12.446090     12.446090     24.892180
      9.840000     13.158492     13.158492     26.316984
      9.860000     13.569901     13.569901     27.139801
      9.880000     13.608646     13.608646     27.217292
      9.900000     13.254723     13.254723     26.509445
      9.920000     12.551690     12.551690     25.103380
      9.940000     11.603475     11.603475     23.206950
      9.960000     10.554398     10.554398     21.108796
      9.980000      9.557458      9.557458     19.114916
     10.000000      8.740453      8.740453     17.480906
