# EIG2DOS: Utility for SIESTA to obtain the electronic density of states
#  E. Artacho, Apr 1999, A. Garcia, Apr 2012
# ------------------------------------------
# Eigenvalues read from GRP_doping.EIG
# Using smearing parameter:   0.100
# Using   1001 points in energy range
# Selected bands: 1 to: 936
# Emin, emax in file for selected band(s):    -40.1744100    233.2294900
# Nbands, Nspin, Nk   =    936     1   231
# E_F                 =    -3.9328 eV --> (shifted to ZERO)
# Broadening          =     0.1000 eV
#
#        E            N(up)  (=)   N(down)         Ntot
    -10.000000      5.323799      5.323799     10.647598
     -9.980000      4.483357      4.483357      8.966714
     -9.960000      3.591847      3.591847      7.183694
     -9.940000      2.715541      2.715541      5.431083
     -9.920000      1.927252      1.927252      3.854503
     -9.900000      1.279871      1.279871      2.559741
     -9.880000      0.794496      0.794496      1.588993
     -9.860000      0.463291      0.463291      0.926581
     -9.840000      0.261516      0.261516      0.523033
     -9.820000      0.161943      0.161943      0.323887
     -9.800000      0.146723      0.146723      0.293445
     -9.780000      0.214499      0.214499      0.428999
     -9.760000      0.382062      0.382062      0.764125
     -9.740000      0.679974      0.679974      1.359948
     -9.720000      1.141627      1.141627      2.283254
     -9.700000      1.786654      1.786654      3.573307
     -9.680000      2.603078      2.603078      5.206156
     -9.660000      3.536390      3.536390      7.072781
     -9.640000      4.494414      4.494414      8.988828
     -9.620000      5.371564      5.371564     10.743127
     -9.600000      6.085687      6.085687     12.171374
     -9.580000      6.610661      6.610661     13.221321
     -9.560000      6.986025      6.986025     13.972051
     -9.540000      7.295121      7.295121     14.590241
     -9.520000      7.621198      7.621198     15.242396
     -9.500000      8.005590      8.005590     16.011180
     -9.480000      8.432419      8.432419     16.864837
     -9.460000      8.848781      8.848781     17.697563
     -9.440000      9.207611      9.207611     18.415222
     -9.420000      9.507018      9.507018     19.014037
     -9.400000      9.803415      9.803415     19.606830
     -9.380000     10.192461     10.192461     20.384921
     -9.360000     10.769583     10.769583     21.539165
     -9.340000     11.589374     11.589374     23.178748
     -9.320000     12.638526     12.638526     25.277051
     -9.300000     13.826805     13.826805     27.653610
     -9.280000     14.993875     14.993875     29.987750
     -9.260000     15.930001     15.930001     31.860001
     -9.240000     16.411698     16.411698     32.823397
     -9.220000     16.251819     16.251819     32.503637
     -9.200000     15.354593     15.354593     30.709186
     -9.180000     13.755803     13.755803     27.511607
     -9.160000     11.626903     11.626903     23.253807
     -9.140000      9.234940      9.234940     18.469880
     -9.120000      6.871306      6.871306     13.742611
     -9.100000      4.777935      4.777935      9.555870
     -9.080000      3.099217      3.099217      6.198433
     -9.060000      1.872779      1.872779      3.745558
     -9.040000      1.053186      1.053186      2.106372
     -9.020000      0.550780      0.550780      1.101561
     -9.000000      0.267708      0.267708      0.535417
     -8.980000      0.120900      0.120900      0.241801
     -8.960000      0.050787      0.050787      0.101575
     -8.940000      0.020104      0.020104      0.040208
     -8.920000      0.008358      0.008358      0.016715
     -8.900000      0.006110      0.006110      0.012219
     -8.880000      0.011141      0.011141      0.022283
     -8.860000      0.027089      0.027089      0.054178
     -8.840000      0.064298      0.064298      0.128596
     -8.820000      0.142056      0.142056      0.284112
     -8.800000      0.290548      0.290548      0.581096
     -8.780000      0.549870      0.549870      1.099740
     -8.760000      0.963014      0.963014      1.926028
     -8.740000      1.561172      1.561172      3.122344
     -8.720000      2.343766      2.343766      4.687532
     -8.700000      3.261256      3.261256      6.522513
     -8.680000      4.212535      4.212535      8.425069
     -8.660000      5.066266      5.066266     10.132532
     -8.640000      5.705297      5.705297     11.410594
     -8.620000      6.079008      6.079008     12.158015
     -8.600000      6.238709      6.238709     12.477418
     -8.580000      6.333676      6.333676     12.667352
     -8.560000      6.561465      6.561465     13.122930
     -8.540000      7.088659      7.088659     14.177318
     -8.520000      7.975377      7.975377     15.950754
     -8.500000      9.139017      9.139017     18.278035
     -8.480000     10.377199     10.377199     20.754398
     -8.460000     11.442903     11.442903     22.885807
     -8.440000     12.139038     12.139038     24.278076
     -8.420000     12.388720     12.388720     24.777441
     -8.400000     12.248825     12.248825     24.497651
     -8.380000     11.863250     11.863250     23.726500
     -8.360000     11.383427     11.383427     22.766854
     -8.340000     10.899009     10.899009     21.798019
     -8.320000     10.412741     10.412741     20.825481
     -8.300000      9.866532      9.866532     19.733065
     -8.280000      9.197727      9.197727     18.395454
     -8.260000      8.391592      8.391592     16.783184
     -8.240000      7.503490      7.503490     15.006979
     -8.220000      6.644235      6.644235     13.288470
     -8.200000      5.941199      5.941199     11.882399
     -8.180000      5.495731      5.495731     10.991461
     -8.160000      5.353365      5.353365     10.706730
     -8.140000      5.493442      5.493442     10.986883
     -8.120000      5.836398      5.836398     11.672795
     -8.100000      6.263743      6.263743     12.527486
     -8.080000      6.645992      6.645992     13.291985
     -8.060000      6.874236      6.874236     13.748472
     -8.040000      6.889494      6.889494     13.778989
     -8.020000      6.701465      6.701465     13.402930
     -8.000000      6.387765      6.387765     12.775529
     -7.980000      6.069052      6.069052     12.138104
     -7.960000      5.864652      5.864652     11.729304
     -7.940000      5.844144      5.844144     11.688289
     -7.920000      5.996701      5.996701     11.993402
     -7.900000      6.236193      6.236193     12.472385
     -7.880000      6.445091      6.445091     12.890183
     -7.860000      6.540081      6.540081     13.080161
     -7.840000      6.528100      6.528100     13.056201
     -7.820000      6.522801      6.522801     13.045603
     -7.800000      6.709039      6.709039     13.418077
     -7.780000      7.268109      7.268109     14.536218
     -7.760000      8.295441      8.295441     16.590882
     -7.740000      9.745948      9.745948     19.491896
     -7.720000     11.429881     11.429881     22.859763
     -7.700000     13.061059     13.061059     26.122117
     -7.680000     14.339694     14.339694     28.679387
     -7.660000     15.040866     15.040866     30.081733
     -7.640000     15.079509     15.079509     30.159017
     -7.620000     14.532098     14.532098     29.064196
     -7.600000     13.610202     13.610202     27.220403
     -7.580000     12.596865     12.596865     25.193731
     -7.560000     11.768481     11.768481     23.536962
     -7.540000     11.327678     11.327678     22.655356
     -7.520000     11.365246     11.365246     22.730491
     -7.500000     11.854768     11.854768     23.709537
     -7.480000     12.671128     12.671128     25.342257
     -7.460000     13.621073     13.621073     27.242146
     -7.440000     14.480306     14.480306     28.960613
     -7.420000     15.037737     15.037737     30.075473
     -7.400000     15.144072     15.144072     30.288144
     -7.380000     14.750581     14.750581     29.501162
     -7.360000     13.917665     13.917665     27.835331
     -7.340000     12.783719     12.783719     25.567438
     -7.320000     11.508493     11.508493     23.016986
     -7.300000     10.223014     10.223014     20.446028
     -7.280000      9.013349      9.013349     18.026698
     -7.260000      7.940157      7.940157     15.880315
     -7.240000      7.069690      7.069690     14.139381
     -7.220000      6.485063      6.485063     12.970126
     -7.200000      6.263489      6.263489     12.526979
     -7.180000      6.431941      6.431941     12.863881
     -7.160000      6.930862      6.930862     13.861724
     -7.140000      7.612193      7.612193     15.224386
     -7.120000      8.277650      8.277650     16.555300
     -7.100000      8.739825      8.739825     17.479649
     -7.080000      8.876577      8.876577     17.753155
     -7.060000      8.654816      8.654816     17.309633
     -7.040000      8.118136      8.118136     16.236272
     -7.020000      7.351762      7.351762     14.703525
     -7.000000      6.446550      6.446550     12.893101
     -6.980000      5.478382      5.478382     10.956764
     -6.960000      4.506245      4.506245      9.012489
     -6.940000      3.581242      3.581242      7.162484
     -6.920000      2.755847      2.755847      5.511693
     -6.900000      2.087167      2.087167      4.174333
     -6.880000      1.634327      1.634327      3.268653
     -6.860000      1.453176      1.453176      2.906351
     -6.840000      1.590266      1.590266      3.180533
     -6.820000      2.075258      2.075258      4.150516
     -6.800000      2.910134      2.910134      5.820269
     -6.780000      4.056204      4.056204      8.112407
     -6.760000      5.423664      5.423664     10.847329
     -6.740000      6.870418      6.870418     13.740836
     -6.720000      8.215005      8.215005     16.430010
     -6.700000      9.263999      9.263999     18.527998
     -6.680000      9.849095      9.849095     19.698189
     -6.660000      9.865141      9.865141     19.730283
     -6.640000      9.298152      9.298152     18.596304
     -6.620000      8.232962      8.232962     16.465924
     -6.600000      6.835069      6.835069     13.670137
     -6.580000      5.310231      5.310231     10.620462
     -6.560000      3.855054      3.855054      7.710107
     -6.540000      2.616317      2.616317      5.232633
     -6.520000      1.672785      1.672785      3.345570
     -6.500000      1.042674      1.042674      2.085348
     -6.480000      0.708916      0.708916      1.417832
     -6.460000      0.648437      0.648437      1.296874
     -6.440000      0.852331      0.852331      1.704662
     -6.420000      1.329152      1.329152      2.658304
     -6.400000      2.090776      2.090776      4.181552
     -6.380000      3.127502      3.127502      6.255004
     -6.360000      4.384560      4.384560      8.769120
     -6.340000      5.753416      5.753416     11.506832
     -6.320000      7.085990      7.085990     14.171981
     -6.300000      8.229272      8.229272     16.458543
     -6.280000      9.067295      9.067295     18.134590
     -6.260000      9.553675      9.553675     19.107351
     -6.240000      9.723014      9.723014     19.446028
     -6.220000      9.679045      9.679045     19.358090
     -6.200000      9.564594      9.564594     19.129188
     -6.180000      9.520742      9.520742     19.041484
     -6.160000      9.643350      9.643350     19.286700
     -6.140000      9.947916      9.947916     19.895831
     -6.120000     10.356593     10.356593     20.713186
     -6.100000     10.717646     10.717646     21.435292
     -6.080000     10.854752     10.854752     21.709505
     -6.060000     10.627686     10.627686     21.255373
     -6.040000      9.978539      9.978539     19.957077
     -6.020000      8.945216      8.945216     17.890432
     -6.000000      7.641502      7.641502     15.283004
     -5.980000      6.218380      6.218380     12.436761
     -5.960000      4.825692      4.825692      9.651384
     -5.940000      3.586880      3.586880      7.173759
     -5.920000      2.589659      2.589659      5.179317
     -5.900000      1.888475      1.888475      3.776951
     -5.880000      1.512355      1.512355      3.024710
     -5.860000      1.472417      1.472417      2.944834
     -5.840000      1.765102      1.765102      3.530203
     -5.820000      2.369608      2.369608      4.739216
     -5.800000      3.241195      3.241195      6.482390
     -5.780000      4.304899      4.304899      8.609799
     -5.760000      5.455202      5.455202     10.910403
     -5.740000      6.565259      6.565259     13.130517
     -5.720000      7.505267      7.505267     15.010535
     -5.700000      8.165323      8.165323     16.330645
     -5.680000      8.475791      8.475791     16.951581
     -5.660000      8.418791      8.418791     16.837581
     -5.640000      8.027709      8.027709     16.055417
     -5.620000      7.376266      7.376266     14.752533
     -5.600000      6.562328      6.562328     13.124656
     -5.580000      5.692297      5.692297     11.384594
     -5.560000      4.869449      4.869449      9.738897
     -5.540000      4.185928      4.185928      8.371856
     -5.520000      3.716334      3.716334      7.432669
     -5.500000      3.511931      3.511931      7.023863
     -5.480000      3.596772      3.596772      7.193544
     -5.460000      3.967451      3.967451      7.934902
     -5.440000      4.595766      4.595766      9.191533
     -5.420000      5.430696      5.430696     10.861392
     -5.400000      6.396460      6.396460     12.792919
     -5.380000      7.388354      7.388354     14.776709
     -5.360000      8.274124      8.274124     16.548249
     -5.340000      8.910105      8.910105     17.820209
     -5.320000      9.174789      9.174789     18.349578
     -5.300000      9.010571      9.010571     18.021142
     -5.280000      8.454938      8.454938     16.909876
     -5.260000      7.642716      7.642716     15.285433
     -5.240000      6.772569      6.772569     13.545138
     -5.220000      6.047788      6.047788     12.095576
     -5.200000      5.614272      5.614272     11.228544
     -5.180000      5.520470      5.520470     11.040941
     -5.160000      5.714440      5.714440     11.428880
     -5.140000      6.077044      6.077044     12.154088
     -5.120000      6.475383      6.475383     12.950767
     -5.100000      6.813299      6.813299     13.626599
     -5.080000      7.059103      7.059103     14.118206
     -5.060000      7.242633      7.242633     14.485265
     -5.040000      7.428079      7.428079     14.856157
     -5.020000      7.678353      7.678353     15.356706
     -5.000000      8.026938      8.026938     16.053875
     -4.980000      8.465814      8.465814     16.931627
     -4.960000      8.949380      8.949380     17.898761
     -4.940000      9.409404      9.409404     18.818809
     -4.920000      9.775295      9.775295     19.550589
     -4.900000      9.994029      9.994029     19.988058
     -4.880000     10.042960     10.042960     20.085920
     -4.860000      9.929099      9.929099     19.858198
     -4.840000      9.674204      9.674204     19.348409
     -4.820000      9.294964      9.294964     18.589929
     -4.800000      8.793885      8.793885     17.587769
     -4.780000      8.171289      8.171289     16.342578
     -4.760000      7.453134      7.453134     14.906268
     -4.740000      6.714437      6.714437     13.428873
     -4.720000      6.076766      6.076766     12.153531
     -4.700000      5.673203      5.673203     11.346406
     -4.680000      5.595583      5.595583     11.191166
     -4.660000      5.851849      5.851849     11.703697
     -4.640000      6.357609      6.357609     12.715218
     -4.620000      6.968227      6.968227     13.936454
     -4.600000      7.536876      7.536876     15.073752
     -4.580000      7.971342      7.971342     15.942684
     -4.560000      8.263597      8.263597     16.527195
     -4.540000      8.479472      8.479472     16.958944
     -4.520000      8.713978      8.713978     17.427957
     -4.500000      9.032917      9.032917     18.065834
     -4.480000      9.427742      9.427742     18.855483
     -4.460000      9.806251      9.806251     19.612501
     -4.440000     10.027418     10.027418     20.054835
     -4.420000      9.968797      9.968797     19.937594
     -4.400000      9.597225      9.597225     19.194451
     -4.380000      9.007522      9.007522     18.015044
     -4.360000      8.405154      8.405154     16.810308
     -4.340000      8.033975      8.033975     16.067949
     -4.320000      8.077026      8.077026     16.154053
     -4.300000      8.573081      8.573081     17.146162
     -4.280000      9.386450      9.386450     18.772901
     -4.260000     10.245105     10.245105     20.490211
     -4.240000     10.832763     10.832763     21.665527
     -4.220000     10.897733     10.897733     21.795466
     -4.200000     10.335277     10.335277     20.670554
     -4.180000      9.213616      9.213616     18.427232
     -4.160000      7.739365      7.739365     15.478731
     -4.140000      6.182954      6.182954     12.365907
     -4.120000      4.796655      4.796655      9.593309
     -4.100000      3.753798      3.753798      7.507596
     -4.080000      3.123152      3.123152      6.246303
     -4.060000      2.876932      2.876932      5.753865
     -4.040000      2.921136      2.921136      5.842272
     -4.020000      3.134164      3.134164      6.268328
     -4.000000      3.401619      3.401619      6.803237
     -3.980000      3.639095      3.639095      7.278190
     -3.960000      3.799667      3.799667      7.599335
     -3.940000      3.868125      3.868125      7.736250
     -3.920000      3.848580      3.848580      7.697159
     -3.900000      3.753897      3.753897      7.507794
     -3.880000      3.603103      3.603103      7.206207
     -3.860000      3.427117      3.427117      6.854233
     -3.840000      3.276755      3.276755      6.553509
     -3.820000      3.223586      3.223586      6.447171
     -3.800000      3.346493      3.346493      6.692985
     -3.780000      3.704586      3.704586      7.409172
     -3.760000      4.306840      4.306840      8.613681
     -3.740000      5.094691      5.094691     10.189381
     -3.720000      5.950782      5.950782     11.901564
     -3.700000      6.734694      6.734694     13.469388
     -3.680000      7.331022      7.331022     14.662045
     -3.660000      7.686717      7.686717     15.373433
     -3.640000      7.819729      7.819729     15.639459
     -3.620000      7.797341      7.797341     15.594682
     -3.600000      7.699088      7.699088     15.398176
     -3.580000      7.585137      7.585137     15.170274
     -3.560000      7.483577      7.483577     14.967155
     -3.540000      7.396492      7.396492     14.792985
     -3.520000      7.314703      7.314703     14.629406
     -3.500000      7.229927      7.229927     14.459854
     -3.480000      7.138786      7.138786     14.277572
     -3.460000      7.040051      7.040051     14.080103
     -3.440000      6.930297      6.930297     13.860594
     -3.420000      6.802554      6.802554     13.605108
     -3.400000      6.649192      6.649192     13.298383
     -3.380000      6.466787      6.466787     12.933575
     -3.360000      6.259487      6.259487     12.518973
     -3.340000      6.038796      6.038796     12.077591
     -3.320000      5.820466      5.820466     11.640931
     -3.300000      5.620863      5.620863     11.241726
     -3.280000      5.454881      5.454881     10.909761
     -3.260000      5.335773      5.335773     10.671547
     -3.240000      5.275778      5.275778     10.551557
     -3.220000      5.285727      5.285727     10.571453
     -3.200000      5.372041      5.372041     10.744083
     -3.180000      5.530486      5.530486     11.060971
     -3.160000      5.738069      5.738069     11.476138
     -3.140000      5.947219      5.947219     11.894438
     -3.120000      6.087833      6.087833     12.175666
     -3.100000      6.080948      6.080948     12.161896
     -3.080000      5.862256      5.862256     11.724512
     -3.060000      5.407395      5.407395     10.814790
     -3.040000      4.748203      4.748203      9.496406
     -3.020000      3.972286      3.972286      7.944573
     -3.000000      3.205684      3.205684      6.411369
     -2.980000      2.585276      2.585276      5.170553
     -2.960000      2.229683      2.229683      4.459366
     -2.940000      2.214575      2.214575      4.429150
     -2.920000      2.554364      2.554364      5.108728
     -2.900000      3.191517      3.191517      6.383034
     -2.880000      3.997646      3.997646      7.995292
     -2.860000      4.792645      4.792645      9.585289
     -2.840000      5.384201      5.384201     10.768402
     -2.820000      5.619518      5.619518     11.239037
     -2.800000      5.430626      5.430626     10.861252
     -2.780000      4.853050      4.853050      9.706100
     -2.760000      4.008499      4.008499      8.016998
     -2.740000      3.059650      3.059650      6.119300
     -2.720000      2.158027      2.158027      4.316054
     -2.700000      1.406478      1.406478      2.812956
     -2.680000      0.847096      0.847096      1.694191
     -2.660000      0.471714      0.471714      0.943428
     -2.640000      0.243668      0.243668      0.487336
     -2.620000      0.119187      0.119187      0.238374
     -2.600000      0.061962      0.061962      0.123925
     -2.580000      0.050329      0.050329      0.100658
     -2.560000      0.079910      0.079910      0.159820
     -2.540000      0.164805      0.164805      0.329610
     -2.520000      0.338338      0.338338      0.676676
     -2.500000      0.651586      0.651586      1.303171
     -2.480000      1.165809      1.165809      2.331618
     -2.460000      1.935242      1.935242      3.870483
     -2.440000      2.980626      2.980626      5.961253
     -2.420000      4.260881      4.260881      8.521762
     -2.400000      5.656780      5.656780     11.313560
     -2.380000      6.981170      6.981170     13.962340
     -2.360000      8.021354      8.021354     16.042708
     -2.340000      8.603353      8.603353     17.206707
     -2.320000      8.653757      8.653757     17.307514
     -2.300000      8.232600      8.232600     16.465200
     -2.280000      7.523162      7.523162     15.046324
     -2.260000      6.784107      6.784107     13.568215
     -2.240000      6.283555      6.283555     12.567109
     -2.220000      6.235843      6.235843     12.471687
     -2.200000      6.753247      6.753247     13.506493
     -2.180000      7.816852      7.816852     15.633703
     -2.160000      9.270316      9.270316     18.540631
     -2.140000     10.844135     10.844135     21.688271
     -2.120000     12.216367     12.216367     24.432733
     -2.100000     13.101820     13.101820     26.203639
     -2.080000     13.341375     13.341375     26.682750
     -2.060000     12.952031     12.952031     25.904062
     -2.040000     12.109905     12.109905     24.219810
     -2.020000     11.070517     11.070517     22.141033
     -2.000000     10.064489     10.064489     20.128978
     -1.980000      9.219890      9.219890     18.439780
     -1.960000      8.545764      8.545764     17.091527
     -1.940000      7.976052      7.976052     15.952104
     -1.920000      7.441834      7.441834     14.883668
     -1.900000      6.930170      6.930170     13.860341
     -1.880000      6.501654      6.501654     13.003308
     -1.860000      6.263701      6.263701     12.527403
     -1.840000      6.317533      6.317533     12.635066
     -1.820000      6.705412      6.705412     13.410823
     -1.800000      7.381584      7.381584     14.763168
     -1.780000      8.219845      8.219845     16.439690
     -1.760000      9.056468      9.056468     18.112937
     -1.740000      9.752356      9.752356     19.504712
     -1.720000     10.247547     10.247547     20.495094
     -1.700000     10.581015     10.581015     21.162030
     -1.680000     10.862410     10.862410     21.724819
     -1.660000     11.205784     11.205784     22.411568
     -1.640000     11.656757     11.656757     23.313514
     -1.620000     12.151288     12.151288     24.302577
     -1.600000     12.530608     12.530608     25.061215
     -1.580000     12.608540     12.608540     25.217079
     -1.560000     12.259319     12.259319     24.518638
     -1.540000     11.481943     11.481943     22.963886
     -1.520000     10.408530     10.408530     20.817060
     -1.500000      9.253040      9.253040     18.506079
     -1.480000      8.226823      8.226823     16.453646
     -1.460000      7.462523      7.462523     14.925046
     -1.440000      6.980805      6.980805     13.961609
     -1.420000      6.710809      6.710809     13.421617
     -1.400000      6.548452      6.548452     13.096905
     -1.380000      6.420064      6.420064     12.840128
     -1.360000      6.319195      6.319195     12.638391
     -1.340000      6.300188      6.300188     12.600377
     -1.320000      6.434849      6.434849     12.869698
     -1.300000      6.757393      6.757393     13.514786
     -1.280000      7.228754      7.228754     14.457509
     -1.260000      7.741075      7.741075     15.482151
     -1.240000      8.161452      8.161452     16.322905
     -1.220000      8.391927      8.391927     16.783853
     -1.200000      8.412902      8.412902     16.825803
     -1.180000      8.286032      8.286032     16.572064
     -1.160000      8.115569      8.115569     16.231137
     -1.140000      7.990485      7.990485     15.980971
     -1.120000      7.939418      7.939418     15.878837
     -1.100000      7.921416      7.921416     15.842832
     -1.080000      7.854481      7.854481     15.708961
     -1.060000      7.664166      7.664166     15.328331
     -1.040000      7.326716      7.326716     14.653431
     -1.020000      6.887394      6.887394     13.774787
     -1.000000      6.448648      6.448648     12.897296
     -0.980000      6.135974      6.135974     12.271948
     -0.960000      6.056136      6.056136     12.112272
     -0.940000      6.262380      6.262380     12.524761
     -0.920000      6.737200      6.737200     13.474401
     -0.900000      7.397685      7.397685     14.795370
     -0.880000      8.122212      8.122212     16.244424
     -0.860000      8.790230      8.790230     17.580460
     -0.840000      9.320803      9.320803     18.641606
     -0.820000      9.694155      9.694155     19.388311
     -0.800000      9.946679      9.946679     19.893357
     -0.780000     10.142100     10.142100     20.284201
     -0.760000     10.333537     10.333537     20.667075
     -0.740000     10.535706     10.535706     21.071412
     -0.720000     10.720771     10.720771     21.441542
     -0.700000     10.838404     10.838404     21.676808
     -0.680000     10.847726     10.847726     21.695452
     -0.660000     10.742775     10.742775     21.485551
     -0.640000     10.557326     10.557326     21.114653
     -0.620000     10.347338     10.347338     20.694676
     -0.600000     10.162990     10.162990     20.325981
     -0.580000     10.028442     10.028442     20.056885
     -0.560000      9.941308      9.941308     19.882617
     -0.540000      9.889150      9.889150     19.778300
     -0.520000      9.867597      9.867597     19.735194
     -0.500000      9.883730      9.883730     19.767459
     -0.480000      9.940118      9.940118     19.880236
     -0.460000     10.010793     10.010793     20.021587
     -0.440000     10.028621     10.028621     20.057242
     -0.420000      9.897950      9.897950     19.795899
     -0.400000      9.530678      9.530678     19.061356
     -0.380000      8.888690      8.888690     17.777380
     -0.360000      8.011011      8.011011     16.022022
     -0.340000      7.012520      7.012520     14.025041
     -0.320000      6.056071      6.056071     12.112142
     -0.300000      5.311257      5.311257     10.622513
     -0.280000      4.915065      4.915065      9.830130
     -0.260000      4.944505      4.944505      9.889010
     -0.240000      5.405414      5.405414     10.810828
     -0.220000      6.238621      6.238621     12.477242
     -0.200000      7.342344      7.342344     14.684688
     -0.180000      8.604628      8.604628     17.209256
     -0.160000      9.932941      9.932941     19.865882
     -0.140000     11.266351     11.266351     22.532701
     -0.120000     12.564078     12.564078     25.128155
     -0.100000     13.779328     13.779328     27.558657
     -0.080000     14.838175     14.838175     29.676349
     -0.060000     15.640405     15.640405     31.280810
     -0.040000     16.083953     16.083953     32.167906
     -0.020000     16.098318     16.098318     32.196636
      0.000000     15.667484     15.667484     31.334968
      0.020000     14.831781     14.831781     29.663563
      0.040000     13.672499     13.672499     27.344998
      0.060000     12.291483     12.291483     24.582966
      0.080000     10.795910     10.795910     21.591820
      0.100000      9.290390      9.290390     18.580781
      0.120000      7.872735      7.872735     15.745469
      0.140000      6.630027      6.630027     13.260055
      0.160000      5.635373      5.635373     11.270745
      0.180000      4.947408      4.947408      9.894816
      0.200000      4.612122      4.612122      9.224244
      0.220000      4.662392      4.662392      9.324785
      0.240000      5.109637      5.109637     10.219273
      0.260000      5.926382      5.926382     11.852763
      0.280000      7.026383      7.026383     14.052766
      0.300000      8.255372      8.255372     16.510745
      0.320000      9.405648      9.405648     18.811297
      0.340000     10.259347     10.259347     20.518693
      0.360000     10.650684     10.650684     21.301369
      0.380000     10.523875     10.523875     21.047751
      0.400000      9.959664      9.959664     19.919329
      0.420000      9.154262      9.154262     18.308524
      0.440000      8.355831      8.355831     16.711662
      0.460000      7.783801      7.783801     15.567602
      0.480000      7.563441      7.563441     15.126882
      0.500000      7.698794      7.698794     15.397588
      0.520000      8.088224      8.088224     16.176447
      0.540000      8.569895      8.569895     17.139790
      0.560000      8.977155      8.977155     17.954309
      0.580000      9.186019      9.186019     18.372038
      0.600000      9.143764      9.143764     18.287528
      0.620000      8.874259      8.874259     17.748519
      0.640000      8.461088      8.461088     16.922176
      0.660000      8.014491      8.014491     16.028982
      0.680000      7.633070      7.633070     15.266139
      0.700000      7.373900      7.373900     14.747800
      0.720000      7.242605      7.242605     14.485210
      0.740000      7.207104      7.207104     14.414208
      0.760000      7.227774      7.227774     14.455547
      0.780000      7.287876      7.287876     14.575752
      0.800000      7.406688      7.406688     14.813377
      0.820000      7.625911      7.625911     15.251821
      0.840000      7.974509      7.974509     15.949018
      0.860000      8.430646      8.430646     16.861291
      0.880000      8.903547      8.903547     17.807094
      0.900000      9.249528      9.249528     18.499057
      0.920000      9.318679      9.318679     18.637357
      0.940000      9.011693      9.011693     18.023387
      0.960000      8.320007      8.320007     16.640015
      0.980000      7.330616      7.330616     14.661233
      1.000000      6.194843      6.194843     12.389686
      1.020000      5.077197      5.077197     10.154394
      1.040000      4.107296      4.107296      8.214592
      1.060000      3.352469      3.352469      6.704939
      1.080000      2.816491      2.816491      5.632983
      1.100000      2.458703      2.458703      4.917406
      1.120000      2.222443      2.222443      4.444885
      1.140000      2.062130      2.062130      4.124259
      1.160000      1.961493      1.961493      3.922985
      1.180000      1.938754      1.938754      3.877508
      1.200000      2.037498      2.037498      4.074997
      1.220000      2.305265      2.305265      4.610530
      1.240000      2.765975      2.765975      5.531949
      1.260000      3.395973      3.395973      6.791946
      1.280000      4.114592      4.114592      8.229184
      1.300000      4.796599      4.796599      9.593199
      1.320000      5.305780      5.305780     10.611560
      1.340000      5.538917      5.538917     11.077835
      1.360000      5.462745      5.462745     10.925490
      1.380000      5.127378      5.127378     10.254757
      1.400000      4.649180      4.649180      9.298360
      1.420000      4.169714      4.169714      8.339428
      1.440000      3.808366      3.808366      7.616732
      1.460000      3.628514      3.628514      7.257029
      1.480000      3.629910      3.629910      7.259819
      1.500000      3.767353      3.767353      7.534707
      1.520000      3.984520      3.984520      7.969041
      1.540000      4.246868      4.246868      8.493736
      1.560000      4.560036      4.560036      9.120072
      1.580000      4.967291      4.967291      9.934582
      1.600000      5.527463      5.527463     11.054926
      1.620000      6.281038      6.281038     12.562076
      1.640000      7.216145      7.216145     14.432291
      1.660000      8.248092      8.248092     16.496184
      1.680000      9.224527      9.224527     18.449054
      1.700000      9.961062      9.961062     19.922125
      1.720000     10.299481     10.299481     20.598962
      1.740000     10.167550     10.167550     20.335101
      1.760000      9.614134      9.614134     19.228269
      1.780000      8.801133      8.801133     17.602267
      1.800000      7.952357      7.952357     15.904713
      1.820000      7.278919      7.278919     14.557838
      1.840000      6.910673      6.910673     13.821345
      1.860000      6.859111      6.859111     13.718223
      1.880000      7.022829      7.022829     14.045659
      1.900000      7.229912      7.229912     14.459825
      1.920000      7.299689      7.299689     14.599378
      1.940000      7.102337      7.102337     14.204673
      1.960000      6.598615      6.598615     13.197229
      1.980000      5.850896      5.850896     11.701792
      2.000000      5.006752      5.006752     10.013504
      2.020000      4.263633      4.263633      8.527267
      2.040000      3.825160      3.825160      7.650319
      2.060000      3.857012      3.857012      7.714023
      2.080000      4.447270      4.447270      8.894540
      2.100000      5.576302      5.576302     11.152605
      2.120000      7.105119      7.105119     14.210239
      2.140000      8.793339      8.793339     17.586678
      2.160000     10.351779     10.351779     20.703559
      2.180000     11.519091     11.519091     23.038183
      2.200000     12.134980     12.134980     24.269959
      2.220000     12.177771     12.177771     24.355541
      2.240000     11.748803     11.748803     23.497607
      2.260000     11.013808     11.013808     22.027616
      2.280000     10.134450     10.134450     20.268901
      2.300000      9.225730      9.225730     18.451461
      2.320000      8.355223      8.355223     16.710446
      2.340000      7.572123      7.572123     15.144246
      2.360000      6.936688      6.936688     13.873377
      2.380000      6.524428      6.524428     13.048856
      2.400000      6.399878      6.399878     12.799756
      2.420000      6.577513      6.577513     13.155025
      2.440000      6.997576      6.997576     13.995152
      2.460000      7.536840      7.536840     15.073680
      2.480000      8.053777      8.053777     16.107554
      2.500000      8.446818      8.446818     16.893637
      2.520000      8.695195      8.695195     17.390389
      2.540000      8.859570      8.859570     17.719140
      2.560000      9.040277      9.040277     18.080553
      2.580000      9.313705      9.313705     18.627410
      2.600000      9.680308      9.680308     19.360616
      2.620000     10.053338     10.053338     20.106676
      2.640000     10.296825     10.296825     20.593651
      2.660000     10.294154     10.294154     20.588307
      2.680000     10.009716     10.009716     20.019433
      2.700000      9.507923      9.507923     19.015846
      2.720000      8.917427      8.917427     17.834853
      2.740000      8.361053      8.361053     16.722106
      2.760000      7.893092      7.893092     15.786184
      2.780000      7.481085      7.481085     14.962171
      2.800000      7.041467      7.041467     14.082933
      2.820000      6.505515      6.505515     13.011030
      2.840000      5.875205      5.875205     11.750409
      2.860000      5.237113      5.237113     10.474225
      2.880000      4.728830      4.728830      9.457659
      2.900000      4.478567      4.478567      8.957133
      2.920000      4.550013      4.550013      9.100027
      2.940000      4.917675      4.917675      9.835349
      2.960000      5.480123      5.480123     10.960247
      2.980000      6.100622      6.100622     12.201244
      3.000000      6.654333      6.654333     13.308666
      3.020000      7.061561      7.061561     14.123122
      3.040000      7.295527      7.295527     14.591053
      3.060000      7.366405      7.366405     14.732811
      3.080000      7.294692      7.294692     14.589384
      3.100000      7.091004      7.091004     14.182008
      3.120000      6.754227      6.754227     13.508454
      3.140000      6.288279      6.288279     12.576558
      3.160000      5.726061      5.726061     11.452122
      3.180000      5.143848      5.143848     10.287696
      3.200000      4.653259      4.653259      9.306518
      3.220000      4.369079      4.369079      8.738157
      3.240000      4.364097      4.364097      8.728195
      3.260000      4.630669      4.630669      9.261338
      3.280000      5.068659      5.068659     10.137317
      3.300000      5.509840      5.509840     11.019679
      3.320000      5.772909      5.772909     11.545817
      3.340000      5.728134      5.728134     11.456269
      3.360000      5.344548      5.344548     10.689097
      3.380000      4.699878      4.699878      9.399756
      3.400000      3.950788      3.950788      7.901577
      3.420000      3.278583      3.278583      6.557166
      3.440000      2.833677      2.833677      5.667353
      3.460000      2.697959      2.697959      5.395918
      3.480000      2.872690      2.872690      5.745381
      3.500000      3.288725      3.288725      6.577451
      3.520000      3.830579      3.830579      7.661158
      3.540000      4.365856      4.365856      8.731713
      3.560000      4.773825      4.773825      9.547651
      3.580000      4.968858      4.968858      9.937716
      3.600000      4.915455      4.915455      9.830910
      3.620000      4.632304      4.632304      9.264608
      3.640000      4.184261      4.184261      8.368521
      3.660000      3.663674      3.663674      7.327347
      3.680000      3.165782      3.165782      6.331564
      3.700000      2.765543      2.765543      5.531087
      3.720000      2.503517      2.503517      5.007033
      3.740000      2.385438      2.385438      4.770876
      3.760000      2.394826      2.394826      4.789652
      3.780000      2.512772      2.512772      5.025544
      3.800000      2.736210      2.736210      5.472419
      3.820000      3.086344      3.086344      6.172687
      3.840000      3.601988      3.601988      7.203975
      3.860000      4.317584      4.317584      8.635168
      3.880000      5.232002      5.232002     10.464004
      3.900000      6.280485      6.280485     12.560970
      3.920000      7.325240      7.325240     14.650480
      3.940000      8.176144      8.176144     16.352289
      3.960000      8.640691      8.640691     17.281382
      3.980000      8.586449      8.586449     17.172897
      4.000000      7.989447      7.989447     15.978895
      4.020000      6.945974      6.945974     13.891948
      4.040000      5.642460      5.642460     11.284920
      4.060000      4.298515      4.298515      8.597030
      4.080000      3.109319      3.109319      6.218639
      4.100000      2.209843      2.209843      4.419687
      4.120000      1.668867      1.668867      3.337735
      4.140000      1.505374      1.505374      3.010748
      4.160000      1.711614      1.711614      3.423227
      4.180000      2.268171      2.268171      4.536343
      4.200000      3.143971      3.143971      6.287942
      4.220000      4.283935      4.283935      8.567871
      4.240000      5.595031      5.595031     11.190061
      4.260000      6.944374      6.944374     13.888748
      4.280000      8.178700      8.178700     16.357401
      4.300000      9.163388      9.163388     18.326776
      4.320000      9.826291      9.826291     19.652581
      4.340000     10.184568     10.184568     20.369136
      4.360000     10.337298     10.337298     20.674597
      4.380000     10.422104     10.422104     20.844208
      4.400000     10.552549     10.552549     21.105098
      4.420000     10.764546     10.764546     21.529091
      4.440000     10.997630     10.997630     21.995261
      4.460000     11.121116     11.121116     22.242232
      4.480000     10.993241     10.993241     21.986483
      4.500000     10.524893     10.524893     21.049785
      4.520000      9.717765      9.717765     19.435529
      4.540000      8.661577      8.661577     17.323153
      4.560000      7.497535      7.497535     14.995069
      4.580000      6.371678      6.371678     12.743355
      4.600000      5.402316      5.402316     10.804632
      4.620000      4.671834      4.671834      9.343668
      4.640000      4.235697      4.235697      8.471394
      4.660000      4.132573      4.132573      8.265147
      4.680000      4.383653      4.383653      8.767305
      4.700000      4.981430      4.981430      9.962861
      4.720000      5.878542      5.878542     11.757084
      4.740000      6.988330      6.988330     13.976659
      4.760000      8.200677      8.200677     16.401353
      4.780000      9.405949      9.405949     18.811898
      4.800000     10.514734     10.514734     21.029467
      4.820000     11.464844     11.464844     22.929688
      4.840000     12.216233     12.216233     24.432466
      4.860000     12.741652     12.741652     25.483303
      4.880000     13.021074     13.021074     26.042147
      4.900000     13.042128     13.042128     26.084255
      4.920000     12.802696     12.802696     25.605393
      4.940000     12.310694     12.310694     24.621389
      4.960000     11.580209     11.580209     23.160419
      4.980000     10.628335     10.628335     21.256670
      5.000000      9.477896      9.477896     18.955792
      5.020000      8.166461      8.166461     16.332922
      5.040000      6.755438      6.755438     13.510876
      5.060000      5.330631      5.330631     10.661262
      5.080000      3.990107      3.990107      7.980214
      5.100000      2.823550      2.823550      5.647100
      5.120000      1.893135      1.893135      3.786270
      5.140000      1.225025      1.225025      2.450051
      5.160000      0.814036      0.814036      1.628071
      5.180000      0.636590      0.636590      1.273181
      5.200000      0.663617      0.663617      1.327235
      5.220000      0.866741      0.866741      1.733483
      5.240000      1.216287      1.216287      2.432575
      5.260000      1.674829      1.674829      3.349659
      5.280000      2.192618      2.192618      4.385236
      5.300000      2.709956      2.709956      5.419912
      5.320000      3.167276      3.167276      6.334552
      5.340000      3.518787      3.518787      7.037574
      5.360000      3.743091      3.743091      7.486183
      5.380000      3.845847      3.845847      7.691693
      5.400000      3.854335      3.854335      7.708670
      5.420000      3.808459      3.808459      7.616917
      5.440000      3.753807      3.753807      7.507615
      5.460000      3.739065      3.739065      7.478131
      5.480000      3.814504      3.814504      7.629008
      5.500000      4.025216      4.025216      8.050432
      5.520000      4.395608      4.395608      8.791216
      5.540000      4.909937      4.909937      9.819873
      5.560000      5.501803      5.501803     11.003607
      5.580000      6.065979      6.065979     12.131958
      5.600000      6.495352      6.495352     12.990704
      5.620000      6.729036      6.729036     13.458072
      5.640000      6.786314      6.786314     13.572627
      5.660000      6.764855      6.764855     13.529710
      5.680000      6.800224      6.800224     13.600449
      5.700000      7.005524      7.005524     14.011048
      5.720000      7.420776      7.420776     14.841553
      5.740000      7.994806      7.994806     15.989612
      5.760000      8.603874      8.603874     17.207748
      5.780000      9.093865      9.093865     18.187730
      5.800000      9.326389      9.326389     18.652778
      5.820000      9.214260      9.214260     18.428519
      5.840000      8.741523      8.741523     17.483046
      5.860000      7.969666      7.969666     15.939332
      5.880000      7.032208      7.032208     14.064417
      5.900000      6.117515      6.117515     12.235030
      5.920000      5.438912      5.438912     10.877824
      5.940000      5.193901      5.193901     10.387802
      5.960000      5.518883      5.518883     11.037765
      5.980000      6.449585      6.449585     12.899169
      6.000000      7.898565      7.898565     15.797129
      6.020000      9.659169      9.659169     19.318338
      6.040000     11.439855     11.439855     22.879709
      6.060000     12.924191     12.924191     25.848382
      6.080000     13.842388     13.842388     27.684776
      6.100000     14.034031     14.034031     28.068061
      6.120000     13.482795     13.482795     26.965591
      6.140000     12.312805     12.312805     24.625610
      6.160000     10.749424     10.749424     21.498848
      6.180000      9.058836      9.058836     18.117672
      6.200000      7.486148      7.486148     14.972295
      6.220000      6.209691      6.209691     12.419383
      6.240000      5.321515      5.321515     10.643030
      6.260000      4.834309      4.834309      9.668619
      6.280000      4.706666      4.706666      9.413332
      6.300000      4.873877      4.873877      9.747755
      6.320000      5.271418      5.271418     10.542835
      6.340000      5.842734      5.842734     11.685469
      6.360000      6.530726      6.530726     13.061453
      6.380000      7.260785      7.260785     14.521571
      6.400000      7.928749      7.928749     15.857498
      6.420000      8.406116      8.406116     16.812231
      6.440000      8.566606      8.566606     17.133212
      6.460000      8.325964      8.325964     16.651928
      6.480000      7.677476      7.677476     15.354951
      6.500000      6.705165      6.705165     13.410331
      6.520000      5.566349      5.566349     11.132699
      6.540000      4.450007      4.450007      8.900014
      6.560000      3.528694      3.528694      7.057388
      6.580000      2.923034      2.923034      5.846068
      6.600000      2.689208      2.689208      5.378416
      6.620000      2.827092      2.827092      5.654185
      6.640000      3.297350      3.297350      6.594701
      6.660000      4.034592      4.034592      8.069185
      6.680000      4.950491      4.950491      9.900982
      6.700000      5.930939      5.930939     11.861878
      6.720000      6.838409      6.838409     13.676818
      6.740000      7.529507      7.529507     15.059013
      6.760000      7.888124      7.888124     15.776248
      6.780000      7.862358      7.862358     15.724716
      6.800000      7.487041      7.487041     14.974081
      6.820000      6.878590      6.878590     13.757181
      6.840000      6.202517      6.202517     12.405033
      6.860000      5.627481      5.627481     11.254962
      6.880000      5.284860      5.284860     10.569720
      6.900000      5.247067      5.247067     10.494134
      6.920000      5.526618      5.526618     11.053236
      6.940000      6.088749      6.088749     12.177498
      6.960000      6.867940      6.867940     13.735879
      6.980000      7.782177      7.782177     15.564355
      7.000000      8.744044      8.744044     17.488087
      7.020000      9.670863      9.670863     19.341727
      7.040000     10.495894     10.495894     20.991788
      7.060000     11.179791     11.179791     22.359582
      7.080000     11.718419     11.718419     23.436839
      7.100000     12.141626     12.141626     24.283252
      7.120000     12.499669     12.499669     24.999338
      7.140000     12.839746     12.839746     25.679493
      7.160000     13.181667     13.181667     26.363333
      7.180000     13.504180     13.504180     27.008361
      7.200000     13.748724     13.748724     27.497449
      7.220000     13.837813     13.837813     27.675626
      7.240000     13.698153     13.698153     27.396306
      7.260000     13.279135     13.279135     26.558270
      7.280000     12.564018     12.564018     25.128036
      7.300000     11.576561     11.576561     23.153123
      7.320000     10.384748     10.384748     20.769497
      7.340000      9.097710      9.097710     18.195420
      7.360000      7.849537      7.849537     15.699074
      7.380000      6.769204      6.769204     13.538408
      7.400000      5.946092      5.946092     11.892183
      7.420000      5.406856      5.406856     10.813712
      7.440000      5.115567      5.115567     10.231134
      7.460000      4.997137      4.997137      9.994275
      7.480000      4.972287      4.972287      9.944573
      7.500000      4.988082      4.988082      9.976163
      7.520000      5.032570      5.032570     10.065139
      7.540000      5.130594      5.130594     10.261188
      7.560000      5.325033      5.325033     10.650066
      7.580000      5.651248      5.651248     11.302496
      7.600000      6.113547      6.113547     12.227095
      7.620000      6.672232      6.672232     13.344464
      7.640000      7.247457      7.247457     14.494914
      7.660000      7.740348      7.740348     15.480696
      7.680000      8.063574      8.063574     16.127148
      7.700000      8.167656      8.167656     16.335311
      7.720000      8.050647      8.050647     16.101295
      7.740000      7.748022      7.748022     15.496044
      7.760000      7.311113      7.311113     14.622226
      7.780000      6.788607      6.788607     13.577214
      7.800000      6.222132      6.222132     12.444265
      7.820000      5.656361      5.656361     11.312722
      7.840000      5.153348      5.153348     10.306696
      7.860000      4.797077      4.797077      9.594154
      7.880000      4.679879      4.679879      9.359757
      7.900000      4.874435      4.874435      9.748870
      7.920000      5.406089      5.406089     10.812178
      7.940000      6.242715      6.242715     12.485429
      7.960000      7.310338      7.310338     14.620675
      7.980000      8.526479      8.526479     17.052957
      8.000000      9.830164      9.830164     19.660328
      8.020000     11.187854     11.187854     22.375707
      8.040000     12.569877     12.569877     25.139754
      8.060000     13.912987     13.912987     27.825973
      8.080000     15.096629     15.096629     30.193258
      8.100000     15.954383     15.954383     31.908766
      8.120000     16.321364     16.321364     32.642728
      8.140000     16.096728     16.096728     32.193456
      8.160000     15.291140     15.291140     30.582280
      8.180000     14.036633     14.036633     28.073267
      8.200000     12.554806     12.554806     25.109612
      8.220000     11.097785     11.097785     22.195569
      8.240000      9.885805      9.885805     19.771610
      8.260000      9.062740      9.062740     18.125481
      8.280000      8.680013      8.680013     17.360027
      8.300000      8.706902      8.706902     17.413804
      8.320000      9.057043      9.057043     18.114086
      8.340000      9.619056      9.619056     19.238111
      8.360000     10.281952     10.281952     20.563905
      8.380000     10.950522     10.950522     21.901045
      8.400000     11.550262     11.550262     23.100525
      8.420000     12.024981     12.024981     24.049963
      8.440000     12.332474     12.332474     24.664949
      8.460000     12.443771     12.443771     24.887541
      8.480000     12.348791     12.348791     24.697582
      8.500000     12.066563     12.066563     24.133126
      8.520000     11.653745     11.653745     23.307491
      8.540000     11.203796     11.203796     22.407593
      8.560000     10.832097     10.832097     21.664194
      8.580000     10.648695     10.648695     21.297389
      8.600000     10.726919     10.726919     21.453838
      8.620000     11.079152     11.079152     22.158304
      8.640000     11.648585     11.648585     23.297169
      8.660000     12.319292     12.319292     24.638584
      8.680000     12.940406     12.940406     25.880812
      8.700000     13.356968     13.356968     26.713936
      8.720000     13.440559     13.440559     26.881118
      8.740000     13.114566     13.114566     26.229131
      8.760000     12.370028     12.370028     24.740056
      8.780000     11.268837     11.268837     22.537674
      8.800000      9.933149      9.933149     19.866298
      8.820000      8.523304      8.523304     17.046607
      8.840000      7.209100      7.209100     14.418201
      8.860000      6.139583      6.139583     12.279165
      8.880000      5.415356      5.415356     10.830711
      8.900000      5.067361      5.067361     10.134722
      8.920000      5.047458      5.047458     10.094917
      8.940000      5.236784      5.236784     10.473568
      8.960000      5.474577      5.474577     10.949154
      8.980000      5.602700      5.602700     11.205399
      9.000000      5.512968      5.512968     11.025935
      9.020000      5.180856      5.180856     10.361713
      9.040000      4.673004      4.673004      9.346008
      9.060000      4.125768      4.125768      8.251537
      9.080000      3.702939      3.702939      7.405877
      9.100000      3.547495      3.547495      7.094990
      9.120000      3.742779      3.742779      7.485558
      9.140000      4.293556      4.293556      8.587111
      9.160000      5.129977      5.129977     10.259954
      9.180000      6.129930      6.129930     12.259860
      9.200000      7.149993      7.149993     14.299985
      9.220000      8.054148      8.054148     16.108296
      9.240000      8.733434      8.733434     17.466868
      9.260000      9.116839      9.116839     18.233678
      9.280000      9.178914      9.178914     18.357829
      9.300000      8.948291      8.948291     17.896582
      9.320000      8.514086      8.514086     17.028172
      9.340000      8.020507      8.020507     16.041014
      9.360000      7.641039      7.641039     15.282078
      9.380000      7.533675      7.533675     15.067350
      9.400000      7.791459      7.791459     15.582918
      9.420000      8.409094      8.409094     16.818188
      9.440000      9.281992      9.281992     18.563984
      9.460000     10.241203     10.241203     20.482407
      9.480000     11.112644     11.112644     22.225288
      9.500000     11.778350     11.778350     23.556700
      9.520000     12.215258     12.215258     24.430516
      9.540000     12.495007     12.495007     24.990013
      9.560000     12.744542     12.744542     25.489085
      9.580000     13.085372     13.085372     26.170744
      9.600000     13.579335     13.579335     27.158670
      9.620000     14.204162     14.204162     28.408324
      9.640000     14.865101     14.865101     29.730202
      9.660000     15.430432     15.430432     30.860865
      9.680000     15.770439     15.770439     31.540877
      9.700000     15.784668     15.784668     31.569335
      9.720000     15.414460     15.414460     30.828920
      9.740000     14.646484     14.646484     29.292968
      9.760000     13.513462     13.513462     27.026924
      9.780000     12.093262     12.093262     24.186523
      9.800000     10.503410     10.503410     21.006820
      9.820000      8.888271      8.888271     17.776543
      9.840000      7.399299      7.399299     14.798598
      9.860000      6.171635      6.171635     12.343271
      9.880000      5.301316      5.301316     10.602632
      9.900000      4.827349      4.827349      9.654698
      9.920000      4.723117      4.723117      9.446235
      9.940000      4.901534      4.901534      9.803068
      9.960000      5.236390      5.236390     10.472780
      9.980000      5.597246      5.597246     11.194492
     10.000000      5.888411      5.888411     11.776822
