# EIG2DOS: Utility for SIESTA to obtain the electronic density of states
#  E. Artacho, Apr 1999, A. Garcia, Apr 2012
# ------------------------------------------
# Eigenvalues read from GRP_doping.EIG
# Using smearing parameter:   0.100
# Using   1001 points in energy range
# Selected bands: 1 to: 936
# Emin, emax in file for selected band(s):    -40.3110600    233.7266700
# Nbands, Nspin, Nk   =    936     1   231
# E_F                 =    -3.9911 eV --> (shifted to ZERO)
# Broadening          =     0.1000 eV
#
#        E            N(up)  (=)   N(down)         Ntot
    -10.000000      5.566774      5.566774     11.133548
     -9.980000      5.703234      5.703234     11.406469
     -9.960000      5.978050      5.978050     11.956100
     -9.940000      6.410297      6.410297     12.820595
     -9.920000      6.993573      6.993573     13.987145
     -9.900000      7.682047      7.682047     15.364095
     -9.880000      8.389544      8.389544     16.779088
     -9.860000      9.007332      9.007332     18.014664
     -9.840000      9.437469      9.437469     18.874938
     -9.820000      9.628539      9.628539     19.257078
     -9.800000      9.596489      9.596489     19.192977
     -9.780000      9.418587      9.418587     18.837173
     -9.760000      9.200897      9.200897     18.401795
     -9.740000      9.032317      9.032317     18.064633
     -9.720000      8.945126      8.945126     17.890252
     -9.700000      8.900370      8.900370     17.800741
     -9.680000      8.806706      8.806706     17.613412
     -9.660000      8.566728      8.566728     17.133457
     -9.640000      8.130660      8.130660     16.261320
     -9.620000      7.530923      7.530923     15.061846
     -9.600000      6.877869      6.877869     13.755739
     -9.580000      6.315438      6.315438     12.630875
     -9.560000      5.956564      5.956564     11.913127
     -9.540000      5.829694      5.829694     11.659387
     -9.520000      5.862722      5.862722     11.725445
     -9.500000      5.911831      5.911831     11.823662
     -9.480000      5.820650      5.820650     11.641301
     -9.460000      5.481635      5.481635     10.963270
     -9.440000      4.872888      4.872888      9.745775
     -9.420000      4.057819      4.057819      8.115637
     -9.400000      3.153518      3.153518      6.307035
     -9.380000      2.286666      2.286666      4.573332
     -9.360000      1.557635      1.557635      3.115269
     -9.340000      1.025186      1.025186      2.050372
     -9.320000      0.712062      0.712062      1.424125
     -9.300000      0.622355      0.622355      1.244711
     -9.280000      0.758385      0.758385      1.516771
     -9.260000      1.127616      1.127616      2.255232
     -9.240000      1.736441      1.736441      3.472882
     -9.220000      2.574820      2.574820      5.149640
     -9.200000      3.601085      3.601085      7.202170
     -9.180000      4.737156      4.737156      9.474313
     -9.160000      5.879429      5.879429     11.758858
     -9.140000      6.921483      6.921483     13.842966
     -9.120000      7.777239      7.777239     15.554477
     -9.100000      8.393278      8.393278     16.786556
     -9.080000      8.747757      8.747757     17.495513
     -9.060000      8.843819      8.843819     17.687638
     -9.040000      8.708054      8.708054     17.416108
     -9.020000      8.395835      8.395835     16.791671
     -9.000000      7.993049      7.993049     15.986098
     -8.980000      7.600402      7.600402     15.200804
     -8.960000      7.298176      7.298176     14.596352
     -8.940000      7.107902      7.107902     14.215804
     -8.920000      6.976907      6.976907     13.953814
     -8.900000      6.801878      6.801878     13.603755
     -8.880000      6.483628      6.483628     12.967256
     -8.860000      5.984250      5.984250     11.968500
     -8.840000      5.355077      5.355077     10.710155
     -8.820000      4.721174      4.721174      9.442347
     -8.800000      4.233004      4.233004      8.466007
     -8.780000      4.012229      4.012229      8.024458
     -8.760000      4.117489      4.117489      8.234979
     -8.740000      4.541092      4.541092      9.082185
     -8.720000      5.229755      5.229755     10.459511
     -8.700000      6.112214      6.112214     12.224429
     -8.680000      7.117739      7.117739     14.235478
     -8.660000      8.179270      8.179270     16.358541
     -8.640000      9.226051      9.226051     18.452102
     -8.620000     10.176479     10.176479     20.352958
     -8.600000     10.939920     10.939920     21.879840
     -8.580000     11.429163     11.429163     22.858326
     -8.560000     11.578760     11.578760     23.157520
     -8.540000     11.362665     11.362665     22.725330
     -8.520000     10.806460     10.806460     21.612921
     -8.500000      9.991345      9.991345     19.982689
     -8.480000      9.047009      9.047009     18.094017
     -8.460000      8.130935      8.130935     16.261870
     -8.440000      7.395804      7.395804     14.791608
     -8.420000      6.954004      6.954004     13.908008
     -8.400000      6.853107      6.853107     13.706214
     -8.380000      7.073137      7.073137     14.146275
     -8.360000      7.545756      7.545756     15.091512
     -8.340000      8.183947      8.183947     16.367895
     -8.320000      8.906383      8.906383     17.812766
     -8.300000      9.646295      9.646295     19.292591
     -8.280000     10.346035     10.346035     20.692071
     -8.260000     10.947390     10.947390     21.894779
     -8.240000     11.388654     11.388654     22.777307
     -8.220000     11.613112     11.613112     23.226224
     -8.200000     11.585500     11.585500     23.171000
     -8.180000     11.308411     11.308411     22.616822
     -8.160000     10.830885     10.830885     21.661770
     -8.140000     10.244740     10.244740     20.489479
     -8.120000      9.668316      9.668316     19.336632
     -8.100000      9.221116      9.221116     18.442232
     -8.080000      8.995817      8.995817     17.991633
     -8.060000      9.035538      9.035538     18.071076
     -8.040000      9.323174      9.323174     18.646349
     -8.020000      9.785870      9.785870     19.571740
     -8.000000     10.312531     10.312531     20.625062
     -7.980000     10.777779     10.777779     21.555559
     -7.960000     11.064422     11.064422     22.128844
     -7.940000     11.079256     11.079256     22.158511
     -7.920000     10.762126     10.762126     21.524252
     -7.900000     10.091759     10.091759     20.183517
     -7.880000      9.090972      9.090972     18.181944
     -7.860000      7.829477      7.829477     15.658954
     -7.840000      6.419012      6.419012     12.838025
     -7.820000      4.997199      4.997199      9.994398
     -7.800000      3.702836      3.702836      7.405673
     -7.780000      2.651525      2.651525      5.303049
     -7.760000      1.921350      1.921350      3.842699
     -7.740000      1.552987      1.552987      3.105974
     -7.720000      1.560657      1.560657      3.121314
     -7.700000      1.945060      1.945060      3.890119
     -7.680000      2.699482      2.699482      5.398965
     -7.660000      3.805088      3.805088      7.610176
     -7.640000      5.218017      5.218017     10.436033
     -7.620000      6.856152      6.856152     13.712303
     -7.600000      8.594559      8.594559     17.189119
     -7.580000     10.274885     10.274885     20.549771
     -7.560000     11.727253     11.727253     23.454506
     -7.540000     12.797663     12.797663     25.595327
     -7.520000     13.373136     13.373136     26.746272
     -7.500000     13.400351     13.400351     26.800701
     -7.480000     12.896955     12.896955     25.793910
     -7.460000     11.954133     11.954133     23.908266
     -7.440000     10.726116     10.726116     21.452231
     -7.420000      9.402654      9.402654     18.805308
     -7.400000      8.167462      8.167462     16.334924
     -7.380000      7.155348      7.155348     14.310696
     -7.360000      6.425054      6.425054     12.850107
     -7.340000      5.958983      5.958983     11.917966
     -7.320000      5.688493      5.688493     11.376986
     -7.300000      5.532384      5.532384     11.064769
     -7.280000      5.432579      5.432579     10.865157
     -7.260000      5.374499      5.374499     10.748998
     -7.240000      5.386626      5.386626     10.773252
     -7.220000      5.521085      5.521085     11.042170
     -7.200000      5.823700      5.823700     11.647401
     -7.180000      6.306243      6.306243     12.612486
     -7.160000      6.932910      6.932910     13.865819
     -7.140000      7.626132      7.626132     15.252264
     -7.120000      8.287037      8.287037     16.574073
     -7.100000      8.820105      8.820105     17.640211
     -7.080000      9.154087      9.154087     18.308174
     -7.060000      9.258641      9.258641     18.517282
     -7.040000      9.159949      9.159949     18.319898
     -7.020000      8.953316      8.953316     17.906633
     -7.000000      8.801143      8.801143     17.602286
     -6.980000      8.901933      8.901933     17.803865
     -6.960000      9.427613      9.427613     18.855226
     -6.940000     10.447626     10.447626     20.895252
     -6.920000     11.874255     11.874255     23.748510
     -6.900000     13.461266     13.461266     26.922533
     -6.880000     14.865878     14.865878     29.731755
     -6.860000     15.754309     15.754309     31.508618
     -6.840000     15.910272     15.910272     31.820545
     -6.820000     15.304072     15.304072     30.608144
     -6.800000     14.096680     14.096680     28.193360
     -6.780000     12.579103     12.579103     25.158206
     -6.760000     11.071547     11.071547     22.143093
     -6.740000      9.820849      9.820849     19.641698
     -6.720000      8.933830      8.933830     17.867660
     -6.700000      8.368634      8.368634     16.737268
     -6.680000      7.981598      7.981598     15.963195
     -6.660000      7.604317      7.604317     15.208634
     -6.640000      7.115498      7.115498     14.230995
     -6.620000      6.479382      6.479382     12.958763
     -6.600000      5.742068      5.742068     11.484137
     -6.580000      4.997141      4.997141      9.994281
     -6.560000      4.342342      4.342342      8.684683
     -6.540000      3.846454      3.846454      7.692907
     -6.520000      3.534950      3.534950      7.069900
     -6.500000      3.392439      3.392439      6.784877
     -6.480000      3.374972      3.374972      6.749945
     -6.460000      3.426194      3.426194      6.852388
     -6.440000      3.494369      3.494369      6.988739
     -6.420000      3.548616      3.548616      7.097231
     -6.400000      3.590863      3.590863      7.181726
     -6.380000      3.657581      3.657581      7.315162
     -6.360000      3.805928      3.805928      7.611856
     -6.340000      4.084948      4.084948      8.169895
     -6.320000      4.501669      4.501669      9.003338
     -6.300000      4.998746      4.998746      9.997492
     -6.280000      5.458572      5.458572     10.917144
     -6.260000      5.737316      5.737316     11.474633
     -6.240000      5.716467      5.716467     11.432933
     -6.220000      5.348832      5.348832     10.697664
     -6.200000      4.677933      4.677933      9.355866
     -6.180000      3.823621      3.823621      7.647242
     -6.160000      2.944066      2.944066      5.888132
     -6.140000      2.194283      2.194283      4.388566
     -6.120000      1.698773      1.698773      3.397546
     -6.100000      1.543874      1.543874      3.087747
     -6.080000      1.782527      1.782527      3.565053
     -6.060000      2.438246      2.438246      4.876492
     -6.040000      3.498677      3.498677      6.997355
     -6.020000      4.899333      4.899333      9.798666
     -6.000000      6.508614      6.508614     13.017228
     -5.980000      8.129908      8.129908     16.259815
     -5.960000      9.531780      9.531780     19.063559
     -5.940000     10.504028     10.504028     21.008057
     -5.920000     10.921464     10.921464     21.842927
     -5.900000     10.787592     10.787592     21.575185
     -5.880000     10.234253     10.234253     20.468506
     -5.860000      9.471386      9.471386     18.942772
     -5.840000      8.705588      8.705588     17.411177
     -5.820000      8.063498      8.063498     16.126995
     -5.800000      7.555332      7.555332     15.110665
     -5.780000      7.094057      7.094057     14.188113
     -5.760000      6.557251      6.557251     13.114503
     -5.740000      5.858312      5.858312     11.716624
     -5.720000      4.992550      4.992550      9.985101
     -5.700000      4.041249      4.041249      8.082499
     -5.680000      3.140249      3.140249      6.280498
     -5.660000      2.434496      2.434496      4.868993
     -5.640000      2.039219      2.039219      4.078437
     -5.620000      2.016664      2.016664      4.033328
     -5.600000      2.365741      2.365741      4.731483
     -5.580000      3.018856      3.018856      6.037711
     -5.560000      3.845599      3.845599      7.691198
     -5.540000      4.669210      4.669210      9.338421
     -5.520000      5.300819      5.300819     10.601638
     -5.500000      5.586928      5.586928     11.173856
     -5.480000      5.454078      5.454078     10.908157
     -5.460000      4.931007      4.931007      9.862014
     -5.440000      4.137504      4.137504      8.275007
     -5.420000      3.245663      3.245663      6.491327
     -5.400000      2.432301      2.432301      4.864602
     -5.380000      1.842390      1.842390      3.684779
     -5.360000      1.572840      1.572840      3.145679
     -5.340000      1.672160      1.672160      3.344320
     -5.320000      2.144215      2.144215      4.288431
     -5.300000      2.947553      2.947553      5.895106
     -5.280000      3.991826      3.991826      7.983652
     -5.260000      5.141191      5.141191     10.282383
     -5.240000      6.234025      6.234025     12.468050
     -5.220000      7.118401      7.118401     14.236802
     -5.200000      7.690515      7.690515     15.381030
     -5.180000      7.918270      7.918270     15.836540
     -5.160000      7.839213      7.839213     15.678426
     -5.140000      7.536449      7.536449     15.072898
     -5.120000      7.107819      7.107819     14.215637
     -5.100000      6.644655      6.644655     13.289309
     -5.080000      6.227163      6.227163     12.454327
     -5.060000      5.931161      5.931161     11.862322
     -5.040000      5.833710      5.833710     11.667420
     -5.020000      6.006922      6.006922     12.013845
     -5.000000      6.498078      6.498078     12.996156
     -4.980000      7.304851      7.304851     14.609702
     -4.960000      8.360573      8.360573     16.721146
     -4.940000      9.541962      9.541962     19.083924
     -4.920000     10.700920     10.700920     21.401840
     -4.900000     11.708509     11.708509     23.417018
     -4.880000     12.490976     12.490976     24.981951
     -4.860000     13.040163     13.040163     26.080326
     -4.840000     13.392965     13.392965     26.785930
     -4.820000     13.590133     13.590133     27.180266
     -4.800000     13.635805     13.635805     27.271610
     -4.780000     13.479975     13.479975     26.959951
     -4.760000     13.035895     13.035895     26.071789
     -4.740000     12.226868     12.226868     24.453737
     -4.720000     11.040242     11.040242     22.080483
     -4.700000      9.559914      9.559914     19.119828
     -4.680000      7.957835      7.957835     15.915671
     -4.660000      6.445768      6.445768     12.891536
     -4.640000      5.209269      5.209269     10.418538
     -4.620000      4.353986      4.353986      8.707973
     -4.600000      3.885967      3.885967      7.771934
     -4.580000      3.729192      3.729192      7.458384
     -4.560000      3.766607      3.766607      7.533215
     -4.540000      3.883957      3.883957      7.767915
     -4.520000      4.000113      4.000113      8.000227
     -4.500000      4.078347      4.078347      8.156694
     -4.480000      4.123185      4.123185      8.246370
     -4.460000      4.171819      4.171819      8.343638
     -4.440000      4.286227      4.286227      8.572455
     -4.420000      4.545198      4.545198      9.090397
     -4.400000      5.029878      5.029878     10.059756
     -4.380000      5.797493      5.797493     11.594985
     -4.360000      6.846358      6.846358     13.692715
     -4.340000      8.086408      8.086408     16.172815
     -4.320000      9.334774      9.334774     18.669548
     -4.300000     10.349217     10.349217     20.698434
     -4.280000     10.894792     10.894792     21.789583
     -4.260000     10.820371     10.820371     21.640742
     -4.240000     10.113325     10.113325     20.226649
     -4.220000      8.908607      8.908607     17.817213
     -4.200000      7.448664      7.448664     14.897328
     -4.180000      6.011606      6.011606     12.023213
     -4.160000      4.836040      4.836040      9.672081
     -4.140000      4.067944      4.067944      8.135887
     -4.120000      3.742014      3.742014      7.484029
     -4.100000      3.795351      3.795351      7.590701
     -4.080000      4.101865      4.101865      8.203730
     -4.060000      4.513729      4.513729      9.027458
     -4.040000      4.899245      4.899245      9.798490
     -4.020000      5.170956      5.170956     10.341912
     -4.000000      5.300637      5.300637     10.601275
     -3.980000      5.318689      5.318689     10.637378
     -3.960000      5.296514      5.296514     10.593027
     -3.940000      5.314239      5.314239     10.628478
     -3.920000      5.422716      5.422716     10.845432
     -3.900000      5.614526      5.614526     11.229053
     -3.880000      5.818384      5.818384     11.636769
     -3.860000      5.922372      5.922372     11.844744
     -3.840000      5.817495      5.817495     11.634989
     -3.820000      5.442174      5.442174     10.884348
     -3.800000      4.807696      4.807696      9.615392
     -3.780000      3.994820      3.994820      7.989641
     -3.760000      3.126452      3.126452      6.252903
     -3.740000      2.331574      2.331574      4.663148
     -3.720000      1.716410      1.716410      3.432820
     -3.700000      1.351215      1.351215      2.702430
     -3.680000      1.271116      1.271116      2.542233
     -3.660000      1.483028      1.483028      2.966056
     -3.640000      1.970562      1.970562      3.941123
     -3.620000      2.693575      2.693575      5.387150
     -3.600000      3.584719      3.584719      7.169438
     -3.580000      4.548665      4.548665      9.097331
     -3.560000      5.469166      5.469166     10.938332
     -3.540000      6.225579      6.225579     12.451159
     -3.520000      6.715927      6.715927     13.431853
     -3.500000      6.879900      6.879900     13.759800
     -3.480000      6.713939      6.713939     13.427878
     -3.460000      6.272289      6.272289     12.544579
     -3.440000      5.652600      5.652600     11.305199
     -3.420000      4.970418      4.970418      9.940837
     -3.400000      4.331112      4.331112      8.662224
     -3.380000      3.808036      3.808036      7.616072
     -3.360000      3.432226      3.432226      6.864451
     -3.340000      3.193880      3.193880      6.387759
     -3.320000      3.052363      3.052363      6.104725
     -3.300000      2.950621      2.950621      5.901241
     -3.280000      2.830767      2.830767      5.661534
     -3.260000      2.648325      2.648325      5.296649
     -3.240000      2.382494      2.382494      4.764988
     -3.220000      2.039778      2.039778      4.079555
     -3.200000      1.649605      1.649605      3.299210
     -3.180000      1.253403      1.253403      2.506807
     -3.160000      0.891296      0.891296      1.782591
     -3.140000      0.591461      0.591461      1.182922
     -3.120000      0.365493      0.365493      0.730986
     -3.100000      0.210007      0.210007      0.420013
     -3.080000      0.112166      0.112166      0.224331
     -3.060000      0.055999      0.055999      0.111998
     -3.040000      0.027262      0.027262      0.054525
     -3.020000      0.016216      0.016216      0.032431
     -3.000000      0.018997      0.018997      0.037994
     -2.980000      0.038842      0.038842      0.077683
     -2.960000      0.088141      0.088141      0.176283
     -2.940000      0.191448      0.191448      0.382897
     -2.920000      0.388116      0.388116      0.776231
     -2.900000      0.731634      0.731634      1.463268
     -2.880000      1.281785      1.281785      2.563569
     -2.860000      2.086874      2.086874      4.173749
     -2.840000      3.157643      3.157643      6.315286
     -2.820000      4.441196      4.441196      8.882392
     -2.800000      5.808926      5.808926     11.617852
     -2.780000      7.071788      7.071788     14.143577
     -2.760000      8.026529      8.026529     16.053059
     -2.740000      8.520661      8.520661     17.041322
     -2.720000      8.511003      8.511003     17.022006
     -2.700000      8.089591      8.089591     16.179182
     -2.680000      7.463744      7.463744     14.927488
     -2.660000      6.896727      6.896727     13.793455
     -2.640000      6.630464      6.630464     13.260928
     -2.620000      6.815644      6.815644     13.631289
     -2.600000      7.469055      7.469055     14.938110
     -2.580000      8.468967      8.468967     16.937933
     -2.560000      9.590193      9.590193     19.180387
     -2.540000     10.570302     10.570302     21.140605
     -2.520000     11.187385     11.187385     22.374770
     -2.500000     11.322679     11.322679     22.645358
     -2.480000     10.985075     10.985075     21.970151
     -2.460000     10.290429     10.290429     20.580859
     -2.440000      9.408688      9.408688     18.817375
     -2.420000      8.504077      8.504077     17.008155
     -2.400000      7.691570      7.691570     15.383141
     -2.380000      7.020342      7.020342     14.040684
     -2.360000      6.481514      6.481514     12.963028
     -2.340000      6.030243      6.030243     12.060486
     -2.320000      5.611727      5.611727     11.223453
     -2.300000      5.183412      5.183412     10.366825
     -2.280000      4.728573      4.728573      9.457146
     -2.260000      4.259133      4.259133      8.518266
     -2.240000      3.808752      3.808752      7.617504
     -2.220000      3.420273      3.420273      6.840547
     -2.200000      3.133162      3.133162      6.266324
     -2.180000      2.975360      2.975360      5.950720
     -2.160000      2.960951      2.960951      5.921903
     -2.140000      3.092081      3.092081      6.184163
     -2.120000      3.362411      3.362411      6.724822
     -2.100000      3.760021      3.760021      7.520041
     -2.080000      4.269109      4.269109      8.538217
     -2.060000      4.870936      4.870936      9.741872
     -2.040000      5.544874      5.544874     11.089748
     -2.020000      6.270274      6.270274     12.540549
     -2.000000      7.029395      7.029395     14.058790
     -1.980000      7.810652      7.810652     15.621303
     -1.960000      8.610298      8.610298     17.220596
     -1.940000      9.429877      9.429877     18.859754
     -1.920000     10.267693     10.267693     20.535387
     -1.900000     11.105637     11.105637     22.211273
     -1.880000     11.897138     11.897138     23.794276
     -1.860000     12.565201     12.565201     25.130402
     -1.840000     13.018048     13.018048     26.036095
     -1.820000     13.182373     13.182373     26.364745
     -1.800000     13.042851     13.042851     26.085703
     -1.780000     12.667886     12.667886     25.335772
     -1.760000     12.202709     12.202709     24.405418
     -1.740000     11.824235     11.824235     23.648471
     -1.720000     11.671854     11.671854     23.343708
     -1.700000     11.783711     11.783711     23.567422
     -1.680000     12.069340     12.069340     24.138680
     -1.660000     12.334870     12.334870     24.669741
     -1.640000     12.353451     12.353451     24.706902
     -1.620000     11.952827     11.952827     23.905653
     -1.600000     11.084256     11.084256     22.168512
     -1.580000      9.845460      9.845460     19.690919
     -1.560000      8.450106      8.450106     16.900211
     -1.540000      7.157716      7.157716     14.315432
     -1.520000      6.191621      6.191621     12.383242
     -1.500000      5.674591      5.674591     11.349183
     -1.480000      5.603362      5.603362     11.206724
     -1.460000      5.868553      5.868553     11.737106
     -1.440000      6.309984      6.309984     12.619969
     -1.420000      6.783652      6.783652     13.567304
     -1.400000      7.211138      7.211138     14.422275
     -1.380000      7.589640      7.589640     15.179279
     -1.360000      7.960580      7.960580     15.921159
     -1.340000      8.357942      8.357942     16.715883
     -1.320000      8.769907      8.769907     17.539815
     -1.300000      9.139046      9.139046     18.278091
     -1.280000      9.400674      9.400674     18.801348
     -1.260000      9.532650      9.532650     19.065301
     -1.240000      9.581439      9.581439     19.162878
     -1.220000      9.645308      9.645308     19.290616
     -1.200000      9.824508      9.824508     19.649017
     -1.180000     10.169494     10.169494     20.338988
     -1.160000     10.657373     10.657373     21.314746
     -1.140000     11.206527     11.206527     22.413055
     -1.120000     11.715715     11.715715     23.431431
     -1.100000     12.102928     12.102928     24.205856
     -1.080000     12.325109     12.325109     24.650219
     -1.060000     12.374587     12.374587     24.749173
     -1.040000     12.260542     12.260542     24.521083
     -1.020000     11.988372     11.988372     23.976744
     -1.000000     11.547758     11.547758     23.095517
     -0.980000     10.915244     10.915244     21.830488
     -0.960000     10.071111     10.071111     20.142222
     -0.940000      9.023917      9.023917     18.047834
     -0.920000      7.831218      7.831218     15.662436
     -0.900000      6.604754      6.604754     13.209509
     -0.880000      5.493979      5.493979     10.987957
     -0.860000      4.650866      4.650866      9.301731
     -0.840000      4.186946      4.186946      8.373891
     -0.820000      4.137278      4.137278      8.274556
     -0.800000      4.445061      4.445061      8.890121
     -0.780000      4.975442      4.975442      9.950885
     -0.760000      5.558295      5.558295     11.116590
     -0.740000      6.048250      6.048250     12.096500
     -0.720000      6.379933      6.379933     12.759866
     -0.700000      6.593473      6.593473     13.186945
     -0.680000      6.814892      6.814892     13.629784
     -0.660000      7.196303      7.196303     14.392606
     -0.640000      7.842169      7.842169     15.684337
     -0.620000      8.757560      8.757560     17.515121
     -0.600000      9.844627      9.844627     19.689255
     -0.580000     10.948233     10.948233     21.896466
     -0.560000     11.925069     11.925069     23.850137
     -0.540000     12.698829     12.698829     25.397658
     -0.520000     13.274648     13.274648     26.549295
     -0.500000     13.711664     13.711664     27.423329
     -0.480000     14.076084     14.076084     28.152167
     -0.460000     14.403562     14.403562     28.807123
     -0.440000     14.687555     14.687555     29.375109
     -0.420000     14.890744     14.890744     29.781487
     -0.400000     14.964388     14.964388     29.928776
     -0.380000     14.862101     14.862101     29.724203
     -0.360000     14.545447     14.545447     29.090893
     -0.340000     13.988418     13.988418     27.976837
     -0.320000     13.188466     13.188466     26.376931
     -0.300000     12.183308     12.183308     24.366616
     -0.280000     11.062836     11.062836     22.125671
     -0.260000      9.962770      9.962770     19.925540
     -0.240000      9.035153      9.035153     18.070307
     -0.220000      8.405151      8.405151     16.810302
     -0.200000      8.133881      8.133881     16.267761
     -0.180000      8.205340      8.205340     16.410679
     -0.160000      8.542669      8.542669     17.085337
     -0.140000      9.043358      9.043358     18.086716
     -0.120000      9.614333      9.614333     19.228666
     -0.100000     10.190635     10.190635     20.381271
     -0.080000     10.732926     10.732926     21.465851
     -0.060000     11.211922     11.211922     22.423844
     -0.040000     11.594812     11.594812     23.189625
     -0.020000     11.845907     11.845907     23.691815
      0.000000     11.943008     11.943008     23.886016
      0.020000     11.898606     11.898606     23.797213
      0.040000     11.769305     11.769305     23.538611
      0.060000     11.642375     11.642375     23.284751
      0.080000     11.602434     11.602434     23.204868
      0.100000     11.694615     11.694615     23.389229
      0.120000     11.903998     11.903998     23.807997
      0.140000     12.162076     12.162076     24.324151
      0.160000     12.375856     12.375856     24.751712
      0.180000     12.464053     12.464053     24.928106
      0.200000     12.383807     12.383807     24.767613
      0.220000     12.139305     12.139305     24.278609
      0.240000     11.773595     11.773595     23.547189
      0.260000     11.350595     11.350595     22.701190
      0.280000     10.934458     10.934458     21.868915
      0.300000     10.571083     10.571083     21.142166
      0.320000     10.275073     10.275073     20.550146
      0.340000     10.025200     10.025200     20.050400
      0.360000      9.770504      9.770504     19.541008
      0.380000      9.446158      9.446158     18.892316
      0.400000      8.994559      8.994559     17.989118
      0.420000      8.385385      8.385385     16.770769
      0.440000      7.629548      7.629548     15.259095
      0.460000      6.784470      6.784470     13.568940
      0.480000      5.949507      5.949507     11.899014
      0.500000      5.250385      5.250385     10.500769
      0.520000      4.812207      4.812207      9.624413
      0.540000      4.724233      4.724233      9.448466
      0.560000      5.005750      5.005750     10.011499
      0.580000      5.587020      5.587020     11.174040
      0.600000      6.317578      6.317578     12.635156
      0.620000      7.004110      7.004110     14.008219
      0.640000      7.465941      7.465941     14.931883
      0.660000      7.586179      7.586179     15.172357
      0.680000      7.337907      7.337907     14.675814
      0.700000      6.777521      6.777521     13.555043
      0.720000      6.013232      6.013232     12.026463
      0.740000      5.166273      5.166273     10.332545
      0.760000      4.340829      4.340829      8.681658
      0.780000      3.609618      3.609618      7.219237
      0.800000      3.012863      3.012863      6.025725
      0.820000      2.564108      2.564108      5.128216
      0.840000      2.257248      2.257248      4.514496
      0.860000      2.072126      2.072126      4.144251
      0.880000      1.978600      1.978600      3.957200
      0.900000      1.940069      1.940069      3.880138
      0.920000      1.917615      1.917615      3.835230
      0.940000      1.875516      1.875516      3.751033
      0.960000      1.787952      1.787952      3.575905
      0.980000      1.645488      1.645488      3.290975
      1.000000      1.459121      1.459121      2.918242
      1.020000      1.260062      1.260062      2.520123
      1.040000      1.095026      1.095026      2.190051
      1.060000      1.018732      1.018732      2.037465
      1.080000      1.086167      1.086167      2.172334
      1.100000      1.346417      1.346417      2.692834
      1.120000      1.837960      1.837960      3.675919
      1.140000      2.583440      2.583440      5.166881
      1.160000      3.581623      3.581623      7.163246
      1.180000      4.796050      4.796050      9.592101
      1.200000      6.143770      6.143770     12.287541
      1.220000      7.491397      7.491397     14.982795
      1.240000      8.666849      8.666849     17.333699
      1.260000      9.490941      9.490941     18.981882
      1.280000      9.823992      9.823992     19.647985
      1.300000      9.612924      9.612924     19.225849
      1.320000      8.919929      8.919929     17.839858
      1.340000      7.918499      7.918499     15.836998
      1.360000      6.854842      6.854842     13.709684
      1.380000      5.986241      5.986241     11.972481
      1.400000      5.515920      5.515920     11.031841
      1.420000      5.543469      5.543469     11.086938
      1.440000      6.042976      6.042976     12.085953
      1.460000      6.872539      6.872539     13.745079
      1.480000      7.811716      7.811716     15.623431
      1.500000      8.618011      8.618011     17.236022
      1.520000      9.088498      9.088498     18.176997
      1.540000      9.109306      9.109306     18.218611
      1.560000      8.677486      8.677486     17.354971
      1.580000      7.889069      7.889069     15.778138
      1.600000      6.901047      6.901047     13.802094
      1.620000      5.885792      5.885792     11.771584
      1.640000      4.996813      4.996813      9.993626
      1.660000      4.354343      4.354343      8.708686
      1.680000      4.045348      4.045348      8.090695
      1.700000      4.124670      4.124670      8.249340
      1.720000      4.606941      4.606941      9.213881
      1.740000      5.449682      5.449682     10.899365
      1.760000      6.538974      6.538974     13.077949
      1.780000      7.692828      7.692828     15.385657
      1.800000      8.691237      8.691237     17.382474
      1.820000      9.328467      9.328467     18.656933
      1.840000      9.469713      9.469713     18.939427
      1.860000      9.088882      9.088882     18.177764
      1.880000      8.271381      8.271381     16.542762
      1.900000      7.182582      7.182582     14.365163
      1.920000      6.019193      6.019193     12.038386
      1.940000      4.966870      4.966870      9.933741
      1.960000      4.179092      4.179092      8.358185
      1.980000      3.775663      3.775663      7.551326
      2.000000      3.845466      3.845466      7.690933
      2.020000      4.436589      4.436589      8.873179
      2.040000      5.528800      5.528800     11.057599
      2.060000      7.001433      7.001433     14.002867
      2.080000      8.622185      8.622185     17.244370
      2.100000     10.079274     10.079274     20.158549
      2.120000     11.059321     11.059321     22.118642
      2.140000     11.345657     11.345657     22.691315
      2.160000     10.893898     10.893898     21.787796
      2.180000      9.846999      9.846999     19.693998
      2.200000      8.480361      8.480361     16.960722
      2.220000      7.102458      7.102458     14.204915
      2.240000      5.956892      5.956892     11.913785
      2.260000      5.166424      5.166424     10.332847
      2.280000      4.734119      4.734119      9.468238
      2.300000      4.588211      4.588211      9.176422
      2.320000      4.640887      4.640887      9.281774
      2.340000      4.832239      4.832239      9.664478
      2.360000      5.143956      5.143956     10.287912
      2.380000      5.583797      5.583797     11.167595
      2.400000      6.154286      6.154286     12.308573
      2.420000      6.823921      6.823921     13.647841
      2.440000      7.516279      7.516279     15.032557
      2.460000      8.123080      8.123080     16.246160
      2.480000      8.535173      8.535173     17.070347
      2.500000      8.676215      8.676215     17.352430
      2.520000      8.522955      8.522955     17.045911
      2.540000      8.104707      8.104707     16.209415
      2.560000      7.487266      7.487266     14.974532
      2.580000      6.754490      6.754490     13.508980
      2.600000      5.998526      5.998526     11.997052
      2.620000      5.319714      5.319714     10.639428
      2.640000      4.827575      4.827575      9.655151
      2.660000      4.631963      4.631963      9.263927
      2.680000      4.819531      4.819531      9.639062
      2.700000      5.420927      5.420927     10.841853
      2.720000      6.382666      6.382666     12.765332
      2.740000      7.559961      7.559961     15.119922
      2.760000      8.740850      8.740850     17.481700
      2.780000      9.699037      9.699037     19.398074
      2.800000     10.258479     10.258479     20.516957
      2.820000     10.344959     10.344959     20.689918
      2.840000     10.004305     10.004305     20.008609
      2.860000      9.381667      9.381667     18.763335
      2.880000      8.672687      8.672687     17.345374
      2.900000      8.066047      8.066047     16.132094
      2.920000      7.695220      7.695220     15.390440
      2.940000      7.609727      7.609727     15.219454
      2.960000      7.769590      7.769590     15.539181
      2.980000      8.063018      8.063018     16.126035
      3.000000      8.343897      8.343897     16.687794
      3.020000      8.479567      8.479567     16.959133
      3.040000      8.392711      8.392711     16.785423
      3.060000      8.080367      8.080367     16.160733
      3.080000      7.601892      7.601892     15.203784
      3.100000      7.043002      7.043002     14.086003
      3.120000      6.475162      6.475162     12.950325
      3.140000      5.930839      5.930839     11.861679
      3.160000      5.404740      5.404740     10.809480
      3.180000      4.876365      4.876365      9.752730
      3.200000      4.338711      4.338711      8.677422
      3.220000      3.816862      3.816862      7.633724
      3.240000      3.367470      3.367470      6.734939
      3.260000      3.060878      3.060878      6.121757
      3.280000      2.956334      2.956334      5.912668
      3.300000      3.083304      3.083304      6.166608
      3.320000      3.437514      3.437514      6.875028
      3.340000      3.991027      3.991027      7.982054
      3.360000      4.706727      4.706727      9.413453
      3.380000      5.544661      5.544661     11.089322
      3.400000      6.453865      6.453865     12.907730
      3.420000      7.355496      7.355496     14.710992
      3.440000      8.133068      8.133068     16.266136
      3.460000      8.644849      8.644849     17.289698
      3.480000      8.760685      8.760685     17.521371
      3.500000      8.408549      8.408549     16.817098
      3.520000      7.607058      7.607058     15.214116
      3.540000      6.466090      6.466090     12.932179
      3.560000      5.154538      5.154538     10.309076
      3.580000      3.850975      3.850975      7.701951
      3.600000      2.699308      2.699308      5.398616
      3.620000      1.785507      1.785507      3.571014
      3.640000      1.139035      1.139035      2.278069
      3.660000      0.751675      0.751675      1.503349
      3.680000      0.601721      0.601721      1.203443
      3.700000      0.672707      0.672707      1.345414
      3.720000      0.960232      0.960232      1.920464
      3.740000      1.465585      1.465585      2.931171
      3.760000      2.179695      2.179695      4.359390
      3.780000      3.065076      3.065076      6.130152
      3.800000      4.045721      4.045721      8.091442
      3.820000      5.013355      5.013355     10.026711
      3.840000      5.852168      5.852168     11.704335
      3.860000      6.474800      6.474800     12.949599
      3.880000      6.854757      6.854757     13.709515
      3.900000      7.039379      7.039379     14.078757
      3.920000      7.134708      7.134708     14.269416
      3.940000      7.265836      7.265836     14.531671
      3.960000      7.527499      7.527499     15.054999
      3.980000      7.944947      7.944947     15.889895
      4.000000      8.462187      8.462187     16.924374
      4.020000      8.964698      8.964698     17.929395
      4.040000      9.329532      9.329532     18.659065
      4.060000      9.482617      9.482617     18.965235
      4.080000      9.437395      9.437395     18.874789
      4.100000      9.295316      9.295316     18.590632
      4.120000      9.205580      9.205580     18.411160
      4.140000      9.300774      9.300774     18.601549
      4.160000      9.636402      9.636402     19.272804
      4.180000     10.160037     10.160037     20.320075
      4.200000     10.722285     10.722285     21.444571
      4.220000     11.124474     11.124474     22.248948
      4.240000     11.184842     11.184842     22.369684
      4.260000     10.799910     10.799910     21.599820
      4.280000      9.980739      9.980739     19.961478
      4.300000      8.852689      8.852689     17.705377
      4.320000      7.619169      7.619169     15.238338
      4.340000      6.501444      6.501444     13.002888
      4.360000      5.674290      5.674290     11.348580
      4.380000      5.218383      5.218383     10.436766
      4.400000      5.103978      5.103978     10.207956
      4.420000      5.209247      5.209247     10.418493
      4.440000      5.364917      5.364917     10.729834
      4.460000      5.409115      5.409115     10.818230
      4.480000      5.234782      5.234782     10.469564
      4.500000      4.816522      4.816522      9.633043
      4.520000      4.211906      4.211906      8.423813
      4.540000      3.540735      3.540735      7.081470
      4.560000      2.951401      2.951401      5.902803
      4.580000      2.584580      2.584580      5.169161
      4.600000      2.541711      2.541711      5.083421
      4.620000      2.862136      2.862136      5.724272
      4.640000      3.511232      3.511232      7.022463
      4.660000      4.382661      4.382661      8.765321
      4.680000      5.318078      5.318078     10.636155
      4.700000      6.143678      6.143678     12.287357
      4.720000      6.715119      6.715119     13.430237
      4.740000      6.955439      6.955439     13.910879
      4.760000      6.870884      6.870884     13.741769
      4.780000      6.538497      6.538497     13.076995
      4.800000      6.072184      6.072184     12.144369
      4.820000      5.582603      5.582603     11.165206
      4.840000      5.146282      5.146282     10.292565
      4.860000      4.792605      4.792605      9.585211
      4.880000      4.509093      4.509093      9.018186
      4.900000      4.260063      4.260063      8.520125
      4.920000      4.011552      4.011552      8.023103
      4.940000      3.754710      3.754710      7.509421
      4.960000      3.519664      3.519664      7.039329
      4.980000      3.373138      3.373138      6.746276
      5.000000      3.397530      3.397530      6.795059
      5.020000      3.656669      3.656669      7.313337
      5.040000      4.161469      4.161469      8.322937
      5.060000      4.852367      4.852367      9.704734
      5.080000      5.610732      5.610732     11.221464
      5.100000      6.298183      6.298183     12.596367
      5.120000      6.806925      6.806925     13.613850
      5.140000      7.095644      7.095644     14.191288
      5.160000      7.191711      7.191711     14.383421
      5.180000      7.159600      7.159600     14.319200
      5.200000      7.055916      7.055916     14.111832
      5.220000      6.899284      6.899284     13.798568
      5.240000      6.672970      6.672970     13.345940
      5.260000      6.356633      6.356633     12.713267
      5.280000      5.965571      5.965571     11.931142
      5.300000      5.572281      5.572281     11.144562
      5.320000      5.296715      5.296715     10.593430
      5.340000      5.269471      5.269471     10.538942
      5.360000      5.585616      5.585616     11.171231
      5.380000      6.269601      6.269601     12.539202
      5.400000      7.264526      7.264526     14.529053
      5.420000      8.447268      8.447268     16.894535
      5.440000      9.661044      9.661044     19.322088
      5.460000     10.752806     10.752806     21.505611
      5.480000     11.604507     11.604507     23.209015
      5.500000     12.151943     12.151943     24.303885
      5.520000     12.388897     12.388897     24.777794
      5.540000     12.356794     12.356794     24.713588
      5.560000     12.122248     12.122248     24.244496
      5.580000     11.748741     11.748741     23.497482
      5.600000     11.272849     11.272849     22.545699
      5.620000     10.696055     10.696055     21.392110
      5.640000      9.997195      9.997195     19.994390
      5.660000      9.159990      9.159990     18.319979
      5.680000      8.201426      8.201426     16.402852
      5.700000      7.185995      7.185995     14.371990
      5.720000      6.218354      6.218354     12.436709
      5.740000      5.417546      5.417546     10.835092
      5.760000      4.883080      4.883080      9.766161
      5.780000      4.664456      4.664456      9.328912
      5.800000      4.742946      4.742946      9.485892
      5.820000      5.030885      5.030885     10.061770
      5.840000      5.390217      5.390217     10.780434
      5.860000      5.667594      5.667594     11.335188
      5.880000      5.737470      5.737470     11.474940
      5.900000      5.539812      5.539812     11.079624
      5.920000      5.098874      5.098874     10.197748
      5.940000      4.515669      4.515669      9.031338
      5.960000      3.936795      3.936795      7.873589
      5.980000      3.511069      3.511069      7.022138
      6.000000      3.348879      3.348879      6.697757
      6.020000      3.496534      3.496534      6.993068
      6.040000      3.931556      3.931556      7.863113
      6.060000      4.577816      4.577816      9.155632
      6.080000      5.333930      5.333930     10.667860
      6.100000      6.105124      6.105124     12.210247
      6.120000      6.828214      6.828214     13.656428
      6.140000      7.481731      7.481731     14.963463
      6.160000      8.078390      8.078390     16.156781
      6.180000      8.643890      8.643890     17.287780
      6.200000      9.191847      9.191847     18.383693
      6.220000      9.706660      9.706660     19.413319
      6.240000     10.142742     10.142742     20.285484
      6.260000     10.440938     10.440938     20.881876
      6.280000     10.554709     10.554709     21.109418
      6.300000     10.473907     10.473907     20.947813
      6.320000     10.235022     10.235022     20.470043
      6.340000      9.912849      9.912849     19.825698
      6.360000      9.596429      9.596429     19.192857
      6.380000      9.358268      9.358268     18.716537
      6.400000      9.228197      9.228197     18.456395
      6.420000      9.181602      9.181602     18.363205
      6.440000      9.147245      9.147245     18.294490
      6.460000      9.033484      9.033484     18.066967
      6.480000      8.764852      8.764852     17.529705
      6.500000      8.315761      8.315761     16.631521
      6.520000      7.727422      7.727422     15.454844
      6.540000      7.099596      7.099596     14.199192
      6.560000      6.558875      6.558875     13.117749
      6.580000      6.215475      6.215475     12.430950
      6.600000      6.125747      6.125747     12.251494
      6.620000      6.275345      6.275345     12.550691
      6.640000      6.589468      6.589468     13.178935
      6.660000      6.965574      6.965574     13.931148
      6.680000      7.314983      7.314983     14.629966
      6.700000      7.596169      7.596169     15.192338
      6.720000      7.826126      7.826126     15.652253
      6.740000      8.065735      8.065735     16.131469
      6.760000      8.386741      8.386741     16.773481
      6.780000      8.835877      8.835877     17.671755
      6.800000      9.411502      9.411502     18.823004
      6.820000     10.060323     10.060323     20.120646
      6.840000     10.691784     10.691784     21.383567
      6.860000     11.201888     11.201888     22.403776
      6.880000     11.498832     11.498832     22.997664
      6.900000     11.526085     11.526085     23.052171
      6.920000     11.279536     11.279536     22.559071
      6.940000     10.813258     10.813258     21.626516
      6.960000     10.227988     10.227988     20.455976
      6.980000      9.641762      9.641762     19.283524
      7.000000      9.151960      9.151960     18.303921
      7.020000      8.804899      8.804899     17.609799
      7.040000      8.587005      8.587005     17.174011
      7.060000      8.440902      8.440902     16.881805
      7.080000      8.297481      8.297481     16.594962
      7.100000      8.108551      8.108551     16.217102
      7.120000      7.866383      7.866383     15.732767
      7.140000      7.603511      7.603511     15.207023
      7.160000      7.374329      7.374329     14.748657
      7.180000      7.226876      7.226876     14.453751
      7.200000      7.177503      7.177503     14.355006
      7.220000      7.201063      7.201063     14.402125
      7.240000      7.242915      7.242915     14.485829
      7.260000      7.247487      7.247487     14.494974
      7.280000      7.187495      7.187495     14.374990
      7.300000      7.076087      7.076087     14.152174
      7.320000      6.954126      6.954126     13.908251
      7.340000      6.860942      6.860942     13.721884
      7.360000      6.808116      6.808116     13.616231
      7.380000      6.773918      6.773918     13.547835
      7.400000      6.721890      6.721890     13.443780
      7.420000      6.630301      6.630301     13.260602
      7.440000      6.511331      6.511331     13.022662
      7.460000      6.405281      6.405281     12.810561
      7.480000      6.351654      6.351654     12.703308
      7.500000      6.354852      6.354852     12.709704
      7.520000      6.367015      6.367015     12.734031
      7.540000      6.301192      6.301192     12.602385
      7.560000      6.070379      6.070379     12.140759
      7.580000      5.633119      5.633119     11.266239
      7.600000      5.022932      5.022932     10.045864
      7.620000      4.347805      4.347805      8.695610
      7.640000      3.760783      3.760783      7.521566
      7.660000      3.414555      3.414555      6.829110
      7.680000      3.416987      3.416987      6.833973
      7.700000      3.801532      3.801532      7.603065
      7.720000      4.520302      4.520302      9.040605
      7.740000      5.460941      5.460941     10.921882
      7.760000      6.481699      6.481699     12.963398
      7.780000      7.452502      7.452502     14.905004
      7.800000      8.286149      8.286149     16.572298
      7.820000      8.947119      8.947119     17.894238
      7.840000      9.436685      9.436685     18.873370
      7.860000      9.766584      9.766584     19.533169
      7.880000      9.940266      9.940266     19.880531
      7.900000      9.954998      9.954998     19.909997
      7.920000      9.823060      9.823060     19.646120
      7.940000      9.596060      9.596060     19.192119
      7.960000      9.372791      9.372791     18.745583
      7.980000      9.279954      9.279954     18.559908
      8.000000      9.430417      9.430417     18.860835
      8.020000      9.876374      9.876374     19.752747
      8.040000     10.578487     10.578487     21.156974
      8.060000     11.406326     11.406326     22.812651
      8.080000     12.173015     12.173015     24.346031
      8.100000     12.693029     12.693029     25.386059
      8.120000     12.841629     12.841629     25.683258
      8.140000     12.592566     12.592566     25.185131
      8.160000     12.019473     12.019473     24.038945
      8.180000     11.262797     11.262797     22.525593
      8.200000     10.479620     10.479620     20.959239
      8.220000      9.799201      9.799201     19.598402
      8.240000      9.299447      9.299447     18.598894
      8.260000      9.004890      9.004890     18.009780
      8.280000      8.896032      8.896032     17.792065
      8.300000      8.920112      8.920112     17.840224
      8.320000      9.001700      9.001700     18.003399
      8.340000      9.058316      9.058316     18.116633
      8.360000      9.023909      9.023909     18.047819
      8.380000      8.873426      8.873426     17.746852
      8.400000      8.634640      8.634640     17.269279
      8.420000      8.377275      8.377275     16.754549
      8.440000      8.183198      8.183198     16.366395
      8.460000      8.114618      8.114618     16.229236
      8.480000      8.198977      8.198977     16.397953
      8.500000      8.437290      8.437290     16.874580
      8.520000      8.825802      8.825802     17.651603
      8.540000      9.371549      9.371549     18.743098
      8.560000     10.088061     10.088061     20.176122
      8.580000     10.973692     10.973692     21.947385
      8.600000     11.989778     11.989778     23.979557
      8.620000     13.057431     13.057431     26.114862
      8.640000     14.078702     14.078702     28.157403
      8.660000     14.969704     14.969704     29.939407
      8.680000     15.683850     15.683850     31.367699
      8.700000     16.209768     16.209768     32.419536
      8.720000     16.545991     16.545991     33.091982
      8.740000     16.670414     16.670414     33.340827
      8.760000     16.525975     16.525975     33.051949
      8.780000     16.033504     16.033504     32.067008
      8.800000     15.126019     15.126019     30.252038
      8.820000     13.786672     13.786672     27.573343
      8.840000     12.071388     12.071388     24.142775
      8.860000     10.105991     10.105991     20.211982
      8.880000      8.060073      8.060073     16.120146
      8.900000      6.109331      6.109331     12.218661
      8.920000      4.400969      4.400969      8.801939
      8.940000      3.033296      3.033296      6.066592
      8.960000      2.053408      2.053408      4.106817
      8.980000      1.469219      1.469219      2.938438
      9.000000      1.266694      1.266694      2.533388
      9.020000      1.422093      1.422093      2.844186
      9.040000      1.902842      1.902842      3.805684
      9.060000      2.658247      2.658247      5.316494
      9.080000      3.609203      3.609203      7.218406
      9.100000      4.649458      4.649458      9.298915
      9.120000      5.666112      5.666112     11.332224
      9.140000      6.574628      6.574628     13.149256
      9.160000      7.350511      7.350511     14.701023
      9.180000      8.035961      8.035961     16.071922
      9.200000      8.710702      8.710702     17.421403
      9.220000      9.437646      9.437646     18.875293
      9.240000     10.212335     10.212335     20.424670
      9.260000     10.946758     10.946758     21.893515
      9.280000     11.499946     11.499946     22.999893
      9.300000     11.740387     11.740387     23.480774
      9.320000     11.606592     11.606592     23.213184
      9.340000     11.134218     11.134218     22.268435
      9.360000     10.438996     10.438996     20.877993
      9.380000      9.670103      9.670103     19.340206
      9.400000      8.962250      8.962250     17.924500
      9.420000      8.409752      8.409752     16.819505
      9.440000      8.067989      8.067989     16.135978
      9.460000      7.970209      7.970209     15.940418
      9.480000      8.141147      8.141147     16.282294
      9.500000      8.595151      8.595151     17.190302
      9.520000      9.319410      9.319410     18.638821
      9.540000     10.253984     10.253984     20.507969
      9.560000     11.284083     11.284083     22.568166
      9.580000     12.255106     12.255106     24.510213
      9.600000     13.009655     13.009655     26.019310
      9.620000     13.433185     13.433185     26.866371
      9.640000     13.488064     13.488064     26.976129
      9.660000     13.219694     13.219694     26.439387
      9.680000     12.732331     12.732331     25.464662
      9.700000     12.148119     12.148119     24.296238
      9.720000     11.570376     11.570376     23.140752
      9.740000     11.066771     11.066771     22.133541
      9.760000     10.674269     10.674269     21.348538
      9.780000     10.415428     10.415428     20.830857
      9.800000     10.311694     10.311694     20.623388
      9.820000     10.384087     10.384087     20.768175
      9.840000     10.640490     10.640490     21.280980
      9.860000     11.056794     11.056794     22.113587
      9.880000     11.563568     11.563568     23.127137
      9.900000     12.049091     12.049091     24.098182
      9.920000     12.383053     12.383053     24.766106
      9.940000     12.454776     12.454776     24.909551
      9.960000     12.210264     12.210264     24.420528
      9.980000     11.670438     11.670438     23.340877
     10.000000     10.921291     10.921291     21.842581
