# EIG2DOS: Utility for SIESTA to obtain the electronic density of states
#  E. Artacho, Apr 1999, A. Garcia, Apr 2012
# ------------------------------------------
# Eigenvalues read from GRP_doping.EIG
# Using smearing parameter:   0.100
# Using   1001 points in energy range
# Selected bands: 1 to: 936
# Emin, emax in file for selected band(s):    -40.4226400    234.7564100
# Nbands, Nspin, Nk   =    936     1   231
# E_F                 =    -3.6388 eV --> (shifted to ZERO)
# Broadening          =     0.1000 eV
#
#        E            N(up)  (=)   N(down)         Ntot
    -10.000000      8.088183      8.088183     16.176365
     -9.980000      7.379448      7.379448     14.758895
     -9.960000      6.624267      6.624267     13.248535
     -9.940000      5.934704      5.934704     11.869407
     -9.920000      5.393680      5.393680     10.787361
     -9.900000      5.055728      5.055728     10.111455
     -9.880000      4.953020      4.953020      9.906041
     -9.860000      5.102301      5.102301     10.204602
     -9.840000      5.508731      5.508731     11.017463
     -9.820000      6.163071      6.163071     12.326143
     -9.800000      7.030990      7.030990     14.061981
     -9.780000      8.039165      8.039165     16.078330
     -9.760000      9.069148      9.069148     18.138296
     -9.740000      9.970560      9.970560     19.941121
     -9.720000     10.596030     10.596030     21.192061
     -9.700000     10.845331     10.845331     21.690663
     -9.680000     10.696271     10.696271     21.392541
     -9.660000     10.204275     10.204275     20.408550
     -9.640000      9.470303      9.470303     18.940607
     -9.620000      8.595735      8.595735     17.191469
     -9.600000      7.649593      7.649593     15.299186
     -9.580000      6.663511      6.663511     13.327022
     -9.560000      5.651295      5.651295     11.302590
     -9.540000      4.636185      4.636185      9.272370
     -9.520000      3.668103      3.668103      7.336207
     -9.500000      2.823212      2.823212      5.646425
     -9.480000      2.189829      2.189829      4.379658
     -9.460000      1.850079      1.850079      3.700159
     -9.440000      1.864125      1.864125      3.728249
     -9.420000      2.258229      2.258229      4.516458
     -9.400000      3.015393      3.015393      6.030787
     -9.380000      4.069568      4.069568      8.139136
     -9.360000      5.308055      5.308055     10.616110
     -9.340000      6.586371      6.586371     13.172741
     -9.320000      7.754273      7.754273     15.508546
     -9.300000      8.685053      8.685053     17.370105
     -9.280000      9.298626      9.298626     18.597252
     -9.260000      9.573685      9.573685     19.147370
     -9.240000      9.549979      9.549979     19.099958
     -9.220000      9.322522      9.322522     18.645043
     -9.200000      9.025327      9.025327     18.050653
     -9.180000      8.800460      8.800460     17.600920
     -9.160000      8.754977      8.754977     17.509955
     -9.140000      8.920512      8.920512     17.841024
     -9.120000      9.236488      9.236488     18.472976
     -9.100000      9.569515      9.569515     19.139029
     -9.080000      9.762031      9.762031     19.524061
     -9.060000      9.686748      9.686748     19.373497
     -9.040000      9.282152      9.282152     18.564304
     -9.020000      8.558289      8.558289     17.116579
     -9.000000      7.579738      7.579738     15.159476
     -8.980000      6.441482      6.441482     12.882965
     -8.960000      5.250108      5.250108     10.500216
     -8.940000      4.113564      4.113564      8.227129
     -8.920000      3.136231      3.136231      6.272463
     -8.900000      2.415269      2.415269      4.830539
     -8.880000      2.036261      2.036261      4.072523
     -8.860000      2.067048      2.067048      4.134096
     -8.840000      2.548155      2.548155      5.096310
     -8.820000      3.479253      3.479253      6.958507
     -8.800000      4.805442      4.805442      9.610885
     -8.780000      6.412033      6.412033     12.824065
     -8.760000      8.136249      8.136249     16.272497
     -8.740000      9.796047      9.796047     19.592094
     -8.720000     11.224681     11.224681     22.449363
     -8.700000     12.294395     12.294395     24.588789
     -8.680000     12.920021     12.920021     25.840041
     -8.660000     13.048863     13.048863     26.097726
     -8.640000     12.653932     12.653932     25.307864
     -8.620000     11.743220     11.743220     23.486439
     -8.600000     10.381052     10.381052     20.762104
     -8.580000      8.703149      8.703149     17.406298
     -8.560000      6.907807      6.907807     13.815613
     -8.540000      5.221152      5.221152     10.442303
     -8.520000      3.851541      3.851541      7.703082
     -8.500000      2.953221      2.953221      5.906443
     -8.480000      2.610006      2.610006      5.220012
     -8.460000      2.835446      2.835446      5.670892
     -8.440000      3.578608      3.578608      7.157216
     -8.420000      4.728287      4.728287      9.456574
     -8.400000      6.117804      6.117804     12.235609
     -8.380000      7.538364      7.538364     15.076728
     -8.360000      8.766411      8.766411     17.532822
     -8.340000      9.602101      9.602101     19.204202
     -8.320000      9.908509      9.908509     19.817018
     -8.300000      9.639430      9.639430     19.278859
     -8.280000      8.847536      8.847536     17.695071
     -8.260000      7.670953      7.670953     15.341907
     -8.240000      6.302073      6.302073     12.604146
     -8.220000      4.946601      4.946601      9.893202
     -8.200000      3.783258      3.783258      7.566516
     -8.180000      2.934424      2.934424      5.868849
     -8.160000      2.454778      2.454778      4.909556
     -8.140000      2.339373      2.339373      4.678745
     -8.120000      2.546567      2.546567      5.093135
     -8.100000      3.026727      3.026727      6.053454
     -8.080000      3.745547      3.745547      7.491093
     -8.060000      4.691971      4.691971      9.383943
     -8.040000      5.865760      5.865760     11.731520
     -8.020000      7.248666      7.248666     14.497332
     -8.000000      8.772904      8.772904     17.545807
     -7.980000     10.305316     10.305316     20.610633
     -7.960000     11.660748     11.660748     23.321495
     -7.940000     12.644331     12.644331     25.288661
     -7.920000     13.107195     13.107195     26.214389
     -7.900000     12.992534     12.992534     25.985067
     -7.880000     12.353391     12.353391     24.706782
     -7.860000     11.336329     11.336329     22.672658
     -7.840000     10.138718     10.138718     20.277436
     -7.820000      8.955666      8.955666     17.911332
     -7.800000      7.934149      7.934149     15.868299
     -7.780000      7.148058      7.148058     14.296116
     -7.760000      6.600509      6.600509     13.201018
     -7.740000      6.250697      6.250697     12.501394
     -7.720000      6.054054      6.054054     12.108109
     -7.700000      5.999212      5.999212     11.998423
     -7.680000      6.125045      6.125045     12.250090
     -7.660000      6.506772      6.506772     13.013545
     -7.640000      7.211577      7.211577     14.423153
     -7.620000      8.239582      8.239582     16.479165
     -7.600000      9.479150      9.479150     18.958300
     -7.580000     10.706934     10.706934     21.413867
     -7.560000     11.646257     11.646257     23.292513
     -7.540000     12.066381     12.066381     24.132762
     -7.520000     11.877193     11.877193     23.754386
     -7.500000     11.168792     11.168792     22.337585
     -7.480000     10.171033     10.171033     20.342066
     -7.460000      9.151157      9.151157     18.302314
     -7.440000      8.301934      8.301934     16.603869
     -7.420000      7.676813      7.676813     15.353626
     -7.400000      7.200653      7.200653     14.401307
     -7.380000      6.742721      6.742721     13.485441
     -7.360000      6.207636      6.207636     12.415272
     -7.340000      5.595783      5.595783     11.191566
     -7.320000      5.005867      5.005867     10.011734
     -7.300000      4.583965      4.583965      9.167931
     -7.280000      4.448056      4.448056      8.896113
     -7.260000      4.624691      4.624691      9.249381
     -7.240000      5.025593      5.025593     10.051186
     -7.220000      5.473277      5.473277     10.946555
     -7.200000      5.764265      5.764265     11.528530
     -7.180000      5.743427      5.743427     11.486854
     -7.160000      5.359043      5.359043     10.718087
     -7.140000      4.677770      4.677770      9.355539
     -7.120000      3.857531      3.857531      7.715062
     -7.100000      3.094339      3.094339      6.188679
     -7.080000      2.566179      2.566179      5.132358
     -7.060000      2.391250      2.391250      4.782501
     -7.040000      2.605918      2.605918      5.211836
     -7.020000      3.159627      3.159627      6.319255
     -7.000000      3.924153      3.924153      7.848307
     -6.980000      4.718612      4.718612      9.437225
     -6.960000      5.351722      5.351722     10.703445
     -6.940000      5.675305      5.675305     11.350611
     -6.920000      5.632634      5.632634     11.265268
     -6.900000      5.281026      5.281026     10.562052
     -6.880000      4.775567      4.775567      9.551133
     -6.860000      4.316874      4.316874      8.633749
     -6.840000      4.081404      4.081404      8.162809
     -6.820000      4.159923      4.159923      8.319845
     -6.800000      4.526412      4.526412      9.052823
     -6.780000      5.048753      5.048753     10.097506
     -6.760000      5.538224      5.538224     11.076449
     -6.740000      5.820873      5.820873     11.641746
     -6.720000      5.804359      5.804359     11.608717
     -6.700000      5.513663      5.513663     11.027326
     -6.680000      5.080325      5.080325     10.160650
     -6.660000      4.688871      4.688871      9.377741
     -6.640000      4.502134      4.502134      9.004267
     -6.620000      4.595667      4.595667      9.191334
     -6.600000      4.927141      4.927141      9.854283
     -6.580000      5.352227      5.352227     10.704453
     -6.560000      5.680042      5.680042     11.360084
     -6.540000      5.745753      5.745753     11.491507
     -6.520000      5.471354      5.471354     10.942708
     -6.500000      4.891467      4.891467      9.782933
     -6.480000      4.136960      4.136960      8.273920
     -6.460000      3.387393      3.387393      6.774787
     -6.440000      2.814256      2.814256      5.628513
     -6.420000      2.536077      2.536077      5.072154
     -6.400000      2.596796      2.596796      5.193591
     -6.380000      2.967865      2.967865      5.935730
     -6.360000      3.567914      3.567914      7.135827
     -6.340000      4.291807      4.291807      8.583613
     -6.320000      5.040736      5.040736     10.081471
     -6.300000      5.744677      5.744677     11.489354
     -6.280000      6.369526      6.369526     12.739052
     -6.260000      6.905855      6.905855     13.811709
     -6.240000      7.344688      7.344688     14.689377
     -6.220000      7.653952      7.653952     15.307904
     -6.200000      7.771289      7.771289     15.542579
     -6.180000      7.621374      7.621374     15.242748
     -6.160000      7.151445      7.151445     14.302891
     -6.140000      6.366464      6.366464     12.732928
     -6.120000      5.343711      5.343711     10.687422
     -6.100000      4.217869      4.217869      8.435738
     -6.080000      3.144277      3.144277      6.288553
     -6.060000      2.259050      2.259050      4.518099
     -6.040000      1.653577      1.653577      3.307153
     -6.020000      1.370134      1.370134      2.740269
     -6.000000      1.413536      1.413536      2.827073
     -5.980000      1.767950      1.767950      3.535900
     -5.960000      2.409480      2.409480      4.818960
     -5.940000      3.310072      3.310072      6.620145
     -5.920000      4.432837      4.432837      8.865674
     -5.900000      5.721942      5.721942     11.443884
     -5.880000      7.093023      7.093023     14.186047
     -5.860000      8.432486      8.432486     16.864973
     -5.840000      9.613386      9.613386     19.226772
     -5.820000     10.528499     10.528499     21.056998
     -5.800000     11.129025     11.129025     22.258049
     -5.780000     11.447713     11.447713     22.895427
     -5.760000     11.587447     11.587447     23.174895
     -5.740000     11.672942     11.672942     23.345884
     -5.720000     11.785704     11.785704     23.571408
     -5.700000     11.915726     11.915726     23.831452
     -5.680000     11.957486     11.957486     23.914971
     -5.660000     11.755249     11.755249     23.510497
     -5.640000     11.176977     11.176977     22.353953
     -5.620000     10.182190     10.182190     20.364381
     -5.600000      8.853533      8.853533     17.707066
     -5.580000      7.380154      7.380154     14.760308
     -5.560000      6.002300      6.002300     12.004599
     -5.540000      4.940228      4.940228      9.880457
     -5.520000      4.332443      4.332443      8.664886
     -5.500000      4.200889      4.200889      8.401778
     -5.480000      4.450191      4.450191      8.900383
     -5.460000      4.898762      4.898762      9.797524
     -5.440000      5.332688      5.332688     10.665377
     -5.420000      5.567859      5.567859     11.135718
     -5.400000      5.502445      5.502445     11.004890
     -5.380000      5.143277      5.143277     10.286553
     -5.360000      4.597528      4.597528      9.195057
     -5.340000      4.033291      4.033291      8.066583
     -5.320000      3.623436      3.623436      7.246873
     -5.300000      3.491718      3.491718      6.983435
     -5.280000      3.677365      3.677365      7.354731
     -5.260000      4.127247      4.127247      8.254493
     -5.240000      4.716380      4.716380      9.432761
     -5.220000      5.289929      5.289929     10.579858
     -5.200000      5.713454      5.713454     11.426908
     -5.180000      5.914794      5.914794     11.829589
     -5.160000      5.902969      5.902969     11.805938
     -5.140000      5.757971      5.757971     11.515941
     -5.120000      5.597392      5.597392     11.194784
     -5.100000      5.535234      5.535234     11.070469
     -5.080000      5.649516      5.649516     11.299032
     -5.060000      5.967814      5.967814     11.935629
     -5.040000      6.468891      6.468891     12.937781
     -5.020000      7.091565      7.091565     14.183130
     -5.000000      7.743385      7.743385     15.486769
     -4.980000      8.309123      8.309123     16.618247
     -4.960000      8.665740      8.665740     17.331480
     -4.940000      8.709529      8.709529     17.419059
     -4.920000      8.392175      8.392175     16.784351
     -4.900000      7.751481      7.751481     15.502963
     -4.880000      6.918522      6.918522     13.837043
     -4.860000      6.090493      6.090493     12.180985
     -4.840000      5.474495      5.474495     10.948990
     -4.820000      5.222931      5.222931     10.445862
     -4.800000      5.387339      5.387339     10.774679
     -4.780000      5.910664      5.910664     11.821329
     -4.760000      6.660921      6.660921     13.321841
     -4.740000      7.489759      7.489759     14.979518
     -4.720000      8.287193      8.287193     16.574386
     -4.700000      9.006089      9.006089     18.012177
     -4.680000      9.647035      9.647035     19.294071
     -4.660000     10.216786     10.216786     20.433573
     -4.640000     10.687948     10.687948     21.375896
     -4.620000     10.985235     10.985235     21.970471
     -4.600000     11.006858     11.006858     22.013716
     -4.580000     10.669720     10.669720     21.339440
     -4.560000      9.955318      9.955318     19.910636
     -4.540000      8.933971      8.933971     17.867941
     -4.520000      7.755649      7.755649     15.511298
     -4.500000      6.610502      6.610502     13.221005
     -4.480000      5.675090      5.675090     11.350180
     -4.460000      5.066372      5.066372     10.132745
     -4.440000      4.821729      4.821729      9.643457
     -4.420000      4.910933      4.910933      9.821866
     -4.400000      5.270849      5.270849     10.541698
     -4.380000      5.843278      5.843278     11.686556
     -4.360000      6.595994      6.595994     13.191988
     -4.340000      7.516524      7.516524     15.033047
     -4.320000      8.582804      8.582804     17.165609
     -4.300000      9.727640      9.727640     19.455280
     -4.280000     10.818680     10.818680     21.637361
     -4.260000     11.669766     11.669766     23.339532
     -4.240000     12.084820     12.084820     24.169639
     -4.220000     11.918719     11.918719     23.837438
     -4.200000     11.129464     11.129464     22.258927
     -4.180000      9.798375      9.798375     19.596750
     -4.160000      8.109270      8.109270     16.218540
     -4.140000      6.295996      6.295996     12.591993
     -4.120000      4.580615      4.580615      9.161230
     -4.100000      3.125836      3.125836      6.251672
     -4.080000      2.015838      2.015838      4.031676
     -4.060000      1.265695      1.265695      2.531391
     -4.040000      0.848518      0.848518      1.697035
     -4.020000      0.725231      0.725231      1.450463
     -4.000000      0.864476      0.864476      1.728951
     -3.980000      1.246512      1.246512      2.493024
     -3.960000      1.852324      1.852324      3.704648
     -3.940000      2.645224      2.645224      5.290447
     -3.920000      3.555795      3.555795      7.111590
     -3.900000      4.480438      4.480438      8.960876
     -3.880000      5.298214      5.298214     10.596428
     -3.860000      5.901525      5.901525     11.803050
     -3.840000      6.227781      6.227781     12.455562
     -3.820000      6.276961      6.276961     12.553923
     -3.800000      6.106328      6.106328     12.212655
     -3.780000      5.805219      5.805219     11.610438
     -3.760000      5.462651      5.462651     10.925303
     -3.740000      5.142167      5.142167     10.284334
     -3.720000      4.871835      4.871835      9.743671
     -3.700000      4.648004      4.648004      9.296008
     -3.680000      4.445886      4.445886      8.891773
     -3.660000      4.230786      4.230786      8.461572
     -3.640000      3.967820      3.967820      7.935640
     -3.620000      3.630817      3.630817      7.261635
     -3.600000      3.210450      3.210450      6.420899
     -3.580000      2.719333      2.719333      5.438666
     -3.560000      2.191088      2.191088      4.382176
     -3.540000      1.672611      1.672611      3.345221
     -3.520000      1.212575      1.212575      2.425150
     -3.500000      0.851426      0.851426      1.702852
     -3.480000      0.616992      0.616992      1.233985
     -3.460000      0.526139      0.526139      1.052279
     -3.440000      0.589107      0.589107      1.178214
     -3.420000      0.811754      0.811754      1.623507
     -3.400000      1.192667      1.192667      2.385334
     -3.380000      1.715919      1.715919      3.431839
     -3.360000      2.343845      2.343845      4.687689
     -3.340000      3.015291      3.015291      6.030582
     -3.320000      3.652489      3.652489      7.304977
     -3.300000      4.175155      4.175155      8.350310
     -3.280000      4.516630      4.516630      9.033261
     -3.260000      4.636157      4.636157      9.272314
     -3.240000      4.524074      4.524074      9.048148
     -3.220000      4.200406      4.200406      8.400812
     -3.200000      3.709383      3.709383      7.418765
     -3.180000      3.112058      3.112058      6.224116
     -3.160000      2.477931      2.477931      4.955862
     -3.140000      1.876209      1.876209      3.752419
     -3.120000      1.368367      1.368367      2.736735
     -3.100000      1.004284      1.004284      2.008567
     -3.080000      0.822912      0.822912      1.645825
     -3.060000      0.855248      0.855248      1.710497
     -3.040000      1.124500      1.124500      2.249000
     -3.020000      1.638618      1.638618      3.277236
     -3.000000      2.374853      2.374853      4.749706
     -2.980000      3.263138      3.263138      6.526275
     -2.960000      4.180363      4.180363      8.360725
     -2.940000      4.966210      4.966210      9.932420
     -2.920000      5.461574      5.461574     10.923147
     -2.900000      5.557095      5.557095     11.114189
     -2.880000      5.230544      5.230544     10.461089
     -2.860000      4.554770      4.554770      9.109540
     -2.840000      3.672152      3.672152      7.344303
     -2.820000      2.748423      2.748423      5.496845
     -2.800000      1.927689      1.927689      3.855378
     -2.780000      1.306706      1.306706      2.613413
     -2.760000      0.933741      0.933741      1.867483
     -2.740000      0.824360      0.824360      1.648720
     -2.720000      0.980300      0.980300      1.960600
     -2.700000      1.399839      1.399839      2.799678
     -2.680000      2.075778      2.075778      4.151557
     -2.660000      2.985600      2.985600      5.971200
     -2.640000      4.083264      4.083264      8.166529
     -2.620000      5.301073      5.301073     10.602146
     -2.600000      6.563219      6.563219     13.126437
     -2.580000      7.803794      7.803794     15.607587
     -2.560000      8.977206      8.977206     17.954412
     -2.540000     10.052851     10.052851     20.105703
     -2.520000     10.997278     10.997278     21.994556
     -2.500000     11.758120     11.758120     23.516240
     -2.480000     12.265554     12.265554     24.531108
     -2.460000     12.456122     12.456122     24.912244
     -2.440000     12.307582     12.307582     24.615165
     -2.420000     11.864089     11.864089     23.728177
     -2.400000     11.235749     11.235749     22.471499
     -2.380000     10.571928     10.571928     21.143856
     -2.360000     10.021999     10.021999     20.043998
     -2.340000      9.700737      9.700737     19.401474
     -2.320000      9.667556      9.667556     19.335112
     -2.300000      9.918048      9.918048     19.836097
     -2.280000     10.382498     10.382498     20.764996
     -2.260000     10.931375     10.931375     21.862750
     -2.240000     11.394860     11.394860     22.789721
     -2.220000     11.602140     11.602140     23.204279
     -2.200000     11.434087     11.434087     22.868174
     -2.180000     10.868875     10.868875     21.737749
     -2.160000      9.996805      9.996805     19.993610
     -2.140000      8.993553      8.993553     17.987106
     -2.120000      8.062199      8.062199     16.124398
     -2.100000      7.369536      7.369536     14.739072
     -2.080000      7.002123      7.002123     14.004245
     -2.060000      6.954949      6.954949     13.909897
     -2.040000      7.150328      7.150328     14.300655
     -2.020000      7.474887      7.474887     14.949774
     -2.000000      7.819801      7.819801     15.639601
     -1.980000      8.110938      8.110938     16.221875
     -1.960000      8.319502      8.319502     16.639004
     -1.940000      8.450479      8.450479     16.900957
     -1.920000      8.515677      8.515677     17.031353
     -1.900000      8.506583      8.506583     17.013166
     -1.880000      8.383580      8.383580     16.767159
     -1.860000      8.089497      8.089497     16.178993
     -1.840000      7.581105      7.581105     15.162210
     -1.820000      6.861174      6.861174     13.722349
     -1.800000      5.993468      5.993468     11.986936
     -1.780000      5.093266      5.093266     10.186531
     -1.760000      4.299138      4.299138      8.598277
     -1.740000      3.739107      3.739107      7.478213
     -1.720000      3.502716      3.502716      7.005433
     -1.700000      3.623770      3.623770      7.247539
     -1.680000      4.073136      4.073136      8.146271
     -1.660000      4.760963      4.760963      9.521926
     -1.640000      5.550628      5.550628     11.101257
     -1.620000      6.287465      6.287465     12.574929
     -1.600000      6.840160      6.840160     13.680320
     -1.580000      7.143751      7.143751     14.287503
     -1.560000      7.226799      7.226799     14.453598
     -1.540000      7.207632      7.207632     14.415264
     -1.520000      7.256024      7.256024     14.512049
     -1.500000      7.531758      7.531758     15.063516
     -1.480000      8.122293      8.122293     16.244586
     -1.460000      9.003048      9.003048     18.006095
     -1.440000     10.035613     10.035613     20.071226
     -1.420000     11.005651     11.005651     22.011302
     -1.400000     11.688399     11.688399     23.376797
     -1.380000     11.919971     11.919971     23.839941
     -1.360000     11.650112     11.650112     23.300223
     -1.340000     10.958062     10.958062     21.916125
     -1.320000     10.026463     10.026463     20.052925
     -1.300000      9.084073      9.084073     18.168146
     -1.280000      8.339867      8.339867     16.679734
     -1.260000      7.933226      7.933226     15.866453
     -1.240000      7.916234      7.916234     15.832467
     -1.220000      8.268450      8.268450     16.536900
     -1.200000      8.929706      8.929706     17.859412
     -1.180000      9.829910      9.829910     19.659819
     -1.160000     10.900171     10.900171     21.800341
     -1.140000     12.063541     12.063541     24.127082
     -1.120000     13.217822     13.217822     26.435644
     -1.100000     14.228407     14.228407     28.456813
     -1.080000     14.942807     14.942807     29.885614
     -1.060000     15.225120     15.225120     30.450240
     -1.040000     14.997021     14.997021     29.994042
     -1.020000     14.268344     14.268344     28.536689
     -1.000000     13.144948     13.144948     26.289896
     -0.980000     11.810038     11.810038     23.620077
     -0.960000     10.483298     10.483298     20.966597
     -0.940000      9.368588      9.368588     18.737177
     -0.920000      8.605348      8.605348     17.210695
     -0.900000      8.239212      8.239212     16.478424
     -0.880000      8.221331      8.221331     16.442662
     -0.860000      8.434064      8.434064     16.868127
     -0.840000      8.729348      8.729348     17.458697
     -0.820000      8.962873      8.962873     17.925746
     -0.800000      9.014733      9.014733     18.029465
     -0.780000      8.799250      8.799250     17.598499
     -0.760000      8.272811      8.272811     16.545622
     -0.740000      7.444278      7.444278     14.888556
     -0.720000      6.382949      6.382949     12.765898
     -0.700000      5.214350      5.214350     10.428700
     -0.680000      4.099348      4.099348      8.198696
     -0.660000      3.202602      3.202602      6.405205
     -0.640000      2.662746      2.662746      5.325491
     -0.620000      2.573591      2.573591      5.147181
     -0.600000      2.976465      2.976465      5.952930
     -0.580000      3.856680      3.856680      7.713361
     -0.560000      5.138160      5.138160     10.276319
     -0.540000      6.678495      6.678495     13.356990
     -0.520000      8.275234      8.275234     16.550468
     -0.500000      9.695049      9.695049     19.390099
     -0.480000     10.727278     10.727278     21.454557
     -0.460000     11.246777     11.246777     22.493555
     -0.440000     11.259006     11.259006     22.518012
     -0.420000     10.902781     10.902781     21.805563
     -0.400000     10.404517     10.404517     20.809034
     -0.380000     10.001972     10.001972     20.003944
     -0.360000      9.870441      9.870441     19.740883
     -0.340000     10.080697     10.080697     20.161394
     -0.320000     10.599142     10.599142     21.198284
     -0.300000     11.319657     11.319657     22.639315
     -0.280000     12.106242     12.106242     24.212484
     -0.260000     12.829332     12.829332     25.658663
     -0.240000     13.389934     13.389934     26.779868
     -0.220000     13.734313     13.734313     27.468626
     -0.200000     13.862584     13.862584     27.725168
     -0.180000     13.829801     13.829801     27.659603
     -0.160000     13.734682     13.734682     27.469364
     -0.140000     13.693533     13.693533     27.387067
     -0.120000     13.804122     13.804122     27.608244
     -0.100000     14.111175     14.111175     28.222350
     -0.080000     14.587144     14.587144     29.174287
     -0.060000     15.137249     15.137249     30.274499
     -0.040000     15.628510     15.628510     31.257020
     -0.020000     15.932394     15.932394     31.864789
      0.000000     15.964452     15.964452     31.928904
      0.020000     15.705017     15.705017     31.410034
      0.040000     15.193271     15.193271     30.386541
      0.060000     14.499223     14.499223     28.998446
      0.080000     13.688574     13.688574     27.377147
      0.100000     12.798415     12.798415     25.596829
      0.120000     11.835462     11.835462     23.670923
      0.140000     10.796164     10.796164     21.592327
      0.160000      9.696506      9.696506     19.393011
      0.180000      8.595164      8.595164     17.190328
      0.200000      7.598510      7.598510     15.197020
      0.220000      6.845428      6.845428     13.690855
      0.240000      6.477187      6.477187     12.954375
      0.260000      6.599682      6.599682     13.199363
      0.280000      7.245215      7.245215     14.490431
      0.300000      8.343516      8.343516     16.687032
      0.320000      9.716204      9.716204     19.432409
      0.340000     11.108275     11.108275     22.216550
      0.360000     12.257208     12.257208     24.514417
      0.380000     12.978186     12.978186     25.956373
      0.400000     13.227082     13.227082     26.454165
      0.420000     13.106936     13.106936     26.213871
      0.440000     12.810708     12.810708     25.621416
      0.460000     12.527649     12.527649     25.055298
      0.480000     12.360034     12.360034     24.720068
      0.500000     12.289053     12.289053     24.578106
      0.520000     12.199929     12.199929     24.399858
      0.540000     11.946102     11.946102     23.892204
      0.560000     11.417745     11.417745     22.835491
      0.580000     10.585484     10.585484     21.170967
      0.600000      9.508101      9.508101     19.016202
      0.620000      8.310931      8.310931     16.621861
      0.640000      7.150651      7.150651     14.301303
      0.660000      6.180698      6.180698     12.361397
      0.680000      5.523808      5.523808     11.047615
      0.700000      5.251098      5.251098     10.502197
      0.720000      5.365649      5.365649     10.731299
      0.740000      5.792951      5.792951     11.585902
      0.760000      6.386033      6.386033     12.772065
      0.780000      6.952812      6.952812     13.905623
      0.800000      7.304388      7.304388     14.608777
      0.820000      7.309904      7.309904     14.619808
      0.840000      6.935690      6.935690     13.871380
      0.860000      6.251149      6.251149     12.502298
      0.880000      5.399769      5.399769     10.799537
      0.900000      4.550829      4.550829      9.101659
      0.920000      3.854433      3.854433      7.708867
      0.940000      3.415581      3.415581      6.831161
      0.960000      3.288343      3.288343      6.576686
      0.980000      3.479708      3.479708      6.959417
      1.000000      3.951866      3.951866      7.903731
      1.020000      4.620446      4.620446      9.240893
      1.040000      5.356541      5.356541     10.713082
      1.060000      6.003297      6.003297     12.006594
      1.080000      6.410501      6.410501     12.821003
      1.100000      6.477763      6.477763     12.955526
      1.120000      6.188188      6.188188     12.376375
      1.140000      5.616730      5.616730     11.233460
      1.160000      4.909382      4.909382      9.818765
      1.180000      4.242823      4.242823      8.485647
      1.200000      3.780329      3.780329      7.560658
      1.220000      3.636295      3.636295      7.272590
      1.240000      3.853840      3.853840      7.707681
      1.260000      4.395068      4.395068      8.790137
      1.280000      5.144614      5.144614     10.289227
      1.300000      5.930164      5.930164     11.860328
      1.320000      6.562039      6.562039     13.124078
      1.340000      6.885196      6.885196     13.770392
      1.360000      6.826454      6.826454     13.652909
      1.380000      6.416491      6.416491     12.832982
      1.400000      5.775382      5.775382     11.550763
      1.420000      5.068000      5.068000     10.136001
      1.440000      4.450411      4.450411      8.900822
      1.460000      4.031155      4.031155      8.062311
      1.480000      3.860877      3.860877      7.721754
      1.500000      3.947289      3.947289      7.894577
      1.520000      4.279799      4.279799      8.559599
      1.540000      4.845430      4.845430      9.690859
      1.560000      5.625256      5.625256     11.250511
      1.580000      6.574121      6.574121     13.148242
      1.600000      7.598715      7.598715     15.197430
      1.620000      8.553447      8.553447     17.106894
      1.640000      9.265930      9.265930     18.531859
      1.660000      9.586913      9.586913     19.173826
      1.680000      9.442622      9.442622     18.885244
      1.700000      8.862163      8.862163     17.724326
      1.720000      7.964267      7.964267     15.928534
      1.740000      6.909831      6.909831     13.819663
      1.760000      5.845251      5.845251     11.690503
      1.780000      4.864424      4.864424      9.728847
      1.800000      4.003806      4.003806      8.007612
      1.820000      3.265295      3.265295      6.530590
      1.840000      2.648696      2.648696      5.297392
      1.860000      2.175190      2.175190      4.350380
      1.880000      1.892146      1.892146      3.784292
      1.900000      1.859935      1.859935      3.719871
      1.920000      2.127703      2.127703      4.255407
      1.940000      2.707142      2.707142      5.414284
      1.960000      3.553822      3.553822      7.107645
      1.980000      4.565327      4.565327      9.130654
      2.000000      5.601857      5.601857     11.203714
      2.020000      6.526054      6.526054     13.052107
      2.040000      7.247312      7.247312     14.494624
      2.060000      7.749663      7.749663     15.499325
      2.080000      8.087974      8.087974     16.175947
      2.100000      8.353310      8.353310     16.706620
      2.120000      8.624742      8.624742     17.249484
      2.140000      8.930944      8.930944     17.861888
      2.160000      9.237654      9.237654     18.475307
      2.180000      9.463208      9.463208     18.926416
      2.200000      9.513335      9.513335     19.026671
      2.220000      9.322387      9.322387     18.644774
      2.240000      8.888905      8.888905     17.777810
      2.260000      8.294821      8.294821     16.589642
      2.280000      7.699218      7.699218     15.398436
      2.300000      7.302455      7.302455     14.604910
      2.320000      7.286572      7.286572     14.573144
      2.340000      7.750311      7.750311     15.500621
      2.360000      8.664779      8.664779     17.329559
      2.380000      9.871810      9.871810     19.743620
      2.400000     11.130362     11.130362     22.260725
      2.420000     12.193741     12.193741     24.387482
      2.440000     12.884278     12.884278     25.768557
      2.460000     13.132992     13.132992     26.265984
      2.480000     12.970669     12.970669     25.941338
      2.500000     12.483183     12.483183     24.966367
      2.520000     11.761319     11.761319     23.522637
      2.540000     10.873225     10.873225     21.746450
      2.560000      9.868613      9.868613     19.737227
      2.580000      8.801724      8.801724     17.603448
      2.600000      7.749850      7.749850     15.499700
      2.620000      6.810942      6.810942     13.621883
      2.640000      6.080653      6.080653     12.161306
      2.660000      5.623530      5.623530     11.247060
      2.680000      5.455682      5.455682     10.911365
      2.700000      5.547142      5.547142     11.094285
      2.720000      5.838788      5.838788     11.677576
      2.740000      6.260884      6.260884     12.521768
      2.760000      6.742985      6.742985     13.485971
      2.780000      7.215247      7.215247     14.430495
      2.800000      7.610017      7.610017     15.220034
      2.820000      7.871909      7.871909     15.743819
      2.840000      7.974348      7.974348     15.948696
      2.860000      7.929969      7.929969     15.859937
      2.880000      7.782111      7.782111     15.564221
      2.900000      7.577170      7.577170     15.154340
      2.920000      7.333471      7.333471     14.666943
      2.940000      7.028075      7.028075     14.056150
      2.960000      6.612798      6.612798     13.225597
      2.980000      6.051780      6.051780     12.103559
      3.000000      5.358896      5.358896     10.717792
      3.020000      4.613469      4.613469      9.226937
      3.040000      3.945317      3.945317      7.890634
      3.060000      3.495834      3.495834      6.991668
      3.080000      3.371488      3.371488      6.742976
      3.100000      3.607329      3.607329      7.214657
      3.120000      4.153416      4.153416      8.306832
      3.140000      4.890012      4.890012      9.780023
      3.160000      5.668788      5.668788     11.337576
      3.180000      6.367469      6.367469     12.734937
      3.200000      6.936891      6.936891     13.873781
      3.220000      7.418197      7.418197     14.836394
      3.240000      7.917949      7.917949     15.835899
      3.260000      8.548187      8.548187     17.096374
      3.280000      9.357432      9.357432     18.714864
      3.300000     10.286139     10.286139     20.572278
      3.320000     11.170544     11.170544     22.341088
      3.340000     11.796265     11.796265     23.592529
      3.360000     11.978931     11.978931     23.957862
      3.380000     11.636128     11.636128     23.272255
      3.400000     10.819684     10.819684     21.639367
      3.420000      9.696826      9.696826     19.393651
      3.440000      8.492193      8.492193     16.984386
      3.460000      7.418119      7.418119     14.836237
      3.480000      6.621275      6.621275     13.242550
      3.500000      6.161666      6.161666     12.323333
      3.520000      6.022848      6.022848     12.045695
      3.540000      6.139096      6.139096     12.278191
      3.560000      6.421673      6.421673     12.843347
      3.580000      6.772905      6.772905     13.545811
      3.600000      7.088935      7.088935     14.177869
      3.620000      7.261868      7.261868     14.523735
      3.640000      7.192587      7.192587     14.385174
      3.660000      6.815968      6.815968     13.631937
      3.680000      6.127605      6.127605     12.255211
      3.700000      5.195649      5.195649     10.391298
      3.720000      4.148081      4.148081      8.296162
      3.740000      3.139921      3.139921      6.279842
      3.760000      2.315791      2.315791      4.631582
      3.780000      1.783156      1.783156      3.566312
      3.800000      1.601729      1.601729      3.203457
      3.820000      1.783493      1.783493      3.566986
      3.840000      2.294007      2.294007      4.588015
      3.860000      3.051116      3.051116      6.102232
      3.880000      3.926585      3.926585      7.853170
      3.900000      4.761199      4.761199      9.522399
      3.920000      5.399260      5.399260     10.798520
      3.940000      5.736044      5.736044     11.472087
      3.960000      5.759618      5.759618     11.519235
      3.980000      5.565369      5.565369     11.130738
      4.000000      5.331090      5.331090     10.662179
      4.020000      5.257961      5.257961     10.515923
      4.040000      5.498824      5.498824     10.997647
      4.060000      6.101558      6.101558     12.203116
      4.080000      6.989551      6.989551     13.979102
      4.100000      7.986230      7.986230     15.972460
      4.120000      8.873260      8.873260     17.746520
      4.140000      9.459654      9.459654     18.919307
      4.160000      9.637016      9.637016     19.274032
      4.180000      9.404700      9.404700     18.809401
      4.200000      8.862375      8.862375     17.724749
      4.220000      8.178424      8.178424     16.356848
      4.240000      7.546101      7.546101     15.092202
      4.260000      7.137241      7.137241     14.274482
      4.280000      7.061337      7.061337     14.122674
      4.300000      7.338874      7.338874     14.677749
      4.320000      7.899005      7.899005     15.798010
      4.340000      8.607050      8.607050     17.214101
      4.360000      9.315245      9.315245     18.630491
      4.380000      9.916792      9.916792     19.833583
      4.400000     10.378751     10.378751     20.757501
      4.420000     10.738877     10.738877     21.477755
      4.440000     11.070161     11.070161     22.140322
      4.460000     11.432581     11.432581     22.865162
      4.480000     11.834936     11.834936     23.669872
      4.500000     12.220835     12.220835     24.441670
      4.520000     12.480510     12.480510     24.961019
      4.540000     12.482026     12.482026     24.964053
      4.560000     12.112926     12.112926     24.225852
      4.580000     11.322169     11.322169     22.644338
      4.600000     10.150044     10.150044     20.300089
      4.620000      8.733256      8.733256     17.466513
      4.640000      7.278340      7.278340     14.556680
      4.660000      6.008747      6.008747     12.017493
      4.680000      5.103079      5.103079     10.206158
      4.700000      4.646574      4.646574      9.293149
      4.720000      4.612676      4.612676      9.225353
      4.740000      4.879935      4.879935      9.759871
      4.760000      5.277337      5.277337     10.554674
      4.780000      5.642365      5.642365     11.284731
      4.800000      5.872127      5.872127     11.744255
      4.820000      5.949451      5.949451     11.898902
      4.840000      5.933654      5.933654     11.867307
      4.860000      5.918916      5.918916     11.837831
      4.880000      5.977680      5.977680     11.955360
      4.900000      6.115251      6.115251     12.230502
      4.920000      6.258536      6.258536     12.517072
      4.940000      6.286143      6.286143     12.572286
      4.960000      6.086086      6.086086     12.172171
      4.980000      5.613057      5.613057     11.226115
      5.000000      4.918240      4.918240      9.836479
      5.020000      4.140075      4.140075      8.280150
      5.040000      3.464091      3.464091      6.928183
      5.060000      3.071789      3.071789      6.143578
      5.080000      3.097665      3.097665      6.195330
      5.100000      3.603895      3.603895      7.207790
      5.120000      4.572614      4.572614      9.145228
      5.140000      5.911557      5.911557     11.823113
      5.160000      7.469488      7.469488     14.938976
      5.180000      9.059337      9.059337     18.118674
      5.200000     10.486731     10.486731     20.973461
      5.220000     11.580216     11.580216     23.160432
      5.240000     12.218618     12.218618     24.437236
      5.260000     12.351190     12.351190     24.702381
      5.280000     12.006802     12.006802     24.013603
      5.300000     11.289042     11.289042     22.578083
      5.320000     10.355981     10.355981     20.711963
      5.340000      9.387292      9.387292     18.774584
      5.360000      8.546492      8.546492     17.092984
      5.380000      7.949093      7.949093     15.898186
      5.400000      7.645684      7.645684     15.291367
      5.420000      7.622823      7.622823     15.245647
      5.440000      7.817628      7.817628     15.635256
      5.460000      8.138332      8.138332     16.276664
      5.480000      8.484563      8.484563     16.969126
      5.500000      8.765205      8.765205     17.530409
      5.520000      8.914374      8.914374     17.828749
      5.540000      8.904691      8.904691     17.809381
      5.560000      8.753427      8.753427     17.506853
      5.580000      8.515802      8.515802     17.031605
      5.600000      8.263739      8.263739     16.527479
      5.620000      8.056409      8.056409     16.112818
      5.640000      7.915343      7.915343     15.830687
      5.660000      7.816546      7.816546     15.633093
      5.680000      7.704243      7.704243     15.408487
      5.700000      7.520059      7.520059     15.040117
      5.720000      7.233847      7.233847     14.467694
      5.740000      6.861991      6.861991     13.723981
      5.760000      6.465305      6.465305     12.930609
      5.780000      6.128134      6.128134     12.256268
      5.800000      5.928316      5.928316     11.856632
      5.820000      5.911227      5.911227     11.822454
      5.840000      6.078923      6.078923     12.157847
      5.860000      6.398354      6.398354     12.796707
      5.880000      6.823674      6.823674     13.647348
      5.900000      7.320785      7.320785     14.641571
      5.920000      7.880880      7.880880     15.761760
      5.940000      8.515148      8.515148     17.030295
      5.960000      9.232569      9.232569     18.465138
      5.980000     10.011890     10.011890     20.023780
      6.000000     10.782700     10.782700     21.565400
      6.020000     11.427134     11.427134     22.854267
      6.040000     11.804993     11.804993     23.609986
      6.060000     11.794915     11.794915     23.589831
      6.080000     11.336659     11.336659     22.673317
      6.100000     10.457574     10.457574     20.915147
      6.120000      9.271420      9.271420     18.542841
      6.140000      7.948549      7.948549     15.897099
      6.160000      6.668553      6.668553     13.337106
      6.180000      5.573633      5.573633     11.147266
      6.200000      4.739353      4.739353      9.478707
      6.220000      4.170714      4.170714      8.341428
      6.240000      3.820961      3.820961      7.641922
      6.260000      3.623322      3.623322      7.246643
      6.280000      3.523523      3.523523      7.047045
      6.300000      3.502098      3.502098      7.004196
      6.320000      3.578627      3.578627      7.157255
      6.340000      3.795278      3.795278      7.590555
      6.360000      4.184705      4.184705      8.369411
      6.380000      4.735795      4.735795      9.471591
      6.400000      5.375009      5.375009     10.750018
      6.420000      5.976561      5.976561     11.953122
      6.440000      6.401064      6.401064     12.802129
      6.460000      6.546497      6.546497     13.092994
      6.480000      6.387529      6.387529     12.775059
      6.500000      5.985366      5.985366     11.970732
      6.520000      5.466616      5.466616     10.933232
      6.540000      4.985216      4.985216      9.970431
      6.560000      4.685951      4.685951      9.371903
      6.580000      4.680562      4.680562      9.361124
      6.600000      5.035456      5.035456     10.070911
      6.620000      5.763647      5.763647     11.527295
      6.640000      6.816541      6.816541     13.633082
      6.660000      8.079472      8.079472     16.158943
      6.680000      9.380372      9.380372     18.760745
      6.700000     10.517915     10.517915     21.035830
      6.720000     11.305274     11.305274     22.610548
      6.740000     11.615152     11.615152     23.230305
      6.760000     11.408524     11.408524     22.817049
      6.780000     10.736387     10.736387     21.472773
      6.800000      9.716567      9.716567     19.433134
      6.820000      8.498426      8.498426     16.996851
      6.840000      7.230913      7.230913     14.461825
      6.860000      6.043650      6.043650     12.087300
      6.880000      5.041310      5.041310     10.082620
      6.900000      4.304827      4.304827      8.609655
      6.920000      3.892074      3.892074      7.784149
      6.940000      3.834387      3.834387      7.668775
      6.960000      4.130126      4.130126      8.260252
      6.980000      4.739191      4.739191      9.478381
      7.000000      5.582337      5.582337     11.164674
      7.020000      6.547429      6.547429     13.094858
      7.040000      7.502866      7.502866     15.005732
      7.060000      8.317088      8.317088     16.634176
      7.080000      8.882015      8.882015     17.764030
      7.100000      9.136967      9.136967     18.273934
      7.120000      9.087659      9.087659     18.175318
      7.140000      8.812889      8.812889     17.625777
      7.160000      8.451469      8.451469     16.902938
      7.180000      8.166338      8.166338     16.332676
      7.200000      8.092266      8.092266     16.184532
      7.220000      8.284694      8.284694     16.569388
      7.240000      8.692563      8.692563     17.385126
      7.260000      9.171342      9.171342     18.342685
      7.280000      9.534479      9.534479     19.068959
      7.300000      9.621708      9.621708     19.243415
      7.320000      9.353806      9.353806     18.707613
      7.340000      8.751937      8.751937     17.503873
      7.360000      7.919986      7.919986     15.839971
      7.380000      7.006580      7.006580     14.013160
      7.400000      6.168010      6.168010     12.336020
      7.420000      5.543596      5.543596     11.087192
      7.440000      5.240947      5.240947     10.481893
      7.460000      5.321776      5.321776     10.643552
      7.480000      5.784029      5.784029     11.568057
      7.500000      6.547429      6.547429     13.094858
      7.520000      7.456828      7.456828     14.913657
      7.540000      8.313490      8.313490     16.626980
      7.560000      8.929971      8.929971     17.859943
      7.580000      9.188627      9.188627     18.377255
      7.600000      9.077769      9.077769     18.155538
      7.620000      8.688159      8.688159     17.376317
      7.640000      8.171375      8.171375     16.342749
      7.660000      7.679601      7.679601     15.359202
      7.680000      7.313508      7.313508     14.627016
      7.700000      7.098173      7.098173     14.196346
      7.720000      6.991827      6.991827     13.983654
      7.740000      6.917623      6.917623     13.835246
      7.760000      6.801540      6.801540     13.603080
      7.780000      6.601242      6.601242     13.202485
      7.800000      6.317959      6.317959     12.635918
      7.820000      5.991298      5.991298     11.982597
      7.840000      5.682208      5.682208     11.364416
      7.860000      5.451355      5.451355     10.902711
      7.880000      5.340200      5.340200     10.680400
      7.900000      5.360741      5.360741     10.721481
      7.920000      5.497436      5.497436     10.994872
      7.940000      5.720731      5.720731     11.441461
      7.960000      6.006826      6.006826     12.013651
      7.980000      6.354734      6.354734     12.709469
      8.000000      6.791501      6.791501     13.583003
      8.020000      7.360549      7.360549     14.721098
      8.040000      8.095386      8.095386     16.190772
      8.060000      8.988680      8.988680     17.977361
      8.080000      9.971520      9.971520     19.943041
      8.100000     10.916395     10.916395     21.832789
      8.120000     11.668624     11.668624     23.337247
      8.140000     12.097181     12.097181     24.194362
      8.160000     12.143871     12.143871     24.287742
      8.180000     11.847815     11.847815     23.695629
      8.200000     11.333365     11.333365     22.666730
      8.220000     10.768212     10.768212     21.536423
      8.240000     10.312543     10.312543     20.625086
      8.260000     10.080483     10.080483     20.160967
      8.280000     10.122942     10.122942     20.245883
      8.300000     10.427348     10.427348     20.854696
      8.320000     10.925245     10.925245     21.850489
      8.340000     11.504420     11.504420     23.008841
      8.360000     12.029366     12.029366     24.058732
      8.380000     12.372756     12.372756     24.745512
      8.400000     12.450892     12.450892     24.901784
      8.420000     12.246883     12.246883     24.493766
      8.440000     11.807076     11.807076     23.614152
      8.460000     11.210246     11.210246     22.420493
      8.480000     10.526061     10.526061     21.052122
      8.500000      9.786820      9.786820     19.573640
      8.520000      8.988671      8.988671     17.977342
      8.540000      8.120455      8.120455     16.240909
      8.560000      7.201920      7.201920     14.403841
      8.580000      6.308395      6.308395     12.616791
      8.600000      5.567663      5.567663     11.135325
      8.620000      5.129743      5.129743     10.259486
      8.640000      5.121917      5.121917     10.243833
      8.660000      5.604678      5.604678     11.209355
      8.680000      6.541545      6.541545     13.083090
      8.700000      7.791713      7.791713     15.583426
      8.720000      9.131219      9.131219     18.262438
      8.740000     10.302730     10.302730     20.605460
      8.760000     11.083478     11.083478     22.166957
      8.780000     11.348800     11.348800     22.697601
      8.800000     11.104446     11.104446     22.208892
      8.820000     10.471531     10.471531     20.943062
      8.840000      9.630656      9.630656     19.261313
      8.860000      8.752763      8.752763     17.505526
      8.880000      7.949669      7.949669     15.899338
      8.900000      7.263498      7.263498     14.526995
      8.920000      6.691133      6.691133     13.382267
      8.940000      6.222458      6.222458     12.444916
      8.960000      5.868652      5.868652     11.737303
      8.980000      5.667623      5.667623     11.335245
      9.000000      5.668812      5.668812     11.337625
      9.020000      5.910196      5.910196     11.820392
      9.040000      6.401901      6.401901     12.803802
      9.060000      7.124241      7.124241     14.248481
      9.080000      8.037507      8.037507     16.075015
      9.100000      9.092891      9.092891     18.185782
      9.120000     10.234077     10.234077     20.468154
      9.140000     11.388484     11.388484     22.776968
      9.160000     12.459525     12.459525     24.919050
      9.180000     13.336014     13.336014     26.672028
      9.200000     13.925241     13.925241     27.850481
      9.220000     14.196880     14.196880     28.393761
      9.240000     14.210414     14.210414     28.420829
      9.260000     14.102316     14.102316     28.204632
      9.280000     14.031354     14.031354     28.062708
      9.300000     14.106833     14.106833     28.213666
      9.320000     14.337157     14.337157     28.674314
      9.340000     14.626101     14.626101     29.252202
      9.360000     14.818175     14.818175     29.636350
      9.380000     14.768893     14.768893     29.537785
      9.400000     14.405130     14.405130     28.810260
      9.420000     13.749225     13.749225     27.498450
      9.440000     12.901167     12.901167     25.802334
      9.460000     11.993768     11.993768     23.987536
      9.480000     11.145838     11.145838     22.291675
      9.500000     10.434536     10.434536     20.869073
      9.520000      9.894289      9.894289     19.788578
      9.540000      9.534354      9.534354     19.068708
      9.560000      9.358662      9.358662     18.717324
      9.580000      9.373746      9.373746     18.747493
      9.600000      9.581023      9.581023     19.162047
      9.620000      9.961190      9.961190     19.922380
      9.640000     10.463760     10.463760     20.927520
      9.660000     11.010984     11.010984     22.021968
      9.680000     11.515976     11.515976     23.031953
      9.700000     11.906567     11.906567     23.813134
      9.720000     12.144145     12.144145     24.288289
      9.740000     12.230510     12.230510     24.461019
      9.760000     12.201818     12.201818     24.403636
      9.780000     12.113230     12.113230     24.226460
      9.800000     12.019709     12.019709     24.039418
      9.820000     11.958437     11.958437     23.916874
      9.840000     11.937580     11.937580     23.875159
      9.860000     11.934773     11.934773     23.869546
      9.880000     11.906298     11.906298     23.812597
      9.900000     11.804702     11.804702     23.609404
      9.920000     11.599510     11.599510     23.199021
      9.940000     11.294086     11.294086     22.588172
      9.960000     10.932315     10.932315     21.864631
      9.980000     10.591689     10.591689     21.183377
     10.000000     10.363411     10.363411     20.726822
