# EIG2DOS: Utility for SIESTA to obtain the electronic density of states
#  E. Artacho, Apr 1999, A. Garcia, Apr 2012
# ------------------------------------------
# Eigenvalues read from GRP_doping.EIG
# Using smearing parameter:   0.100
# Using   1001 points in energy range
# Selected bands: 1 to: 936
# Emin, emax in file for selected band(s):    -26.2070800    188.5409600
# Nbands, Nspin, Nk   =    936     1   231
# E_F                 =    -3.4069 eV --> (shifted to ZERO)
# Broadening          =     0.1000 eV
#
#        E            N(up)  (=)   N(down)         Ntot
    -10.000000      7.401572      7.401572     14.803144
     -9.980000      7.265737      7.265737     14.531474
     -9.960000      7.143893      7.143893     14.287785
     -9.940000      7.044777      7.044777     14.089553
     -9.920000      6.973449      6.973449     13.946899
     -9.900000      6.933131      6.933131     13.866263
     -9.880000      6.926997      6.926997     13.853993
     -9.860000      6.958665      6.958665     13.917330
     -9.840000      7.030963      7.030963     14.061926
     -9.820000      7.143471      7.143471     14.286942
     -9.800000      7.290060      7.290060     14.580119
     -9.780000      7.457735      7.457735     14.915469
     -9.760000      7.627707      7.627707     15.255415
     -9.740000      7.778791      7.778791     15.557581
     -9.720000      7.892331      7.892331     15.784663
     -9.700000      7.957208      7.957208     15.914416
     -9.680000      7.973211      7.973211     15.946422
     -9.660000      7.951543      7.951543     15.903086
     -9.640000      7.912061      7.912061     15.824123
     -9.620000      7.877973      7.877973     15.755947
     -9.600000      7.869616      7.869616     15.739231
     -9.580000      7.899361      7.899361     15.798722
     -9.560000      7.969390      7.969390     15.938780
     -9.540000      8.073029      8.073029     16.146057
     -9.520000      8.198876      8.198876     16.397753
     -9.500000      8.335766      8.335766     16.671533
     -9.480000      8.476317      8.476317     16.952635
     -9.460000      8.617737      8.617737     17.235474
     -9.440000      8.760089      8.760089     17.520178
     -9.420000      8.903574      8.903574     17.807148
     -9.400000      9.046799      9.046799     18.093597
     -9.380000      9.187373      9.187373     18.374747
     -9.360000      9.324907      9.324907     18.649813
     -9.340000      9.465180      9.465180     18.930359
     -9.320000      9.623569      9.623569     19.247137
     -9.300000      9.825879      9.825879     19.651757
     -9.280000     10.105553     10.105553     20.211105
     -9.260000     10.497335     10.497335     20.994669
     -9.240000     11.028428     11.028428     22.056857
     -9.220000     11.708779     11.708779     23.417558
     -9.200000     12.522449     12.522449     25.044899
     -9.180000     13.422395     13.422395     26.844790
     -9.160000     14.331202     14.331202     28.662405
     -9.140000     15.150061     15.150061     30.300122
     -9.120000     15.776563     15.776563     31.553127
     -9.100000     16.128766     16.128766     32.257532
     -9.080000     16.169253     16.169253     32.338505
     -9.060000     15.920785     15.920785     31.841571
     -9.040000     15.466429     15.466429     30.932859
     -9.020000     14.931990     14.931990     29.863980
     -9.000000     14.455200     14.455200     28.910400
     -8.980000     14.151116     14.151116     28.302232
     -8.960000     14.084371     14.084371     28.168742
     -8.940000     14.256282     14.256282     28.512565
     -8.920000     14.610010     14.610010     29.220019
     -8.900000     15.051732     15.051732     30.103464
     -8.880000     15.481212     15.481212     30.962423
     -8.860000     15.821801     15.821801     31.643603
     -8.840000     16.039388     16.039388     32.078777
     -8.820000     16.143303     16.143303     32.286607
     -8.800000     16.169507     16.169507     32.339014
     -8.780000     16.154341     16.154341     32.308681
     -8.760000     16.111510     16.111510     32.223020
     -8.740000     16.023147     16.023147     32.046294
     -8.720000     15.848878     15.848878     31.697757
     -8.700000     15.548543     15.548543     31.097086
     -8.680000     15.108550     15.108550     30.217100
     -8.660000     14.560574     14.560574     29.121147
     -8.640000     13.984096     13.984096     27.968192
     -8.620000     13.489809     13.489809     26.979618
     -8.600000     13.187693     13.187693     26.375386
     -8.580000     13.149888     13.149888     26.299776
     -8.560000     13.381984     13.381984     26.763969
     -8.540000     13.814901     13.814901     27.629802
     -8.520000     14.322568     14.322568     28.645135
     -8.500000     14.760490     14.760490     29.520980
     -8.480000     15.011436     15.011436     30.022871
     -8.460000     15.021258     15.021258     30.042516
     -8.440000     14.812064     14.812064     29.624129
     -8.420000     14.469496     14.469496     28.938991
     -8.400000     14.111108     14.111108     28.222216
     -8.380000     13.849078     13.849078     27.698156
     -8.360000     13.760369     13.760369     27.520739
     -8.340000     13.872258     13.872258     27.744516
     -8.320000     14.164041     14.164041     28.328081
     -8.300000     14.580353     14.580353     29.160706
     -8.280000     15.049652     15.049652     30.099304
     -8.260000     15.502687     15.502687     31.005374
     -8.240000     15.888146     15.888146     31.776292
     -8.220000     16.184089     16.184089     32.368179
     -8.200000     16.403568     16.403568     32.807137
     -8.180000     16.592120     16.592120     33.184241
     -8.160000     16.815654     16.815654     33.631308
     -8.140000     17.140398     17.140398     34.280796
     -8.120000     17.610677     17.610677     35.221354
     -8.100000     18.232413     18.232413     36.464826
     -8.080000     18.968442     18.968442     37.936885
     -8.060000     19.746772     19.746772     39.493544
     -8.040000     20.477769     20.477769     40.955538
     -8.020000     21.073883     21.073883     42.147766
     -8.000000     21.466348     21.466348     42.932696
     -7.980000     21.615634     21.615634     43.231268
     -7.960000     21.514325     21.514325     43.028650
     -7.940000     21.182273     21.182273     42.364546
     -7.920000     20.655473     20.655473     41.310947
     -7.900000     19.972563     19.972563     39.945125
     -7.880000     19.164701     19.164701     38.329402
     -7.860000     18.253465     18.253465     36.506930
     -7.840000     17.256842     17.256842     34.513683
     -7.820000     16.198283     16.198283     32.396566
     -7.800000     15.112105     15.112105     30.224210
     -7.780000     14.041922     14.041922     28.083844
     -7.760000     13.034556     13.034556     26.069112
     -7.740000     12.135043     12.135043     24.270085
     -7.720000     11.386186     11.386186     22.772371
     -7.700000     10.830456     10.830456     21.660913
     -7.680000     10.507831     10.507831     21.015661
     -7.660000     10.444569     10.444569     20.889138
     -7.640000     10.634754     10.634754     21.269508
     -7.620000     11.024031     11.024031     22.048062
     -7.600000     11.507594     11.507594     23.015189
     -7.580000     11.949068     11.949068     23.898136
     -7.560000     12.216081     12.216081     24.432162
     -7.540000     12.218596     12.218596     24.437191
     -7.520000     11.933684     11.933684     23.867368
     -7.500000     11.407010     11.407010     22.814019
     -7.480000     10.732460     10.732460     21.464919
     -7.460000     10.020424     10.020424     20.040848
     -7.440000      9.367563      9.367563     18.735126
     -7.420000      8.836884      8.836884     17.673769
     -7.400000      8.450574      8.450574     16.901148
     -7.380000      8.193445      8.193445     16.386891
     -7.360000      8.023553      8.023553     16.047107
     -7.340000      7.887071      7.887071     15.774142
     -7.320000      7.734696      7.734696     15.469393
     -7.300000      7.535931      7.535931     15.071863
     -7.280000      7.286862      7.286862     14.573724
     -7.260000      7.008397      7.008397     14.016793
     -7.240000      6.735616      6.735616     13.471232
     -7.220000      6.503056      6.503056     13.006111
     -7.200000      6.332701      6.332701     12.665401
     -7.180000      6.229912      6.229912     12.459825
     -7.160000      6.188295      6.188295     12.376591
     -7.140000      6.200073      6.200073     12.400147
     -7.120000      6.266070      6.266070     12.532141
     -7.100000      6.399941      6.399941     12.799881
     -7.080000      6.624400      6.624400     13.248800
     -7.060000      6.961276      6.961276     13.922552
     -7.040000      7.420166      7.420166     14.840333
     -7.020000      7.990918      7.990918     15.981837
     -7.000000      8.642910      8.642910     17.285819
     -6.980000      9.330774      9.330774     18.661548
     -6.960000     10.003658     10.003658     20.007317
     -6.940000     10.614411     10.614411     21.228822
     -6.920000     11.126066     11.126066     22.252133
     -6.900000     11.514594     11.514594     23.029188
     -6.880000     11.768362     11.768362     23.536724
     -6.860000     11.885794     11.885794     23.771587
     -6.840000     11.873063     11.873063     23.746127
     -6.820000     11.743198     11.743198     23.486397
     -6.800000     11.516659     11.516659     23.033319
     -6.780000     11.222106     11.222106     22.444211
     -6.760000     10.895566     10.895566     21.791131
     -6.740000     10.577078     10.577078     21.154155
     -6.720000     10.305533     10.305533     20.611067
     -6.700000     10.113742     10.113742     20.227484
     -6.680000     10.025687     10.025687     20.051373
     -6.660000     10.056535     10.056535     20.113070
     -6.640000     10.214129     10.214129     20.428257
     -6.620000     10.499681     10.499681     20.999363
     -6.600000     10.906143     10.906143     21.812287
     -6.580000     11.414776     11.414776     22.829553
     -6.560000     11.992605     11.992605     23.985211
     -6.540000     12.593864     12.593864     25.187728
     -6.520000     13.166713     13.166713     26.333426
     -6.500000     13.663427     13.663427     27.326855
     -6.480000     14.050000     14.050000     28.099999
     -6.460000     14.311313     14.311313     28.622626
     -6.440000     14.450382     14.450382     28.900765
     -6.420000     14.482943     14.482943     28.965886
     -6.400000     14.430150     14.430150     28.860301
     -6.380000     14.311941     14.311941     28.623882
     -6.360000     14.142662     14.142662     28.285325
     -6.340000     13.929732     13.929732     27.859464
     -6.320000     13.675456     13.675456     27.350913
     -6.300000     13.381196     13.381196     26.762391
     -6.280000     13.051936     13.051936     26.103872
     -6.260000     12.698825     12.698825     25.397649
     -6.240000     12.338244     12.338244     24.676487
     -6.220000     11.988167     11.988167     23.976334
     -6.200000     11.664361     11.664361     23.328722
     -6.180000     11.378921     11.378921     22.757842
     -6.160000     11.141620     11.141620     22.283240
     -6.140000     10.962099     10.962099     21.924198
     -6.120000     10.850030     10.850030     21.700059
     -6.100000     10.811831     10.811831     21.623662
     -6.080000     10.845311     10.845311     21.690622
     -6.060000     10.935668     10.935668     21.871336
     -6.040000     11.056106     11.056106     22.112213
     -6.020000     11.173894     11.173894     22.347788
     -6.000000     11.259593     11.259593     22.519186
     -5.980000     11.295323     11.295323     22.590647
     -5.960000     11.278360     11.278360     22.556721
     -5.940000     11.218827     11.218827     22.437654
     -5.920000     11.133262     11.133262     22.266523
     -5.900000     11.037788     11.037788     22.075576
     -5.880000     10.944390     10.944390     21.888779
     -5.860000     10.861576     10.861576     21.723152
     -5.840000     10.797714     10.797714     21.595427
     -5.820000     10.763438     10.763438     21.526877
     -5.800000     10.770131     10.770131     21.540261
     -5.780000     10.824321     10.824321     21.648643
     -5.760000     10.921257     10.921257     21.842513
     -5.740000     11.042290     11.042290     22.084580
     -5.720000     11.159044     11.159044     22.318087
     -5.700000     11.243249     11.243249     22.486497
     -5.680000     11.277458     11.277458     22.554916
     -5.660000     11.260919     11.260919     22.521838
     -5.640000     11.207502     11.207502     22.415005
     -5.620000     11.137106     11.137106     22.274212
     -5.600000     11.065610     11.065610     22.131220
     -5.580000     10.999080     10.999080     21.998160
     -5.560000     10.935173     10.935173     21.870345
     -5.540000     10.870301     10.870301     21.740601
     -5.520000     10.807592     10.807592     21.615183
     -5.500000     10.760172     10.760172     21.520344
     -5.480000     10.747107     10.747107     21.494215
     -5.460000     10.783824     10.783824     21.567649
     -5.440000     10.872226     10.872226     21.744452
     -5.420000     10.995948     10.995948     21.991896
     -5.400000     11.123231     11.123231     22.246461
     -5.380000     11.215839     11.215839     22.431677
     -5.360000     11.239971     11.239971     22.479941
     -5.340000     11.175287     11.175287     22.350574
     -5.320000     11.020149     11.020149     22.040298
     -5.300000     10.792917     10.792917     21.585835
     -5.280000     10.529582     10.529582     21.059164
     -5.260000     10.277624     10.277624     20.555249
     -5.240000     10.086215     10.086215     20.172430
     -5.220000      9.994184      9.994184     19.988368
     -5.200000     10.018967     10.018967     20.037934
     -5.180000     10.150413     10.150413     20.300826
     -5.160000     10.352186     10.352186     20.704371
     -5.140000     10.570840     10.570840     21.141679
     -5.120000     10.749801     10.749801     21.499601
     -5.100000     10.843666     10.843666     21.687333
     -5.080000     10.828204     10.828204     21.656407
     -5.060000     10.703124     10.703124     21.406247
     -5.040000     10.487460     10.487460     20.974920
     -5.020000     10.210048     10.210048     20.420096
     -5.000000      9.899118      9.899118     19.798237
     -4.980000      9.574800      9.574800     19.149599
     -4.960000      9.246652      9.246652     18.493305
     -4.940000      8.916104      8.916104     17.832208
     -4.920000      8.581795      8.581795     17.163591
     -4.900000      8.245037      8.245037     16.490074
     -4.880000      7.912911      7.912911     15.825823
     -4.860000      7.597816      7.597816     15.195631
     -4.840000      7.313971      7.313971     14.627943
     -4.820000      7.072921      7.072921     14.145842
     -4.800000      6.880559      6.880559     13.761118
     -4.780000      6.737383      6.737383     13.474767
     -4.760000      6.641663      6.641663     13.283325
     -4.740000      6.593253      6.593253     13.186506
     -4.720000      6.595087      6.595087     13.190173
     -4.700000      6.650621      6.650621     13.301243
     -4.680000      6.758192      6.758192     13.516384
     -4.660000      6.905665      6.905665     13.811330
     -4.640000      7.069381      7.069381     14.138762
     -4.620000      7.219335      7.219335     14.438670
     -4.600000      7.328875      7.328875     14.657749
     -4.580000      7.384041      7.384041     14.768083
     -4.560000      7.387274      7.387274     14.774548
     -4.540000      7.353048      7.353048     14.706097
     -4.520000      7.297605      7.297605     14.595210
     -4.500000      7.228397      7.228397     14.456793
     -4.480000      7.139035      7.139035     14.278071
     -4.460000      7.012334      7.012334     14.024667
     -4.440000      6.829483      6.829483     13.658966
     -4.420000      6.580359      6.580359     13.160718
     -4.400000      6.269950      6.269950     12.539901
     -4.380000      5.918581      5.918581     11.837162
     -4.360000      5.556921      5.556921     11.113843
     -4.340000      5.218766      5.218766     10.437532
     -4.320000      4.934396      4.934396      9.868791
     -4.300000      4.725863      4.725863      9.451725
     -4.280000      4.604100      4.604100      9.208201
     -4.260000      4.567380      4.567380      9.134760
     -4.240000      4.601202      4.601202      9.202403
     -4.220000      4.680413      4.680413      9.360826
     -4.200000      4.774270      4.774270      9.548540
     -4.180000      4.854041      4.854041      9.708082
     -4.160000      4.901079      4.901079      9.802157
     -4.140000      4.912117      4.912117      9.824234
     -4.120000      4.898927      4.898927      9.797854
     -4.100000      4.881676      4.881676      9.763351
     -4.080000      4.878520      4.878520      9.757040
     -4.060000      4.896366      4.896366      9.792732
     -4.040000      4.927653      4.927653      9.855307
     -4.020000      4.955217      4.955217      9.910434
     -4.000000      4.963146      4.963146      9.926292
     -3.980000      4.948433      4.948433      9.896867
     -3.960000      4.927810      4.927810      9.855620
     -3.940000      4.936468      4.936468      9.872937
     -3.920000      5.018941      5.018941     10.037882
     -3.900000      5.215301      5.215301     10.430603
     -3.880000      5.547175      5.547175     11.094350
     -3.860000      6.007860      6.007860     12.015720
     -3.840000      6.559883      6.559883     13.119765
     -3.820000      7.141750      7.141750     14.283500
     -3.800000      7.683314      7.683314     15.366627
     -3.780000      8.125993      8.125993     16.251986
     -3.760000      8.441202      8.441202     16.882404
     -3.740000      8.639523      8.639523     17.279045
     -3.720000      8.765887      8.765887     17.531773
     -3.700000      8.881705      8.881705     17.763411
     -3.680000      9.040876      9.040876     18.081752
     -3.660000      9.269503      9.269503     18.539007
     -3.640000      9.557257      9.557257     19.114514
     -3.620000      9.862613      9.862613     19.725226
     -3.600000     10.128191     10.128191     20.256383
     -3.580000     10.299139     10.299139     20.598277
     -3.560000     10.338085     10.338085     20.676170
     -3.540000     10.233035     10.233035     20.466070
     -3.520000      9.997470      9.997470     19.994941
     -3.500000      9.663822      9.663822     19.327644
     -3.480000      9.272626      9.272626     18.545253
     -3.460000      8.860720      8.860720     17.721439
     -3.440000      8.452400      8.452400     16.904799
     -3.420000      8.056643      8.056643     16.113285
     -3.400000      7.670989      7.670989     15.341978
     -3.380000      7.289618      7.289618     14.579236
     -3.360000      6.911250      6.911250     13.822500
     -3.340000      6.542964      6.542964     13.085929
     -3.320000      6.198447      6.198447     12.396893
     -3.300000      5.892109      5.892109     11.784219
     -3.280000      5.632450      5.632450     11.264900
     -3.260000      5.418110      5.418110     10.836221
     -3.240000      5.238624      5.238624     10.477248
     -3.220000      5.079516      5.079516     10.159031
     -3.200000      4.929286      4.929286      9.858572
     -3.180000      4.784791      4.784791      9.569582
     -3.160000      4.652165      4.652165      9.304329
     -3.140000      4.542618      4.542618      9.085235
     -3.120000      4.465169      4.465169      8.930338
     -3.100000      4.420098      4.420098      8.840196
     -3.080000      4.396613      4.396613      8.793227
     -3.060000      4.375924      4.375924      8.751848
     -3.040000      4.337888      4.337888      8.675776
     -3.020000      4.267571      4.267571      8.535141
     -3.000000      4.158442      4.158442      8.316884
     -2.980000      4.011375      4.011375      8.022750
     -2.960000      3.831366      3.831366      7.662733
     -2.940000      3.625126      3.625126      7.250251
     -2.920000      3.401483      3.401483      6.802966
     -2.900000      3.173835      3.173835      6.347670
     -2.880000      2.961651      2.961651      5.923303
     -2.860000      2.788141      2.788141      5.576283
     -2.840000      2.673639      2.673639      5.347279
     -2.820000      2.627514      2.627514      5.255028
     -2.800000      2.643183      2.643183      5.286365
     -2.780000      2.699741      2.699741      5.399482
     -2.760000      2.770253      2.770253      5.540505
     -2.740000      2.832871      2.832871      5.665741
     -2.720000      2.879072      2.879072      5.758145
     -2.700000      2.914677      2.914677      5.829353
     -2.680000      2.953299      2.953299      5.906597
     -2.660000      3.006114      3.006114      6.012228
     -2.640000      3.073683      3.073683      6.147366
     -2.620000      3.144066      3.144066      6.288132
     -2.600000      3.197640      3.197640      6.395280
     -2.580000      3.215403      3.215403      6.430805
     -2.560000      3.186233      3.186233      6.372465
     -2.540000      3.109931      3.109931      6.219863
     -2.520000      2.995630      2.995630      5.991260
     -2.500000      2.857421      2.857421      5.714843
     -2.480000      2.709744      2.709744      5.419488
     -2.460000      2.564244      2.564244      5.128488
     -2.440000      2.428532      2.428532      4.857064
     -2.420000      2.306349      2.306349      4.612698
     -2.400000      2.198421      2.198421      4.396843
     -2.380000      2.103507      2.103507      4.207014
     -2.360000      2.019372      2.019372      4.038745
     -2.340000      1.943561      1.943561      3.887121
     -2.320000      1.873882      1.873882      3.747765
     -2.300000      1.808621      1.808621      3.617243
     -2.280000      1.746544      1.746544      3.493087
     -2.260000      1.686811      1.686811      3.373622
     -2.240000      1.628875      1.628875      3.257750
     -2.220000      1.572370      1.572370      3.144740
     -2.200000      1.517019      1.517019      3.034038
     -2.180000      1.462546      1.462546      2.925092
     -2.160000      1.408594      1.408594      2.817187
     -2.140000      1.354638      1.354638      2.709277
     -2.120000      1.299916      1.299916      2.599832
     -2.100000      1.243391      1.243391      2.486782
     -2.080000      1.183833      1.183833      2.367666
     -2.060000      1.120032      1.120032      2.240065
     -2.040000      1.051165      1.051165      2.102330
     -2.020000      0.977216      0.977216      1.954432
     -2.000000      0.899308      0.899308      1.798616
     -1.980000      0.819738      0.819738      1.639477
     -1.960000      0.741619      0.741619      1.483238
     -1.940000      0.668197      0.668197      1.336395
     -1.920000      0.602100      0.602100      1.204201
     -1.900000      0.544787      0.544787      1.089575
     -1.880000      0.496388      0.496388      0.992776
     -1.860000      0.455905      0.455905      0.911810
     -1.840000      0.421640      0.421640      0.843280
     -1.820000      0.391643      0.391643      0.783286
     -1.800000      0.364054      0.364054      0.728107
     -1.780000      0.337281      0.337281      0.674562
     -1.760000      0.310054      0.310054      0.620108
     -1.740000      0.281435      0.281435      0.562870
     -1.720000      0.250875      0.250875      0.501750
     -1.700000      0.218327      0.218327      0.436654
     -1.680000      0.184352      0.184352      0.368705
     -1.660000      0.150124      0.150124      0.300248
     -1.640000      0.117259      0.117259      0.234519
     -1.620000      0.087506      0.087506      0.175012
     -1.600000      0.062401      0.062401      0.124802
     -1.580000      0.043031      0.043031      0.086063
     -1.560000      0.030000      0.030000      0.060000
     -1.540000      0.023578      0.023578      0.047157
     -1.520000      0.023943      0.023943      0.047887
     -1.500000      0.031349      0.031349      0.062698
     -1.480000      0.046119      0.046119      0.092238
     -1.460000      0.068447      0.068447      0.136895
     -1.440000      0.098113      0.098113      0.196225
     -1.420000      0.134278      0.134278      0.268555
     -1.400000      0.175525      0.175525      0.351050
     -1.380000      0.220176      0.220176      0.440351
     -1.360000      0.266799      0.266799      0.533599
     -1.340000      0.314711      0.314711      0.629421
     -1.320000      0.364230      0.364230      0.728460
     -1.300000      0.416575      0.416575      0.833149
     -1.280000      0.473393      0.473393      0.946786
     -1.260000      0.536103      0.536103      1.072205
     -1.240000      0.605277      0.605277      1.210554
     -1.220000      0.680305      0.680305      1.360609
     -1.200000      0.759457      0.759457      1.518913
     -1.180000      0.840339      0.840339      1.680678
     -1.160000      0.920555      0.920555      1.841110
     -1.140000      0.998319      0.998319      1.996638
     -1.120000      1.072806      1.072806      2.145611
     -1.100000      1.144152      1.144152      2.288304
     -1.080000      1.213201      1.213201      2.426403
     -1.060000      1.281158      1.281158      2.562315
     -1.040000      1.349301      1.349301      2.698603
     -1.020000      1.418833      1.418833      2.837666
     -1.000000      1.490844      1.490844      2.981688
     -0.980000      1.566399      1.566399      3.132798
     -0.960000      1.646700      1.646700      3.293399
     -0.940000      1.733324      1.733324      3.466648
     -0.920000      1.828510      1.828510      3.657019
     -0.900000      1.935431      1.935431      3.870861
     -0.880000      2.058321      2.058321      4.116641
     -0.860000      2.202162      2.202162      4.404323
     -0.840000      2.371563      2.371563      4.743127
     -0.820000      2.568569      2.568569      5.137139
     -0.800000      2.789580      2.789580      5.579160
     -0.780000      3.022374      3.022374      6.044748
     -0.760000      3.244918      3.244918      6.489837
     -0.740000      3.427693      3.427693      6.855387
     -0.720000      3.540137      3.540137      7.080275
     -0.700000      3.559773      3.559773      7.119546
     -0.680000      3.480688      3.480688      6.961376
     -0.660000      3.317624      3.317624      6.635248
     -0.640000      3.103548      3.103548      6.207096
     -0.620000      2.881419      2.881419      5.762839
     -0.600000      2.693241      2.693241      5.386482
     -0.580000      2.570077      2.570077      5.140153
     -0.560000      2.525553      2.525553      5.051107
     -0.540000      2.553718      2.553718      5.107436
     -0.520000      2.631183      2.631183      5.262365
     -0.500000      2.723410      2.723410      5.446820
     -0.480000      2.794831      2.794831      5.589661
     -0.460000      2.821259      2.821259      5.642518
     -0.440000      2.801023      2.801023      5.602046
     -0.420000      2.759824      2.759824      5.519647
     -0.400000      2.745404      2.745404      5.490809
     -0.380000      2.812132      2.812132      5.624263
     -0.360000      3.000849      3.000849      6.001698
     -0.340000      3.322874      3.322874      6.645747
     -0.320000      3.756086      3.756086      7.512171
     -0.300000      4.255472      4.255472      8.510945
     -0.280000      4.772976      4.772976      9.545952
     -0.260000      5.276413      5.276413     10.552826
     -0.240000      5.757923      5.757923     11.515847
     -0.220000      6.228741      6.228741     12.457482
     -0.200000      6.705071      6.705071     13.410142
     -0.180000      7.194312      7.194312     14.388623
     -0.160000      7.689028      7.689028     15.378055
     -0.140000      8.169777      8.169777     16.339554
     -0.120000      8.612114      8.612114     17.224228
     -0.100000      8.991874      8.991874     17.983747
     -0.080000      9.286379      9.286379     18.572759
     -0.060000      9.473867      9.473867     18.947735
     -0.040000      9.535202      9.535202     19.070404
     -0.020000      9.459650      9.459650     18.919300
      0.000000      9.252331      9.252331     18.504662
      0.020000      8.938421      8.938421     17.876842
      0.040000      8.560231      8.560231     17.120463
      0.060000      8.167196      8.167196     16.334392
      0.080000      7.802937      7.802937     15.605874
      0.100000      7.495404      7.495404     14.990808
      0.120000      7.254468      7.254468     14.508937
      0.140000      7.077270      7.077270     14.154541
      0.160000      6.957456      6.957456     13.914912
      0.180000      6.892493      6.892493     13.784986
      0.200000      6.884665      6.884665     13.769330
      0.220000      6.935212      6.935212     13.870425
      0.240000      7.035231      7.035231     14.070462
      0.260000      7.159102      7.159102     14.318205
      0.280000      7.265273      7.265273     14.530546
      0.300000      7.305624      7.305624     14.611247
      0.320000      7.240343      7.240343     14.480686
      0.340000      7.052323      7.052323     14.104645
      0.360000      6.755007      6.755007     13.510013
      0.380000      6.390406      6.390406     12.780813
      0.400000      6.018035      6.018035     12.036069
      0.420000      5.698886      5.698886     11.397773
      0.440000      5.479834      5.479834     10.959667
      0.460000      5.382803      5.382803     10.765605
      0.480000      5.400846      5.400846     10.801693
      0.500000      5.500971      5.500971     11.001943
      0.520000      5.632230      5.632230     11.264459
      0.540000      5.737173      5.737173     11.474346
      0.560000      5.764821      5.764821     11.529641
      0.580000      5.683093      5.683093     11.366185
      0.600000      5.488057      5.488057     10.976113
      0.620000      5.206912      5.206912     10.413824
      0.640000      4.892484      4.892484      9.784968
      0.660000      4.609632      4.609632      9.219264
      0.680000      4.417455      4.417455      8.834910
      0.700000      4.353523      4.353523      8.707047
      0.720000      4.425718      4.425718      8.851435
      0.740000      4.613840      4.613840      9.227680
      0.760000      4.878839      4.878839      9.757679
      0.780000      5.174891      5.174891     10.349781
      0.800000      5.459772      5.459772     10.919544
      0.820000      5.701242      5.701242     11.402484
      0.840000      5.879547      5.879547     11.759094
      0.860000      5.987456      5.987456     11.974911
      0.880000      6.029067      6.029067     12.058134
      0.900000      6.017827      6.017827     12.035654
      0.920000      5.973465      5.973465     11.946930
      0.940000      5.917480      5.917480     11.834961
      0.960000      5.867427      5.867427     11.734855
      0.980000      5.831308      5.831308     11.662616
      1.000000      5.804184      5.804184     11.608368
      1.020000      5.768929      5.768929     11.537859
      1.040000      5.701615      5.701615     11.403230
      1.060000      5.579986      5.579986     11.159972
      1.080000      5.391965      5.391965     10.783930
      1.100000      5.141020      5.141020     10.282039
      1.120000      4.846579      4.846579      9.693158
      1.140000      4.539671      4.539671      9.079343
      1.160000      4.255583      4.255583      8.511166
      1.180000      4.025980      4.025980      8.051961
      1.200000      3.872656      3.872656      7.745311
      1.220000      3.804229      3.804229      7.608459
      1.240000      3.816233      3.816233      7.632465
      1.260000      3.894173      3.894173      7.788346
      1.280000      4.018500      4.018500      8.037000
      1.300000      4.169909      4.169909      8.339818
      1.320000      4.333316      4.333316      8.666633
      1.340000      4.499305      4.499305      8.998610
      1.360000      4.662882      4.662882      9.325764
      1.380000      4.820597      4.820597      9.641194
      1.400000      4.967868      4.967868      9.935736
      1.420000      5.098247      5.098247     10.196493
      1.440000      5.205244      5.205244     10.410488
      1.460000      5.285774      5.285774     10.571549
      1.480000      5.343111      5.343111     10.686223
      1.500000      5.387230      5.387230     10.774460
      1.520000      5.431642      5.431642     10.863283
      1.540000      5.487762      5.487762     10.975525
      1.560000      5.559393      5.559393     11.118786
      1.580000      5.640096      5.640096     11.280192
      1.600000      5.714977      5.714977     11.429954
      1.620000      5.766236      5.766236     11.532472
      1.640000      5.780062      5.780062     11.560123
      1.660000      5.751842      5.751842     11.503685
      1.680000      5.687528      5.687528     11.375056
      1.700000      5.600699      5.600699     11.201399
      1.720000      5.506736      5.506736     11.013472
      1.740000      5.416604      5.416604     10.833208
      1.760000      5.332805      5.332805     10.665610
      1.780000      5.249000      5.249000     10.498001
      1.800000      5.153253      5.153253     10.306506
      1.820000      5.033491      5.033491     10.066981
      1.840000      4.883204      4.883204      9.766409
      1.860000      4.705630      4.705630      9.411260
      1.880000      4.515241      4.515241      9.030483
      1.900000      4.335978      4.335978      8.671957
      1.920000      4.196216      4.196216      8.392432
      1.940000      4.121215      4.121215      8.242430
      1.960000      4.124834      4.124834      8.249668
      1.980000      4.203155      4.203155      8.406309
      2.000000      4.332795      4.332795      8.665590
      2.020000      4.475481      4.475481      8.950962
      2.040000      4.588198      4.588198      9.176396
      2.060000      4.635840      4.635840      9.271679
      2.080000      4.601953      4.601953      9.203906
      2.100000      4.493735      4.493735      8.987470
      2.120000      4.339628      4.339628      8.679256
      2.140000      4.180601      4.180601      8.361203
      2.160000      4.058212      4.058212      8.116423
      2.180000      4.003152      4.003152      8.006303
      2.200000      4.027419      4.027419      8.054838
      2.220000      4.122024      4.122024      8.244048
      2.240000      4.260718      4.260718      8.521436
      2.260000      4.408612      4.408612      8.817224
      2.280000      4.532940      4.532940      9.065881
      2.300000      4.612225      4.612225      9.224451
      2.320000      4.640546      4.640546      9.281092
      2.340000      4.625671      4.625671      9.251342
      2.360000      4.582650      4.582650      9.165301
      2.380000      4.526440      4.526440      9.052880
      2.400000      4.467112      4.467112      8.934224
      2.420000      4.409187      4.409187      8.818374
      2.440000      4.354035      4.354035      8.708070
      2.460000      4.302742      4.302742      8.605483
      2.480000      4.257190      4.257190      8.514379
      2.500000      4.218837      4.218837      8.437675
      2.520000      4.186431      4.186431      8.372862
      2.540000      4.154487      4.154487      8.308975
      2.560000      4.113727      4.113727      8.227453
      2.580000      4.053362      4.053362      8.106724
      2.600000      3.964261      3.964261      7.928523
      2.620000      3.841796      3.841796      7.683591
      2.640000      3.687552      3.687552      7.375103
      2.660000      3.509574      3.509574      7.019149
      2.680000      3.321182      3.321182      6.642363
      2.700000      3.138677      3.138677      6.277355
      2.720000      2.978520      2.978520      5.957041
      2.740000      2.854648      2.854648      5.709296
      2.760000      2.776596      2.776596      5.553193
      2.780000      2.748783      2.748783      5.497566
      2.800000      2.770897      2.770897      5.541794
      2.820000      2.838937      2.838937      5.677875
      2.840000      2.946224      2.946224      5.892449
      2.860000      3.083825      3.083825      6.167650
      2.880000      3.240369      3.240369      6.480738
      2.900000      3.401926      3.401926      6.803852
      2.920000      3.553031      3.553031      7.106061
      2.940000      3.679473      3.679473      7.358947
      2.960000      3.772285      3.772285      7.544570
      2.980000      3.831092      3.831092      7.662184
      3.000000      3.864792      3.864792      7.729584
      3.020000      3.888661      3.888661      7.777322
      3.040000      3.918866      3.918866      7.837732
      3.060000      3.966697      3.966697      7.933394
      3.080000      4.034821      4.034821      8.069643
      3.100000      4.116732      4.116732      8.233465
      3.120000      4.199183      4.199183      8.398367
      3.140000      4.266493      4.266493      8.532987
      3.160000      4.305260      4.305260      8.610521
      3.180000      4.308040      4.308040      8.616080
      3.200000      4.274846      4.274846      8.549692
      3.220000      4.212035      4.212035      8.424071
      3.240000      4.129202      4.129202      8.258405
      3.260000      4.035605      4.035605      8.071211
      3.280000      3.937805      3.937805      7.875610
      3.300000      3.839389      3.839389      7.678779
      3.320000      3.742411      3.742411      7.484822
      3.340000      3.649274      3.649274      7.298547
      3.360000      3.563775      3.563775      7.127551
      3.380000      3.490737      3.490737      6.981474
      3.400000      3.434509      3.434509      6.869018
      3.420000      3.397189      3.397189      6.794378
      3.440000      3.377415      3.377415      6.754831
      3.460000      3.370306      3.370306      6.740612
      3.480000      3.368671      3.368671      6.737341
      3.500000      3.365149      3.365149      6.730297
      3.520000      3.354515      3.354515      6.709031
      3.540000      3.335218      3.335218      6.670435
      3.560000      3.309409      3.309409      6.618817
      3.580000      3.281358      3.281358      6.562715
      3.600000      3.254859      3.254859      6.509717
      3.620000      3.230837      3.230837      6.461675
      3.640000      3.206398      3.206398      6.412796
      3.660000      3.175965      3.175965      6.351931
      3.680000      3.134150      3.134150      6.268300
      3.700000      3.079006      3.079006      6.158012
      3.720000      3.014004      3.014004      6.028008
      3.740000      2.947659      2.947659      5.895318
      3.760000      2.891025      2.891025      5.782050
      3.780000      2.854422      2.854422      5.708843
      3.800000      2.845080      2.845080      5.690160
      3.820000      2.866679      2.866679      5.733358
      3.840000      2.920522      2.920522      5.841043
      3.860000      3.007161      3.007161      6.014323
      3.880000      3.127164      3.127164      6.254328
      3.900000      3.280372      3.280372      6.560744
      3.920000      3.464058      3.464058      6.928115
      3.940000      3.671154      3.671154      7.342309
      3.960000      3.889901      3.889901      7.779803
      3.980000      4.105649      4.105649      8.211299
      4.000000      4.304471      4.304471      8.608941
      4.020000      4.477191      4.477191      8.954381
      4.040000      4.622088      4.622088      9.244177
      4.060000      4.745063      4.745063      9.490126
      4.080000      4.857200      4.857200      9.714400
      4.100000      4.970699      4.970699      9.941399
      4.120000      5.094486      5.094486     10.188972
      4.140000      5.230514      5.230514     10.461028
      4.160000      5.371344      5.371344     10.742688
      4.180000      5.499487      5.499487     10.998974
      4.200000      5.589162      5.589162     11.178324
      4.220000      5.610996      5.610996     11.221993
      4.240000      5.539383      5.539383     11.078766
      4.260000      5.360870      5.360870     10.721740
      4.280000      5.081024      5.081024     10.162049
      4.300000      4.727292      4.727292      9.454583
      4.320000      4.346725      4.346725      8.693450
      4.340000      3.999219      3.999219      7.998438
      4.360000      3.748185      3.748185      7.496371
      4.380000      3.650744      3.650744      7.301488
      4.400000      3.748662      3.748662      7.497324
      4.420000      4.060370      4.060370      8.120739
      4.440000      4.574334      4.574334      9.148667
      4.460000      5.245211      5.245211     10.490423
      4.480000      5.995595      5.995595     11.991191
      4.500000      6.726216      6.726216     13.452432
      4.520000      7.335059      7.335059     14.670118
      4.540000      7.741521      7.741521     15.483041
      4.560000      7.907902      7.907902     15.815805
      4.580000      7.849898      7.849898     15.699796
      4.600000      7.631434      7.631434     15.262868
      4.620000      7.345524      7.345524     14.691049
      4.640000      7.088359      7.088359     14.176718
      4.660000      6.935631      6.935631     13.871262
      4.680000      6.927698      6.927698     13.855396
      4.700000      7.065600      7.065600     14.131199
      4.720000      7.316164      7.316164     14.632327
      4.740000      7.623025      7.623025     15.246051
      4.760000      7.920859      7.920859     15.841718
      4.780000      8.150709      8.150709     16.301418
      4.800000      8.273953      8.273953     16.547906
      4.820000      8.281626      8.281626     16.563252
      4.840000      8.196029      8.196029     16.392057
      4.860000      8.063549      8.063549     16.127098
      4.880000      7.940667      7.940667     15.881334
      4.900000      7.877495      7.877495     15.754991
      4.920000      7.903684      7.903684     15.807368
      4.940000      8.020269      8.020269     16.040538
      4.960000      8.199165      8.199165     16.398330
      4.980000      8.390372      8.390372     16.780743
      5.000000      8.535486      8.535486     17.070972
      5.020000      8.584464      8.584464     17.168928
      5.040000      8.510925      8.510925     17.021849
      5.060000      8.320887      8.320887     16.641774
      5.080000      8.051620      8.051620     16.103240
      5.100000      7.760875      7.760875     15.521750
      5.120000      7.510412      7.510412     15.020825
      5.140000      7.349396      7.349396     14.698792
      5.160000      7.302430      7.302430     14.604859
      5.180000      7.364648      7.364648     14.729297
      5.200000      7.504024      7.504024     15.008047
      5.220000      7.669684      7.669684     15.339367
      5.240000      7.804413      7.804413     15.608826
      5.260000      7.858930      7.858930     15.717859
      5.280000      7.804799      7.804799     15.609597
      5.300000      7.642454      7.642454     15.284909
      5.320000      7.401520      7.401520     14.803039
      5.340000      7.132649      7.132649     14.265298
      5.360000      6.892901      6.892901     13.785801
      5.380000      6.728954      6.728954     13.457907
      5.400000      6.663452      6.663452     13.326904
      5.420000      6.688974      6.688974     13.377948
      5.440000      6.771905      6.771905     13.543809
      5.460000      6.865326      6.865326     13.730653
      5.480000      6.926806      6.926806     13.853611
      5.500000      6.934763      6.934763     13.869526
      5.520000      6.897114      6.897114     13.794228
      5.540000      6.848497      6.848497     13.696994
      5.560000      6.836809      6.836809     13.673619
      5.580000      6.904122      6.904122     13.808244
      5.600000      7.069328      7.069328     14.138657
      5.620000      7.319181      7.319181     14.638362
      5.640000      7.611042      7.611042     15.222085
      5.660000      7.886302      7.886302     15.772604
      5.680000      8.089621      8.089621     16.179242
      5.700000      8.187280      8.187280     16.374561
      5.720000      8.178215      8.178215     16.356430
      5.740000      8.093688      8.093688     16.187375
      5.760000      7.985291      7.985291     15.970582
      5.780000      7.905209      7.905209     15.810419
      5.800000      7.885906      7.885906     15.771812
      5.820000      7.927185      7.927185     15.854371
      5.840000      7.996090      7.996090     15.992179
      5.860000      8.040091      8.040091     16.080182
      5.880000      8.008711      8.008711     16.017422
      5.900000      7.875442      7.875442     15.750885
      5.920000      7.651938      7.651938     15.303877
      5.940000      7.389471      7.389471     14.778942
      5.960000      7.167131      7.167131     14.334263
      5.980000      7.070455      7.070455     14.140909
      6.000000      7.167007      7.167007     14.334014
      6.020000      7.486354      7.486354     14.972708
      6.040000      8.010612      8.010612     16.021223
      6.060000      8.678673      8.678673     17.357347
      6.080000      9.402991      9.402991     18.805983
      6.100000     10.093811     10.093811     20.187623
      6.120000     10.683317     10.683317     21.366634
      6.140000     11.142066     11.142066     22.284132
      6.160000     11.482418     11.482418     22.964837
      6.180000     11.747784     11.747784     23.495568
      6.200000     11.991394     11.991394     23.982789
      6.220000     12.252489     12.252489     24.504978
      6.240000     12.539575     12.539575     25.079149
      6.260000     12.828290     12.828290     25.656580
      6.280000     13.075410     13.075410     26.150819
      6.300000     13.242813     13.242813     26.485625
      6.320000     13.319714     13.319714     26.639428
      6.340000     13.331631     13.331631     26.663261
      6.360000     13.331010     13.331010     26.662019
      6.380000     13.373956     13.373956     26.747913
      6.400000     13.494594     13.494594     26.989187
      6.420000     13.689272     13.689272     27.378543
      6.440000     13.917234     13.917234     27.834467
      6.460000     14.116314     14.116314     28.232628
      6.480000     14.226325     14.226325     28.452650
      6.500000     14.211124     14.211124     28.422248
      6.520000     14.072108     14.072108     28.144215
      6.540000     13.849230     13.849230     27.698460
      6.560000     13.609357     13.609357     27.218714
      6.580000     13.425579     13.425579     26.851158
      6.600000     13.354276     13.354276     26.708553
      6.620000     13.417905     13.417905     26.835810
      6.640000     13.599567     13.599567     27.199134
      6.660000     13.850952     13.850952     27.701905
      6.680000     14.110228     14.110228     28.220457
      6.700000     14.323179     14.323179     28.646358
      6.720000     14.460448     14.460448     28.920895
      6.740000     14.525714     14.525714     29.051427
      6.760000     14.552797     14.552797     29.105593
      6.780000     14.592885     14.592885     29.185769
      6.800000     14.695710     14.695710     29.391420
      6.820000     14.890297     14.890297     29.780594
      6.840000     15.171544     15.171544     30.343089
      6.860000     15.497804     15.497804     30.995608
      6.880000     15.801398     15.801398     31.602795
      6.900000     16.009283     16.009283     32.018567
      6.920000     16.066707     16.066707     32.133414
      6.940000     15.954922     15.954922     31.909845
      6.960000     15.696227     15.696227     31.392454
      6.980000     15.344808     15.344808     30.689616
      7.000000     14.967737     14.967737     29.935474
      7.020000     14.624039     14.624039     29.248078
      7.040000     14.349523     14.349523     28.699046
      7.060000     14.151563     14.151563     28.303126
      7.080000     14.013526     14.013526     28.027052
      7.100000     13.905329     13.905329     27.810658
      7.120000     13.795780     13.795780     27.591560
      7.140000     13.663125     13.663125     27.326251
      7.160000     13.501432     13.501432     27.002864
      7.180000     13.321410     13.321410     26.642821
      7.200000     13.145504     13.145504     26.291009
      7.220000     12.998766     12.998766     25.997532
      7.240000     12.898794     12.898794     25.797588
      7.260000     12.848583     12.848583     25.697165
      7.280000     12.834913     12.834913     25.669827
      7.300000     12.832392     12.832392     25.664785
      7.320000     12.810890     12.810890     25.621781
      7.340000     12.743200     12.743200     25.486401
      7.360000     12.610520     12.610520     25.221040
      7.380000     12.405047     12.405047     24.810093
      7.400000     12.130325     12.130325     24.260650
      7.420000     11.800188     11.800188     23.600376
      7.440000     11.436442     11.436442     22.872883
      7.460000     11.064929     11.064929     22.129858
      7.480000     10.710086     10.710086     21.420171
      7.500000     10.389403     10.389403     20.778805
      7.520000     10.110129     10.110129     20.220258
      7.540000      9.869912      9.869912     19.739823
      7.560000      9.661058      9.661058     19.322116
      7.580000      9.476099      9.476099     18.952198
      7.600000      9.311877      9.311877     18.623754
      7.620000      9.170748      9.170748     18.341496
      7.640000      9.059444      9.059444     18.118889
      7.660000      8.987090      8.987090     17.974179
      7.680000      8.963259      8.963259     17.926518
      7.700000      8.995827      8.995827     17.991653
      7.720000      9.087960      9.087960     18.175920
      7.740000      9.234567      9.234567     18.469133
      7.760000      9.419834      9.419834     18.839667
      7.780000      9.617868      9.617868     19.235735
      7.800000      9.797293      9.797293     19.594585
      7.820000      9.928660      9.928660     19.857319
      7.840000      9.992040      9.992040     19.984079
      7.860000      9.982041      9.982041     19.964082
      7.880000      9.908644      9.908644     19.817288
      7.900000      9.793868      9.793868     19.587737
      7.920000      9.665638      9.665638     19.331276
      7.940000      9.550867      9.550867     19.101734
      7.960000      9.469774      9.469774     18.939549
      7.980000      9.432902      9.432902     18.865804
      8.000000      9.441460      9.441460     18.882919
      8.020000      9.490642      9.490642     18.981285
      8.040000      9.574600      9.574600     19.149199
      8.060000      9.691062      9.691062     19.382123
      8.080000      9.843518      9.843518     19.687036
      8.100000     10.039615     10.039615     20.079230
      8.120000     10.286108     10.286108     20.572217
      8.140000     10.582679     10.582679     21.165358
      8.160000     10.918068     10.918068     21.836137
      8.180000     11.271363     11.271363     22.542727
      8.200000     11.618734     11.618734     23.237469
      8.220000     11.942797     11.942797     23.885595
      8.240000     12.239885     12.239885     24.479770
      8.260000     12.521204     12.521204     25.042409
      8.280000     12.806937     12.806937     25.613873
      8.300000     13.116015     13.116015     26.232030
      8.320000     13.456473     13.456473     26.912946
      8.340000     13.820628     13.820628     27.641256
      8.360000     14.186552     14.186552     28.373105
      8.380000     14.524145     14.524145     29.048291
      8.400000     14.802536     14.802536     29.605072
      8.420000     14.996025     14.996025     29.992051
      8.440000     15.087461     15.087461     30.174922
      8.460000     15.069343     15.069343     30.138685
      8.480000     14.943461     14.943461     29.886922
      8.500000     14.719681     14.719681     29.439361
      8.520000     14.414318     14.414318     28.828637
      8.540000     14.048648     14.048648     28.097296
      8.560000     13.648038     13.648038     27.296076
      8.580000     13.241756     13.241756     26.483511
      8.600000     12.862632     12.862632     25.725264
      8.620000     12.545176     12.545176     25.090352
      8.640000     12.320953     12.320953     24.641906
      8.660000     12.211356     12.211356     24.422711
      8.680000     12.219846     12.219846     24.439691
      8.700000     12.327321     12.327321     24.654643
      8.720000     12.494121     12.494121     24.988243
      8.740000     12.669790     12.669790     25.339580
      8.760000     12.807953     12.807953     25.615905
      8.780000     12.880649     12.880649     25.761297
      8.800000     12.886260     12.886260     25.772521
      8.820000     12.847988     12.847988     25.695975
      8.840000     12.803997     12.803997     25.607994
      8.860000     12.793544     12.793544     25.587087
      8.880000     12.844193     12.844193     25.688386
      8.900000     12.963983     12.963983     25.927967
      8.920000     13.140105     13.140105     26.280209
      8.940000     13.343582     13.343582     26.687164
      8.960000     13.538001     13.538001     27.076002
      8.980000     13.689581     13.689581     27.379163
      9.000000     13.775847     13.775847     27.551693
      9.020000     13.790661     13.790661     27.581322
      9.040000     13.744522     13.744522     27.489044
      9.060000     13.660376     13.660376     27.320752
      9.080000     13.566540     13.566540     27.133080
      9.100000     13.489084     13.489084     26.978168
      9.120000     13.446016     13.446016     26.892032
      9.140000     13.444699     13.444699     26.889398
      9.160000     13.482497     13.482497     26.964995
      9.180000     13.549348     13.549348     27.098695
      9.200000     13.630510     13.630510     27.261020
      9.220000     13.708448     13.708448     27.416897
      9.240000     13.764022     13.764022     27.528043
      9.260000     13.778062     13.778062     27.556125
      9.280000     13.734221     13.734221     27.468442
      9.300000     13.622879     13.622879     27.245757
      9.320000     13.444706     13.444706     26.889411
      9.340000     13.212003     13.212003     26.424005
      9.360000     12.946637     12.946637     25.893275
      9.380000     12.674851     12.674851     25.349702
      9.400000     12.420653     12.420653     24.841306
      9.420000     12.200165     12.200165     24.400331
      9.440000     12.018767     12.018767     24.037535
      9.460000     11.871546     11.871546     23.743092
      9.480000     11.746150     11.746150     23.492301
      9.500000     11.626546     11.626546     23.253093
      9.520000     11.496595     11.496595     22.993190
      9.540000     11.343296     11.343296     22.686593
      9.560000     11.160004     11.160004     22.320008
      9.580000     10.949331     10.949331     21.898662
      9.600000     10.724379     10.724379     21.448757
      9.620000     10.506560     10.506560     21.013120
      9.640000     10.319494     10.319494     20.638989
      9.660000     10.180807     10.180807     20.361614
      9.680000     10.095510     10.095510     20.191019
      9.700000     10.054442     10.054442     20.108884
      9.720000     10.038869     10.038869     20.077738
      9.740000     10.029095     10.029095     20.058189
      9.760000     10.012873     10.012873     20.025746
      9.780000      9.989632      9.989632     19.979264
      9.800000      9.968822      9.968822     19.937644
      9.820000      9.963672      9.963672     19.927345
      9.840000      9.983628      9.983628     19.967255
      9.860000     10.028965     10.028965     20.057929
      9.880000     10.089683     10.089683     20.179366
      9.900000     10.148692     10.148692     20.297385
      9.920000     10.187604     10.187604     20.375208
      9.940000     10.192733     10.192733     20.385465
      9.960000     10.159273     10.159273     20.318546
      9.980000     10.092662     10.092662     20.185325
     10.000000     10.007285     10.007285     20.014571
