               -976.9603118840
         -0.004313286       0.000044410       0.000000000
          0.000044411      -0.024587511       0.000000000
          0.000000000       0.000000000      -0.000001245
          72
  1     7       0.175528490       4.357283435       0.000000000  N
  1     7      -0.168191160       4.370934784       0.000000000  N
  1     7       1.294220163      -0.069188618       0.000000000  N
  1     7       1.110703520     -29.354265786       0.000000000  N
  1     7      -1.305179472      -0.061050604       0.000000000  N
  1     7      -1.091711148     -29.354553989       0.000000000  N
  1     7      -0.195445056      -4.337192400       0.000000000  N
  1     7       1.041626182      29.338816775       0.000000000  N
  1     7       1.288417388       0.052399658       0.000000000  N
  1     7      -0.050281858       0.040990412       0.000000000  N
  1     7       0.177628283      -4.339119293       0.000000000  N
  1     7      -0.000587010      29.947754685       0.000000000  N
  1     7      -0.007963048      -4.479644214       0.000000000  N
  1     7       0.204295320      26.866488954       0.000000000  N
  1     7      -1.064692447      29.341987066       0.000000000  N
  1     7      -1.289184428       0.060209867       0.000000000  N
  1     7      -0.197873218      26.869042775       0.000000000  N
  1     7       0.068484400       0.025492103       0.000000000  N
  1     7      -0.049284431      -0.028430811       0.000000000  N
  1     7       0.045419833      -0.039485304       0.000000000  N
  1     7       0.377363103     -26.793716439       0.000000000  N
  1     7      -0.353992367     -26.801965419       0.000000000  N
  1     7       0.005640760       4.460403574       0.000000000  N
  1     7       0.010426332     -29.870224147       0.000000000  N
  1     7       0.074769500     -25.260023352       0.000000000  N
  2     6      -0.033437540      21.326784785       0.000000000  C
  2     6       0.004436046      -4.761921514       0.000000000  C
  2     6      -0.557768772     -25.451016803       0.000000000  C
  2     6       0.562985828     -25.454123268       0.000000000  C
  2     6       0.032012326       0.048460657       0.000000000  C
  2     6      -0.123076621       0.054358197       0.000000000  C
  2     6       0.061429727       0.128891215       0.000000000  C
  2     6      -0.008024869      -0.012989275       0.000000000  C
  2     6       0.468803570      25.373242783       0.000000000  C
  2     6      -0.105223162      -0.041260149       0.000000000  C
  2     6       0.091949544       0.017201675       0.000000000  C
  2     6       0.036955259      -0.191000995       0.000000000  C
  2     6      -0.005968577       0.273990980       0.000000000  C
  2     6       0.005074215      -0.318793479       0.000000000  C
  2     6      -0.484847714      25.386092034       0.000000000  C
  2     6       0.949183211      -0.263600409       0.000000000  C
  2     6      -0.065468903       0.127246125       0.000000000  C
  2     6      -0.018735375       0.010557412       0.000000000  C
  2     6      -0.026850658       0.048061719       0.000000000  C
  2     6      -0.010784202      -0.037322020       0.000000000  C
  2     6      -0.976334376      -0.241504331       0.000000000  C
  2     6      -0.042135829      26.436907491       0.000000000  C
  2     6      -0.003841113       0.036166465       0.000000000  C
  2     6      -0.042833089      -0.030943070       0.000000000  C
  2     6       0.115236027      -0.053197332       0.000000000  C
  2     6      -0.033940991      -0.063066039       0.000000000  C
  2     6       0.055641255       0.116018012       0.000000000  C
  2     6      -0.006830104      -0.000548456       0.000000000  C
  2     6       0.006184184       0.037503666       0.000000000  C
  2     6       0.009420373       0.012978700       0.000000000  C
  2     6      -0.058010090      -0.121134860       0.000000000  C
  2     6       0.005678290       0.042277248       0.000000000  C
  2     6       0.027896535      -0.051470435       0.000000000  C
  2     6      -0.003064912       0.318866243       0.000000000  C
  2     6       0.008214779      -0.281648220       0.000000000  C
  2     6      -0.037306719       0.196061503       0.000000000  C
  2     6       0.018141354       0.006820903       0.000000000  C
  2     6      -0.064606386      -0.087062285       0.000000000  C
  2     6       0.019444698      -0.069956879       0.000000000  C
  2     6       0.005891521     -22.002473461       0.000000000  C
  2     6       0.019157116      -0.011164926       0.000000000  C
  2     6       0.074252007      -0.091493153       0.000000000  C
  2     6       0.882906255       0.217482741       0.000000000  C
  2     6      -0.864105435       0.223355928       0.000000000  C
  2     6      -0.092224382      -0.027934520       0.000000000  C
  2     6       0.113207942       0.043705664       0.000000000  C
  2     6      -0.007826409       4.240669616       0.000000000  C
