              -1090.1338306567
          0.000414356      -0.000014133       0.000000000
         -0.000014133       0.000400718       0.000000000
          0.000000000       0.000000000       0.000002407
          72
  1     7      -0.026486669       0.013356137       0.000000000  N
  1     7      -0.021103241       0.011757066       0.000000000  N
  1     7      -0.005682568       0.005723409       0.000000000  N
  1     7      -0.005681717       0.005743429       0.000000000  N
  1     7      -0.006237027       0.006497226       0.000000000  N
  1     7      -0.025616665       0.013249306       0.000000000  N
  1     7      -0.026988737       0.013342780       0.000000000  N
  1     7      -0.021720860       0.011568054       0.000000000  N
  1     7      -0.006053301       0.005858839       0.000000000  N
  1     7      -0.021113696       0.011469106       0.000000000  N
  1     7      -0.006242998       0.005720388       0.000000000  N
  1     7      -0.021358039       0.011429847       0.000000000  N
  1     7      -0.026209298       0.014036520       0.000000000  N
  1     7      -0.025608234       0.014059783       0.000000000  N
  1     7      -0.021688047       0.011698419       0.000000000  N
  1     7      -0.005151935       0.005732216       0.000000000  N
  1     7      -0.022539296       0.011769734       0.000000000  N
  1     7      -0.026217551       0.013960033       0.000000000  N
  1     7      -0.020669672       0.011644880       0.000000000  N
  1     7      -0.006421306       0.006389907       0.000000000  N
  1     7      -0.025792825       0.013940243       0.000000000  N
  1     7      -0.006061900       0.005846232       0.000000000  N
  1     7      -0.026737558       0.014075423       0.000000000  N
  1     7      -0.021306928       0.011585449       0.000000000  N
  1     7      -0.021255950       0.011599489       0.000000000  N
  1     7      -0.025729943       0.013969833       0.000000000  N
  1     7      -0.006872951       0.006512258       0.000000000  N
  2     6      -0.014589893      -0.033469926       0.000000000  C
  2     6       0.023020718       0.029907006       0.000000000  C
  2     6       0.000504960      -0.008242069       0.000000000  C
  2     6       0.041081365      -0.022908979       0.000000000  C
  2     6       0.007115481       0.003128456       0.000000000  C
  2     6       0.000459339      -0.008396686       0.000000000  C
  2     6       0.040701103      -0.022982732       0.000000000  C
  2     6       0.007098489       0.003137415       0.000000000  C
  2     6       0.007084471       0.003360787       0.000000000  C
  2     6       0.000536603      -0.008962176       0.000000000  C
  2     6       0.040273071      -0.022999368       0.000000000  C
  2     6      -0.014502248      -0.033336370       0.000000000  C
  2     6       0.000691011      -0.008958700       0.000000000  C
  2     6       0.041600828      -0.023000294       0.000000000  C
  2     6      -0.014667569      -0.033448865       0.000000000  C
  2     6       0.000598373      -0.008998258       0.000000000  C
  2     6       0.040746310      -0.022982472       0.000000000  C
  2     6       0.021595887       0.029588759       0.000000000  C
  2     6       0.007038264       0.003190384       0.000000000  C
  2     6       0.022761278       0.029234629       0.000000000  C
  2     6       0.005710437       0.003559991       0.000000000  C
  2     6       0.021694928       0.029529576       0.000000000  C
  2     6      -0.014495725      -0.033231235       0.000000000  C
  2     6       0.000369872      -0.008350240       0.000000000  C
  2     6       0.040306598      -0.022874098       0.000000000  C
  2     6      -0.012984820      -0.033654010       0.000000000  C
  2     6      -0.000667994      -0.007989519       0.000000000  C
  2     6       0.040074893      -0.022939349       0.000000000  C
  2     6       0.021644079       0.029593292       0.000000000  C
  2     6       0.007117386       0.003107131       0.000000000  C
  2     6       0.021495200       0.029537491       0.000000000  C
  2     6      -0.014464264      -0.033173310       0.000000000  C
  2     6       0.000561977      -0.008291342       0.000000000  C
  2     6       0.041541243      -0.023035655       0.000000000  C
  2     6       0.023097005       0.029850870       0.000000000  C
  2     6       0.005659107       0.003641324       0.000000000  C
  2     6      -0.014440814      -0.033230122       0.000000000  C
  2     6       0.007049794       0.003237233       0.000000000  C
  2     6      -0.014602898      -0.033192998       0.000000000  C
  2     6       0.021654272       0.029550228       0.000000000  C
  2     6       0.000385759      -0.008315253       0.000000000  C
  2     6       0.040257317      -0.022878447       0.000000000  C
  2     6       0.021510171       0.030212802       0.000000000  C
  2     6      -0.014465667      -0.033215475       0.000000000  C
  2     6       0.005549094       0.003698899       0.000000000  C
