     1  1  0.00295858     160
     2  1  0.00295858     162
     3  1  0.00295858     162
     4  1  0.00295858     162
     5  1  0.00295858     162
     6  1  0.00295858     162
     7  1  0.00295858     161
     8  1  0.00295858     161
     9  1  0.00295858     161
    10  1  0.00295858     161
    11  1  0.00295858     162
    12  1  0.00295858     162
    13  1  0.00147929     162
    14  1  0.00147929     159
    15  1  0.00295858     159
    16  1  0.00295858     161
    17  1  0.00295858     162
    18  1  0.00295858     162
    19  1  0.00295858     162
    20  1  0.00295858     162
    21  1  0.00295858     161
    22  1  0.00295858     161
    23  1  0.00295858     161
    24  1  0.00295858     161
    25  1  0.00295858     161
    26  1  0.00295858     162
    27  1  0.00295858     162
    28  1  0.00295858     162
    29  1  0.00295858     162
    30  1  0.00295858     161
    31  1  0.00295858     161
    32  1  0.00295858     161
    33  1  0.00295858     161
    34  1  0.00295858     161
    35  1  0.00295858     162
    36  1  0.00295858     162
    37  1  0.00295858     162
    38  1  0.00295858     162
    39  1  0.00295858     161
    40  1  0.00295858     159
    41  1  0.00295858     159
    42  1  0.00295858     159
    43  1  0.00295858     160
    44  1  0.00295858     161
    45  1  0.00295858     162
    46  1  0.00295858     162
    47  1  0.00295858     162
    48  1  0.00295858     161
    49  1  0.00295858     161
    50  1  0.00295858     161
    51  1  0.00295858     161
    52  1  0.00295858     161
    53  1  0.00295858     162
    54  1  0.00295858     162
    55  1  0.00295858     162
    56  1  0.00295858     161
    57  1  0.00295858     161
    58  1  0.00295858     161
    59  1  0.00295858     161
    60  1  0.00295858     161
    61  1  0.00295858     162
    62  1  0.00295858     162
    63  1  0.00295858     162
    64  1  0.00295858     161
    65  1  0.00295858     160
    66  1  0.00295858     159
    67  1  0.00295858     159
    68  1  0.00295858     159
    69  1  0.00295858     160
    70  1  0.00295858     160
    71  1  0.00295858     161
    72  1  0.00295858     161
    73  1  0.00295858     162
    74  1  0.00295858     161
    75  1  0.00295858     161
    76  1  0.00295858     161
    77  1  0.00295858     161
    78  1  0.00295858     161
    79  1  0.00295858     161
    80  1  0.00295858     162
    81  1  0.00295858     162
    82  1  0.00295858     161
    83  1  0.00295858     161
    84  1  0.00295858     161
    85  1  0.00295858     161
    86  1  0.00295858     161
    87  1  0.00295858     161
    88  1  0.00295858     162
    89  1  0.00295858     161
    90  1  0.00295858     161
    91  1  0.00295858     160
    92  1  0.00295858     160
    93  1  0.00295858     160
    94  1  0.00295858     159
    95  1  0.00295858     160
    96  1  0.00295858     160
    97  1  0.00295858     161
    98  1  0.00295858     161
    99  1  0.00295858     161
   100  1  0.00295858     161
   101  1  0.00295858     161
   102  1  0.00295858     161
   103  1  0.00295858     161
   104  1  0.00295858     161
   105  1  0.00295858     161
   106  1  0.00295858     161
   107  1  0.00295858     161
   108  1  0.00295858     161
   109  1  0.00295858     161
   110  1  0.00295858     161
   111  1  0.00295858     161
   112  1  0.00295858     161
   113  1  0.00295858     161
   114  1  0.00295858     161
   115  1  0.00295858     161
   116  1  0.00295858     161
   117  1  0.00295858     161
   118  1  0.00295858     160
   119  1  0.00295858     160
   120  1  0.00295858     160
   121  1  0.00295858     160
   122  1  0.00295858     160
   123  1  0.00295858     160
   124  1  0.00295858     161
   125  1  0.00295858     161
   126  1  0.00295858     161
   127  1  0.00295858     160
   128  1  0.00295858     160
   129  1  0.00295858     160
   130  1  0.00295858     161
   131  1  0.00295858     161
   132  1  0.00295858     161
   133  1  0.00295858     161
   134  1  0.00295858     161
   135  1  0.00295858     161
   136  1  0.00295858     161
   137  1  0.00295858     161
   138  1  0.00295858     160
   139  1  0.00295858     160
   140  1  0.00295858     160
   141  1  0.00295858     161
   142  1  0.00295858     161
   143  1  0.00295858     161
   144  1  0.00295858     160
   145  1  0.00295858     160
   146  1  0.00295858     160
   147  1  0.00295858     161
   148  1  0.00295858     160
   149  1  0.00295858     160
   150  1  0.00295858     160
   151  1  0.00295858     161
   152  1  0.00295858     161
   153  1  0.00295858     161
   154  1  0.00295858     160
   155  1  0.00295858     160
   156  1  0.00295858     160
   157  1  0.00295858     160
   158  1  0.00295858     161
   159  1  0.00295858     161
   160  1  0.00295858     161
   161  1  0.00295858     161
   162  1  0.00295858     161
   163  1  0.00295858     160
   164  1  0.00295858     160
   165  1  0.00295858     160
   166  1  0.00295858     160
   167  1  0.00295858     160
   168  1  0.00295858     161
   169  1  0.00295858     161
   170  1  0.00295858     160
   171  1  0.00295858     160
   172  1  0.00295858     161
   173  1  0.00295858     162
   174  1  0.00295858     162
   175  1  0.00295858     161
   176  1  0.00295858     160
   177  1  0.00295858     161
   178  1  0.00295858     161
   179  1  0.00295858     161
   180  1  0.00295858     160
   181  1  0.00295858     160
   182  1  0.00295858     160
   183  1  0.00295858     160
   184  1  0.00295858     160
   185  1  0.00295858     160
   186  1  0.00295858     161
   187  1  0.00295858     161
   188  1  0.00295858     160
   189  1  0.00295858     160
   190  1  0.00295858     160
   191  1  0.00295858     160
   192  1  0.00295858     160
   193  1  0.00295858     160
   194  1  0.00295858     161
   195  1  0.00295858     161
   196  1  0.00295858     161
   197  1  0.00295858     161
   198  1  0.00295858     161
   199  1  0.00295858     162
   200  1  0.00295858     162
   201  1  0.00295858     162
   202  1  0.00295858     161
   203  1  0.00295858     161
   204  1  0.00295858     162
   205  1  0.00295858     162
   206  1  0.00295858     160
   207  1  0.00295858     160
   208  1  0.00295858     160
   209  1  0.00295858     160
   210  1  0.00295858     160
   211  1  0.00295858     160
   212  1  0.00295858     160
   213  1  0.00295858     161
   214  1  0.00295858     160
   215  1  0.00295858     160
   216  1  0.00295858     160
   217  1  0.00295858     160
   218  1  0.00295858     160
   219  1  0.00295858     160
   220  1  0.00295858     160
   221  1  0.00295858     162
   222  1  0.00295858     162
   223  1  0.00295858     162
   224  1  0.00295858     161
   225  1  0.00295858     161
   226  1  0.00295858     161
   227  1  0.00295858     161
   228  1  0.00295858     161
   229  1  0.00295858     161
   230  1  0.00295858     162
   231  1  0.00295858     162
   232  1  0.00295858     161
   233  1  0.00295858     161
   234  1  0.00295858     160
   235  1  0.00295858     160
   236  1  0.00295858     160
   237  1  0.00295858     160
   238  1  0.00295858     160
   239  1  0.00295858     159
   240  1  0.00295858     159
   241  1  0.00295858     160
   242  1  0.00295858     160
   243  1  0.00295858     160
   244  1  0.00295858     160
   245  1  0.00295858     160
   246  1  0.00295858     161
   247  1  0.00295858     161
   248  1  0.00295858     162
   249  1  0.00295858     161
   250  1  0.00295858     160
   251  1  0.00295858     161
   252  1  0.00295858     161
   253  1  0.00295858     161
   254  1  0.00295858     161
   255  1  0.00295858     161
   256  1  0.00295858     160
   257  1  0.00295858     161
   258  1  0.00295858     161
   259  1  0.00295858     161
   260  1  0.00295858     161
   261  1  0.00295858     161
   262  1  0.00295858     161
   263  1  0.00295858     160
   264  1  0.00295858     160
   265  1  0.00295858     159
   266  1  0.00295858     159
   267  1  0.00295858     159
   268  1  0.00295858     160
   269  1  0.00295858     160
   270  1  0.00295858     161
   271  1  0.00295858     161
   272  1  0.00295858     161
   273  1  0.00295858     161
   274  1  0.00295858     161
   275  1  0.00295858     160
   276  1  0.00295858     161
   277  1  0.00295858     161
   278  1  0.00295858     161
   279  1  0.00295858     161
   280  1  0.00295858     161
   281  1  0.00295858     161
   282  1  0.00295858     161
   283  1  0.00295858     161
   284  1  0.00295858     160
   285  1  0.00295858     160
   286  1  0.00295858     161
   287  1  0.00295858     161
   288  1  0.00295858     161
   289  1  0.00295858     161
   290  1  0.00295858     161
   291  1  0.00295858     159
   292  1  0.00295858     159
   293  1  0.00295858     159
   294  1  0.00295858     159
   295  1  0.00295858     160
   296  1  0.00295858     161
   297  1  0.00295858     161
   298  1  0.00295858     161
   299  1  0.00295858     161
   300  1  0.00295858     160
   301  1  0.00295858     160
   302  1  0.00295858     161
   303  1  0.00295858     160
   304  1  0.00295858     161
   305  1  0.00295858     161
   306  1  0.00295858     161
   307  1  0.00295858     161
   308  1  0.00295858     161
   309  1  0.00295858     160
   310  1  0.00295858     161
   311  1  0.00295858     160
   312  1  0.00295858     160
   313  1  0.00295858     161
   314  1  0.00295858     161
   315  1  0.00295858     161
   316  1  0.00295858     161
   317  1  0.00295858     160
   318  1  0.00295858     160
   319  1  0.00295858     159
   320  1  0.00295858     160
   321  1  0.00295858     160
   322  1  0.00295858     161
   323  1  0.00295858     161
   324  1  0.00295858     161
   325  1  0.00295858     161
   326  1  0.00295858     160
   327  1  0.00147929     160
   328  1  0.00147929     161
   329  1  0.00147929     161
   330  1  0.00147929     160
   331  1  0.00147929     160
   332  1  0.00147929     160
   333  1  0.00147929     161
   334  1  0.00147929     160
   335  1  0.00147929     160
   336  1  0.00147929     161
   337  1  0.00147929     161
   338  1  0.00147929     160
   339  1  0.00147929     160
   340  1  0.00147929     160
   341  1  0.00147929     161
   342  1  0.00147929     161
   343  1  0.00147929     160
   344  1  0.00147929     160
   345  1  0.00147929     161
   346  1  0.00147929     160
   347  1  0.00147929     160
   348  1  0.00147929     160
   349  1  0.00147929     161
   350  1  0.00147929     161
   351  1  0.00147929     160
   352  1  0.00147929     160
