               -959.0741167937
         -0.004932227      -0.000061056       0.000000000
         -0.000061056      -0.021237645       0.000000000
          0.000000000       0.000000000      -0.000000216
          72
  1     7       0.032265634       0.171328269       0.000000000  N
  1     7       0.066118604      -0.120220574       0.000000000  N
  1     7      -0.031819328      -0.182923953       0.000000000  N
  1     7      -0.001431425      -4.700407557       0.000000000  N
  1     7       0.561979853      26.225766991       0.000000000  N
  1     7       1.235251820      -0.320799660       0.000000000  N
  1     7      -0.079928193       0.046069735       0.000000000  N
  1     7      -0.034638349      -0.084986989       0.000000000  N
  1     7      -0.481762687      26.213812898       0.000000000  N
  1     7      -1.245194488      -0.301411082       0.000000000  N
  1     7       0.007234683      27.003945951       0.000000000  N
  1     7       0.096772323      -0.040991709       0.000000000  N
  1     7       0.016014189      -0.004618957       0.000000000  N
  1     7      -0.048803492      -0.047633793       0.000000000  N
  1     7      -0.118992348      -0.034505098       0.000000000  N
  1     7       0.035807921       0.034682574       0.000000000  N
  1     7      -0.005979335      -0.012913253       0.000000000  N
  1     7       0.014243539      -0.017692407       0.000000000  N
  1     7       0.045744701      -0.093363032       0.000000000  N
  1     7       0.006258011       0.195441435       0.000000000  N
  1     7      -0.661888557     -26.617365575       0.000000000  N
  1     7      -0.027767630       0.033187911       0.000000000  N
  1     7       1.399699373       0.677396938       0.000000000  N
  2     6       0.371706627      24.988613650       0.000000000  C
  2     6       0.058672396      -4.683177537       0.000000000  C
  2     6      -0.015365426       4.563105962       0.000000000  C
  2     6      -0.441186428     -25.443388531       0.000000000  C
  2     6       0.008821779       4.540389945       0.000000000  C
  2     6       0.378339002     -25.452251962       0.000000000  C
  2     6       0.979298409       0.264152382       0.000000000  C
  2     6       1.350324815     -21.363012499       0.000000000  C
  2     6       0.052872578       0.029739839       0.000000000  C
  2     6      -0.106062392      -0.004489380       0.000000000  C
  2     6       0.012201426      -0.120421846       0.000000000  C
  2     6      -1.021135559       0.204802347       0.000000000  C
  2     6      -1.328229584     -21.385284042       0.000000000  C
  2     6       0.725924297      21.447962783       0.000000000  C
  2     6      -0.103543076      -4.899020558       0.000000000  C
  2     6       1.303192579      21.343686751       0.000000000  C
  2     6       1.018665073      -0.391272906       0.000000000  C
  2     6      -0.064196082      -0.027880325       0.000000000  C
  2     6       0.014439854      -0.028468108       0.000000000  C
  2     6       0.022911416       0.103718451       0.000000000  C
  2     6      -0.001288494       0.153575717       0.000000000  C
  2     6      -0.533418181      21.238236334       0.000000000  C
  2     6       0.095291563      -4.892222981       0.000000000  C
  2     6       0.015796533      20.931069120       0.000000000  C
  2     6      -0.028444154       0.112682655       0.000000000  C
  2     6       0.019760719       0.001167515       0.000000000  C
  2     6      -1.271221432      21.356114353       0.000000000  C
  2     6      -1.046713505      -0.355758020       0.000000000  C
  2     6       0.009316319      -0.096034417       0.000000000  C
  2     6      -0.026694170       0.030027653       0.000000000  C
  2     6       0.101670056      -0.067801268       0.000000000  C
  2     6      -0.022822736       0.003340302       0.000000000  C
  2     6       0.026620929       0.077095169       0.000000000  C
  2     6       0.016386824       0.035569729       0.000000000  C
  2     6      -0.070055911      -0.086363007       0.000000000  C
  2     6       0.031474291       0.172294053       0.000000000  C
  2     6       0.027669358      -0.186185228       0.000000000  C
  2     6      -0.047968523       0.058687354       0.000000000  C
  2     6       0.036729489      -0.006851239       0.000000000  C
  2     6       0.066742953      -0.117530660       0.000000000  C
  2     6       0.549486275     -21.855933266       0.000000000  C
  2     6      -1.037188502       0.399642352       0.000000000  C
  2     6      -1.003485259     -21.770281708       0.000000000  C
  2     6      -0.073022892      -0.007906921       0.000000000  C
  2     6       0.138154430       0.078329895       0.000000000  C
  2     6       0.059993806       4.954579030       0.000000000  C
  2     6      -0.004773211     -21.300262888       0.000000000  C
  2     6      -0.032319584       4.398026429       0.000000000  C
  2     6       0.013009296     -24.976047041       0.000000000  C
