# EIG2DOS: Utility for SIESTA to obtain the electronic density of states
#
#                                                  Emilio Artacho, Apr. 1999
# --------------------------------------------------------------------------
# Nbands, Nspin, Nk   =    936     1   352
# E_F                 =    -2.5597 eV
# Broadening          =     0.0500 eV
# Number of electrons =   124.7955  124.9030 per cell
#
#        E            N
# --------------------------------------------------------------------------
     -5.000000      6.850424
     -4.990000      6.780366
     -4.980000      6.745863
     -4.970000      6.740632
     -4.960000      6.754241
     -4.950000      6.780280
     -4.940000      6.821507
     -4.930000      6.889516
     -4.920000      6.999288
     -4.910000      7.161585
     -4.900000      7.377022
     -4.890000      7.634543
     -4.880000      7.914609
     -4.870000      8.195124
     -4.860000      8.457347
     -4.850000      8.689783
     -4.840000      8.889628
     -4.830000      9.062415
     -4.820000      9.220592
     -4.810000      9.381175
     -4.800000      9.562369
     -4.790000      9.779654
     -4.780000     10.042828
     -4.770000     10.355661
     -4.760000     10.718327
     -4.750000     11.130376
     -4.740000     11.590559
     -4.730000     12.091396
     -4.720000     12.610379
     -4.710000     13.103628
     -4.700000     13.508288
     -4.690000     13.755946
     -4.680000     13.793146
     -4.670000     13.600331
     -4.660000     13.200317
     -4.650000     12.651747
     -4.640000     12.029772
     -4.630000     11.402043
     -4.620000     10.810063
     -4.610000     10.263159
     -4.600000      9.746097
     -4.590000      9.234965
     -4.580000      8.712833
     -4.570000      8.178148
     -4.560000      7.643706
     -4.550000      7.129076
     -4.540000      6.651901
     -4.530000      6.222604
     -4.520000      5.844037
     -4.510000      5.514586
     -4.500000      5.231861
     -4.490000      4.994657
     -4.480000      4.802517
     -4.470000      4.653818
     -4.460000      4.543907
     -4.450000      4.464478
     -4.440000      4.404568
     -4.430000      4.352807
     -4.420000      4.300137
     -4.410000      4.242007
     -4.400000      4.179069
     -4.390000      4.115844
     -4.380000      4.057698
     -4.370000      4.007414
     -4.360000      3.963103
     -4.350000      3.918732
     -4.340000      3.867219
     -4.330000      3.804615
     -4.320000      3.733096
     -4.310000      3.660890
     -4.300000      3.598744
     -4.290000      3.554383
     -4.280000      3.527665
     -4.270000      3.509143
     -4.260000      3.483217
     -4.250000      3.434772
     -4.240000      3.356182
     -4.230000      3.251039
     -4.220000      3.132508
     -4.210000      3.017081
     -4.200000      2.917103
     -4.190000      2.836088
     -4.180000      2.769126
     -4.170000      2.707613
     -4.160000      2.645183
     -4.150000      2.581332
     -4.140000      2.520925
     -4.130000      2.470335
     -4.120000      2.432797
     -4.110000      2.405831
     -4.100000      2.382190
     -4.090000      2.353732
     -4.080000      2.315876
     -4.070000      2.270004
     -4.060000      2.222367
     -4.050000      2.180175
     -4.040000      2.147271
     -4.030000      2.121991
     -4.020000      2.098438
     -4.010000      2.070241
     -4.000000      2.034411
     -3.990000      1.992932
     -3.980000      1.951248
     -3.970000      1.914704
     -3.960000      1.885261
     -3.950000      1.860501
     -3.940000      1.835435
     -3.930000      1.805840
     -3.920000      1.770886
     -3.910000      1.733390
     -3.900000      1.697657
     -3.890000      1.666525
     -3.880000      1.639641
     -3.870000      1.614049
     -3.860000      1.586464
     -3.850000      1.555497
     -3.840000      1.522315
     -3.830000      1.489481
     -3.820000      1.459024
     -3.810000      1.431156
     -3.800000      1.404433
     -3.790000      1.377010
     -3.780000      1.347958
     -3.770000      1.317732
     -3.760000      1.287598
     -3.750000      1.258606
     -3.740000      1.230907
     -3.730000      1.203864
     -3.720000      1.176727
     -3.710000      1.149272
     -3.700000      1.121870
     -3.690000      1.094981
     -3.680000      1.068442
     -3.670000      1.040995
     -3.660000      1.010209
     -3.650000      0.972731
     -3.640000      0.924782
     -3.630000      0.862922
     -3.620000      0.785098
     -3.610000      0.691726
     -3.600000      0.586331
     -3.590000      0.475267
     -3.580000      0.366467
     -3.570000      0.267601
     -3.560000      0.184358
     -3.550000      0.119450
     -3.540000      0.072595
     -3.530000      0.041291
     -3.520000      0.021938
     -3.510000      0.010870
     -3.500000      0.005017
     -3.490000      0.002154
     -3.480000      0.000859
     -3.470000      0.000318
     -3.460000      0.000110
     -3.450000      0.000035
     -3.440000      0.000010
     -3.430000      0.000003
     -3.420000      0.000001
     -3.410000      0.000000
     -3.400000      0.000000
     -3.390000      0.000000
     -3.380000      0.000000
     -3.370000      0.000000
     -3.360000      0.000000
     -3.350000      0.000000
     -3.340000      0.000000
     -3.330000      0.000000
     -3.320000      0.000000
     -3.310000      0.000000
     -3.300000      0.000000
     -3.290000      0.000000
     -3.280000      0.000000
     -3.270000      0.000000
     -3.260000      0.000000
     -3.250000      0.000000
     -3.240000      0.000000
     -3.230000      0.000000
     -3.220000      0.000000
     -3.210000      0.000000
     -3.200000      0.000000
     -3.190000      0.000000
     -3.180000      0.000000
     -3.170000      0.000000
     -3.160000      0.000000
     -3.150000      0.000000
     -3.140000      0.000001
     -3.130000      0.000004
     -3.120000      0.000016
     -3.110000      0.000052
     -3.100000      0.000159
     -3.090000      0.000451
     -3.080000      0.001187
     -3.070000      0.002904
     -3.060000      0.006602
     -3.050000      0.013968
     -3.040000      0.027538
     -3.030000      0.050665
     -3.020000      0.087140
     -3.010000      0.140398
     -3.000000      0.212428
     -2.990000      0.302708
     -2.980000      0.407643
     -2.970000      0.520862
     -2.960000      0.634435
     -2.950000      0.740648
     -2.940000      0.833706
     -2.930000      0.910746
     -2.920000      0.971901
     -2.910000      1.019587
     -2.900000      1.057432
     -2.890000      1.089273
     -2.880000      1.118400
     -2.870000      1.147071
     -2.860000      1.176324
     -2.850000      1.206185
     -2.840000      1.236246
     -2.830000      1.266346
     -2.820000      1.296893
     -2.810000      1.328557
     -2.800000      1.361581
     -2.790000      1.395353
     -2.780000      1.428720
     -2.770000      1.460913
     -2.760000      1.492297
     -2.750000      1.524250
     -2.740000      1.558149
     -2.730000      1.594244
     -2.720000      1.631357
     -2.710000      1.667682
     -2.700000      1.702118
     -2.690000      1.735112
     -2.680000      1.768420
     -2.670000      1.803968
     -2.660000      1.842591
     -2.650000      1.883465
     -2.640000      1.924569
     -2.630000      1.963896
     -2.620000      2.000707
     -2.610000      2.036094
     -2.600000      2.072463
     -2.590000      2.112188
     -2.580000      2.156173
     -2.570000      2.203191
     -2.560000      2.250481
     -2.550000      2.295327
     -2.540000      2.336794
     -2.530000      2.376667
     -2.520000      2.419106
     -2.510000      2.469287
     -2.500000      2.531946
     -2.490000      2.610845
     -2.480000      2.709636
     -2.470000      2.833649
     -2.460000      2.991282
     -2.450000      3.193456
     -2.440000      3.450382
     -2.430000      3.766321
     -2.420000      4.134559
     -2.410000      4.535440
     -2.400000      4.939433
     -2.390000      5.314940
     -2.380000      5.637936
     -2.370000      5.899101
     -2.360000      6.104974
     -2.350000      6.272622
     -2.340000      6.420767
     -2.330000      6.562238
     -2.320000      6.701644
     -2.310000      6.838863
     -2.300000      6.975351
     -2.290000      7.118642
     -2.280000      7.281824
     -2.270000      7.478304
     -2.260000      7.715484
     -2.250000      7.991829
     -2.240000      8.299701
     -2.230000      8.632319
     -2.220000      8.990109
     -2.210000      9.381530
     -2.200000      9.816604
     -2.190000     10.295957
     -2.180000     10.801291
     -2.170000     11.292875
     -2.160000     11.716263
     -2.150000     12.016069
     -2.140000     12.151524
     -2.130000     12.108003
     -2.120000     11.900413
     -2.110000     11.567556
     -2.100000     11.160003
     -2.090000     10.726442
     -2.080000     10.303679
     -2.070000      9.913241
     -2.060000      9.563993
     -2.050000      9.257471
     -2.040000      8.992392
     -2.030000      8.766705
     -2.020000      8.577904
     -2.010000      8.423143
     -2.000000      8.299885
     -1.990000      8.206601
     -1.980000      8.142681
     -1.970000      8.107337
     -1.960000      8.097960
     -1.950000      8.108588
     -1.940000      8.128999
     -1.930000      8.145002
     -1.920000      8.140617
     -1.910000      8.102248
     -1.900000      8.023547
     -1.890000      7.908469
     -1.880000      7.770326
     -1.870000      7.626705
     -1.860000      7.492608
     -1.850000      7.375189
     -1.840000      7.272491
     -1.830000      7.176360
     -1.820000      7.077824
     -1.810000      6.972427
     -1.800000      6.863207
     -1.790000      6.759869
     -1.780000      6.674155
     -1.770000      6.613196
     -1.760000      6.574206
     -1.750000      6.543769
     -1.740000      6.502788
     -1.730000      6.434686
     -1.720000      6.332145
     -1.710000      6.198423
     -1.700000      6.042838
     -1.690000      5.873912
     -1.680000      5.695043
     -1.670000      5.505457
     -1.660000      5.305271
     -1.650000      5.100564
     -1.640000      4.904449
     -1.630000      4.732853
     -1.620000      4.597268
     -1.610000      4.498683
     -1.600000      4.426347
     -1.590000      4.362329
     -1.580000      4.289676
     -1.570000      4.200030
     -1.560000      4.096902
     -1.550000      3.993067
     -1.540000      3.903570
     -1.530000      3.837919
     -1.520000      3.795306
     -1.510000      3.765075
     -1.500000      3.732035
     -1.490000      3.683903
     -1.480000      3.617167
     -1.470000      3.538496
     -1.460000      3.461105
     -1.450000      3.397964
     -1.440000      3.355332
     -1.430000      3.329801
     -1.420000      3.310257
     -1.410000      3.283644
     -1.400000      3.241582
     -1.390000      3.184489
     -1.380000      3.121156
     -1.370000      3.064108
     -1.360000      3.023184
     -1.350000      3.000673
     -1.340000      2.990432
     -1.330000      2.981260
     -1.320000      2.962636
     -1.310000      2.929718
     -1.300000      2.885050
     -1.290000      2.836268
     -1.280000      2.791334
     -1.270000      2.754086
     -1.260000      2.722641
     -1.250000      2.691349
     -1.240000      2.654896
     -1.230000      2.611882
     -1.220000      2.565660
     -1.210000      2.522092
     -1.200000      2.485874
     -1.190000      2.457972
     -1.180000      2.435849
     -1.170000      2.416219
     -1.160000      2.398504
     -1.150000      2.386911
     -1.140000      2.390183
     -1.130000      2.419450
     -1.120000      2.485229
     -1.110000      2.594311
     -1.100000      2.746811
     -1.090000      2.933850
     -1.080000      3.137025
     -1.070000      3.330987
     -1.060000      3.489331
     -1.050000      3.591947
     -1.040000      3.630662
     -1.030000      3.610491
     -1.020000      3.546126
     -1.010000      3.455781
     -1.000000      3.355480
     -0.990000      3.256030
     -0.980000      3.162980
     -0.970000      3.078370
     -0.960000      3.002692
     -0.950000      2.936089
     -0.940000      2.878668
     -0.930000      2.830349
     -0.920000      2.790673
     -0.910000      2.758802
     -0.900000      2.733670
     -0.890000      2.714155
     -0.880000      2.699201
     -0.870000      2.687910
     -0.860000      2.679615
     -0.850000      2.673891
     -0.840000      2.670449
     -0.830000      2.668969
     -0.820000      2.669033
     -0.810000      2.670280
     -0.800000      2.672628
     -0.790000      2.676296
     -0.780000      2.681481
     -0.770000      2.687980
     -0.760000      2.695168
     -0.750000      2.702472
     -0.740000      2.709933
     -0.730000      2.718292
     -0.720000      2.728394
     -0.710000      2.740369
     -0.700000      2.753318
     -0.690000      2.765877
     -0.680000      2.777283
     -0.670000      2.788121
     -0.660000      2.800077
     -0.650000      2.814784
     -0.640000      2.832559
     -0.630000      2.851977
     -0.620000      2.870684
     -0.610000      2.886977
     -0.600000      2.901087
     -0.590000      2.915287
     -0.580000      2.932685
     -0.570000      2.955478
     -0.560000      2.983866
     -0.550000      3.016462
     -0.540000      3.052206
     -0.530000      3.092742
     -0.520000      3.143878
     -0.510000      3.215032
     -0.500000      3.316571
     -0.490000      3.455976
     -0.480000      3.634432
     -0.470000      3.845348
     -0.460000      4.075536
     -0.450000      4.308692
     -0.440000      4.529754
     -0.430000      4.728399
     -0.420000      4.900378
     -0.410000      5.046545
     -0.400000      5.170503
     -0.390000      5.276340
     -0.380000      5.367547
     -0.370000      5.447375
     -0.360000      5.519939
     -0.350000      5.591106
     -0.340000      5.668363
     -0.330000      5.759538
     -0.320000      5.870758
     -0.310000      6.004352
     -0.300000      6.157377
     -0.290000      6.321271
     -0.280000      6.482906
     -0.270000      6.626883
     -0.260000      6.738529
     -0.250000      6.806759
     -0.240000      6.825985
     -0.230000      6.796666
     -0.220000      6.724661
     -0.210000      6.619875
     -0.200000      6.494649
     -0.190000      6.361988
     -0.180000      6.233490
     -0.170000      6.117159
     -0.160000      6.015884
     -0.150000      5.927684
     -0.140000      5.848160
     -0.130000      5.774122
     -0.120000      5.706227
     -0.110000      5.648706
     -0.100000      5.606059
     -0.090000      5.578849
     -0.080000      5.561625
     -0.070000      5.544794
     -0.060000      5.519627
     -0.050000      5.483354
     -0.040000      5.441046
     -0.030000      5.402931
     -0.020000      5.378674
     -0.010000      5.372004
      0.000000      5.378916
      0.010000      5.390449
      0.020000      5.398295
      0.030000      5.399820
      0.040000      5.399445
      0.050000      5.405564
      0.060000      5.424861
      0.070000      5.457434
      0.080000      5.495609
      0.090000      5.527130
      0.100000      5.540869
      0.110000      5.531910
      0.120000      5.503456
      0.130000      5.464943
      0.140000      5.427701
      0.150000      5.400449
      0.160000      5.386532
      0.170000      5.383691
      0.180000      5.385976
      0.190000      5.386678
      0.200000      5.381029
      0.210000      5.367763
      0.220000      5.349231
      0.230000      5.330328
      0.240000      5.316766
      0.250000      5.313196
      0.260000      5.321589
      0.270000      5.340262
      0.280000      5.364005
      0.290000      5.385603
      0.300000      5.398459
      0.310000      5.399253
      0.320000      5.389348
      0.330000      5.374209
      0.340000      5.361211
      0.350000      5.356952
      0.360000      5.365138
      0.370000      5.385538
      0.380000      5.414066
      0.390000      5.443998
      0.400000      5.468236
      0.410000      5.482136
      0.420000      5.485795
      0.430000      5.484596
      0.440000      5.487550
      0.450000      5.504110
      0.460000      5.540910
      0.470000      5.599907
      0.480000      5.678748
      0.490000      5.773313
      0.500000      5.881384
      0.510000      6.005574
      0.520000      6.153438
      0.530000      6.333736
      0.540000      6.550027
      0.550000      6.794900
      0.560000      7.048524
      0.570000      7.283042
      0.580000      7.471059
      0.590000      7.594079
      0.600000      7.647107
      0.610000      7.638003
      0.620000      7.582966
      0.630000      7.500831
      0.640000      7.408500
      0.650000      7.318516
      0.660000      7.238638
      0.670000      7.172670
      0.680000      7.121623
      0.690000      7.084495
      0.700000      7.058430
      0.710000      7.038706
      0.720000      7.019392
      0.730000      6.995185
      0.740000      6.963887
      0.750000      6.928065
      0.760000      6.894464
      0.770000      6.871023
      0.780000      6.862975
      0.790000      6.870279
      0.800000      6.887873
      0.810000      6.908443
      0.820000      6.925869
      0.830000      6.937286
      0.840000      6.942937
      0.850000      6.944597
      0.860000      6.944169
      0.870000      6.943346
      0.880000      6.943804
      0.890000      6.946645
      0.900000      6.950610
      0.910000      6.950352
      0.920000      6.937008
      0.930000      6.902118
      0.940000      6.843249
      0.950000      6.767605
      0.960000      6.690572
      0.970000      6.629301
      0.980000      6.594845
      0.990000      6.587390
      1.000000      6.597047
      1.010000      6.609194
      1.020000      6.611050
      1.030000      6.596342
      1.040000      6.566688
      1.050000      6.530089
      1.060000      6.497586
      1.070000      6.479130
      1.080000      6.479744
      1.090000      6.497300
      1.100000      6.523099
      1.110000      6.545437
      1.120000      6.554738
      1.130000      6.547797
      1.140000      6.528976
      1.150000      6.507916
      1.160000      6.495174
      1.170000      6.498103
      1.180000      6.518685
      1.190000      6.553632
      1.200000      6.595978
      1.210000      6.637203
      1.220000      6.669333
      1.230000      6.686770
      1.240000      6.687497
      1.250000      6.673211
      1.260000      6.648166
      1.270000      6.617175
      1.280000      6.583723
      1.290000      6.549123
      1.300000      6.513041
      1.310000      6.474906
      1.320000      6.435254
      1.330000      6.396163
      1.340000      6.360656
      1.350000      6.331629
      1.360000      6.311116
      1.370000      6.300206
      1.380000      6.299222
      1.390000      6.307528
      1.400000      6.322910
      1.410000      6.341198
      1.420000      6.356997
      1.430000      6.365643
      1.440000      6.365394
      1.450000      6.358464
      1.460000      6.350119
      1.470000      6.346247
      1.480000      6.350733
      1.490000      6.363860
      1.500000      6.382305
      1.510000      6.400446
      1.520000      6.412416
      1.530000      6.414290
      1.540000      6.405857
      1.550000      6.391372
      1.560000      6.378627
      1.570000      6.376174
      1.580000      6.389445
      1.590000      6.417567
      1.600000      6.452836
      1.610000      6.483722
      1.620000      6.500254
      1.630000      6.499008
      1.640000      6.484868
      1.650000      6.468476
      1.660000      6.460801
      1.670000      6.467915
      1.680000      6.488727
      1.690000      6.516536
      1.700000      6.542887
      1.710000      6.561164
      1.720000      6.567961
      1.730000      6.562113
      1.740000      6.542822
      1.750000      6.508563
      1.760000      6.457499
      1.770000      6.388809
      1.780000      6.303854
      1.790000      6.206405
      1.800000      6.101979
      1.810000      5.996797
      1.820000      5.896895
      1.830000      5.807665
      1.840000      5.733769
      1.850000      5.679169
      1.860000      5.646864
      1.870000      5.638068
      1.880000      5.651078
      1.890000      5.680693
      1.900000      5.719183
      1.910000      5.758966
      1.920000      5.795817
      1.930000      5.830558
      1.940000      5.867888
      1.950000      5.912834
      1.960000      5.967121
      1.970000      6.027870
      1.980000      6.089461
      1.990000      6.147158
      2.000000      6.199996
      2.010000      6.251123
      2.020000      6.305650
      2.030000      6.367694
      2.040000      6.438520
      2.050000      6.516686
      2.060000      6.599709
      2.070000      6.686028
      2.080000      6.776209
      2.090000      6.873036
      2.100000      6.980731
      2.110000      7.103794
      2.120000      7.245975
      2.130000      7.409696
      2.140000      7.595956
      2.150000      7.804247
      2.160000      8.031762
      2.170000      8.271554
      2.180000      8.510325
      2.190000      8.727630
      2.200000      8.898227
      2.210000      8.997961
      2.220000      9.011336
      2.230000      8.937545
      2.240000      8.791956
      2.250000      8.601998
      2.260000      8.398938
      2.270000      8.208864
      2.280000      8.046571
      2.290000      7.914627
      2.300000      7.807350
      2.310000      7.716996
      2.320000      7.638594
      2.330000      7.571149
      2.340000      7.515634
      2.350000      7.472241
      2.360000      7.439396
      2.370000      7.415152
      2.380000      7.399426
      2.390000      7.394935
      2.400000      7.405912
      2.410000      7.435646
      2.420000      7.484858
      2.430000      7.552267
      2.440000      7.636988
      2.450000      7.741031
      2.460000      7.870123
      2.470000      8.032264
      2.480000      8.234975
      2.490000      8.482848
      2.500000      8.776396
      2.510000      9.111872
      2.520000      9.480920
      2.530000      9.869491
      2.540000     10.257018
      2.550000     10.617829
      2.560000     10.925991
      2.570000     11.162318
      2.580000     11.320057
      2.590000     11.405814
      2.600000     11.434965
      2.610000     11.424315
      2.620000     11.386413
      2.630000     11.328440
      2.640000     11.255098
      2.650000     11.172265
      2.660000     11.088057
      2.670000     11.010385
      2.680000     10.942936
      2.690000     10.882676
      2.700000     10.820826
      2.710000     10.746741
      2.720000     10.652236
      2.730000     10.533928
      2.740000     10.392883
      2.750000     10.232794
      2.760000     10.058514
      2.770000      9.875775
      2.780000      9.691459
      2.790000      9.513277
      2.800000      9.348556
      2.810000      9.202956
      2.820000      9.080136
      2.830000      8.982441
      2.840000      8.911560
      2.850000      8.868096
      2.860000      8.850211
      2.870000      8.852765
      2.880000      8.868425
      2.890000      8.890670
      2.900000      8.916759
      2.910000      8.948163
      2.920000      8.987449
      2.930000      9.033219
      2.940000      9.076415
      2.950000      9.100766
      2.960000      9.087753
      2.970000      9.023846
      2.980000      8.906629
      2.990000      8.746987
      3.000000      8.566271
      3.010000      8.389246
      3.020000      8.235395
      3.030000      8.112206
      3.040000      8.013779
      3.050000      7.925926
      3.060000      7.835571
      3.070000      7.739596
      3.080000      7.648205
      3.090000      7.580613
      3.100000      7.554979
      3.110000      7.577620
      3.120000      7.637117
      3.130000      7.706649
      3.140000      7.753927
      3.150000      7.754241
      3.160000      7.700339
      3.170000      7.604221
      3.180000      7.489948
      3.190000      7.381008
      3.200000      7.288327
      3.210000      7.204472
      3.220000      7.106442
      3.230000      6.965605
      3.240000      6.760313
      3.250000      6.485851
      3.260000      6.157722
      3.270000      5.807227
      3.280000      5.471482
      3.290000      5.182081
      3.300000      4.956680
      3.310000      4.796167
      3.320000      4.687699
      3.330000      4.611700
      3.340000      4.549705
      3.350000      4.489969
      3.360000      4.429077
      3.370000      4.369739
      3.380000      4.316659
      3.390000      4.272825
      3.400000      4.237773
      3.410000      4.207977
      3.420000      4.178495
      3.430000      4.144775
      3.440000      4.103884
      3.450000      4.055005
      3.460000      3.999464
      3.470000      3.940704
      3.480000      3.884327
      3.490000      3.837721
      3.500000      3.808478
      3.510000      3.801377
      3.520000      3.814993
      3.530000      3.840123
      3.540000      3.861827
      3.550000      3.864962
      3.560000      3.840745
      3.570000      3.790988
      3.580000      3.727784
      3.590000      3.668868
      3.600000      3.630903
      3.610000      3.623564
      3.620000      3.646492
      3.630000      3.689804
      3.640000      3.737564
      3.650000      3.772884
      3.660000      3.783016
      3.670000      3.763073
      3.680000      3.717568
      3.690000      3.659546
      3.700000      3.607375
      3.710000      3.579467
      3.720000      3.587796
      3.730000      3.632223
      3.740000      3.698536
      3.750000      3.762482
      3.760000      3.799351
      3.770000      3.795160
      3.780000      3.753643
      3.790000      3.694939
      3.800000      3.646338
      3.810000      3.629983
      3.820000      3.653988
      3.830000      3.711144
      3.840000      3.784904
      3.850000      3.858691
      3.860000      3.923682
      3.870000      3.982315
      3.880000      4.047806
      3.890000      4.142002
      3.900000      4.293686
      3.910000      4.537528
      3.920000      4.911917
      3.930000      5.453458
      3.940000      6.187591
      3.950000      7.117593
      3.960000      8.216391
      3.970000      9.425395
      3.980000     10.662052
      3.990000     11.834252
      4.000000     12.857260
      4.010000     13.668541
      4.020000     14.237291
      4.030000     14.567291
      4.040000     14.693096
      4.050000     14.670531
      4.060000     14.563636
      4.070000     14.431434
      4.080000     14.318350
      4.090000     14.251046
      4.100000     14.241884
      4.110000     14.296548
      4.120000     14.421836
      4.130000     14.629965
      4.140000     14.937599
      4.150000     15.360266
      4.160000     15.904817
      4.170000     16.563360
      4.180000     17.311258
      4.190000     18.109815
      4.200000     18.912117
      4.210000     19.669642
      4.220000     20.337911
      4.230000     20.881001
      4.240000     21.275561
      4.250000     21.514296
      4.260000     21.607722
      4.270000     21.582517
      4.280000     21.475900
      4.290000     21.327282
      4.300000     21.169630
      4.310000     21.022964
      4.320000     20.891579
      4.330000     20.765506
      4.340000     20.625807
      4.350000     20.452167
      4.360000     20.230278
      4.370000     19.956178
      4.380000     19.635850
      4.390000     19.280785
      4.400000     18.902321
      4.410000     18.508015
      4.420000     18.101610
      4.430000     17.685724
      4.440000     17.264921
      4.450000     16.847273
      4.460000     16.444059
      4.470000     16.068268
      4.480000     15.732514
      4.490000     15.446342
      4.500000     15.213034
      4.510000     15.027178
      4.520000     14.875193
      4.530000     14.740219
      4.540000     14.609964
      4.550000     14.483267
      4.560000     14.370791
      4.570000     14.288407
      4.580000     14.246583
      4.590000     14.241932
      4.600000     14.255986
      4.610000     14.261849
      4.620000     14.234841
      4.630000     14.161458
      4.640000     14.042551
      4.650000     13.890245
      4.660000     13.721274
      4.670000     13.550491
      4.680000     13.387230
      4.690000     13.234980
      4.700000     13.093049
      4.710000     12.958516
      4.720000     12.827641
      4.730000     12.696926
      4.740000     12.564298
      4.750000     12.430217
      4.760000     12.297931
      4.770000     12.172414
      4.780000     12.058645
      4.790000     11.960654
      4.800000     11.882202
      4.810000     11.828307
      4.820000     11.805556
      4.830000     11.819623
      4.840000     11.870596
      4.850000     11.949099
      4.860000     12.036680
      4.870000     12.111933
      4.880000     12.160157
      4.890000     12.181571
      4.900000     12.192930
      4.910000     12.220499
      4.920000     12.286921
      4.930000     12.398160
      4.940000     12.537176
      4.950000     12.667999
      4.960000     12.748926
      4.970000     12.749064
      4.980000     12.660688
      4.990000     12.501681
      5.000000     12.307087
