               -681.6610304963
         -0.005336883       0.000004875       0.000000000
          0.000004873      -0.017958790       0.000000000
          0.000000000       0.000000000      -0.000004432
          72
  1     5       0.617169247       0.139753159       0.000000000  B
  1     5       0.324256591       0.031930446       0.000000000  B
  1     5       0.130833073       0.132851126       0.000000000  B
  1     5      -0.610354961      -0.118400541       0.000000000  B
  1     5       0.027526231      15.893294430       0.000000000  B
  1     5      -0.026124310       0.012376897       0.000000000  B
  1     5       0.159124660      -0.163012280       0.000000000  B
  1     5       0.139784961       0.194817005       0.000000000  B
  1     5      -0.060966418      -0.132373432       0.000000000  B
  1     5      -0.175687852       0.144828266       0.000000000  B
  1     5       0.108079656      -0.122413069       0.000000000  B
  1     5      -0.198556050       0.152070696       0.000000000  B
  1     5      -0.056039350      -0.137330894       0.000000000  B
  1     5       0.006826984      -0.063400137       0.000000000  B
  1     5       0.000157428     -16.004809236       0.000000000  B
  1     5       0.594934837       0.033437884       0.000000000  B
  1     5       0.571548606     -15.519525844       0.000000000  B
  1     5      -0.748735209      -0.003526182       0.000000000  B
  1     5      -0.656971752     -15.555583499       0.000000000  B
  1     5       0.034737563       4.070975678       0.000000000  B
  2     6      -0.033923140      15.854880180       0.000000000  C
  2     6      -0.002019775      -4.838044671       0.000000000  C
  2     6       0.008677994       4.869474956       0.000000000  C
  2     6      -0.666532462     -21.532724809       0.000000000  C
  2     6      -0.019266378       4.832116321       0.000000000  C
  2     6       0.642341972     -21.370237455       0.000000000  C
  2     6       1.046886626     -21.367035041       0.000000000  C
  2     6       0.139021138       0.104340036       0.000000000  C
  2     6       0.027355855      -0.122585410       0.000000000  C
  2     6      -0.989495307       0.000811922       0.000000000  C
  2     6      -1.138867359     -21.423200297       0.000000000  C
  2     6       0.636947592      15.672527299       0.000000000  C
  2     6      -0.004625183      -4.943740745       0.000000000  C
  2     6       1.406537661      21.610591373       0.000000000  C
  2     6       1.053940975      -0.158687191       0.000000000  C
  2     6      -0.114596124      -0.091671336       0.000000000  C
  2     6       0.097206086      -0.007732699       0.000000000  C
  2     6      -0.049422285      -0.025273102       0.000000000  C
  2     6       0.086287501      -0.061989513       0.000000000  C
  2     6       0.000207043       0.297968111       0.000000000  C
  2     6       0.008663371      -0.294658369       0.000000000  C
  2     6      -0.604704998      15.838887203       0.000000000  C
  2     6       0.078144294      -4.919025606       0.000000000  C
  2     6       0.036804240      21.434132092       0.000000000  C
  2     6      -0.043433204      -4.912238493       0.000000000  C
  2     6       0.950436316      21.709507800       0.000000000  C
  2     6       0.861080566      -0.106086056       0.000000000  C
  2     6      -0.037259638       0.064191262       0.000000000  C
  2     6       0.116745898      -0.047011107       0.000000000  C
  2     6       0.016321734      -0.008823848       0.000000000  C
  2     6      -0.050506230      -0.011749563       0.000000000  C
  2     6      -1.317519186      21.484258806       0.000000000  C
  2     6      -1.080155563      -0.158476721       0.000000000  C
  2     6      -0.895726073      21.567869071       0.000000000  C
  2     6       0.122421999      -0.063921404       0.000000000  C
  2     6      -0.269592842      -0.054285213       0.000000000  C
  2     6       0.054085949      -0.020695005       0.000000000  C
  2     6      -0.072678028      -0.068563068       0.000000000  C
  2     6      -0.098084663       0.080571847       0.000000000  C
  2     6      -0.001337908      -0.022280090       0.000000000  C
  2     6      -0.028892609       0.244566660       0.000000000  C
  2     6       0.019491952      -0.246441537       0.000000000  C
  2     6      -0.116329856       0.076286513       0.000000000  C
  2     6       0.061423914       0.013551579       0.000000000  C
  2     6       0.146757914      -0.120160768       0.000000000  C
  2     6      -0.140512777       0.062415071       0.000000000  C
  2     6      -0.059874394      -0.110615200       0.000000000  C
  2     6      -0.121665759       0.008435541       0.000000000  C
  2     6       0.092347278       0.082949997       0.000000000  C
  2     6       0.100909905     -20.992796576       0.000000000  C
  2     6      -0.139104817       4.951141095       0.000000000  C
  2     6       0.097801872     -15.752250018       0.000000000  C
