               -983.5622831888
         -0.004448590       0.000065137       0.000000000
          0.000065135      -0.024380264       0.000000000
          0.000000000       0.000000000      -0.000000709
          72
  1     7       0.009290228      25.122789134       0.000000000  N
  1     7       0.029153146      -4.463652878       0.000000000  N
  1     7      -0.933661913     -29.396378748       0.000000000  N
  1     7      -1.279033651       0.273900572       0.000000000  N
  1     7      -0.674318088     -25.420782340       0.000000000  N
  1     7       0.838454426      25.699057852       0.000000000  N
  1     7       0.034191414      -4.109253955       0.000000000  N
  1     7      -1.009131989      29.102316335       0.000000000  N
  1     7       0.132545076      -4.332436172       0.000000000  N
  1     7      -0.230958072      26.038087174       0.000000000  N
  1     7       0.383708092      -4.310370159       0.000000000  N
  1     7      -0.051144587      30.137958354       0.000000000  N
  1     7      -1.492676454      -0.072009847       0.000000000  N
  1     7       0.173154043      30.449966665       0.000000000  N
  1     7       0.089697179      -0.010142927       0.000000000  N
  1     7      -0.051838537       0.054266666       0.000000000  N
  1     7      -0.029877818       0.026713904       0.000000000  N
  1     7      -0.070937409       0.018099334       0.000000000  N
  1     7      -0.047735294       0.080535778       0.000000000  N
  1     7       0.008699432       0.001040689       0.000000000  N
  1     7      -0.008231406      -0.086899491       0.000000000  N
  1     7      -1.274888468       0.044912139       0.000000000  N
  1     7       0.168903065     -30.147287096       0.000000000  N
  1     7      -0.199944583       0.011204698       0.000000000  N
  1     7      -0.012665539      -0.123847282       0.000000000  N
  1     7       0.234022095     -28.976407661       0.000000000  N
  2     6       0.069097932       4.264358280       0.000000000  C
  2     6       0.065554359       4.705922102       0.000000000  C
  2     6      -0.172925871     -21.459310967       0.000000000  C
  2     6       1.065055182       0.110569647       0.000000000  C
  2     6       0.704793208     -21.443918542       0.000000000  C
  2     6       0.080209551       0.007230647       0.000000000  C
  2     6      -0.123346618       0.049126495       0.000000000  C
  2     6       0.085654613       0.104818704       0.000000000  C
  2     6      -0.047215671      -0.001819391       0.000000000  C
  2     6       1.260650745      21.581071693       0.000000000  C
  2     6       1.079369270      -0.161752362       0.000000000  C
  2     6      -0.100292305      -0.062992816       0.000000000  C
  2     6       0.081132079      -0.005679559       0.000000000  C
  2     6      -0.062188550      -0.003296970       0.000000000  C
  2     6       0.073106742      -0.094191809       0.000000000  C
  2     6      -0.001445505       0.303616803       0.000000000  C
  2     6      -0.015103346      -0.306481004       0.000000000  C
  2     6       0.801907953      21.939454086       0.000000000  C
  2     6       1.077109865      -0.379634506       0.000000000  C
  2     6      -0.045820782       0.118343747       0.000000000  C
  2     6      -0.022068319      -0.027915080       0.000000000  C
  2     6      -0.001243534       0.042286018       0.000000000  C
  2     6      -0.011654436      -0.033579520       0.000000000  C
  2     6      -1.278623244      25.733542040       0.000000000  C
  2     6      -1.154338398      -0.311080965       0.000000000  C
  2     6       0.024413165       0.050366231       0.000000000  C
  2     6      -0.027932646      -0.052149486       0.000000000  C
  2     6       0.094387659       0.010009603       0.000000000  C
  2     6      -0.076444579      -0.024093211       0.000000000  C
  2     6       0.030689778      -0.009916801       0.000000000  C
  2     6      -0.056540350      -0.075830301       0.000000000  C
  2     6       0.062259373       0.044687260       0.000000000  C
  2     6       0.019981566      -0.052292110       0.000000000  C
  2     6       0.008926441       0.259176632       0.000000000  C
  2     6       0.006796921      -0.238853625       0.000000000  C
  2     6      -0.025167245       0.068322543       0.000000000  C
  2     6       0.082234858       0.103518346       0.000000000  C
  2     6       0.024144462       0.010522865       0.000000000  C
  2     6      -0.059341227      -0.117850507       0.000000000  C
  2     6      -0.020762922       0.021291513       0.000000000  C
  2     6       0.505403911     -26.667403461       0.000000000  C
  2     6       0.916046748       0.042027236       0.000000000  C
  2     6       0.003554097     -26.622171684       0.000000000  C
  2     6       0.285032900       4.549114038       0.000000000  C
  2     6      -0.074542090     -26.155414449       0.000000000  C
  2     6       0.127483338       4.576367796       0.000000000  C
