               -670.3921197734
         -0.004774251      -0.000061347       0.000000000
         -0.000061344      -0.017272043       0.000000000
          0.000000000       0.000000000      -0.000004476
          72
  1     5       0.006681498       4.163596890       0.000000000  B
  1     5       0.080425757     -15.409327472       0.000000000  B
  1     5      -0.157450945       4.127122703       0.000000000  B
  1     5      -0.134280703     -15.489615597       0.000000000  B
  1     5      -0.603779725       0.019392929       0.000000000  B
  1     5      -0.636816263     -15.343568857       0.000000000  B
  1     5       0.055902145      -0.043509965       0.000000000  B
  1     5      -0.192562553      -0.238383269       0.000000000  B
  1     5       0.255216990      -0.162537691       0.000000000  B
  1     5      -0.148246964       0.090284449       0.000000000  B
  1     5      -0.232499627      -0.105048130       0.000000000  B
  1     5      -0.237233644       0.158152294       0.000000000  B
  1     5      -0.122676911       0.025742857       0.000000000  B
  1     5      -0.190061217       0.067664520       0.000000000  B
  1     5       0.227443632      -0.133723807       0.000000000  B
  1     5       0.024584114       0.086966539       0.000000000  B
  1     5      -0.598427739       0.062580172       0.000000000  B
  1     5      -0.673553380     -15.510648761       0.000000000  B
  1     5      -0.109601554       0.128913219       0.000000000  B
  1     5      -0.134469806       0.103277288       0.000000000  B
  1     5      -0.080197494       4.179339837       0.000000000  B
  1     5      -0.163058278     -15.056681433       0.000000000  B
  1     5       0.009502626       4.099269398       0.000000000  B
  2     6       0.275125143      21.324699509       0.000000000  C
  2     6      -0.470208372      -5.158584345       0.000000000  C
  2     6       1.005473314       0.225630550       0.000000000  C
  2     6       1.087828291     -21.138209785       0.000000000  C
  2     6       0.068252254      -0.002510641       0.000000000  C
  2     6      -0.084064888       0.085283066       0.000000000  C
  2     6       0.087080319       0.081711183       0.000000000  C
  2     6      -0.033985397       0.015755030       0.000000000  C
  2     6       1.128427070      21.634068987       0.000000000  C
  2     6      -0.124369137      -5.007254430       0.000000000  C
  2     6       1.367786095      21.356927726       0.000000000  C
  2     6       0.947383473      -0.058748878       0.000000000  C
  2     6      -0.072093752      -0.113337827       0.000000000  C
  2     6       0.074569621       0.009485289       0.000000000  C
  2     6      -0.035792823      -0.015555894       0.000000000  C
  2     6       0.066460026      -0.078550340       0.000000000  C
  2     6       0.016698651       0.255128606       0.000000000  C
  2     6      -0.020876669      -0.258105316       0.000000000  C
  2     6      -0.658716885      15.684289286       0.000000000  C
  2     6      -0.040876521      -4.609698534       0.000000000  C
  2     6      -0.155830014      15.758401750       0.000000000  C
  2     6      -0.006020467      -4.880676996       0.000000000  C
  2     6       1.220313388      16.048116349       0.000000000  C
  2     6       0.750465643      -0.139718192       0.000000000  C
  2     6      -0.048079735       0.074560851       0.000000000  C
  2     6       0.022474823      -0.007936135       0.000000000  C
  2     6      -0.009150014       0.026988499       0.000000000  C
  2     6      -0.007900014      -0.028484961       0.000000000  C
  2     6      -1.231096968      15.650762024       0.000000000  C
  2     6      -0.932541499       0.110975416       0.000000000  C
  2     6      -1.234898708      15.928464638       0.000000000  C
  2     6      -0.752777995      -0.179039080       0.000000000  C
  2     6       0.031503071      22.197112277       0.000000000  C
  2     6       0.106557270      -0.012484021       0.000000000  C
  2     6      -0.031460828      -0.033567281       0.000000000  C
  2     6      -0.021575807       0.024698558       0.000000000  C
  2     6       0.096032379      -0.097933092       0.000000000  C
  2     6      -0.113338217      -0.072073784       0.000000000  C
  2     6       0.041124604       0.108749342       0.000000000  C
  2     6      -0.045272380      -0.148963584       0.000000000  C
  2     6       0.152252245       0.131788310       0.000000000  C
  2     6       0.121184735      -0.051706120       0.000000000  C
  2     6       0.020877194       0.021868245       0.000000000  C
  2     6      -0.027121253      -0.098725325       0.000000000  C
  2     6       0.011691345      -0.091677198       0.000000000  C
  2     6      -0.232616930     -21.701687244       0.000000000  C
  2     6       0.846807066       0.313643881       0.000000000  C
  2     6       0.595688400     -21.463567818       0.000000000  C
  2     6      -0.001021391     -21.435910847       0.000000000  C
