# EIG2DOS: Utility for SIESTA to obtain the electronic density of states
#
#                                                  Emilio Artacho, Apr. 1999
# --------------------------------------------------------------------------
# Nbands, Nspin, Nk   =    936     1   352
# E_F                 =    -3.1673 eV
# Broadening          =     0.0500 eV
# Number of electrons =    99.8239  100.0272 per cell
#
#        E            N
# --------------------------------------------------------------------------
     -5.000000      9.601508
     -4.990000      9.666522
     -4.980000      9.713777
     -4.970000      9.742384
     -4.960000      9.751280
     -4.950000      9.741872
     -4.940000      9.718517
     -4.930000      9.686511
     -4.920000      9.648858
     -4.910000      9.603630
     -4.900000      9.543216
     -4.890000      9.455825
     -4.880000      9.328748
     -4.870000      9.152311
     -4.860000      8.923155
     -4.850000      8.645653
     -4.840000      8.330900
     -4.830000      7.993654
     -4.820000      7.648352
     -4.810000      7.305469
     -4.800000      6.969090
     -4.790000      6.635952
     -4.780000      6.295972
     -4.770000      5.934371
     -4.760000      5.535688
     -4.750000      5.089525
     -4.740000      4.596831
     -4.730000      4.074261
     -4.720000      3.553867
     -4.710000      3.076765
     -4.700000      2.682222
     -4.690000      2.396314
     -4.680000      2.225093
     -4.670000      2.155263
     -4.660000      2.161609
     -4.650000      2.217039
     -4.640000      2.300188
     -4.630000      2.397559
     -4.620000      2.500779
     -4.610000      2.602454
     -4.600000      2.694345
     -4.590000      2.769354
     -4.580000      2.825586
     -4.570000      2.868932
     -4.560000      2.911427
     -4.550000      2.965458
     -4.540000      3.036872
     -4.530000      3.121164
     -4.520000      3.205370
     -4.510000      3.275050
     -4.500000      3.322687
     -4.490000      3.352859
     -4.480000      3.381126
     -4.470000      3.426883
     -4.460000      3.503648
     -4.450000      3.611689
     -4.440000      3.736889
     -4.430000      3.856750
     -4.420000      3.950929
     -4.410000      4.011357
     -4.400000      4.047065
     -4.390000      4.081219
     -4.380000      4.141551
     -4.370000      4.248507
     -4.360000      4.406678
     -4.350000      4.603797
     -4.340000      4.818183
     -4.330000      5.031473
     -4.320000      5.240534
     -4.310000      5.462348
     -4.300000      5.728615
     -4.290000      6.071727
     -4.280000      6.508141
     -4.270000      7.026940
     -4.260000      7.589332
     -4.250000      8.139965
     -4.240000      8.625374
     -4.230000      9.011501
     -4.220000      9.292755
     -4.210000      9.489178
     -4.200000      9.633773
     -4.190000      9.756175
     -4.180000      9.870049
     -4.170000      9.969764
     -4.160000     10.037897
     -4.150000     10.060384
     -4.140000     10.042203
     -4.130000     10.015379
     -4.120000     10.033912
     -4.110000     10.156351
     -4.100000     10.423071
     -4.090000     10.838442
     -4.080000     11.365904
     -4.070000     11.937745
     -4.060000     12.474562
     -4.050000     12.905715
     -4.040000     13.183109
     -4.030000     13.285172
     -4.020000     13.212757
     -4.010000     12.981350
     -4.000000     12.613537
     -3.990000     12.133684
     -3.980000     11.565001
     -3.970000     10.928652
     -3.960000     10.244644
     -3.950000      9.534055
     -3.940000      8.821377
     -3.930000      8.135180
     -3.920000      7.505742
     -3.910000      6.959757
     -3.900000      6.513967
     -3.890000      6.170506
     -3.880000      5.916333
     -3.870000      5.727490
     -3.860000      5.576821
     -3.850000      5.442226
     -3.840000      5.312275
     -3.830000      5.187217
     -3.820000      5.075334
     -3.810000      4.986449
     -3.800000      4.925387
     -3.790000      4.888126
     -3.780000      4.862269
     -3.770000      4.831642
     -3.760000      4.782966
     -3.750000      4.711604
     -3.740000      4.623729
     -3.730000      4.533918
     -3.720000      4.459158
     -3.710000      4.411778
     -3.700000      4.394271
     -3.690000      4.398160
     -3.680000      4.407486
     -3.670000      4.405491
     -3.660000      4.381673
     -3.650000      4.336093
     -3.640000      4.278956
     -3.630000      4.225534
     -3.620000      4.188630
     -3.610000      4.171897
     -3.600000      4.167074
     -3.590000      4.156572
     -3.580000      4.120523
     -3.570000      4.045351
     -3.560000      3.930089
     -3.550000      3.787561
     -3.540000      3.639827
     -3.530000      3.509928
     -3.520000      3.413544
     -3.510000      3.354042
     -3.500000      3.322629
     -3.490000      3.303058
     -3.480000      3.278608
     -3.470000      3.238472
     -3.460000      3.181257
     -3.450000      3.114524
     -3.440000      3.050797
     -3.430000      3.001766
     -3.420000      2.973136
     -3.410000      2.962331
     -3.400000      2.959944
     -3.390000      2.954102
     -3.380000      2.935534
     -3.370000      2.901026
     -3.360000      2.854027
     -3.350000      2.802593
     -3.340000      2.755906
     -3.330000      2.720746
     -3.320000      2.698993
     -3.310000      2.686889
     -3.300000      2.676425
     -3.290000      2.658634
     -3.280000      2.627647
     -3.270000      2.583669
     -3.260000      2.533214
     -3.250000      2.486255
     -3.240000      2.451625
     -3.230000      2.433041
     -3.220000      2.427680
     -3.210000      2.427769
     -3.200000      2.424020
     -3.190000      2.409099
     -3.180000      2.379739
     -3.170000      2.337104
     -3.160000      2.285769
     -3.150000      2.231914
     -3.140000      2.181195
     -3.130000      2.136783
     -3.120000      2.098278
     -3.110000      2.062143
     -3.100000      2.023775
     -3.090000      1.980312
     -3.080000      1.932631
     -3.070000      1.885248
     -3.060000      1.844006
     -3.050000      1.812849
     -3.040000      1.791549
     -3.030000      1.775771
     -3.020000      1.759377
     -3.010000      1.737555
     -3.000000      1.708952
     -2.990000      1.675736
     -2.980000      1.641871
     -2.970000      1.610859
     -2.960000      1.584254
     -2.950000      1.561497
     -2.940000      1.540731
     -2.930000      1.519858
     -2.920000      1.497274
     -2.910000      1.472170
     -2.900000      1.444592
     -2.890000      1.415443
     -2.880000      1.386333
     -2.870000      1.359090
     -2.860000      1.334919
     -2.850000      1.313606
     -2.840000      1.293362
     -2.830000      1.271637
     -2.820000      1.246579
     -2.810000      1.218272
     -2.800000      1.188860
     -2.790000      1.161360
     -2.780000      1.137789
     -2.770000      1.117791
     -2.760000      1.098709
     -2.750000      1.077168
     -2.740000      1.051227
     -2.730000      1.021722
     -2.720000      0.991881
     -2.710000      0.965365
     -2.700000      0.943946
     -2.690000      0.926294
     -2.680000      0.908680
     -2.670000      0.887205
     -2.660000      0.860205
     -2.650000      0.829332
     -2.640000      0.798649
     -2.630000      0.772234
     -2.620000      0.751775
     -2.610000      0.735570
     -2.600000      0.719573
     -2.590000      0.699829
     -2.580000      0.674852
     -2.570000      0.646546
     -2.560000      0.619103
     -2.550000      0.596558
     -2.540000      0.580393
     -2.530000      0.568575
     -2.520000      0.556544
     -2.510000      0.539567
     -2.500000      0.515140
     -2.490000      0.484135
     -2.480000      0.450143
     -2.470000      0.417470
     -2.460000      0.388958
     -2.450000      0.364805
     -2.440000      0.342916
     -2.430000      0.320417
     -2.420000      0.295371
     -2.410000      0.267743
     -2.400000      0.239213
     -2.390000      0.212080
     -2.380000      0.187983
     -2.370000      0.167152
     -2.360000      0.148528
     -2.350000      0.130624
     -2.340000      0.112581
     -2.330000      0.094856
     -2.320000      0.079203
     -2.310000      0.068011
     -2.300000      0.063353
     -2.290000      0.066161
     -2.280000      0.075872
     -2.270000      0.090667
     -2.260000      0.108210
     -2.250000      0.126602
     -2.240000      0.145111
     -2.230000      0.164305
     -2.220000      0.185475
     -2.210000      0.209608
     -2.200000      0.236515
     -2.190000      0.264644
     -2.180000      0.291779
     -2.170000      0.316299
     -2.160000      0.338278
     -2.150000      0.359710
     -2.140000      0.383582
     -2.130000      0.412199
     -2.120000      0.445680
     -2.110000      0.481563
     -2.100000      0.515879
     -2.090000      0.545177
     -2.080000      0.568370
     -2.070000      0.587291
     -2.060000      0.605612
     -2.050000      0.626716
     -2.040000      0.651788
     -2.030000      0.679260
     -2.020000      0.705918
     -2.010000      0.728997
     -2.000000      0.747979
     -1.990000      0.765019
     -1.980000      0.783772
     -1.970000      0.807370
     -1.960000      0.836719
     -1.950000      0.870062
     -1.940000      0.903934
     -1.930000      0.934884
     -1.920000      0.961049
     -1.910000      0.982873
     -1.900000      1.002807
     -1.890000      1.024223
     -1.880000      1.049992
     -1.870000      1.081241
     -1.860000      1.116744
     -1.850000      1.153276
     -1.840000      1.186937
     -1.830000      1.214993
     -1.820000      1.237374
     -1.810000      1.256970
     -1.800000      1.278388
     -1.790000      1.305670
     -1.780000      1.340159
     -1.770000      1.379726
     -1.760000      1.419843
     -1.750000      1.455895
     -1.740000      1.485449
     -1.730000      1.509269
     -1.720000      1.530745
     -1.710000      1.554221
     -1.700000      1.583168
     -1.690000      1.618921
     -1.680000      1.660290
     -1.670000      1.704027
     -1.660000      1.745994
     -1.650000      1.782752
     -1.640000      1.813118
     -1.630000      1.839097
     -1.620000      1.865662
     -1.610000      1.899253
     -1.600000      1.945359
     -1.590000      2.006051
     -1.580000      2.078524
     -1.570000      2.155467
     -1.560000      2.227482
     -1.550000      2.286821
     -1.540000      2.330884
     -1.530000      2.363668
     -1.520000      2.394069
     -1.510000      2.431494
     -1.500000      2.480859
     -1.490000      2.539742
     -1.480000      2.599472
     -1.470000      2.649825
     -1.460000      2.684839
     -1.450000      2.706548
     -1.440000      2.724497
     -1.430000      2.751181
     -1.420000      2.795768
     -1.410000      2.859344
     -1.400000      2.934166
     -1.390000      3.007346
     -1.380000      3.067146
     -1.370000      3.108759
     -1.360000      3.136700
     -1.350000      3.162700
     -1.340000      3.200216
     -1.330000      3.258310
     -1.320000      3.337824
     -1.310000      3.431514
     -1.300000      3.527811
     -1.290000      3.616162
     -1.280000      3.691428
     -1.270000      3.755568
     -1.260000      3.816404
     -1.250000      3.884503
     -1.240000      3.969620
     -1.230000      4.077755
     -1.220000      4.209466
     -1.210000      4.360035
     -1.200000      4.522303
     -1.190000      4.692425
     -1.180000      4.877239
     -1.170000      5.099909
     -1.160000      5.399724
     -1.150000      5.823586
     -1.140000      6.410451
     -1.130000      7.173870
     -1.120000      8.089530
     -1.110000      9.093244
     -1.100000     10.090957
     -1.090000     10.977977
     -1.080000     11.661495
     -1.070000     12.079790
     -1.060000     12.212952
     -1.050000     12.082998
     -1.040000     11.744550
     -1.030000     11.269723
     -1.020000     10.731958
     -1.010000     10.193046
     -1.000000      9.695917
     -0.990000      9.263550
     -0.980000      8.902431
     -0.970000      8.608066
     -0.960000      8.370301
     -0.950000      8.177278
     -0.940000      8.017845
     -0.930000      7.882772
     -0.920000      7.765158
     -0.910000      7.660267
     -0.900000      7.564957
     -0.890000      7.476830
     -0.880000      7.393229
     -0.870000      7.310259
     -0.860000      7.222150
     -0.850000      7.121321
     -0.840000      6.999462
     -0.830000      6.849526
     -0.820000      6.668073
     -0.810000      6.457069
     -0.800000      6.224293
     -0.790000      5.982032
     -0.780000      5.744405
     -0.770000      5.524223
     -0.760000      5.330452
     -0.750000      5.167016
     -0.740000      5.033189
     -0.730000      4.925224
     -0.720000      4.838528
     -0.710000      4.769532
     -0.700000      4.716528
     -0.690000      4.679192
     -0.680000      4.657029
     -0.670000      4.647600
     -0.660000      4.645618
     -0.650000      4.643749
     -0.640000      4.635137
     -0.630000      4.616669
     -0.620000      4.591339
     -0.610000      4.568120
     -0.600000      4.558719
     -0.590000      4.572119
     -0.580000      4.609263
     -0.570000      4.660830
     -0.560000      4.710084
     -0.550000      4.740346
     -0.540000      4.743809
     -0.530000      4.726899
     -0.520000      4.708639
     -0.510000      4.712093
     -0.500000      4.753057
     -0.490000      4.832028
     -0.480000      4.933806
     -0.470000      5.034939
     -0.460000      5.115044
     -0.450000      5.166328
     -0.440000      5.197017
     -0.430000      5.227639
     -0.420000      5.282262
     -0.410000      5.378327
     -0.400000      5.518577
     -0.390000      5.687486
     -0.380000      5.853289
     -0.370000      5.975431
     -0.360000      6.015815
     -0.350000      5.950683
     -0.340000      5.779077
     -0.330000      5.524398
     -0.320000      5.227983
     -0.310000      4.936814
     -0.300000      4.689939
     -0.290000      4.508581
     -0.280000      4.393173
     -0.270000      4.327650
     -0.260000      4.288639
     -0.250000      4.255697
     -0.240000      4.218768
     -0.230000      4.180463
     -0.220000      4.152890
     -0.210000      4.150803
     -0.200000      4.184060
     -0.190000      4.252361
     -0.180000      4.344144
     -0.170000      4.439913
     -0.160000      4.518617
     -0.150000      4.564652
     -0.140000      4.572758
     -0.130000      4.548940
     -0.120000      4.507176
     -0.110000      4.463498
     -0.100000      4.430048
     -0.090000      4.411502
     -0.080000      4.404934
     -0.070000      4.402633
     -0.060000      4.396266
     -0.050000      4.380570
     -0.040000      4.355293
     -0.030000      4.324975
     -0.020000      4.296978
     -0.010000      4.278640
      0.000000      4.274480
      0.010000      4.284280
      0.020000      4.302603
      0.030000      4.320104
      0.040000      4.326480
      0.050000      4.314276
      0.060000      4.282106
      0.070000      4.235824
      0.080000      4.186925
      0.090000      4.148739
      0.100000      4.132130
      0.110000      4.142584
      0.120000      4.179859
      0.130000      4.239957
      0.140000      4.318086
      0.150000      4.410873
      0.160000      4.516703
      0.170000      4.634134
      0.180000      4.759424
      0.190000      4.884634
      0.200000      4.997513
      0.210000      5.083507
      0.220000      5.129309
      0.230000      5.126654
      0.240000      5.074933
      0.250000      4.981692
      0.260000      4.860925
      0.270000      4.729851
      0.280000      4.605224
      0.290000      4.500204
      0.300000      4.422450
      0.310000      4.373815
      0.320000      4.351535
      0.330000      4.350408
      0.340000      4.365018
      0.350000      4.391118
      0.360000      4.425772
      0.370000      4.466546
      0.380000      4.510566
      0.390000      4.554207
      0.400000      4.593674
      0.410000      4.626206
      0.420000      4.651188
      0.430000      4.670499
      0.440000      4.687769
      0.450000      4.706829
      0.460000      4.730132
      0.470000      4.758037
      0.480000      4.789396
      0.490000      4.823089
      0.500000      4.859523
      0.510000      4.901144
      0.520000      4.951624
      0.530000      5.014262
      0.540000      5.090568
      0.550000      5.179761
      0.560000      5.279167
      0.570000      5.384938
      0.580000      5.492441
      0.590000      5.596183
      0.600000      5.689645
      0.610000      5.765564
      0.620000      5.816889
      0.630000      5.838219
      0.640000      5.827318
      0.650000      5.786249
      0.660000      5.721700
      0.670000      5.644053
      0.680000      5.565077
      0.690000      5.494740
      0.700000      5.438389
      0.710000      5.395710
      0.720000      5.362114
      0.730000      5.331860
      0.740000      5.301251
      0.750000      5.270307
      0.760000      5.242360
      0.770000      5.222121
      0.780000      5.213344
      0.790000      5.217025
      0.800000      5.230750
      0.810000      5.249425
      0.820000      5.267259
      0.830000      5.280263
      0.840000      5.288050
      0.850000      5.293785
      0.860000      5.302139
      0.870000      5.316300
      0.880000      5.335816
      0.890000      5.356536
      0.900000      5.372608
      0.910000      5.379258
      0.920000      5.374780
      0.930000      5.360897
      0.940000      5.341775
      0.950000      5.322635
      0.960000      5.308678
      0.970000      5.304368
      0.980000      5.312617
      0.990000      5.333630
      1.000000      5.363906
      1.010000      5.396415
      1.020000      5.422644
      1.030000      5.436025
      1.040000      5.435101
      1.050000      5.424517
      1.060000      5.413104
      1.070000      5.410052
      1.080000      5.421334
      1.090000      5.448240
      1.100000      5.488350
      1.110000      5.537755
      1.120000      5.592902
      1.130000      5.651236
      1.140000      5.711094
      1.150000      5.771805
      1.160000      5.834325
      1.170000      5.901589
      1.180000      5.977288
      1.190000      6.062641
      1.200000      6.152538
      1.210000      6.233736
      1.220000      6.287302
      1.230000      6.295217
      1.240000      6.248235
      1.250000      6.150812
      1.260000      6.020263
      1.270000      5.880449
      1.280000      5.753248
      1.290000      5.651851
      1.300000      5.578416
      1.310000      5.526087
      1.320000      5.483608
      1.330000      5.440332
      1.340000      5.389996
      1.350000      5.332285
      1.360000      5.271868
      1.370000      5.215444
      1.380000      5.168249
      1.390000      5.131879
      1.400000      5.104470
      1.410000      5.082638
      1.420000      5.063389
      1.430000      5.044594
      1.440000      5.024237
      1.450000      4.999960
      1.460000      4.970023
      1.470000      4.935151
      1.480000      4.899423
      1.490000      4.868818
      1.500000      4.847969
      1.510000      4.837257
      1.520000      4.832356
      1.530000      4.826566
      1.540000      4.814393
      1.550000      4.794134
      1.560000      4.768142
      1.570000      4.741107
      1.580000      4.717833
      1.590000      4.702046
      1.600000      4.696796
      1.610000      4.705830
      1.620000      4.734550
      1.630000      4.789394
      1.640000      4.875478
      1.650000      4.993693
      1.660000      5.139104
      1.670000      5.301926
      1.680000      5.470744
      1.690000      5.636111
      1.700000      5.792437
      1.710000      5.937313
      1.720000      6.069194
      1.730000      6.185360
      1.740000      6.281579
      1.750000      6.353540
      1.760000      6.398958
      1.770000      6.419100
      1.780000      6.419135
      1.790000      6.407421
      1.800000      6.394132
      1.810000      6.389377
      1.820000      6.400850
      1.830000      6.431308
      1.840000      6.476731
      1.850000      6.526341
      1.860000      6.565159
      1.870000      6.578697
      1.880000      6.558200
      1.890000      6.504381
      1.900000      6.428045
      1.910000      6.347207
      1.920000      6.281542
      1.930000      6.246019
      1.940000      6.245865
      1.950000      6.274721
      1.960000      6.316911
      1.970000      6.353225
      1.980000      6.368203
      1.990000      6.356061
      2.000000      6.322819
      2.010000      6.283659
      2.020000      6.256579
      2.030000      6.255011
      2.040000      6.282551
      2.050000      6.331972
      2.060000      6.388655
      2.070000      6.436490
      2.080000      6.463427
      2.090000      6.464460
      2.100000      6.441594
      2.110000      6.401793
      2.120000      6.354427
      2.130000      6.309142
      2.140000      6.274296
      2.150000      6.255669
      2.160000      6.255409
      2.170000      6.271512
      2.180000      6.298283
      2.190000      6.327912
      2.200000      6.352711
      2.210000      6.367177
      2.220000      6.369067
      2.230000      6.359302
      2.240000      6.341229
      2.250000      6.320017
      2.260000      6.302375
      2.270000      6.295926
      2.280000      6.307363
      2.290000      6.339462
      2.300000      6.388435
      2.310000      6.443616
      2.320000      6.490449
      2.330000      6.515819
      2.340000      6.513338
      2.350000      6.486151
      2.360000      6.446115
      2.370000      6.409714
      2.380000      6.392332
      2.390000      6.402957
      2.400000      6.441233
      2.410000      6.497915
      2.420000      6.558524
      2.430000      6.608691
      2.440000      6.639022
      2.450000      6.647620
      2.460000      6.639559
      2.470000      6.624068
      2.480000      6.611050
      2.490000      6.608499
      2.500000      6.621307
      2.510000      6.650857
      2.520000      6.694526
      2.530000      6.744963
      2.540000      6.790074
      2.550000      6.814860
      2.560000      6.805193
      2.570000      6.752198
      2.580000      6.655278
      2.590000      6.522589
      2.600000      6.369098
      2.610000      6.213310
      2.620000      6.073582
      2.630000      5.964472
      2.640000      5.893570
      2.650000      5.859757
      2.660000      5.854202
      2.670000      5.864433
      2.680000      5.879996
      2.690000      5.896802
      2.700000      5.917788
      2.710000      5.949833
      2.720000      5.999262
      2.730000      6.068930
      2.740000      6.158219
      2.750000      6.264982
      2.760000      6.387373
      2.770000      6.524308
      2.780000      6.674973
      2.790000      6.838602
      2.800000      7.015140
      2.810000      7.206217
      2.820000      7.415239
      2.830000      7.645857
      2.840000      7.898992
      2.850000      8.169335
      2.860000      8.442591
      2.870000      8.694904
      2.880000      8.895653
      2.890000      9.013939
      2.900000      9.027325
      2.910000      8.929669
      2.920000      8.734423
      2.930000      8.471413
      2.940000      8.178183
      2.950000      7.889627
      2.960000      7.630215
      2.970000      7.411307
      2.980000      7.233235
      2.990000      7.089719
      3.000000      6.971978
      3.010000      6.871130
      3.020000      6.779159
      3.030000      6.689474
      3.040000      6.597845
      3.050000      6.503563
      3.060000      6.409963
      3.070000      6.323478
      3.080000      6.251117
      3.090000      6.197253
      3.100000      6.161183
      3.110000      6.136673
      3.120000      6.113784
      3.130000      6.082183
      3.140000      6.034665
      3.150000      5.969731
      3.160000      5.892574
      3.170000      5.814117
      3.180000      5.747984
      3.190000      5.705787
      3.200000      5.692134
      3.210000      5.701701
      3.220000      5.720474
      3.230000      5.731387
      3.240000      5.721876
      3.250000      5.689320
      3.260000      5.641292
      3.270000      5.590681
      3.280000      5.548864
      3.290000      5.521043
      3.300000      5.505988
      3.310000      5.499270
      3.320000      5.496998
      3.330000      5.497392
      3.340000      5.499664
      3.350000      5.501904
      3.360000      5.500269
      3.370000      5.490596
      3.380000      5.471549
      3.390000      5.447093
      3.400000      5.426263
      3.410000      5.419718
      3.420000      5.434439
      3.430000      5.469123
      3.440000      5.512716
      3.450000      5.547272
      3.460000      5.554446
      3.470000      5.523148
      3.480000      5.454974
      3.490000      5.364580
      3.500000      5.274205
      3.510000      5.204425
      3.520000      5.165439
      3.530000      5.153337
      3.540000      5.153402
      3.550000      5.148712
      3.560000      5.129319
      3.570000      5.096982
      3.580000      5.063151
      3.590000      5.041811
      3.600000      5.041555
      3.610000      5.061164
      3.620000      5.090539
      3.630000      5.115791
      3.640000      5.125569
      3.650000      5.115765
      3.660000      5.091037
      3.670000      5.062968
      3.680000      5.045735
      3.690000      5.050837
      3.700000      5.082749
      3.710000      5.137155
      3.720000      5.202518
      3.730000      5.264316
      3.740000      5.310127
      3.750000      5.333479
      3.760000      5.335240
      3.770000      5.322550
      3.780000      5.306153
      3.790000      5.297049
      3.800000      5.303079
      3.810000      5.326037
      3.820000      5.360346
      3.830000      5.394475
      3.840000      5.415470
      3.850000      5.415200
      3.860000      5.395333
      3.870000      5.368078
      3.880000      5.351633
      3.890000      5.362067
      3.900000      5.405469
      3.910000      5.474278
      3.920000      5.549926
      3.930000      5.610946
      3.940000      5.642984
      3.950000      5.645913
      3.960000      5.634324
      3.970000      5.630770
      3.980000      5.654912
      3.990000      5.714082
      4.000000      5.800276
      4.010000      5.895143
      4.020000      5.980174
      4.030000      6.046387
      4.040000      6.098325
      4.050000      6.150755
      4.060000      6.220821
      4.070000      6.320733
      4.080000      6.454984
      4.090000      6.622581
      4.100000      6.821375
      4.110000      7.050578
      4.120000      7.309358
      4.130000      7.592375
      4.140000      7.885357
      4.150000      8.163805
      4.160000      8.396126
      4.170000      8.550111
      4.180000      8.600157
      4.190000      8.532769
      4.200000      8.349236
      4.210000      8.065788
      4.220000      7.712043
      4.230000      7.327872
      4.240000      6.958101
      4.250000      6.644841
      4.260000      6.418761
      4.270000      6.292215
      4.280000      6.257204
      4.290000      6.289376
      4.300000      6.356591
      4.310000      6.428695
      4.320000      6.484978
      4.330000      6.517180
      4.340000      6.527927
      4.350000      6.526104
      4.360000      6.521462
      4.370000      6.520459
      4.380000      6.524447
      4.390000      6.530206
      4.400000      6.532054
      4.410000      6.524473
      4.420000      6.504317
      4.430000      6.471981
      4.440000      6.431328
      4.450000      6.388550
      4.460000      6.350570
      4.470000      6.323576
      4.480000      6.312027
      4.490000      6.318035
      4.500000      6.340960
      4.510000      6.377373
      4.520000      6.421812
      4.530000      6.468453
      4.540000      6.512984
      4.550000      6.553402
      4.560000      6.588876
      4.570000      6.617206
      4.580000      6.632707
      4.590000      6.626446
      4.600000      6.589329
      4.610000      6.516607
      4.620000      6.411235
      4.630000      6.284000
      4.640000      6.150113
      4.650000      6.023944
      4.660000      5.914421
      4.670000      5.823125
      4.680000      5.745557
      4.690000      5.674583
      4.700000      5.604307
      4.710000      5.532858
      4.720000      5.463304
      4.730000      5.402861
      4.740000      5.361185
      4.750000      5.348652
      4.760000      5.375035
      4.770000      5.448346
      4.780000      5.573234
      4.790000      5.748829
      4.800000      5.966807
      4.810000      6.211102
      4.820000      6.460302
      4.830000      6.692480
      4.840000      6.890732
      4.850000      7.047138
      4.860000      7.163547
      4.870000      7.249163
      4.880000      7.316413
      4.890000      7.377120
      4.900000      7.440458
      4.910000      7.512974
      4.920000      7.599795
      4.930000      7.705721
      4.940000      7.835238
      4.950000      7.991356
      4.960000      8.173996
      4.970000      8.378929
      4.980000      8.597911
      4.990000      8.819926
      5.000000      9.032862
