     1  1  0.00295858     148
     2  1  0.00295858     148
     3  1  0.00295858     148
     4  1  0.00295858     148
     5  1  0.00295858     148
     6  1  0.00295858     148
     7  1  0.00295858     148
     8  1  0.00295858     148
     9  1  0.00295858     148
    10  1  0.00295858     148
    11  1  0.00295858     148
    12  1  0.00295858     148
    13  1  0.00147929     148
    14  1  0.00147929     149
    15  1  0.00295858     149
    16  1  0.00295858     148
    17  1  0.00295858     148
    18  1  0.00295858     148
    19  1  0.00295858     148
    20  1  0.00295858     148
    21  1  0.00295858     148
    22  1  0.00295858     148
    23  1  0.00295858     148
    24  1  0.00295858     148
    25  1  0.00295858     148
    26  1  0.00295858     148
    27  1  0.00295858     148
    28  1  0.00295858     148
    29  1  0.00295858     148
    30  1  0.00295858     148
    31  1  0.00295858     148
    32  1  0.00295858     148
    33  1  0.00295858     148
    34  1  0.00295858     148
    35  1  0.00295858     148
    36  1  0.00295858     148
    37  1  0.00295858     148
    38  1  0.00295858     148
    39  1  0.00295858     148
    40  1  0.00295858     149
    41  1  0.00295858     149
    42  1  0.00295858     148
    43  1  0.00295858     148
    44  1  0.00295858     148
    45  1  0.00295858     148
    46  1  0.00295858     148
    47  1  0.00295858     148
    48  1  0.00295858     148
    49  1  0.00295858     148
    50  1  0.00295858     148
    51  1  0.00295858     148
    52  1  0.00295858     148
    53  1  0.00295858     148
    54  1  0.00295858     148
    55  1  0.00295858     148
    56  1  0.00295858     148
    57  1  0.00295858     148
    58  1  0.00295858     148
    59  1  0.00295858     148
    60  1  0.00295858     148
    61  1  0.00295858     148
    62  1  0.00295858     148
    63  1  0.00295858     148
    64  1  0.00295858     148
    65  1  0.00295858     148
    66  1  0.00295858     148
    67  1  0.00295858     149
    68  1  0.00295858     149
    69  1  0.00295858     148
    70  1  0.00295858     148
    71  1  0.00295858     148
    72  1  0.00295858     148
    73  1  0.00295858     148
    74  1  0.00295858     148
    75  1  0.00295858     148
    76  1  0.00295858     148
    77  1  0.00295858     148
    78  1  0.00295858     148
    79  1  0.00295858     148
    80  1  0.00295858     148
    81  1  0.00295858     148
    82  1  0.00295858     148
    83  1  0.00295858     148
    84  1  0.00295858     148
    85  1  0.00295858     148
    86  1  0.00295858     148
    87  1  0.00295858     148
    88  1  0.00295858     148
    89  1  0.00295858     148
    90  1  0.00295858     148
    91  1  0.00295858     148
    92  1  0.00295858     148
    93  1  0.00295858     149
    94  1  0.00295858     149
    95  1  0.00295858     149
    96  1  0.00295858     148
    97  1  0.00295858     148
    98  1  0.00295858     148
    99  1  0.00295858     148
   100  1  0.00295858     148
   101  1  0.00295858     148
   102  1  0.00295858     148
   103  1  0.00295858     148
   104  1  0.00295858     148
   105  1  0.00295858     148
   106  1  0.00295858     148
   107  1  0.00295858     148
   108  1  0.00295858     148
   109  1  0.00295858     148
   110  1  0.00295858     148
   111  1  0.00295858     148
   112  1  0.00295858     148
   113  1  0.00295858     148
   114  1  0.00295858     148
   115  1  0.00295858     148
   116  1  0.00295858     148
   117  1  0.00295858     148
   118  1  0.00295858     148
   119  1  0.00295858     149
   120  1  0.00295858     149
   121  1  0.00295858     149
   122  1  0.00295858     149
   123  1  0.00295858     148
   124  1  0.00295858     148
   125  1  0.00295858     148
   126  1  0.00295858     148
   127  1  0.00295858     148
   128  1  0.00295858     148
   129  1  0.00295858     148
   130  1  0.00295858     148
   131  1  0.00295858     148
   132  1  0.00295858     148
   133  1  0.00295858     148
   134  1  0.00295858     148
   135  1  0.00295858     148
   136  1  0.00295858     148
   137  1  0.00295858     148
   138  1  0.00295858     148
   139  1  0.00295858     148
   140  1  0.00295858     148
   141  1  0.00295858     148
   142  1  0.00295858     148
   143  1  0.00295858     148
   144  1  0.00295858     149
   145  1  0.00295858     149
   146  1  0.00295858     149
   147  1  0.00295858     149
   148  1  0.00295858     149
   149  1  0.00295858     149
   150  1  0.00295858     149
   151  1  0.00295858     148
   152  1  0.00295858     148
   153  1  0.00295858     148
   154  1  0.00295858     148
   155  1  0.00295858     148
   156  1  0.00295858     148
   157  1  0.00295858     148
   158  1  0.00295858     148
   159  1  0.00295858     148
   160  1  0.00295858     148
   161  1  0.00295858     148
   162  1  0.00295858     148
   163  1  0.00295858     148
   164  1  0.00295858     148
   165  1  0.00295858     148
   166  1  0.00295858     148
   167  1  0.00295858     148
   168  1  0.00295858     148
   169  1  0.00295858     148
   170  1  0.00295858     149
   171  1  0.00295858     149
   172  1  0.00295858     149
   173  1  0.00295858     149
   174  1  0.00295858     149
   175  1  0.00295858     149
   176  1  0.00295858     149
   177  1  0.00295858     149
   178  1  0.00295858     148
   179  1  0.00295858     148
   180  1  0.00295858     148
   181  1  0.00295858     148
   182  1  0.00295858     148
   183  1  0.00295858     148
   184  1  0.00295858     148
   185  1  0.00295858     148
   186  1  0.00295858     148
   187  1  0.00295858     148
   188  1  0.00295858     148
   189  1  0.00295858     148
   190  1  0.00295858     148
   191  1  0.00295858     148
   192  1  0.00295858     148
   193  1  0.00295858     148
   194  1  0.00295858     148
   195  1  0.00295858     148
   196  1  0.00295858     149
   197  1  0.00295858     149
   198  1  0.00295858     149
   199  1  0.00295858     149
   200  1  0.00295858     149
   201  1  0.00295858     149
   202  1  0.00295858     149
   203  1  0.00295858     149
   204  1  0.00295858     149
   205  1  0.00295858     148
   206  1  0.00295858     148
   207  1  0.00295858     148
   208  1  0.00295858     148
   209  1  0.00295858     148
   210  1  0.00295858     148
   211  1  0.00295858     148
   212  1  0.00295858     148
   213  1  0.00295858     148
   214  1  0.00295858     148
   215  1  0.00295858     148
   216  1  0.00295858     148
   217  1  0.00295858     148
   218  1  0.00295858     148
   219  1  0.00295858     148
   220  1  0.00295858     148
   221  1  0.00295858     148
   222  1  0.00295858     149
   223  1  0.00295858     149
   224  1  0.00295858     149
   225  1  0.00295858     149
   226  1  0.00295858     149
   227  1  0.00295858     149
   228  1  0.00295858     149
   229  1  0.00295858     149
   230  1  0.00295858     149
   231  1  0.00295858     148
   232  1  0.00295858     148
   233  1  0.00295858     148
   234  1  0.00295858     148
   235  1  0.00295858     148
   236  1  0.00295858     148
   237  1  0.00295858     148
   238  1  0.00295858     148
   239  1  0.00295858     148
   240  1  0.00295858     148
   241  1  0.00295858     148
   242  1  0.00295858     148
   243  1  0.00295858     148
   244  1  0.00295858     148
   245  1  0.00295858     148
   246  1  0.00295858     148
   247  1  0.00295858     148
   248  1  0.00295858     148
   249  1  0.00295858     149
   250  1  0.00295858     149
   251  1  0.00295858     148
   252  1  0.00295858     148
   253  1  0.00295858     148
   254  1  0.00295858     148
   255  1  0.00295858     148
   256  1  0.00295858     149
   257  1  0.00295858     149
   258  1  0.00295858     148
   259  1  0.00295858     148
   260  1  0.00295858     148
   261  1  0.00295858     148
   262  1  0.00295858     148
   263  1  0.00295858     148
   264  1  0.00295858     148
   265  1  0.00295858     148
   266  1  0.00295858     148
   267  1  0.00295858     148
   268  1  0.00295858     148
   269  1  0.00295858     148
   270  1  0.00295858     148
   271  1  0.00295858     148
   272  1  0.00295858     148
   273  1  0.00295858     148
   274  1  0.00295858     148
   275  1  0.00295858     148
   276  1  0.00295858     148
   277  1  0.00295858     148
   278  1  0.00295858     148
   279  1  0.00295858     148
   280  1  0.00295858     148
   281  1  0.00295858     148
   282  1  0.00295858     148
   283  1  0.00295858     148
   284  1  0.00295858     148
   285  1  0.00295858     148
   286  1  0.00295858     148
   287  1  0.00295858     148
   288  1  0.00295858     148
   289  1  0.00295858     148
   290  1  0.00295858     148
   291  1  0.00295858     148
   292  1  0.00295858     148
   293  1  0.00295858     148
   294  1  0.00295858     148
   295  1  0.00295858     148
   296  1  0.00295858     148
   297  1  0.00295858     148
   298  1  0.00295858     148
   299  1  0.00295858     148
   300  1  0.00295858     148
   301  1  0.00295858     148
   302  1  0.00295858     148
   303  1  0.00295858     148
   304  1  0.00295858     148
   305  1  0.00295858     148
   306  1  0.00295858     148
   307  1  0.00295858     148
   308  1  0.00295858     148
   309  1  0.00295858     148
   310  1  0.00295858     148
   311  1  0.00295858     148
   312  1  0.00295858     148
   313  1  0.00295858     148
   314  1  0.00295858     148
   315  1  0.00295858     148
   316  1  0.00295858     148
   317  1  0.00295858     148
   318  1  0.00295858     148
   319  1  0.00295858     148
   320  1  0.00295858     148
   321  1  0.00295858     148
   322  1  0.00295858     148
   323  1  0.00295858     148
   324  1  0.00295858     148
   325  1  0.00295858     148
   326  1  0.00295858     148
   327  1  0.00147929     148
   328  1  0.00147929     148
   329  1  0.00147929     148
   330  1  0.00147929     148
   331  1  0.00147929     148
   332  1  0.00147929     148
   333  1  0.00147929     148
   334  1  0.00147929     148
   335  1  0.00147929     148
   336  1  0.00147929     148
   337  1  0.00147929     148
   338  1  0.00147929     148
   339  1  0.00147929     148
   340  1  0.00147929     148
   341  1  0.00147929     148
   342  1  0.00147929     148
   343  1  0.00147929     148
   344  1  0.00147929     148
   345  1  0.00147929     148
   346  1  0.00147929     148
   347  1  0.00147929     148
   348  1  0.00147929     148
   349  1  0.00147929     148
   350  1  0.00147929     148
   351  1  0.00147929     148
   352  1  0.00147929     148
