               -737.3085012291
         -0.004888091       0.000006458       0.000000000
          0.000006457      -0.017950780       0.000000000
          0.000000000       0.000000000      -0.000002157
          72
  1     5       0.005173217      11.935130927       0.000000000  B
  1     5      -0.011184622       0.087370587       0.000000000  B
  1     5       0.042239605      -0.053186537       0.000000000  B
  1     5      -1.069524947      15.459715416       0.000000000  B
  1     5      -0.045064193      -0.054618929       0.000000000  B
  1     5      -0.002534459     -12.068373559       0.000000000  B
  1     5       0.007766134       4.433429203       0.000000000  B
  2     6      -0.060312836      -4.784785382       0.000000000  C
  2     6       0.093857071       4.856055672       0.000000000  C
  2     6      -0.599703018     -21.214154746       0.000000000  C
  2     6      -0.066604642       4.957931666       0.000000000  C
  2     6       0.661819749     -21.377029004       0.000000000  C
  2     6       0.932963287       0.287572925       0.000000000  C
  2     6       1.255735623     -21.318262849       0.000000000  C
  2     6       0.115001191      -0.132559124       0.000000000  C
  2     6       0.092809579       0.056151099       0.000000000  C
  2     6      -0.003364734       0.052666305       0.000000000  C
  2     6      -1.028177666      -0.032476747       0.000000000  C
  2     6      -1.306067629     -15.542094254       0.000000000  C
  2     6       0.869545521      21.454667348       0.000000000  C
  2     6      -0.129523606      -5.085251655       0.000000000  C
  2     6       1.357165815      21.355664237       0.000000000  C
  2     6       1.021674976      -0.268093192       0.000000000  C
  2     6      -0.077075160      -0.042399967       0.000000000  C
  2     6      -0.048384901      -0.112269356       0.000000000  C
  2     6       0.125306102       0.058412686       0.000000000  C
  2     6      -0.015488862       0.273458553       0.000000000  C
  2     6      -0.013117458      -0.261525391       0.000000000  C
  2     6      -0.898719565      21.441798909       0.000000000  C
  2     6      -0.147082242      -4.732495021       0.000000000  C
  2     6      -0.086928960      21.447914084       0.000000000  C
  2     6       0.005441206      -5.086788614       0.000000000  C
  2     6       0.838295482      21.655879534       0.000000000  C
  2     6       0.851545790      -0.223568498       0.000000000  C
  2     6      -0.010547792       0.112039923       0.000000000  C
  2     6       0.022303059      -0.035551893       0.000000000  C
  2     6      -0.012873144       0.012824166       0.000000000  C
  2     6      -0.019531717      -0.018619656       0.000000000  C
  2     6      -1.055312370      -0.096940238       0.000000000  C
  2     6      -0.983789563      21.622581819       0.000000000  C
  2     6      -0.822022043      -0.244970345       0.000000000  C
  2     6       0.023918108      21.879980863       0.000000000  C
  2     6      -0.000928719       0.076445286       0.000000000  C
  2     6      -0.027990313      -0.009961438       0.000000000  C
  2     6      -0.047274223      -0.019316642       0.000000000  C
  2     6       0.114737839      -0.075323908       0.000000000  C
  2     6       0.038346953      -0.099247858       0.000000000  C
  2     6       0.005058797       0.095238299       0.000000000  C
  2     6      -0.020230356      -0.038096208       0.000000000  C
  2     6       0.029914077      -0.011050474       0.000000000  C
  2     6       0.046460834      -0.019982864       0.000000000  C
  2     6      -0.111197800       0.066143855       0.000000000  C
  2     6       0.009322840       0.009485925       0.000000000  C
  2     6       0.018240945      -0.021519089       0.000000000  C
  2     6      -0.020234932       0.231135115       0.000000000  C
  2     6       0.018772982      -0.239307957       0.000000000  C
  2     6      -0.089668859       0.069575247       0.000000000  C
  2     6       0.008030882       0.053567996       0.000000000  C
  2     6       0.028120825       0.026764045       0.000000000  C
  2     6      -0.018664825      -0.041914120       0.000000000  C
  2     6      -0.000841300      -0.154939296       0.000000000  C
  2     6      -0.025208696       0.030431485       0.000000000  C
  2     6       0.013652328      -0.046975042       0.000000000  C
  2     6       0.857642022       0.049411968       0.000000000  C
  2     6       0.652178545     -21.562072594       0.000000000  C
  2     6      -0.845612537       0.049718656       0.000000000  C
  2     6      -0.665862236     -21.619047005       0.000000000  C
  2     6      -0.073809661      -0.028346811       0.000000000  C
  2     6       0.110607491       0.101522546       0.000000000  C
  2     6       0.206363322     -21.160125853       0.000000000  C
  2     6      -0.010440347       4.952163830       0.000000000  C
  2     6      -0.018084967     -21.319477202       0.000000000  C
