               -660.2994631433
         -0.005003888      -0.000005691       0.000000000
         -0.000005691      -0.017917345       0.000000000
          0.000000000       0.000000000      -0.000004839
          72
  1     5      -0.000165785      -4.065190819       0.000000000  B
  1     5      -0.068229702      15.356869117       0.000000000  B
  1     5       0.201333487      -4.277345680       0.000000000  B
  1     5       0.735826458      15.327743753       0.000000000  B
  1     5       0.618476734      -0.092352949       0.000000000  B
  1     5       0.105553054      -0.121626080       0.000000000  B
  1     5       0.366214111       0.001868854       0.000000000  B
  1     5       0.068216015      15.357649341       0.000000000  B
  1     5      -0.204685812      -4.277739741       0.000000000  B
  1     5       0.000382914      -4.474047652       0.000000000  B
  1     5       0.651434000      -0.187382692       0.000000000  B
  1     5      -0.147710630      -0.059827987       0.000000000  B
  1     5       0.230322683       0.119030118       0.000000000  B
  1     5      -0.736563762      15.327142486       0.000000000  B
  1     5      -0.618918485      -0.091911734       0.000000000  B
  1     5      -0.651231806      -0.186343213       0.000000000  B
  1     5      -0.213674352      -0.177186655       0.000000000  B
  1     5       0.195623124       0.150484088       0.000000000  B
  1     5      -0.105526572      -0.121097947       0.000000000  B
  1     5      -0.367119540       0.001333203       0.000000000  B
  1     5       0.149116783      -0.060348426       0.000000000  B
  1     5      -0.230629451       0.118914606       0.000000000  B
  1     5       0.212936472      -0.175428908       0.000000000  B
  1     5      -0.195794855       0.150363995       0.000000000  B
  1     5       0.000275933       0.120570736       0.000000000  B
  2     6      -0.000265351      21.592217041       0.000000000  C
  2     6      -0.160682839       4.970637571       0.000000000  C
  2     6      -0.689398632     -21.444865885       0.000000000  C
  2     6       0.159249964       4.969656433       0.000000000  C
  2     6       0.689432548     -21.443817643       0.000000000  C
  2     6       0.948430389      -0.128755947       0.000000000  C
  2     6       1.228873511     -15.665188448       0.000000000  C
  2     6       0.094584143       0.017522211       0.000000000  C
  2     6      -0.102415614       0.098202005       0.000000000  C
  2     6       0.066359922       0.076584456       0.000000000  C
  2     6      -0.044235127       0.019328804       0.000000000  C
  2     6      -0.948505687      -0.129105611       0.000000000  C
  2     6      -1.227222215     -15.664485874       0.000000000  C
  2     6       0.008331689       0.102303697       0.000000000  C
  2     6       0.156660240      -0.096606726       0.000000000  C
  2     6      -0.007062631       0.272662086       0.000000000  C
  2     6       0.035294307      -0.262692187       0.000000000  C
  2     6      -0.000847531      21.304069665       0.000000000  C
  2     6       0.960635201      21.207262973       0.000000000  C
  2     6       0.052679235       0.089834490       0.000000000  C
  2     6       0.032278279      -0.007150278       0.000000000  C
  2     6      -0.959507437      21.208334148       0.000000000  C
  2     6      -0.000379459      21.730478360       0.000000000  C
  2     6      -0.000924728      -0.094249287       0.000000000  C
  2     6      -0.007788390       0.102335657       0.000000000  C
  2     6      -0.156719839      -0.096109423       0.000000000  C
  2     6      -0.053042826       0.089982766       0.000000000  C
  2     6      -0.033027015      -0.007474417       0.000000000  C
  2     6       0.007898327       0.272723305       0.000000000  C
  2     6      -0.035195178      -0.262827748       0.000000000  C
  2     6      -0.066225493       0.076380787       0.000000000  C
  2     6       0.044417469       0.018940487       0.000000000  C
  2     6       0.084222919       0.065418226       0.000000000  C
  2     6      -0.042537620      -0.067146034       0.000000000  C
  2     6       0.000380025     -22.231766280       0.000000000  C
  2     6      -0.085041279       0.065370724       0.000000000  C
  2     6       0.042372625      -0.067228172       0.000000000  C
  2     6       0.729820838       0.147465773       0.000000000  C
  2     6       1.274065039     -15.922226566       0.000000000  C
  2     6      -0.729861133       0.147789887       0.000000000  C
  2     6      -1.274695931     -15.923437581       0.000000000  C
  2     6      -0.093633313       0.017639290       0.000000000  C
  2     6       0.101966424       0.098161804       0.000000000  C
  2     6      -0.000264107       5.104265454       0.000000000  C
  2     6       0.000327508     -21.965223151       0.000000000  C
  2     6      -0.000019483       5.257620126       0.000000000  C
  2     6      -0.000445531     -21.312416589       0.000000000  C
