# EIG2DOS: Utility for SIESTA to obtain the electronic density of states
#
#                                                  Emilio Artacho, Apr. 1999
# --------------------------------------------------------------------------
# Nbands, Nspin, Nk   =    936     1   352
# E_F                 =    -3.7870 eV
# Broadening          =     0.0500 eV
# Number of electrons =   316.2727  316.6322 per cell
#
#        E            N
# --------------------------------------------------------------------------
    -10.000000      6.601259
     -9.980000      6.686712
     -9.960000      6.662183
     -9.940000      6.537812
     -9.920000      6.455153
     -9.900000      6.521524
     -9.880000      6.715273
     -9.860000      6.981543
     -9.840000      7.277522
     -9.820000      7.509464
     -9.800000      7.583207
     -9.780000      7.510615
     -9.760000      7.361527
     -9.740000      7.188785
     -9.720000      7.065291
     -9.700000      7.064720
     -9.680000      7.142123
     -9.660000      7.144124
     -9.640000      6.997229
     -9.620000      6.822457
     -9.600000      6.808629
     -9.580000      6.990631
     -9.560000      7.214918
     -9.540000      7.352542
     -9.520000      7.456560
     -9.500000      7.623849
     -9.480000      7.799302
     -9.460000      7.830031
     -9.440000      7.683663
     -9.420000      7.539541
     -9.400000      7.593032
     -9.380000      7.787215
     -9.360000      7.861863
     -9.340000      7.672810
     -9.320000      7.335352
     -9.300000      7.026776
     -9.280000      6.774794
     -9.260000      6.515592
     -9.240000      6.249487
     -9.220000      6.045880
     -9.200000      5.971536
     -9.180000      6.060557
     -9.160000      6.280259
     -9.140000      6.504657
     -9.120000      6.600642
     -9.100000      6.593487
     -9.080000      6.704887
     -9.060000      7.159986
     -9.040000      7.953929
     -9.020000      8.834211
     -9.000000      9.470094
     -8.980000      9.594582
     -8.960000      9.113171
     -8.940000      8.252290
     -8.920000      7.506525
     -8.900000      7.232002
     -8.880000      7.336612
     -8.860000      7.519260
     -8.840000      7.710244
     -8.820000      8.074167
     -8.800000      8.676936
     -8.780000      9.336891
     -8.760000      9.742998
     -8.740000      9.685294
     -8.720000      9.275051
     -8.700000      8.952870
     -8.680000      9.253806
     -8.660000     10.508235
     -8.640000     12.575899
     -8.620000     14.787346
     -8.600000     16.328940
     -8.580000     16.830614
     -8.560000     16.589590
     -8.540000     16.251429
     -8.520000     16.253454
     -8.500000     16.520118
     -8.480000     16.681272
     -8.460000     16.472199
     -8.440000     15.834038
     -8.420000     14.800278
     -8.400000     13.460391
     -8.380000     11.967609
     -8.360000     10.510451
     -8.340000      9.315598
     -8.320000      8.611647
     -8.300000      8.450636
     -8.280000      8.610171
     -8.260000      8.795685
     -8.240000      8.905205
     -8.220000      9.011165
     -8.200000      9.136879
     -8.180000      9.197682
     -8.160000      9.155257
     -8.140000      9.061114
     -8.120000      8.964731
     -8.100000      8.942347
     -8.080000      9.141421
     -8.060000      9.576804
     -8.040000      9.938134
     -8.020000      9.855147
     -8.000000      9.348577
     -7.980000      8.830091
     -7.960000      8.720218
     -7.940000      9.229666
     -7.920000     10.393870
     -7.900000     12.041690
     -7.880000     13.719053
     -7.860000     14.956610
     -7.840000     15.677314
     -7.820000     16.055801
     -7.800000     16.069389
     -7.780000     15.535618
     -7.760000     14.481073
     -7.740000     13.201654
     -7.720000     12.031439
     -7.700000     11.216031
     -7.680000     10.926153
     -7.660000     11.210616
     -7.640000     11.962113
     -7.620000     13.017295
     -7.600000     14.203910
     -7.580000     15.305882
     -7.560000     16.201592
     -7.540000     17.027235
     -7.520000     17.980952
     -7.500000     18.970548
     -7.480000     19.599022
     -7.460000     19.498708
     -7.440000     18.645920
     -7.420000     17.371271
     -7.400000     16.105762
     -7.380000     15.193942
     -7.360000     14.894567
     -7.340000     15.331252
     -7.320000     16.396401
     -7.300000     17.813557
     -7.280000     19.249143
     -7.260000     20.338097
     -7.240000     20.791400
     -7.220000     20.620446
     -7.200000     20.167478
     -7.180000     19.850728
     -7.160000     19.906842
     -7.140000     20.231482
     -7.120000     20.348709
     -7.100000     19.752269
     -7.080000     18.433682
     -7.060000     16.938459
     -7.040000     15.854521
     -7.020000     15.339465
     -7.000000     15.131120
     -6.980000     14.920762
     -6.960000     14.632613
     -6.940000     14.364399
     -6.920000     14.239122
     -6.900000     14.410155
     -6.880000     15.008000
     -6.860000     15.854931
     -6.840000     16.375325
     -6.820000     16.065644
     -6.800000     15.026405
     -6.780000     13.896433
     -6.760000     13.300767
     -6.740000     13.399936
     -6.720000     13.889332
     -6.700000     14.329130
     -6.680000     14.455994
     -6.660000     14.263127
     -6.640000     13.887174
     -6.620000     13.482996
     -6.600000     13.208292
     -6.580000     13.201583
     -6.560000     13.446462
     -6.540000     13.742052
     -6.520000     13.889976
     -6.500000     13.827188
     -6.480000     13.606637
     -6.460000     13.339339
     -6.440000     13.105530
     -6.420000     12.923227
     -6.400000     12.822670
     -6.380000     12.862300
     -6.360000     13.056218
     -6.340000     13.327188
     -6.320000     13.547678
     -6.300000     13.641024
     -6.280000     13.587669
     -6.260000     13.364264
     -6.240000     13.000453
     -6.220000     12.625351
     -6.200000     12.362116
     -6.180000     12.239386
     -6.160000     12.210389
     -6.140000     12.209309
     -6.120000     12.198445
     -6.100000     12.164044
     -6.080000     12.067750
     -6.060000     11.847557
     -6.040000     11.512754
     -6.020000     11.176032
     -6.000000     10.886438
     -5.980000     10.531687
     -5.960000     10.070762
     -5.940000      9.737463
     -5.920000      9.833056
     -5.900000     10.409121
     -5.880000     11.241264
     -5.860000     12.017582
     -5.840000     12.532101
     -5.820000     12.783535
     -5.800000     12.903561
     -5.780000     12.990229
     -5.760000     13.046640
     -5.740000     13.033757
     -5.720000     12.901000
     -5.700000     12.594559
     -5.680000     12.104828
     -5.660000     11.507550
     -5.640000     10.949227
     -5.620000     10.576563
     -5.600000     10.449545
     -5.580000     10.528425
     -5.560000     10.720715
     -5.540000     10.915002
     -5.520000     11.017419
     -5.500000     10.989410
     -5.480000     10.882454
     -5.460000     10.836874
     -5.440000     10.934866
     -5.420000     11.053418
     -5.400000     11.001293
     -5.380000     10.768340
     -5.360000     10.518172
     -5.340000     10.397873
     -5.320000     10.457241
     -5.300000     10.685158
     -5.280000     11.014274
     -5.260000     11.323280
     -5.240000     11.506657
     -5.220000     11.510219
     -5.200000     11.315753
     -5.180000     10.985902
     -5.160000     10.675758
     -5.140000     10.514857
     -5.120000     10.506678
     -5.100000     10.555380
     -5.080000     10.557650
     -5.060000     10.433007
     -5.040000     10.095377
     -5.020000      9.519302
     -5.000000      8.841908
     -4.980000      8.300369
     -4.960000      8.093754
     -4.940000      8.334132
     -4.920000      9.012904
     -4.900000      9.954935
     -4.880000     10.877596
     -4.860000     11.540539
     -4.840000     11.879339
     -4.820000     12.017301
     -4.800000     12.087848
     -4.780000     12.063209
     -4.760000     11.820787
     -4.740000     11.321818
     -4.720000     10.694129
     -4.700000     10.166491
     -4.680000      9.885082
     -4.660000      9.797090
     -4.640000      9.766144
     -4.620000      9.730458
     -4.600000      9.673482
     -4.580000      9.528557
     -4.560000      9.176625
     -4.540000      8.536037
     -4.520000      7.715463
     -4.500000      7.072230
     -4.480000      7.010290
     -4.460000      7.673791
     -4.440000      8.828678
     -4.420000     10.007224
     -4.400000     10.782546
     -4.380000     10.967286
     -4.360000     10.622483
     -4.340000      9.969238
     -4.320000      9.313683
     -4.300000      8.945346
     -4.280000      8.991405
     -4.260000      9.350887
     -4.240000      9.809906
     -4.220000     10.238052
     -4.200000     10.643741
     -4.180000     11.064619
     -4.160000     11.486635
     -4.140000     11.839192
     -4.120000     12.014050
     -4.100000     11.949036
     -4.080000     11.690161
     -4.060000     11.320459
     -4.040000     10.870884
     -4.020000     10.317023
     -4.000000      9.617663
     -3.980000      8.745772
     -3.960000      7.734167
     -3.940000      6.733549
     -3.920000      5.960395
     -3.900000      5.527056
     -3.880000      5.374367
     -3.860000      5.387138
     -3.840000      5.500705
     -3.820000      5.676325
     -3.800000      5.855176
     -3.780000      5.998886
     -3.760000      6.136970
     -3.740000      6.317738
     -3.720000      6.533724
     -3.700000      6.737373
     -3.680000      6.916824
     -3.660000      7.127029
     -3.640000      7.429015
     -3.620000      7.801846
     -3.600000      8.162084
     -3.580000      8.469868
     -3.560000      8.726347
     -3.540000      8.847806
     -3.520000      8.641500
     -3.500000      7.984439
     -3.480000      7.026183
     -3.460000      6.157477
     -3.440000      5.731922
     -3.420000      5.864344
     -3.400000      6.486093
     -3.380000      7.412684
     -3.360000      8.290389
     -3.340000      8.695652
     -3.320000      8.478171
     -3.300000      7.878258
     -3.280000      7.172924
     -3.260000      6.433559
     -3.240000      5.750237
     -3.220000      5.383888
     -3.200000      5.562297
     -3.180000      6.262680
     -3.160000      7.178779
     -3.140000      7.922100
     -3.120000      8.367598
     -3.100000      8.733918
     -3.080000      9.295120
     -3.060000     10.096385
     -3.040000     10.872824
     -3.020000     11.200135
     -3.000000     10.830433
     -2.980000      9.909847
     -2.960000      8.855840
     -2.940000      8.038192
     -2.920000      7.544091
     -2.900000      7.209753
     -2.880000      6.894387
     -2.860000      6.653292
     -2.840000      6.565152
     -2.820000      6.570806
     -2.800000      6.616539
     -2.780000      6.733559
     -2.760000      6.851481
     -2.740000      6.769852
     -2.720000      6.418594
     -2.700000      5.929341
     -2.680000      5.392491
     -2.660000      4.780252
     -2.640000      4.167755
     -2.620000      3.774658
     -2.600000      3.680094
     -2.580000      3.721826
     -2.560000      3.784389
     -2.540000      3.950930
     -2.520000      4.264375
     -2.500000      4.595638
     -2.480000      4.852414
     -2.460000      5.062277
     -2.440000      5.179215
     -2.420000      5.073078
     -2.400000      4.765546
     -2.380000      4.453233
     -2.360000      4.273700
     -2.340000      4.203239
     -2.320000      4.157615
     -2.300000      4.075661
     -2.280000      3.936194
     -2.260000      3.760981
     -2.240000      3.593956
     -2.220000      3.474944
     -2.200000      3.417175
     -2.180000      3.371306
     -2.160000      3.252547
     -2.140000      3.066474
     -2.120000      2.960077
     -2.100000      3.060683
     -2.080000      3.284013
     -2.060000      3.405496
     -2.040000      3.333500
     -2.020000      3.199472
     -2.000000      3.149227
     -1.980000      3.158530
     -1.960000      3.113163
     -1.940000      2.987522
     -1.920000      2.860553
     -1.900000      2.786968
     -1.880000      2.728778
     -1.860000      2.635249
     -1.840000      2.533829
     -1.820000      2.476142
     -1.800000      2.435251
     -1.780000      2.343641
     -1.760000      2.202449
     -1.740000      2.078452
     -1.720000      2.014595
     -1.700000      1.985140
     -1.680000      1.934393
     -1.660000      1.850493
     -1.640000      1.780816
     -1.620000      1.753834
     -1.600000      1.727937
     -1.580000      1.662858
     -1.560000      1.588898
     -1.540000      1.548557
     -1.520000      1.522622
     -1.500000      1.472427
     -1.480000      1.408335
     -1.460000      1.362308
     -1.440000      1.329264
     -1.420000      1.283355
     -1.400000      1.227312
     -1.380000      1.182868
     -1.360000      1.148198
     -1.340000      1.102545
     -1.320000      1.046476
     -1.300000      1.002512
     -1.280000      0.972273
     -1.260000      0.930284
     -1.240000      0.870731
     -1.220000      0.821629
     -1.200000      0.795024
     -1.180000      0.761375
     -1.160000      0.701497
     -1.140000      0.644120
     -1.120000      0.615251
     -1.100000      0.589833
     -1.080000      0.535791
     -1.060000      0.472522
     -1.040000      0.436318
     -1.020000      0.415709
     -1.000000      0.375224
     -0.980000      0.319709
     -0.960000      0.281582
     -0.940000      0.259744
     -0.920000      0.221678
     -0.900000      0.160230
     -0.880000      0.104941
     -0.860000      0.078205
     -0.840000      0.072950
     -0.820000      0.075912
     -0.800000      0.091406
     -0.780000      0.132142
     -0.760000      0.193603
     -0.740000      0.252196
     -0.720000      0.293792
     -0.700000      0.329094
     -0.680000      0.370980
     -0.660000      0.414936
     -0.640000      0.454453
     -0.620000      0.495339
     -0.600000      0.542990
     -0.580000      0.594220
     -0.560000      0.646080
     -0.540000      0.696543
     -0.520000      0.742033
     -0.500000      0.788587
     -0.480000      0.847506
     -0.460000      0.909106
     -0.440000      0.954390
     -0.420000      0.996364
     -0.400000      1.061232
     -0.380000      1.134073
     -0.360000      1.183732
     -0.340000      1.225871
     -0.320000      1.294249
     -0.300000      1.375862
     -0.280000      1.437944
     -0.260000      1.487888
     -0.240000      1.556856
     -0.220000      1.647999
     -0.200000      1.732921
     -0.180000      1.798198
     -0.160000      1.873320
     -0.140000      1.983640
     -0.120000      2.103576
     -0.100000      2.209750
     -0.080000      2.342269
     -0.060000      2.553724
     -0.040000      2.835733
     -0.020000      3.146196
      0.000000      3.472760
      0.020000      3.803010
      0.040000      4.040666
      0.060000      4.028639
      0.080000      3.688107
      0.100000      3.115410
      0.120000      2.548045
      0.140000      2.247541
      0.160000      2.371717
      0.180000      2.878837
      0.200000      3.502757
      0.220000      3.854597
      0.240000      3.679287
      0.260000      3.091976
      0.280000      2.499582
      0.300000      2.255149
      0.320000      2.418205
      0.340000      2.817730
      0.360000      3.268753
      0.380000      3.674056
      0.400000      3.962159
      0.420000      4.069732
      0.440000      4.029607
      0.460000      3.992645
      0.480000      4.136226
      0.500000      4.537063
      0.520000      5.054979
      0.540000      5.387041
      0.560000      5.359265
      0.580000      5.111913
      0.600000      4.948050
      0.620000      5.097547
      0.640000      5.608296
      0.660000      6.325720
      0.680000      6.936934
      0.700000      7.109096
      0.720000      6.714364
      0.740000      6.010455
      0.760000      5.536402
      0.780000      5.698182
      0.800000      6.409505
      0.820000      7.157757
      0.840000      7.458503
      0.860000      7.258512
      0.880000      6.882204
      0.900000      6.673244
      0.920000      6.789104
      0.940000      7.223941
      0.960000      7.837924
      0.980000      8.395730
      1.000000      8.746001
      1.020000      8.975197
      1.040000      9.267908
      1.060000      9.627908
      1.080000      9.816937
      1.100000      9.549661
      1.120000      8.751752
      1.140000      7.661984
      1.160000      6.667098
      1.180000      6.058125
      1.200000      5.924072
      1.220000      6.145050
      1.240000      6.461950
      1.260000      6.668477
      1.280000      6.759319
      1.300000      6.840299
      1.320000      6.933945
      1.340000      6.931626
      1.360000      6.744863
      1.380000      6.454428
      1.400000      6.193490
      1.420000      5.938880
      1.440000      5.616897
      1.460000      5.333122
      1.480000      5.281030
      1.500000      5.484062
      1.520000      5.779365
      1.540000      6.019696
      1.560000      6.168692
      1.580000      6.209523
      1.600000      6.122454
      1.620000      5.980797
      1.640000      5.900123
      1.660000      5.872005
      1.680000      5.781598
      1.700000      5.583810
      1.720000      5.388275
      1.740000      5.377766
      1.760000      5.646276
      1.780000      6.094175
      1.800000      6.480921
      1.820000      6.586612
      1.840000      6.356147
      1.860000      5.920453
      1.880000      5.453743
      1.900000      5.019944
      1.920000      4.594902
      1.940000      4.179686
      1.960000      3.826720
      1.980000      3.583854
      2.000000      3.456967
      2.020000      3.440578
      2.040000      3.563505
      2.060000      3.869422
      2.080000      4.353572
      2.100000      4.924147
      2.120000      5.443385
      2.140000      5.829441
      2.160000      6.063024
      2.180000      6.100839
      2.200000      5.928736
      2.220000      5.678023
      2.240000      5.502249
      2.260000      5.383348
      2.280000      5.222025
      2.300000      5.038370
      2.320000      4.942634
      2.340000      4.958822
      2.360000      4.979206
      2.380000      4.906592
      2.400000      4.768611
      2.420000      4.641448
      2.440000      4.538470
      2.460000      4.438883
      2.480000      4.355907
      2.500000      4.309065
      2.520000      4.279441
      2.540000      4.252439
      2.560000      4.239511
      2.580000      4.216233
      2.600000      4.150929
      2.620000      4.107142
      2.640000      4.170746
      2.660000      4.291793
      2.680000      4.359603
      2.700000      4.386806
      2.720000      4.440059
      2.740000      4.454974
      2.760000      4.316397
      2.780000      4.073941
      2.800000      3.906825
      2.820000      3.902431
      2.840000      3.978977
      2.860000      4.012754
      2.880000      3.988485
      2.900000      3.987394
      2.920000      4.034930
      2.940000      4.048867
      2.960000      3.965587
      2.980000      3.848835
      3.000000      3.842039
      3.020000      4.026432
      3.040000      4.306080
      3.060000      4.450109
      3.080000      4.328317
      3.100000      4.059582
      3.120000      3.850040
      3.140000      3.784630
      3.160000      3.830638
      3.180000      3.917172
      3.200000      3.959219
      3.220000      3.909602
      3.240000      3.830126
      3.260000      3.822045
      3.280000      3.870581
      3.300000      3.866710
      3.320000      3.778517
      3.340000      3.684715
      3.360000      3.656231
      3.380000      3.692885
      3.400000      3.744802
      3.420000      3.747680
      3.440000      3.678592
      3.460000      3.592988
      3.480000      3.563542
      3.500000      3.586576
      3.520000      3.600379
      3.540000      3.597295
      3.560000      3.648431
      3.580000      3.789486
      3.600000      3.946598
      3.620000      4.007496
      3.640000      3.928716
      3.660000      3.777643
      3.680000      3.694673
      3.700000      3.768506
      3.720000      3.927738
      3.740000      4.013869
      3.760000      3.954036
      3.780000      3.802222
      3.800000      3.652680
      3.820000      3.578158
      3.840000      3.599409
      3.860000      3.659280
      3.880000      3.672379
      3.900000      3.622084
      3.920000      3.561609
      3.940000      3.526507
      3.960000      3.503196
      3.980000      3.467081
      4.000000      3.405292
      4.020000      3.315994
      4.040000      3.205036
      4.060000      3.086724
      4.080000      2.999846
      4.100000      3.000039
      4.120000      3.095197
      4.140000      3.216497
      4.160000      3.294414
      4.180000      3.332264
      4.200000      3.385471
      4.220000      3.487560
      4.240000      3.591763
      4.260000      3.599930
      4.280000      3.476260
      4.300000      3.297725
      4.320000      3.162273
      4.340000      3.091281
      4.360000      3.049864
      4.380000      3.017023
      4.400000      3.001815
      4.420000      3.013717
      4.440000      3.040042
      4.460000      3.055219
      4.480000      3.049433
      4.500000      3.039410
      4.520000      3.052083
      4.540000      3.097973
      4.560000      3.151285
      4.580000      3.173675
      4.600000      3.167585
      4.620000      3.164334
      4.640000      3.151065
      4.660000      3.072896
      4.680000      2.923917
      4.700000      2.774542
      4.720000      2.696689
      4.740000      2.711188
      4.760000      2.796760
      4.780000      2.900073
      4.800000      2.965722
      4.820000      2.992906
      4.840000      3.020230
      4.860000      3.051360
      4.880000      3.049895
      4.900000      2.999379
      4.920000      2.933072
      4.940000      2.913970
      4.960000      2.991324
      4.980000      3.150578
      5.000000      3.292950
      5.020000      3.296467
      5.040000      3.135779
      5.060000      2.914986
      5.080000      2.732596
      5.100000      2.564195
      5.120000      2.351448
      5.140000      2.142466
      5.160000      2.066164
      5.180000      2.233617
      5.200000      2.714942
      5.220000      3.537228
      5.240000      4.662764
      5.260000      6.003314
      5.280000      7.453137
      5.300000      8.904545
      5.320000     10.301671
      5.340000     11.686269
      5.360000     13.044693
      5.380000     14.071213
      5.400000     14.280021
      5.420000     13.447459
      5.440000     11.795629
      5.460000      9.722137
      5.480000      7.568403
      5.500000      5.655091
      5.520000      4.260820
      5.540000      3.461547
      5.560000      3.099581
      5.580000      2.930801
      5.600000      2.784626
      5.620000      2.640084
      5.640000      2.577467
      5.660000      2.649699
      5.680000      2.820716
      5.700000      3.001501
      5.720000      3.091247
      5.740000      3.026385
      5.760000      2.854098
      5.780000      2.722404
      5.800000      2.735039
      5.820000      2.830545
      5.840000      2.857819
      5.860000      2.759917
      5.880000      2.634283
      5.900000      2.614389
      5.920000      2.716691
      5.940000      2.813396
      5.960000      2.768823
      5.980000      2.601286
      6.000000      2.478266
      6.020000      2.521534
      6.040000      2.649341
      6.060000      2.681747
      6.080000      2.576152
      6.100000      2.461848
      6.120000      2.454472
      6.140000      2.522526
      6.160000      2.542637
      6.180000      2.446121
      6.200000      2.288426
      6.220000      2.182060
      6.240000      2.205685
      6.260000      2.357496
      6.280000      2.534312
      6.300000      2.600328
      6.320000      2.524379
      6.340000      2.400325
      6.360000      2.330005
      6.380000      2.364236
      6.400000      2.585760
      6.420000      3.193438
      6.440000      4.419728
      6.460000      6.315031
      6.480000      8.624713
      6.500000     10.844507
      6.520000     12.334037
      6.540000     12.577648
      6.560000     11.654884
      6.580000     10.340408
      6.600000      9.452415
      6.620000      9.231726
      6.640000      9.503144
      6.660000     10.141318
      6.680000     11.116141
      6.700000     12.264944
      6.720000     13.278264
      6.740000     13.872104
      6.760000     13.867609
      6.780000     13.230550
      6.800000     12.153024
      6.820000     10.985544
      6.840000     10.004717
      6.860000      9.226769
      6.880000      8.383572
      6.900000      7.206031
      6.920000      5.921659
      6.940000      5.320844
      6.960000      6.107356
      6.980000      8.170686
      7.000000     10.501162
      7.020000     11.902338
      7.040000     11.908018
      7.060000     10.965026
      7.080000      9.816166
      7.100000      8.944463
      7.120000      8.534342
      7.140000      8.653627
      7.160000      9.328242
      7.180000     10.484012
      7.200000     11.898746
      7.220000     13.244644
      7.240000     14.157190
      7.260000     14.361124
      7.280000     13.942162
      7.300000     13.473306
      7.320000     13.589372
      7.340000     14.356709
      7.360000     15.249202
      7.380000     15.765132
      7.400000     15.879017
      7.420000     15.856805
      7.440000     15.859467
      7.460000     15.878869
      7.480000     15.881813
      7.500000     15.823003
      7.520000     15.629243
      7.540000     15.349742
      7.560000     15.303827
      7.580000     15.952333
      7.600000     17.484228
      7.620000     19.480681
      7.640000     21.140194
      7.660000     21.955354
      7.680000     22.006044
      7.700000     21.554086
      7.720000     20.710074
      7.740000     19.601327
      7.760000     18.488799
      7.780000     17.560696
      7.800000     16.819095
      7.820000     16.224501
      7.840000     15.813347
      7.860000     15.607942
      7.880000     15.444179
      7.900000     14.997913
      7.920000     14.064401
      7.940000     12.795564
      7.960000     11.673566
      7.980000     11.243632
      8.000000     11.752371
      8.020000     12.961620
      8.040000     14.306381
      8.060000     15.244033
      8.080000     15.535416
      8.100000     15.294780
      8.120000     14.790368
      8.140000     14.217886
      8.160000     13.702128
      8.180000     13.376844
      8.200000     13.268779
      8.220000     13.215582
      8.240000     13.073263
      8.260000     12.859876
      8.280000     12.594344
      8.300000     12.219381
      8.320000     11.805304
      8.340000     11.628696
      8.360000     11.912180
      8.380000     12.598269
      8.400000     13.439456
      8.420000     14.229200
      8.440000     14.943599
      8.460000     15.726081
      8.480000     16.673894
      8.500000     17.526551
      8.520000     17.707631
      8.540000     16.896665
      8.560000     15.436525
      8.580000     14.031398
      8.600000     13.177626
      8.620000     12.909259
      8.640000     12.964059
      8.660000     13.124655
      8.680000     13.324767
      8.700000     13.478055
      8.720000     13.410929
      8.740000     13.034808
      8.760000     12.519413
      8.780000     12.220520
      8.800000     12.364784
      8.820000     12.819709
      8.840000     13.228403
      8.860000     13.352261
      8.880000     13.232098
      8.900000     13.018145
      8.920000     12.767060
      8.940000     12.477803
      8.960000     12.139735
      8.980000     11.654137
      9.000000     10.918167
      9.020000     10.031703
      9.040000      9.288307
      9.060000      9.002248
      9.080000      9.326612
      9.100000     10.069655
      9.120000     10.763049
      9.140000     11.113739
      9.160000     11.313518
      9.180000     11.798251
      9.200000     12.779520
      9.220000     14.002300
      9.240000     14.910046
      9.260000     15.087828
      9.280000     14.557624
      9.300000     13.689502
      9.320000     12.926271
      9.340000     12.570294
      9.360000     12.707628
      9.380000     13.217644
      9.400000     13.805787
      9.420000     14.131826
      9.440000     14.046848
      9.460000     13.702775
      9.480000     13.399540
      9.500000     13.342143
      9.520000     13.496173
      9.540000     13.618935
      9.560000     13.453650
      9.580000     12.930527
      9.600000     12.240821
      9.620000     11.742213
      9.640000     11.675745
      9.660000     11.942269
      9.680000     12.245374
      9.700000     12.382326
      9.720000     12.329636
      9.740000     12.199677
      9.760000     12.176101
      9.780000     12.359050
      9.800000     12.653510
      9.820000     12.873159
      9.840000     12.893810
      9.860000     12.659943
      9.880000     12.151768
      9.900000     11.453752
      9.920000     10.812455
      9.940000     10.515967
      9.960000     10.671704
      9.980000     11.100958
     10.000000     11.460606
