               -874.8483164222
         -0.004377740      -0.000022950       0.000000000
         -0.000022945      -0.021228726       0.000000000
          0.000000000       0.000000000      -0.000000598
          72
  1     7       1.008217043     -25.732716987       0.000000000  N
  1     7       1.155010808       0.255859043       0.000000000  N
  1     7      -0.052606376      -0.034910353       0.000000000  N
  1     7       0.232451290      25.806349344       0.000000000  N
  1     7       1.072311640      -0.080164641       0.000000000  N
  1     7      -0.018114252       0.054547084       0.000000000  N
  1     7      -1.374487992      25.655092637       0.000000000  N
  1     7       0.097154504       0.100249529       0.000000000  N
  1     7       0.033219972       0.109137794       0.000000000  N
  1     7       0.100208679       0.008580042       0.000000000  N
  1     7       0.016902891      -0.059130452       0.000000000  N
  1     7      -0.005157661       0.038516667       0.000000000  N
  1     7      -0.354042645     -26.204565349       0.000000000  N
  2     6      -0.120275092      21.208159612       0.000000000  C
  2     6      -0.117419116      -5.004322790       0.000000000  C
  2     6      -0.016629846       5.056163348       0.000000000  C
  2     6      -0.691895307     -21.510022243       0.000000000  C
  2     6       0.071072167       4.724371320       0.000000000  C
  2     6       1.011035898     -21.413028265       0.000000000  C
  2     6       0.063819652      -0.052226404       0.000000000  C
  2     6      -0.062837791       0.035011440       0.000000000  C
  2     6       0.031468601       0.162987203       0.000000000  C
  2     6      -1.039873170       0.336279691       0.000000000  C
  2     6      -0.962910728     -25.485837277       0.000000000  C
  2     6       1.054349562      21.388080591       0.000000000  C
  2     6       0.029265959      -5.013738721       0.000000000  C
  2     6       1.031265828      21.411545772       0.000000000  C
  2     6       1.015565032      -0.221635860       0.000000000  C
  2     6      -0.077711046      -0.040394564       0.000000000  C
  2     6       0.042971232      -0.004793923       0.000000000  C
  2     6      -0.039637142       0.008298595       0.000000000  C
  2     6       0.046174853      -0.082183070       0.000000000  C
  2     6      -0.017813815       0.266760180       0.000000000  C
  2     6      -0.010768178      -0.251690629       0.000000000  C
  2     6      -0.860657366      25.296003114       0.000000000  C
  2     6       0.131770380      -4.963294304       0.000000000  C
  2     6      -0.142012351      -4.731119649       0.000000000  C
  2     6       0.080186956      26.182127418       0.000000000  C
  2     6      -0.025513922       0.149557911       0.000000000  C
  2     6       0.051123057      -0.011021326       0.000000000  C
  2     6      -0.015951729      -0.079508860       0.000000000  C
  2     6      -0.924287613      -0.239493941       0.000000000  C
  2     6      -0.584668275      21.981490615       0.000000000  C
  2     6      -0.911073609      -0.279329861       0.000000000  C
  2     6      -0.405304439      22.418254739       0.000000000  C
  2     6      -0.013991969       0.004338756       0.000000000  C
  2     6      -0.024447629       0.053859694       0.000000000  C
  2     6       0.020168133      -0.035685915       0.000000000  C
  2     6      -0.083296856      -0.053373078       0.000000000  C
  2     6      -0.047087150       0.001805938       0.000000000  C
  2     6       0.032495202       0.002837026       0.000000000  C
  2     6      -0.050444867      -0.016907729       0.000000000  C
  2     6      -0.057572236      -0.150222570       0.000000000  C
  2     6       0.038282423       0.060789761       0.000000000  C
  2     6       0.025784009       0.235403003       0.000000000  C
  2     6       0.022910471      -0.256483344       0.000000000  C
  2     6      -0.045941261       0.074378110       0.000000000  C
  2     6       0.032246545      -0.008559663       0.000000000  C
  2     6      -0.009293467      -0.010914878       0.000000000  C
  2     6      -0.048800579      -0.073673116       0.000000000  C
  2     6       0.084353146     -22.083648469       0.000000000  C
  2     6      -0.006044925      -0.011986865       0.000000000  C
  2     6       0.043459387      -0.093240604       0.000000000  C
  2     6       0.888847535       0.226626605       0.000000000  C
  2     6       0.243286235     -21.927572721       0.000000000  C
  2     6      -0.883576154       0.219605762       0.000000000  C
  2     6      -0.059221327       0.007223578       0.000000000  C
  2     6       0.072660792       0.049439530       0.000000000  C
  2     6       0.137053163       4.742660005       0.000000000  C
  2     6      -0.373191587     -25.582630307       0.000000000  C
  2     6       0.073911131       4.912819022       0.000000000  C
  2     6       0.433039142     -21.441383705       0.000000000  C
