               -986.7841101455
         -0.004055326       0.000070824       0.000000000
          0.000070829      -0.021845861       0.000000000
          0.000000000       0.000000000       0.000000099
          72
  1     7      -0.111867410       4.099956352       0.000000000  N
  1     7      -0.973165975     -25.592302013       0.000000000  N
  1     7       0.127383415       4.081033021       0.000000000  N
  1     7       0.949385998     -25.585421345       0.000000000  N
  1     7       0.139265400      -0.183202394       0.000000000  N
  1     7       0.000144336      -0.007150812       0.000000000  N
  1     7      -0.102045488       0.091550306       0.000000000  N
  1     7      -0.011231291      -0.013399568       0.000000000  N
  1     7       0.040620980      -0.029592566       0.000000000  N
  1     7       0.069604765      -0.027453266       0.000000000  N
  1     7       0.028198548       0.060841991       0.000000000  N
  1     7      -0.014466592      -0.041642483       0.000000000  N
  1     7       0.022081277      -0.001554489       0.000000000  N
  1     7       0.030622654       0.027991105       0.000000000  N
  1     7       0.062637192       0.065392025       0.000000000  N
  1     7       0.070410530      -0.070589555       0.000000000  N
  1     7      -0.017124606       0.028350504       0.000000000  N
  1     7       0.057616828      -0.047424103       0.000000000  N
  1     7       0.004214868       0.011334929       0.000000000  N
  1     7      -0.031993301       0.112827809       0.000000000  N
  1     7      -0.074683210      -0.218792858       0.000000000  N
  1     7      -1.134016480       0.429709371       0.000000000  N
  1     7       0.001700707       4.287490679       0.000000000  N
  1     7       0.046865209     -25.799121515       0.000000000  N
  1     7       0.005035538       4.213864512       0.000000000  N
  1     7       0.005442488     -25.141499533       0.000000000  N
  2     6      -0.463533664      21.194137066       0.000000000  C
  2     6      -0.002817531      -4.823475849       0.000000000  C
  2     6       1.067725507       0.187546643       0.000000000  C
  2     6       1.260821502     -21.597245177       0.000000000  C
  2     6       0.072107017      -0.019614999       0.000000000  C
  2     6      -0.127898688       0.059228759       0.000000000  C
  2     6       0.037722466       0.054189041       0.000000000  C
  2     6      -0.038168666       0.000767011       0.000000000  C
  2     6      -1.050982550       0.197741647       0.000000000  C
  2     6      -1.263188839     -21.599372443       0.000000000  C
  2     6      -0.033693376      21.284438048       0.000000000  C
  2     6       0.007670221      -4.747036600       0.000000000  C
  2     6       0.734446708      21.488178173       0.000000000  C
  2     6       1.014867128      -0.163389788       0.000000000  C
  2     6      -0.115839055      -0.024246577       0.000000000  C
  2     6       0.013591573       0.018503265       0.000000000  C
  2     6       0.033942965       0.098015631       0.000000000  C
  2     6      -0.065381058       0.116566279       0.000000000  C
  2     6      -0.025410075      -0.171925504       0.000000000  C
  2     6      -0.226592714      21.425502367       0.000000000  C
  2     6      -0.039753463      -4.749318888       0.000000000  C
  2     6      -0.048873640      26.104085619       0.000000000  C
  2     6      -0.002044545      -4.496896953       0.000000000  C
  2     6      -0.028133005      26.604439293       0.000000000  C
  2     6       0.951029606      -0.114558609       0.000000000  C
  2     6      -0.068938287       0.125052522       0.000000000  C
  2     6      -0.703701794      21.456462457       0.000000000  C
  2     6      -1.013321647      -0.152797256       0.000000000  C
  2     6       0.048235465      26.662423432       0.000000000  C
  2     6      -0.948081110      -0.162982221       0.000000000  C
  2     6       0.000179339      26.739982980       0.000000000  C
  2     6      -0.003960102       0.005880256       0.000000000  C
  2     6       0.094729965      -0.017615695       0.000000000  C
  2     6      -0.078227227       0.041513917       0.000000000  C
  2     6       0.040781096       0.177434547       0.000000000  C
  2     6      -0.025687045      -0.010742786       0.000000000  C
  2     6       0.007214712      -0.010879965       0.000000000  C
  2     6      -0.038939341       0.027911942       0.000000000  C
  2     6      -0.083366459      -0.102931492       0.000000000  C
  2     6       0.559450848     -22.284320676       0.000000000  C
  2     6       0.022611448       0.006708616       0.000000000  C
  2     6       0.972339870       0.216330682       0.000000000  C
  2     6       0.993360880     -21.890724517       0.000000000  C
  2     6      -0.661790872     -21.862786137       0.000000000  C
  2     6      -0.067585621      -0.020150989       0.000000000  C
  2     6       0.088074321      -0.015719215       0.000000000  C
