              -1089.3962778748
          0.000352514       0.000017203       0.000000000
          0.000017203       0.000376302       0.000000000
          0.000000000       0.000000000       0.000002328
          72
  1     7      -0.023720972       0.038301982       0.000000000  N
  1     7      -0.044953995      -0.000172035       0.000000000  N
  1     7       0.019633225      -0.009011911       0.000000000  N
  1     7      -0.022819410       0.038127013       0.000000000  N
  1     7      -0.024239684       0.038305917       0.000000000  N
  1     7      -0.045525157      -0.000314390       0.000000000  N
  1     7       0.018302282      -0.009372299       0.000000000  N
  1     7      -0.044958231      -0.000381593       0.000000000  N
  1     7       0.019295137      -0.009552700       0.000000000  N
  1     7      -0.045109867      -0.000486386       0.000000000  N
  1     7       0.018381680      -0.009395469       0.000000000  N
  1     7      -0.023365247       0.038871060       0.000000000  N
  1     7      -0.022738530       0.038937710       0.000000000  N
  1     7      -0.045437117      -0.000219493       0.000000000  N
  1     7       0.018335250      -0.009390457       0.000000000  N
  1     7      -0.046346125      -0.000013976       0.000000000  N
  1     7       0.018207106      -0.009495509       0.000000000  N
  1     7      -0.023414857       0.038824829       0.000000000  N
  1     7      -0.044496965      -0.000319321       0.000000000  N
  1     7       0.019658205      -0.009014842       0.000000000  N
  1     7      -0.022987386       0.038750131       0.000000000  N
  1     7      -0.023873378       0.038876627       0.000000000  N
  1     7      -0.045070680      -0.000303990       0.000000000  N
  1     7       0.018321955      -0.009367735       0.000000000  N
  1     7      -0.045038219      -0.000305992       0.000000000  N
  1     7       0.018119249      -0.008748729       0.000000000  N
  1     7      -0.022898787       0.038810079       0.000000000  N
  2     6       0.030862699      -0.017777114       0.000000000  C
  2     6       0.007005768      -0.004117960       0.000000000  C
  2     6      -0.012979437      -0.005437130       0.000000000  C
  2     6       0.028945135      -0.017067679       0.000000000  C
  2     6      -0.001771710       0.014966005       0.000000000  C
  2     6       0.006965718      -0.004276560       0.000000000  C
  2     6      -0.013359029      -0.005462652       0.000000000  C
  2     6       0.028909651      -0.017074213       0.000000000  C
  2     6      -0.001783334       0.014949795       0.000000000  C
  2     6       0.028913840      -0.016849825       0.000000000  C
  2     6      -0.002287336       0.015890924       0.000000000  C
  2     6       0.006984083      -0.005010371       0.000000000  C
  2     6      -0.013796317      -0.005470225       0.000000000  C
  2     6       0.030991671      -0.017693834       0.000000000  C
  2     6       0.007112141      -0.004966706       0.000000000  C
  2     6      -0.012483765      -0.005484302       0.000000000  C
  2     6       0.030778736      -0.017795435       0.000000000  C
  2     6       0.007049763      -0.005013899       0.000000000  C
  2     6      -0.013323730      -0.005452232       0.000000000  C
  2     6       0.028812458      -0.017037801       0.000000000  C
  2     6      -0.002120030       0.015104411       0.000000000  C
  2     6       0.027632607      -0.016884089       0.000000000  C
  2     6      -0.002297420       0.015129232       0.000000000  C
  2     6       0.030814324      -0.017507324       0.000000000  C
  2     6       0.006904923      -0.004255120       0.000000000  C
  2     6      -0.013757994      -0.005367551       0.000000000  C
  2     6       0.032354221      -0.018012188       0.000000000  C
  2     6       0.005840009      -0.003952403       0.000000000  C
  2     6      -0.013930167      -0.005404942       0.000000000  C
  2     6       0.028954663      -0.017043784       0.000000000  C
  2     6      -0.001258219       0.014917113       0.000000000  C
  2     6       0.030895842      -0.017531131       0.000000000  C
  2     6       0.007059598      -0.004152661       0.000000000  C
  2     6      -0.012537229      -0.005532702       0.000000000  C
  2     6       0.027615541      -0.016782976       0.000000000  C
  2     6      -0.002485646       0.015856726       0.000000000  C
  2     6       0.030925834      -0.017569143       0.000000000  C
  2     6       0.028807417      -0.016989049       0.000000000  C
  2     6      -0.002140462       0.015075261       0.000000000  C
  2     6       0.030718902      -0.017502855       0.000000000  C
  2     6       0.006935068      -0.004193037       0.000000000  C
  2     6      -0.013803354      -0.005406129       0.000000000  C
  2     6       0.030904046      -0.017529842       0.000000000  C
  2     6       0.027435159      -0.016721047       0.000000000  C
  2     6      -0.002881453       0.015997024       0.000000000  C
