     1  1  0.00453515     141
     2  1  0.00453515     141
     3  1  0.00453515     142
     4  1  0.00453515     142
     5  1  0.00453515     142
     6  1  0.00453515     142
     7  1  0.00453515     142
     8  1  0.00453515     142
     9  1  0.00453515     142
    10  1  0.00453515     142
    11  1  0.00453515     142
    12  1  0.00453515     142
    13  1  0.00453515     142
    14  1  0.00453515     142
    15  1  0.00453515     142
    16  1  0.00453515     142
    17  1  0.00453515     142
    18  1  0.00453515     142
    19  1  0.00453515     141
    20  1  0.00453515     141
    21  1  0.00453515     141
    22  1  0.00453515     141
    23  1  0.00453515     141
    24  1  0.00453515     142
    25  1  0.00453515     142
    26  1  0.00453515     142
    27  1  0.00453515     142
    28  1  0.00453515     142
    29  1  0.00453515     142
    30  1  0.00453515     142
    31  1  0.00453515     142
    32  1  0.00453515     142
    33  1  0.00453515     142
    34  1  0.00453515     142
    35  1  0.00453515     142
    36  1  0.00453515     142
    37  1  0.00453515     142
    38  1  0.00453515     142
    39  1  0.00453515     142
    40  1  0.00453515     141
    41  1  0.00453515     141
    42  1  0.00453515     141
    43  1  0.00453515     141
    44  1  0.00453515     141
    45  1  0.00453515     141
    46  1  0.00453515     142
    47  1  0.00453515     142
    48  1  0.00453515     142
    49  1  0.00453515     142
    50  1  0.00453515     142
    51  1  0.00453515     142
    52  1  0.00453515     142
    53  1  0.00453515     142
    54  1  0.00453515     142
    55  1  0.00453515     142
    56  1  0.00453515     142
    57  1  0.00453515     142
    58  1  0.00453515     142
    59  1  0.00453515     142
    60  1  0.00453515     142
    61  1  0.00453515     141
    62  1  0.00453515     141
    63  1  0.00453515     141
    64  1  0.00453515     141
    65  1  0.00453515     141
    66  1  0.00453515     141
    67  1  0.00453515     142
    68  1  0.00453515     142
    69  1  0.00453515     142
    70  1  0.00453515     142
    71  1  0.00453515     142
    72  1  0.00453515     142
    73  1  0.00453515     142
    74  1  0.00453515     142
    75  1  0.00453515     142
    76  1  0.00453515     142
    77  1  0.00453515     142
    78  1  0.00453515     142
    79  1  0.00453515     142
    80  1  0.00453515     142
    81  1  0.00453515     142
    82  1  0.00453515     141
    83  1  0.00453515     141
    84  1  0.00453515     141
    85  1  0.00453515     141
    86  1  0.00453515     141
    87  1  0.00453515     141
    88  1  0.00453515     142
    89  1  0.00453515     142
    90  1  0.00453515     142
    91  1  0.00453515     142
    92  1  0.00453515     142
    93  1  0.00453515     142
    94  1  0.00453515     142
    95  1  0.00453515     142
    96  1  0.00453515     142
    97  1  0.00453515     142
    98  1  0.00453515     142
    99  1  0.00453515     142
   100  1  0.00453515     142
   101  1  0.00453515     142
   102  1  0.00453515     142
   103  1  0.00453515     141
   104  1  0.00453515     141
   105  1  0.00453515     141
   106  1  0.00453515     141
   107  1  0.00453515     141
   108  1  0.00453515     141
   109  1  0.00453515     141
   110  1  0.00453515     142
   111  1  0.00453515     142
   112  1  0.00453515     142
   113  1  0.00453515     142
   114  1  0.00453515     142
   115  1  0.00453515     142
   116  1  0.00453515     142
   117  1  0.00453515     142
   118  1  0.00453515     142
   119  1  0.00453515     142
   120  1  0.00453515     142
   121  1  0.00453515     142
   122  1  0.00453515     142
   123  1  0.00453515     142
   124  1  0.00453515     141
   125  1  0.00453515     141
   126  1  0.00453515     141
   127  1  0.00453515     141
   128  1  0.00453515     141
   129  1  0.00453515     141
   130  1  0.00453515     141
   131  1  0.00453515     142
   132  1  0.00453515     142
   133  1  0.00453515     142
   134  1  0.00453515     142
   135  1  0.00453515     142
   136  1  0.00453515     142
   137  1  0.00453515     142
   138  1  0.00453515     142
   139  1  0.00453515     142
   140  1  0.00453515     142
   141  1  0.00453515     142
   142  1  0.00453515     142
   143  1  0.00453515     142
   144  1  0.00453515     141
   145  1  0.00453515     141
   146  1  0.00453515     141
   147  1  0.00453515     141
   148  1  0.00453515     141
   149  1  0.00453515     141
   150  1  0.00453515     141
   151  1  0.00453515     141
   152  1  0.00453515     142
   153  1  0.00453515     142
   154  1  0.00453515     142
   155  1  0.00453515     142
   156  1  0.00453515     142
   157  1  0.00453515     142
   158  1  0.00453515     142
   159  1  0.00453515     142
   160  1  0.00453515     142
   161  1  0.00453515     142
   162  1  0.00453515     142
   163  1  0.00453515     142
   164  1  0.00453515     142
   165  1  0.00453515     141
   166  1  0.00453515     141
   167  1  0.00453515     141
   168  1  0.00453515     141
   169  1  0.00453515     142
   170  1  0.00453515     142
   171  1  0.00453515     142
   172  1  0.00453515     142
   173  1  0.00453515     143
   174  1  0.00453515     143
   175  1  0.00453515     143
   176  1  0.00453515     142
   177  1  0.00453515     142
   178  1  0.00453515     142
   179  1  0.00453515     143
   180  1  0.00453515     143
   181  1  0.00453515     143
   182  1  0.00453515     143
   183  1  0.00453515     143
   184  1  0.00453515     143
   185  1  0.00453515     142
   186  1  0.00453515     142
   187  1  0.00453515     142
   188  1  0.00453515     142
   189  1  0.00453515     142
   190  1  0.00453515     142
   191  1  0.00453515     142
   192  1  0.00453515     142
   193  1  0.00453515     142
   194  1  0.00453515     143
   195  1  0.00453515     143
   196  1  0.00453515     143
   197  1  0.00453515     143
   198  1  0.00453515     143
   199  1  0.00453515     143
   200  1  0.00453515     143
   201  1  0.00453515     143
   202  1  0.00453515     143
   203  1  0.00453515     143
   204  1  0.00453515     143
   205  1  0.00453515     143
   206  1  0.00453515     142
   207  1  0.00453515     142
   208  1  0.00453515     142
   209  1  0.00453515     142
   210  1  0.00453515     142
   211  1  0.00226757     142
   212  1  0.00226757     142
   213  1  0.00226757     142
   214  1  0.00226757     142
   215  1  0.00226757     142
   216  1  0.00226757     142
   217  1  0.00226757     142
   218  1  0.00226757     143
   219  1  0.00226757     143
   220  1  0.00226757     143
   221  1  0.00226757     143
   222  1  0.00226757     143
   223  1  0.00226757     143
   224  1  0.00226757     142
   225  1  0.00226757     142
   226  1  0.00226757     142
   227  1  0.00226757     142
   228  1  0.00226757     142
   229  1  0.00226757     142
   230  1  0.00226757     142
   231  1  0.00226757     142
