     1  1  0.00453515     159
     2  1  0.00453515     159
     3  1  0.00453515     159
     4  1  0.00453515     159
     5  1  0.00453515     159
     6  1  0.00453515     159
     7  1  0.00453515     159
     8  1  0.00453515     159
     9  1  0.00453515     159
    10  1  0.00453515     159
    11  1  0.00453515     159
    12  1  0.00453515     159
    13  1  0.00453515     159
    14  1  0.00453515     159
    15  1  0.00453515     159
    16  1  0.00453515     159
    17  1  0.00453515     159
    18  1  0.00453515     159
    19  1  0.00453515     159
    20  1  0.00453515     159
    21  1  0.00453515     159
    22  1  0.00453515     159
    23  1  0.00453515     159
    24  1  0.00453515     159
    25  1  0.00453515     159
    26  1  0.00453515     159
    27  1  0.00453515     159
    28  1  0.00453515     159
    29  1  0.00453515     159
    30  1  0.00453515     159
    31  1  0.00453515     159
    32  1  0.00453515     159
    33  1  0.00453515     159
    34  1  0.00453515     159
    35  1  0.00453515     159
    36  1  0.00453515     159
    37  1  0.00453515     159
    38  1  0.00453515     159
    39  1  0.00453515     159
    40  1  0.00453515     159
    41  1  0.00453515     159
    42  1  0.00453515     159
    43  1  0.00453515     159
    44  1  0.00453515     159
    45  1  0.00453515     159
    46  1  0.00453515     159
    47  1  0.00453515     159
    48  1  0.00453515     159
    49  1  0.00453515     159
    50  1  0.00453515     159
    51  1  0.00453515     159
    52  1  0.00453515     159
    53  1  0.00453515     159
    54  1  0.00453515     159
    55  1  0.00453515     159
    56  1  0.00453515     159
    57  1  0.00453515     159
    58  1  0.00453515     159
    59  1  0.00453515     159
    60  1  0.00453515     159
    61  1  0.00453515     159
    62  1  0.00453515     159
    63  1  0.00453515     159
    64  1  0.00453515     159
    65  1  0.00453515     159
    66  1  0.00453515     159
    67  1  0.00453515     159
    68  1  0.00453515     159
    69  1  0.00453515     159
    70  1  0.00453515     159
    71  1  0.00453515     159
    72  1  0.00453515     158
    73  1  0.00453515     158
    74  1  0.00453515     158
    75  1  0.00453515     158
    76  1  0.00453515     158
    77  1  0.00453515     158
    78  1  0.00453515     158
    79  1  0.00453515     159
    80  1  0.00453515     159
    81  1  0.00453515     159
    82  1  0.00453515     159
    83  1  0.00453515     159
    84  1  0.00453515     159
    85  1  0.00453515     158
    86  1  0.00453515     158
    87  1  0.00453515     158
    88  1  0.00453515     158
    89  1  0.00453515     158
    90  1  0.00453515     158
    91  1  0.00453515     158
    92  1  0.00453515     158
    93  1  0.00453515     158
    94  1  0.00453515     158
    95  1  0.00453515     158
    96  1  0.00453515     158
    97  1  0.00453515     158
    98  1  0.00453515     158
    99  1  0.00453515     158
   100  1  0.00453515     158
   101  1  0.00453515     158
   102  1  0.00453515     158
   103  1  0.00453515     158
   104  1  0.00453515     158
   105  1  0.00453515     158
   106  1  0.00453515     159
   107  1  0.00453515     159
   108  1  0.00453515     159
   109  1  0.00453515     159
   110  1  0.00453515     159
   111  1  0.00453515     159
   112  1  0.00453515     159
   113  1  0.00453515     159
   114  1  0.00453515     159
   115  1  0.00453515     159
   116  1  0.00453515     159
   117  1  0.00453515     159
   118  1  0.00453515     159
   119  1  0.00453515     159
   120  1  0.00453515     159
   121  1  0.00453515     159
   122  1  0.00453515     159
   123  1  0.00453515     159
   124  1  0.00453515     159
   125  1  0.00453515     159
   126  1  0.00453515     159
   127  1  0.00453515     159
   128  1  0.00453515     159
   129  1  0.00453515     159
   130  1  0.00453515     159
   131  1  0.00453515     159
   132  1  0.00453515     159
   133  1  0.00453515     159
   134  1  0.00453515     159
   135  1  0.00453515     159
   136  1  0.00453515     159
   137  1  0.00453515     159
   138  1  0.00453515     159
   139  1  0.00453515     159
   140  1  0.00453515     159
   141  1  0.00453515     159
   142  1  0.00453515     159
   143  1  0.00453515     159
   144  1  0.00453515     159
   145  1  0.00453515     159
   146  1  0.00453515     159
   147  1  0.00453515     159
   148  1  0.00453515     159
   149  1  0.00453515     159
   150  1  0.00453515     159
   151  1  0.00453515     159
   152  1  0.00453515     159
   153  1  0.00453515     159
   154  1  0.00453515     159
   155  1  0.00453515     159
   156  1  0.00453515     159
   157  1  0.00453515     159
   158  1  0.00453515     159
   159  1  0.00453515     159
   160  1  0.00453515     159
   161  1  0.00453515     159
   162  1  0.00453515     159
   163  1  0.00453515     159
   164  1  0.00453515     159
   165  1  0.00453515     159
   166  1  0.00453515     159
   167  1  0.00453515     159
   168  1  0.00453515     159
   169  1  0.00453515     159
   170  1  0.00453515     159
   171  1  0.00453515     159
   172  1  0.00453515     159
   173  1  0.00453515     159
   174  1  0.00453515     159
   175  1  0.00453515     159
   176  1  0.00453515     159
   177  1  0.00453515     159
   178  1  0.00453515     159
   179  1  0.00453515     159
   180  1  0.00453515     159
   181  1  0.00453515     159
   182  1  0.00453515     159
   183  1  0.00453515     159
   184  1  0.00453515     159
   185  1  0.00453515     159
   186  1  0.00453515     159
   187  1  0.00453515     159
   188  1  0.00453515     159
   189  1  0.00453515     159
   190  1  0.00453515     159
   191  1  0.00453515     159
   192  1  0.00453515     159
   193  1  0.00453515     159
   194  1  0.00453515     159
   195  1  0.00453515     159
   196  1  0.00453515     159
   197  1  0.00453515     159
   198  1  0.00453515     159
   199  1  0.00453515     159
   200  1  0.00453515     159
   201  1  0.00453515     159
   202  1  0.00453515     159
   203  1  0.00453515     159
   204  1  0.00453515     159
   205  1  0.00453515     159
   206  1  0.00453515     159
   207  1  0.00453515     159
   208  1  0.00453515     159
   209  1  0.00453515     159
   210  1  0.00453515     159
   211  1  0.00226757     159
   212  1  0.00226757     159
   213  1  0.00226757     159
   214  1  0.00226757     159
   215  1  0.00226757     159
   216  1  0.00226757     159
   217  1  0.00226757     159
   218  1  0.00226757     159
   219  1  0.00226757     159
   220  1  0.00226757     159
   221  1  0.00226757     159
   222  1  0.00226757     159
   223  1  0.00226757     159
   224  1  0.00226757     159
   225  1  0.00226757     159
   226  1  0.00226757     159
   227  1  0.00226757     159
   228  1  0.00226757     159
   229  1  0.00226757     159
   230  1  0.00226757     159
   231  1  0.00226757     159
