              -1013.0848689642
          0.000175501      -0.000001406       0.000000000
         -0.000001406       0.000224117       0.000000000
          0.000000000       0.000000000       0.000001691
          72
  1     7      -0.000556540       0.030500513       0.000000000  N
  1     7       0.001868564      -0.029826403       0.000000000  N
  1     7       0.000370272       0.030393637       0.000000000  N
  1     7      -0.001055739       0.030509296       0.000000000  N
  1     7       0.000549214      -0.030261486       0.000000000  N
  1     7       0.001494012      -0.030427367       0.000000000  N
  1     7       0.000592440      -0.030262442       0.000000000  N
  1     7      -0.000203255       0.031132044       0.000000000  N
  1     7       0.000410026       0.031106150       0.000000000  N
  1     7       0.000520368      -0.030186554       0.000000000  N
  1     7       0.000412557      -0.030319598       0.000000000  N
  1     7      -0.000161523       0.031043821       0.000000000  N
  1     7       0.001924282      -0.029840545       0.000000000  N
  1     7       0.000250882       0.030987071       0.000000000  N
  1     7      -0.000691277       0.031170252       0.000000000  N
  1     7       0.000608700      -0.030215515       0.000000000  N
  1     7       0.000426929      -0.029614576       0.000000000  N
  1     7       0.000234304       0.031063863       0.000000000  N
  2     6       0.009265798       0.012223142       0.000000000  C
  2     6      -0.008583987      -0.012630857       0.000000000  C
  2     6       0.000355117      -0.022188997       0.000000000  C
  2     6      -0.008312045       0.012579479       0.000000000  C
  2     6       0.009250176      -0.012713299       0.000000000  C
  2     6       0.000417216       0.021933419       0.000000000  C
  2     6       0.000368366      -0.022337479       0.000000000  C
  2     6      -0.008702353       0.012466387       0.000000000  C
  2     6       0.009231302      -0.012676428       0.000000000  C
  2     6       0.000383277       0.021921940       0.000000000  C
  2     6       0.009215005      -0.012513756       0.000000000  C
  2     6      -0.000234575       0.022963626       0.000000000  C
  2     6       0.000426014      -0.023072660       0.000000000  C
  2     6      -0.009165565       0.012403362       0.000000000  C
  2     6       0.009351462       0.012340385       0.000000000  C
  2     6       0.000597855      -0.023050828       0.000000000  C
  2     6      -0.007856692       0.012432969       0.000000000  C
  2     6       0.009155717       0.012263727       0.000000000  C
  2     6       0.000565860      -0.023100479       0.000000000  C
  2     6      -0.008720967       0.012413728       0.000000000  C
  2     6      -0.009183012      -0.012626626       0.000000000  C
  2     6       0.009142098      -0.012649733       0.000000000  C
  2     6      -0.000121175       0.022144364       0.000000000  C
  2     6      -0.008551013      -0.012906245       0.000000000  C
  2     6       0.007918890      -0.012568383       0.000000000  C
  2     6      -0.000260202       0.022190071       0.000000000  C
  2     6      -0.008645726      -0.012920714       0.000000000  C
  2     6       0.009259117       0.012525723       0.000000000  C
  2     6       0.000331386      -0.022285150       0.000000000  C
  2     6      -0.009130270       0.012593274       0.000000000  C
  2     6       0.010740378       0.012139822       0.000000000  C
  2     6      -0.000746850      -0.021978908       0.000000000  C
  2     6      -0.009305948       0.012567228       0.000000000  C
  2     6      -0.009193147      -0.012702484       0.000000000  C
  2     6       0.009340570      -0.012707918       0.000000000  C
  2     6       0.000962865       0.021877496       0.000000000  C
  2     6      -0.010086828      -0.012532779       0.000000000  C
  2     6       0.009240954       0.012507842       0.000000000  C
  2     6       0.000458302      -0.022298594       0.000000000  C
  2     6      -0.007853118       0.012467792       0.000000000  C
  2     6      -0.007952907      -0.012956950       0.000000000  C
  2     6       0.007890282      -0.012516209       0.000000000  C
  2     6      -0.000408577       0.022934130       0.000000000  C
  2     6       0.009329882       0.012496528       0.000000000  C
  2     6       0.009165131      -0.012700518       0.000000000  C
  2     6      -0.000121806       0.022149665       0.000000000  C
  2     6       0.009150055       0.012486033       0.000000000  C
  2     6      -0.008722728      -0.012908246       0.000000000  C
  2     6       0.000316968      -0.022271994       0.000000000  C
  2     6      -0.009109310       0.012519104       0.000000000  C
  2     6      -0.008705402      -0.012789783       0.000000000  C
  2     6       0.009335385       0.012428151       0.000000000  C
  2     6       0.007779702      -0.012489721       0.000000000  C
  2     6      -0.001055098       0.023206026       0.000000000  C
