     1  1  0.00295858     155
     2  1  0.00295858     155
     3  1  0.00295858     155
     4  1  0.00295858     155
     5  1  0.00295858     156
     6  1  0.00295858     157
     7  1  0.00295858     157
     8  1  0.00295858     157
     9  1  0.00295858     157
    10  1  0.00295858     158
    11  1  0.00295858     159
    12  1  0.00295858     159
    13  1  0.00147929     159
    14  1  0.00147929     155
    15  1  0.00295858     155
    16  1  0.00295858     155
    17  1  0.00295858     155
    18  1  0.00295858     155
    19  1  0.00295858     155
    20  1  0.00295858     156
    21  1  0.00295858     156
    22  1  0.00295858     157
    23  1  0.00295858     157
    24  1  0.00295858     157
    25  1  0.00295858     158
    26  1  0.00295858     159
    27  1  0.00295858     159
    28  1  0.00295858     159
    29  1  0.00295858     159
    30  1  0.00295858     159
    31  1  0.00295858     158
    32  1  0.00295858     158
    33  1  0.00295858     157
    34  1  0.00295858     156
    35  1  0.00295858     156
    36  1  0.00295858     155
    37  1  0.00295858     155
    38  1  0.00295858     155
    39  1  0.00295858     155
    40  1  0.00295858     155
    41  1  0.00295858     155
    42  1  0.00295858     155
    43  1  0.00295858     155
    44  1  0.00295858     155
    45  1  0.00295858     155
    46  1  0.00295858     156
    47  1  0.00295858     156
    48  1  0.00295858     156
    49  1  0.00295858     156
    50  1  0.00295858     156
    51  1  0.00295858     156
    52  1  0.00295858     158
    53  1  0.00295858     159
    54  1  0.00295858     159
    55  1  0.00295858     159
    56  1  0.00295858     159
    57  1  0.00295858     159
    58  1  0.00295858     157
    59  1  0.00295858     157
    60  1  0.00295858     157
    61  1  0.00295858     156
    62  1  0.00295858     156
    63  1  0.00295858     155
    64  1  0.00295858     155
    65  1  0.00295858     155
    66  1  0.00295858     155
    67  1  0.00295858     155
    68  1  0.00295858     155
    69  1  0.00295858     155
    70  1  0.00295858     155
    71  1  0.00295858     155
    72  1  0.00295858     155
    73  1  0.00295858     156
    74  1  0.00295858     156
    75  1  0.00295858     156
    76  1  0.00295858     156
    77  1  0.00295858     156
    78  1  0.00295858     156
    79  1  0.00295858     157
    80  1  0.00295858     158
    81  1  0.00295858     158
    82  1  0.00295858     158
    83  1  0.00295858     158
    84  1  0.00295858     157
    85  1  0.00295858     157
    86  1  0.00295858     157
    87  1  0.00295858     157
    88  1  0.00295858     156
    89  1  0.00295858     155
    90  1  0.00295858     155
    91  1  0.00295858     155
    92  1  0.00295858     155
    93  1  0.00295858     155
    94  1  0.00295858     155
    95  1  0.00295858     155
    96  1  0.00295858     155
    97  1  0.00295858     155
    98  1  0.00295858     155
    99  1  0.00295858     155
   100  1  0.00295858     156
   101  1  0.00295858     156
   102  1  0.00295858     156
   103  1  0.00295858     156
   104  1  0.00295858     156
   105  1  0.00295858     157
   106  1  0.00295858     156
   107  1  0.00295858     156
   108  1  0.00295858     157
   109  1  0.00295858     157
   110  1  0.00295858     158
   111  1  0.00295858     157
   112  1  0.00295858     157
   113  1  0.00295858     157
   114  1  0.00295858     157
   115  1  0.00295858     156
   116  1  0.00295858     155
   117  1  0.00295858     155
   118  1  0.00295858     155
   119  1  0.00295858     155
   120  1  0.00295858     155
   121  1  0.00295858     155
   122  1  0.00295858     155
   123  1  0.00295858     155
   124  1  0.00295858     155
   125  1  0.00295858     155
   126  1  0.00295858     156
   127  1  0.00295858     156
   128  1  0.00295858     156
   129  1  0.00295858     156
   130  1  0.00295858     155
   131  1  0.00295858     155
   132  1  0.00295858     156
   133  1  0.00295858     156
   134  1  0.00295858     156
   135  1  0.00295858     157
   136  1  0.00295858     157
   137  1  0.00295858     157
   138  1  0.00295858     157
   139  1  0.00295858     157
   140  1  0.00295858     157
   141  1  0.00295858     156
   142  1  0.00295858     156
   143  1  0.00295858     156
   144  1  0.00295858     155
   145  1  0.00295858     156
   146  1  0.00295858     155
   147  1  0.00295858     155
   148  1  0.00295858     155
   149  1  0.00295858     155
   150  1  0.00295858     155
   151  1  0.00295858     155
   152  1  0.00295858     155
   153  1  0.00295858     156
   154  1  0.00295858     156
   155  1  0.00295858     155
   156  1  0.00295858     155
   157  1  0.00295858     155
   158  1  0.00295858     155
   159  1  0.00295858     156
   160  1  0.00295858     156
   161  1  0.00295858     156
   162  1  0.00295858     157
   163  1  0.00295858     157
   164  1  0.00295858     156
   165  1  0.00295858     156
   166  1  0.00295858     156
   167  1  0.00295858     156
   168  1  0.00295858     156
   169  1  0.00295858     156
   170  1  0.00295858     156
   171  1  0.00295858     156
   172  1  0.00295858     156
   173  1  0.00295858     156
   174  1  0.00295858     156
   175  1  0.00295858     155
   176  1  0.00295858     155
   177  1  0.00295858     155
   178  1  0.00295858     155
   179  1  0.00295858     155
   180  1  0.00295858     155
   181  1  0.00295858     155
   182  1  0.00295858     155
   183  1  0.00295858     155
   184  1  0.00295858     155
   185  1  0.00295858     156
   186  1  0.00295858     156
   187  1  0.00295858     156
   188  1  0.00295858     156
   189  1  0.00295858     156
   190  1  0.00295858     157
   191  1  0.00295858     156
   192  1  0.00295858     156
   193  1  0.00295858     155
   194  1  0.00295858     155
   195  1  0.00295858     156
   196  1  0.00295858     156
   197  1  0.00295858     156
   198  1  0.00295858     156
   199  1  0.00295858     156
   200  1  0.00295858     156
   201  1  0.00295858     156
   202  1  0.00295858     156
   203  1  0.00295858     156
   204  1  0.00295858     156
   205  1  0.00295858     155
   206  1  0.00295858     154
   207  1  0.00295858     154
   208  1  0.00295858     155
   209  1  0.00295858     155
   210  1  0.00295858     155
   211  1  0.00295858     155
   212  1  0.00295858     156
   213  1  0.00295858     156
   214  1  0.00295858     156
   215  1  0.00295858     156
   216  1  0.00295858     156
   217  1  0.00295858     156
   218  1  0.00295858     155
   219  1  0.00295858     155
   220  1  0.00295858     155
   221  1  0.00295858     155
   222  1  0.00295858     155
   223  1  0.00295858     155
   224  1  0.00295858     155
   225  1  0.00295858     156
   226  1  0.00295858     156
   227  1  0.00295858     156
   228  1  0.00295858     156
   229  1  0.00295858     156
   230  1  0.00295858     156
   231  1  0.00295858     155
   232  1  0.00295858     155
   233  1  0.00295858     155
   234  1  0.00295858     155
   235  1  0.00295858     155
   236  1  0.00295858     155
   237  1  0.00295858     155
   238  1  0.00295858     156
   239  1  0.00295858     156
   240  1  0.00295858     156
   241  1  0.00295858     156
   242  1  0.00295858     156
   243  1  0.00295858     155
   244  1  0.00295858     155
   245  1  0.00295858     155
   246  1  0.00295858     155
   247  1  0.00295858     155
   248  1  0.00295858     155
   249  1  0.00295858     155
   250  1  0.00295858     155
   251  1  0.00295858     155
   252  1  0.00295858     156
   253  1  0.00295858     156
   254  1  0.00295858     156
   255  1  0.00295858     156
   256  1  0.00295858     156
   257  1  0.00295858     155
   258  1  0.00295858     155
   259  1  0.00295858     155
   260  1  0.00295858     155
   261  1  0.00295858     155
   262  1  0.00295858     155
   263  1  0.00295858     154
   264  1  0.00295858     155
   265  1  0.00295858     156
   266  1  0.00295858     156
   267  1  0.00295858     155
   268  1  0.00295858     155
   269  1  0.00295858     155
   270  1  0.00295858     155
   271  1  0.00295858     155
   272  1  0.00295858     155
   273  1  0.00295858     155
   274  1  0.00295858     155
   275  1  0.00295858     155
   276  1  0.00295858     155
   277  1  0.00295858     155
   278  1  0.00295858     155
   279  1  0.00295858     155
   280  1  0.00295858     156
   281  1  0.00295858     156
   282  1  0.00295858     156
   283  1  0.00295858     155
   284  1  0.00295858     155
   285  1  0.00295858     155
   286  1  0.00295858     155
   287  1  0.00295858     155
   288  1  0.00295858     155
   289  1  0.00295858     155
   290  1  0.00295858     154
   291  1  0.00295858     155
   292  1  0.00295858     155
   293  1  0.00295858     155
   294  1  0.00295858     155
   295  1  0.00295858     155
   296  1  0.00295858     155
   297  1  0.00295858     155
   298  1  0.00295858     155
   299  1  0.00295858     155
   300  1  0.00295858     155
   301  1  0.00295858     155
   302  1  0.00295858     155
   303  1  0.00295858     155
   304  1  0.00295858     155
   305  1  0.00295858     155
   306  1  0.00295858     155
   307  1  0.00295858     156
   308  1  0.00295858     156
   309  1  0.00295858     155
   310  1  0.00295858     155
   311  1  0.00295858     155
   312  1  0.00295858     155
   313  1  0.00295858     155
   314  1  0.00295858     155
   315  1  0.00295858     155
   316  1  0.00295858     155
   317  1  0.00295858     155
   318  1  0.00295858     155
   319  1  0.00295858     155
   320  1  0.00295858     155
   321  1  0.00295858     155
   322  1  0.00295858     155
   323  1  0.00295858     155
   324  1  0.00295858     155
   325  1  0.00295858     155
   326  1  0.00295858     155
   327  1  0.00147929     155
   328  1  0.00147929     155
   329  1  0.00147929     155
   330  1  0.00147929     155
   331  1  0.00147929     155
   332  1  0.00147929     155
   333  1  0.00147929     155
   334  1  0.00147929     155
   335  1  0.00147929     155
   336  1  0.00147929     155
   337  1  0.00147929     155
   338  1  0.00147929     155
   339  1  0.00147929     155
   340  1  0.00147929     155
   341  1  0.00147929     155
   342  1  0.00147929     155
   343  1  0.00147929     155
   344  1  0.00147929     155
   345  1  0.00147929     155
   346  1  0.00147929     155
   347  1  0.00147929     155
   348  1  0.00147929     155
   349  1  0.00147929     155
   350  1  0.00147929     155
   351  1  0.00147929     155
   352  1  0.00147929     155
