     1  1  0.00453515     160
     2  1  0.00453515     160
     3  1  0.00453515     160
     4  1  0.00453515     160
     5  1  0.00453515     160
     6  1  0.00453515     160
     7  1  0.00453515     160
     8  1  0.00453515     160
     9  1  0.00453515     160
    10  1  0.00453515     160
    11  1  0.00453515     160
    12  1  0.00453515     160
    13  1  0.00453515     160
    14  1  0.00453515     160
    15  1  0.00453515     160
    16  1  0.00453515     160
    17  1  0.00453515     160
    18  1  0.00453515     160
    19  1  0.00453515     160
    20  1  0.00453515     160
    21  1  0.00453515     160
    22  1  0.00453515     160
    23  1  0.00453515     160
    24  1  0.00453515     160
    25  1  0.00453515     160
    26  1  0.00453515     160
    27  1  0.00453515     160
    28  1  0.00453515     160
    29  1  0.00453515     160
    30  1  0.00453515     160
    31  1  0.00453515     160
    32  1  0.00453515     160
    33  1  0.00453515     160
    34  1  0.00453515     160
    35  1  0.00453515     160
    36  1  0.00453515     160
    37  1  0.00453515     160
    38  1  0.00453515     160
    39  1  0.00453515     160
    40  1  0.00453515     160
    41  1  0.00453515     160
    42  1  0.00453515     160
    43  1  0.00453515     160
    44  1  0.00453515     160
    45  1  0.00453515     160
    46  1  0.00453515     160
    47  1  0.00453515     160
    48  1  0.00453515     160
    49  1  0.00453515     160
    50  1  0.00453515     160
    51  1  0.00453515     160
    52  1  0.00453515     160
    53  1  0.00453515     160
    54  1  0.00453515     160
    55  1  0.00453515     160
    56  1  0.00453515     160
    57  1  0.00453515     160
    58  1  0.00453515     160
    59  1  0.00453515     160
    60  1  0.00453515     160
    61  1  0.00453515     160
    62  1  0.00453515     160
    63  1  0.00453515     160
    64  1  0.00453515     159
    65  1  0.00453515     159
    66  1  0.00453515     159
    67  1  0.00453515     159
    68  1  0.00453515     159
    69  1  0.00453515     159
    70  1  0.00453515     159
    71  1  0.00453515     159
    72  1  0.00453515     160
    73  1  0.00453515     160
    74  1  0.00453515     160
    75  1  0.00453515     160
    76  1  0.00453515     159
    77  1  0.00453515     159
    78  1  0.00453515     159
    79  1  0.00453515     159
    80  1  0.00453515     159
    81  1  0.00453515     159
    82  1  0.00453515     159
    83  1  0.00453515     159
    84  1  0.00453515     159
    85  1  0.00453515     159
    86  1  0.00453515     160
    87  1  0.00453515     160
    88  1  0.00453515     160
    89  1  0.00453515     160
    90  1  0.00453515     160
    91  1  0.00453515     160
    92  1  0.00453515     160
    93  1  0.00453515     160
    94  1  0.00453515     160
    95  1  0.00453515     160
    96  1  0.00453515     160
    97  1  0.00453515     160
    98  1  0.00453515     160
    99  1  0.00453515     159
   100  1  0.00453515     159
   101  1  0.00453515     159
   102  1  0.00453515     159
   103  1  0.00453515     159
   104  1  0.00453515     159
   105  1  0.00453515     159
   106  1  0.00453515     160
   107  1  0.00453515     160
   108  1  0.00453515     160
   109  1  0.00453515     160
   110  1  0.00453515     160
   111  1  0.00453515     160
   112  1  0.00453515     160
   113  1  0.00453515     160
   114  1  0.00453515     160
   115  1  0.00453515     160
   116  1  0.00453515     160
   117  1  0.00453515     160
   118  1  0.00453515     160
   119  1  0.00453515     160
   120  1  0.00453515     160
   121  1  0.00453515     160
   122  1  0.00453515     159
   123  1  0.00453515     159
   124  1  0.00453515     159
   125  1  0.00453515     160
   126  1  0.00453515     160
   127  1  0.00453515     160
   128  1  0.00453515     160
   129  1  0.00453515     160
   130  1  0.00453515     160
   131  1  0.00453515     160
   132  1  0.00453515     160
   133  1  0.00453515     160
   134  1  0.00453515     160
   135  1  0.00453515     160
   136  1  0.00453515     161
   137  1  0.00453515     161
   138  1  0.00453515     161
   139  1  0.00453515     161
   140  1  0.00453515     161
   141  1  0.00453515     161
   142  1  0.00453515     161
   143  1  0.00453515     161
   144  1  0.00453515     161
   145  1  0.00453515     160
   146  1  0.00453515     160
   147  1  0.00453515     160
   148  1  0.00453515     161
   149  1  0.00453515     161
   150  1  0.00453515     161
   151  1  0.00453515     161
   152  1  0.00453515     161
   153  1  0.00453515     161
   154  1  0.00453515     161
   155  1  0.00453515     161
   156  1  0.00453515     161
   157  1  0.00453515     161
   158  1  0.00453515     161
   159  1  0.00453515     161
   160  1  0.00453515     161
   161  1  0.00453515     161
   162  1  0.00453515     161
   163  1  0.00453515     161
   164  1  0.00453515     161
   165  1  0.00453515     161
   166  1  0.00453515     161
   167  1  0.00453515     161
   168  1  0.00453515     161
   169  1  0.00453515     161
   170  1  0.00453515     161
   171  1  0.00453515     161
   172  1  0.00453515     161
   173  1  0.00453515     161
   174  1  0.00453515     161
   175  1  0.00453515     161
   176  1  0.00453515     161
   177  1  0.00453515     161
   178  1  0.00453515     161
   179  1  0.00453515     161
   180  1  0.00453515     161
   181  1  0.00453515     161
   182  1  0.00453515     161
   183  1  0.00453515     161
   184  1  0.00453515     161
   185  1  0.00453515     161
   186  1  0.00453515     161
   187  1  0.00453515     161
   188  1  0.00453515     161
   189  1  0.00453515     161
   190  1  0.00453515     161
   191  1  0.00453515     161
   192  1  0.00453515     161
   193  1  0.00453515     161
   194  1  0.00453515     161
   195  1  0.00453515     161
   196  1  0.00453515     161
   197  1  0.00453515     161
   198  1  0.00453515     161
   199  1  0.00453515     161
   200  1  0.00453515     161
   201  1  0.00453515     161
   202  1  0.00453515     161
   203  1  0.00453515     161
   204  1  0.00453515     161
   205  1  0.00453515     161
   206  1  0.00453515     161
   207  1  0.00453515     161
   208  1  0.00453515     161
   209  1  0.00453515     161
   210  1  0.00453515     161
   211  1  0.00226757     161
   212  1  0.00226757     161
   213  1  0.00226757     161
   214  1  0.00226757     161
   215  1  0.00226757     161
   216  1  0.00226757     161
   217  1  0.00226757     161
   218  1  0.00226757     161
   219  1  0.00226757     161
   220  1  0.00226757     161
   221  1  0.00226757     161
   222  1  0.00226757     161
   223  1  0.00226757     161
   224  1  0.00226757     161
   225  1  0.00226757     161
   226  1  0.00226757     161
   227  1  0.00226757     161
   228  1  0.00226757     161
   229  1  0.00226757     161
   230  1  0.00226757     161
   231  1  0.00226757     161
