     1  1  0.00453515     145
     2  1  0.00453515     145
     3  1  0.00453515     145
     4  1  0.00453515     145
     5  1  0.00453515     145
     6  1  0.00453515     145
     7  1  0.00453515     145
     8  1  0.00453515     145
     9  1  0.00453515     145
    10  1  0.00453515     145
    11  1  0.00453515     145
    12  1  0.00453515     145
    13  1  0.00453515     145
    14  1  0.00453515     145
    15  1  0.00453515     145
    16  1  0.00453515     145
    17  1  0.00453515     145
    18  1  0.00453515     145
    19  1  0.00453515     145
    20  1  0.00453515     145
    21  1  0.00453515     145
    22  1  0.00453515     145
    23  1  0.00453515     145
    24  1  0.00453515     145
    25  1  0.00453515     145
    26  1  0.00453515     145
    27  1  0.00453515     145
    28  1  0.00453515     145
    29  1  0.00453515     145
    30  1  0.00453515     145
    31  1  0.00453515     145
    32  1  0.00453515     145
    33  1  0.00453515     145
    34  1  0.00453515     145
    35  1  0.00453515     145
    36  1  0.00453515     145
    37  1  0.00453515     145
    38  1  0.00453515     145
    39  1  0.00453515     145
    40  1  0.00453515     145
    41  1  0.00453515     145
    42  1  0.00453515     145
    43  1  0.00453515     146
    44  1  0.00453515     146
    45  1  0.00453515     146
    46  1  0.00453515     146
    47  1  0.00453515     146
    48  1  0.00453515     146
    49  1  0.00453515     146
    50  1  0.00453515     146
    51  1  0.00453515     146
    52  1  0.00453515     146
    53  1  0.00453515     146
    54  1  0.00453515     146
    55  1  0.00453515     146
    56  1  0.00453515     146
    57  1  0.00453515     146
    58  1  0.00453515     146
    59  1  0.00453515     146
    60  1  0.00453515     146
    61  1  0.00453515     146
    62  1  0.00453515     146
    63  1  0.00453515     146
    64  1  0.00453515     146
    65  1  0.00453515     146
    66  1  0.00453515     146
    67  1  0.00453515     146
    68  1  0.00453515     146
    69  1  0.00453515     146
    70  1  0.00453515     146
    71  1  0.00453515     146
    72  1  0.00453515     146
    73  1  0.00453515     146
    74  1  0.00453515     146
    75  1  0.00453515     146
    76  1  0.00453515     146
    77  1  0.00453515     146
    78  1  0.00453515     146
    79  1  0.00453515     146
    80  1  0.00453515     146
    81  1  0.00453515     146
    82  1  0.00453515     146
    83  1  0.00453515     146
    84  1  0.00453515     146
    85  1  0.00453515     146
    86  1  0.00453515     146
    87  1  0.00453515     146
    88  1  0.00453515     146
    89  1  0.00453515     146
    90  1  0.00453515     146
    91  1  0.00453515     146
    92  1  0.00453515     146
    93  1  0.00453515     146
    94  1  0.00453515     146
    95  1  0.00453515     146
    96  1  0.00453515     146
    97  1  0.00453515     146
    98  1  0.00453515     146
    99  1  0.00453515     146
   100  1  0.00453515     146
   101  1  0.00453515     146
   102  1  0.00453515     146
   103  1  0.00453515     146
   104  1  0.00453515     146
   105  1  0.00453515     146
   106  1  0.00453515     146
   107  1  0.00453515     146
   108  1  0.00453515     146
   109  1  0.00453515     146
   110  1  0.00453515     146
   111  1  0.00453515     146
   112  1  0.00453515     146
   113  1  0.00453515     146
   114  1  0.00453515     146
   115  1  0.00453515     146
   116  1  0.00453515     146
   117  1  0.00453515     146
   118  1  0.00453515     146
   119  1  0.00453515     146
   120  1  0.00453515     146
   121  1  0.00453515     146
   122  1  0.00453515     146
   123  1  0.00453515     146
   124  1  0.00453515     146
   125  1  0.00453515     146
   126  1  0.00453515     146
   127  1  0.00453515     146
   128  1  0.00453515     146
   129  1  0.00453515     146
   130  1  0.00453515     146
   131  1  0.00453515     146
   132  1  0.00453515     146
   133  1  0.00453515     146
   134  1  0.00453515     146
   135  1  0.00453515     146
   136  1  0.00453515     146
   137  1  0.00453515     146
   138  1  0.00453515     146
   139  1  0.00453515     146
   140  1  0.00453515     146
   141  1  0.00453515     146
   142  1  0.00453515     146
   143  1  0.00453515     146
   144  1  0.00453515     146
   145  1  0.00453515     146
   146  1  0.00453515     146
   147  1  0.00453515     146
   148  1  0.00453515     146
   149  1  0.00453515     146
   150  1  0.00453515     146
   151  1  0.00453515     146
   152  1  0.00453515     146
   153  1  0.00453515     146
   154  1  0.00453515     146
   155  1  0.00453515     146
   156  1  0.00453515     146
   157  1  0.00453515     146
   158  1  0.00453515     146
   159  1  0.00453515     146
   160  1  0.00453515     146
   161  1  0.00453515     146
   162  1  0.00453515     146
   163  1  0.00453515     146
   164  1  0.00453515     146
   165  1  0.00453515     146
   166  1  0.00453515     146
   167  1  0.00453515     146
   168  1  0.00453515     146
   169  1  0.00453515     146
   170  1  0.00453515     146
   171  1  0.00453515     146
   172  1  0.00453515     146
   173  1  0.00453515     146
   174  1  0.00453515     146
   175  1  0.00453515     146
   176  1  0.00453515     146
   177  1  0.00453515     146
   178  1  0.00453515     146
   179  1  0.00453515     146
   180  1  0.00453515     146
   181  1  0.00453515     146
   182  1  0.00453515     146
   183  1  0.00453515     146
   184  1  0.00453515     146
   185  1  0.00453515     146
   186  1  0.00453515     146
   187  1  0.00453515     146
   188  1  0.00453515     146
   189  1  0.00453515     146
   190  1  0.00453515     146
   191  1  0.00453515     146
   192  1  0.00453515     146
   193  1  0.00453515     146
   194  1  0.00453515     146
   195  1  0.00453515     146
   196  1  0.00453515     146
   197  1  0.00453515     146
   198  1  0.00453515     146
   199  1  0.00453515     146
   200  1  0.00453515     146
   201  1  0.00453515     146
   202  1  0.00453515     146
   203  1  0.00453515     146
   204  1  0.00453515     146
   205  1  0.00453515     146
   206  1  0.00453515     146
   207  1  0.00453515     146
   208  1  0.00453515     146
   209  1  0.00453515     146
   210  1  0.00453515     146
   211  1  0.00226757     146
   212  1  0.00226757     146
   213  1  0.00226757     146
   214  1  0.00226757     146
   215  1  0.00226757     146
   216  1  0.00226757     146
   217  1  0.00226757     146
   218  1  0.00226757     146
   219  1  0.00226757     146
   220  1  0.00226757     146
   221  1  0.00226757     146
   222  1  0.00226757     146
   223  1  0.00226757     146
   224  1  0.00226757     146
   225  1  0.00226757     146
   226  1  0.00226757     146
   227  1  0.00226757     146
   228  1  0.00226757     146
   229  1  0.00226757     146
   230  1  0.00226757     146
   231  1  0.00226757     146
