               -664.3857459364
         -0.003996692      -0.000042835       0.000000000
         -0.000042836      -0.015007284       0.000000000
          0.000000000       0.000000000      -0.000004897
          72
  1     5      -0.018261687       3.846518092       0.000000000  B
  1     5       0.016757982       3.845342002       0.000000000  B
  1     5       0.708814525      -0.118395341       0.000000000  B
  1     5       0.824785394     -11.207650319       0.000000000  B
  1     5      -0.705106292      -0.104568439       0.000000000  B
  1     5      -0.827850466     -11.211026219       0.000000000  B
  1     5       0.018183704      -3.846535770       0.000000000  B
  1     5       0.827615234      11.208942489       0.000000000  B
  1     5       0.703749394       0.104309147       0.000000000  B
  1     5       0.047978653      -0.065696173       0.000000000  B
  1     5      -0.017394598      -3.844307555       0.000000000  B
  1     5      -0.002096494      11.175603983       0.000000000  B
  1     5       0.002811515      -4.203351081       0.000000000  B
  1     5       0.603202313      15.734158580       0.000000000  B
  1     5       0.126961788      -0.073245072       0.000000000  B
  1     5      -0.824376669      11.204616209       0.000000000  B
  1     5      -0.710035979       0.118240205       0.000000000  B
  1     5      -0.625270545      15.708483250       0.000000000  B
  1     5      -0.145016450       0.040435783       0.000000000  B
  1     5       0.144820129      -0.041145909       0.000000000  B
  1     5      -0.048206986       0.065288149       0.000000000  B
  1     5      -0.127198080       0.073079547       0.000000000  B
  1     5       0.625548499     -15.710371954       0.000000000  B
  1     5      -0.602863109     -15.732882304       0.000000000  B
  1     5      -0.003474702       4.204254325       0.000000000  B
  1     5      -0.000001281     -11.176126575       0.000000000  B
  2     6      -0.008089092      21.414699964       0.000000000  C
  2     6       0.006565358      -4.917130089       0.000000000  C
  2     6      -0.487971008     -15.599793005       0.000000000  C
  2     6       0.508135457     -15.638489284       0.000000000  C
  2     6       0.090431923       0.046505977       0.000000000  C
  2     6       0.021275439      -0.004401658       0.000000000  C
  2     6       0.108695369       0.068133190       0.000000000  C
  2     6      -0.032844232       0.000734987       0.000000000  C
  2     6       0.488272001      15.597565436       0.000000000  C
  2     6       0.049256387       0.025194888       0.000000000  C
  2     6      -0.050538115      -0.149036424       0.000000000  C
  2     6       0.135820277       0.081569038       0.000000000  C
  2     6      -0.005264248       0.235373502       0.000000000  C
  2     6       0.006588488      -0.215651679       0.000000000  C
  2     6      -0.508616123      15.638600511       0.000000000  C
  2     6       0.903907670      -0.187939709       0.000000000  C
  2     6      -0.050924569      -0.059988418       0.000000000  C
  2     6       0.113052536       0.100810387       0.000000000  C
  2     6       0.003351800      -0.049549054       0.000000000  C
  2     6      -0.891949764      -0.198564297       0.000000000  C
  2     6      -0.004259421      21.743481368       0.000000000  C
  2     6      -0.133219052      -0.013686723       0.000000000  C
  2     6      -0.044457850       0.176768269       0.000000000  C
  2     6      -0.021690526       0.003754721       0.000000000  C
  2     6      -0.089941377      -0.046380796       0.000000000  C
  2     6       0.038343617       0.122742937       0.000000000  C
  2     6      -0.009758723      -0.042312887       0.000000000  C
  2     6       0.044703303      -0.177395039       0.000000000  C
  2     6       0.032882314      -0.000436619       0.000000000  C
  2     6      -0.108736762      -0.067838898       0.000000000  C
  2     6      -0.003736065       0.049750838       0.000000000  C
  2     6      -0.113450753      -0.101063764       0.000000000  C
  2     6      -0.006202312       0.215751073       0.000000000  C
  2     6       0.005818917      -0.235445673       0.000000000  C
  2     6      -0.135681405      -0.081989025       0.000000000  C
  2     6       0.009545193       0.041991378       0.000000000  C
  2     6      -0.039624970      -0.120211564       0.000000000  C
  2     6       0.131873743       0.014064627       0.000000000  C
  2     6       0.005159815     -21.743838680       0.000000000  C
  2     6       0.050834301       0.058094666       0.000000000  C
  2     6       0.890547037       0.198156429       0.000000000  C
  2     6      -0.905737969       0.188188768       0.000000000  C
  2     6       0.050721288       0.148726124       0.000000000  C
  2     6      -0.049505796      -0.024643227       0.000000000  C
  2     6      -0.005249523       4.915827281       0.000000000  C
  2     6       0.008133621     -21.414691661       0.000000000  C
