               -819.1534638330
         -0.000807738      -0.000005361       0.000000000
         -0.000005361      -0.000804788       0.000000000
          0.000000000       0.000000000      -0.000001712
          72
  1     6      -0.124059331      -0.074164303       0.000000000  C
  1     6       0.025002525      -0.048995091       0.000000000  C
  1     6       0.013447009      -0.130104085       0.000000000  C
  1     6       0.000463842       0.033553138       0.000000000  C
  1     6      -0.101152272       0.062576153       0.000000000  C
  1     6      -0.040261616      -0.023158102       0.000000000  C
  1     6       0.002926055       0.008213953       0.000000000  C
  1     6      -0.010460562       0.057188959       0.000000000  C
  1     6      -0.110754664       0.061339224       0.000000000  C
  1     6      -0.022335065       0.001764669       0.000000000  C
  1     6       0.021666135      -0.004762323       0.000000000  C
  1     6       0.003935940      -0.023796641       0.000000000  C
  1     6      -0.014465745      -0.127777453       0.000000000  C
  1     6       0.121104428      -0.085268238       0.000000000  C
  1     6       0.011601261      -0.037197141       0.000000000  C
  1     6      -0.002421908       0.029839328       0.000000000  C
  1     6      -0.134900890       0.060342714       0.000000000  C
  1     6       0.006574638       0.143279232       0.000000000  C
  1     6       0.114540024       0.063779349       0.000000000  C
  1     6      -0.000802660       0.018835694       0.000000000  C
  1     6       0.019843629      -0.038812242       0.000000000  C
  1     6       0.005667085       0.132071943       0.000000000  C
  1     6      -0.015149763      -0.124369054       0.000000000  C
  1     6      -0.000187372      -0.000357906       0.000000000  C
  1     6      -0.004773717      -0.018366974       0.000000000  C
  1     6      -0.009824754      -0.019884069       0.000000000  C
  1     6       0.002505055      -0.115571168       0.000000000  C
  1     6      -0.014268686      -0.032354125       0.000000000  C
  1     6      -0.005742028       0.008029191       0.000000000  C
  1     6       0.036165544      -0.025741286       0.000000000  C
  1     6       0.005799814      -0.135328766       0.000000000  C
  1     6       0.113401709       0.060171804       0.000000000  C
  1     6      -0.003145614       0.060950352       0.000000000  C
  1     6      -0.111906261       0.055758108       0.000000000  C
  1     6       0.106380922       0.060807429       0.000000000  C
  1     6       0.005564900       0.041569394       0.000000000  C
  1     6      -0.108832331       0.060202787       0.000000000  C
  1     6       0.042282803      -0.019722684       0.000000000  C
  1     6       0.000489253      -0.124051538       0.000000000  C
  1     6      -0.037991705      -0.015475088       0.000000000  C
  1     6      -0.003257093       0.000493289       0.000000000  C
  1     6       0.035532728      -0.021882719       0.000000000  C
  1     6       0.001457206      -0.122110206       0.000000000  C
  1     6       0.109435998       0.057500607       0.000000000  C
  1     6      -0.009873574       0.037901835       0.000000000  C
  1     6      -0.108167276       0.080439090       0.000000000  C
  1     6       0.010887142      -0.010139822       0.000000000  C
  1     6      -0.018538244       0.033497300       0.000000000  C
  1     6      -0.024176132      -0.029770045       0.000000000  C
  1     6       0.020623475       0.033242459       0.000000000  C
  1     6       0.112965927       0.060289552       0.000000000  C
  1     6      -0.035524435      -0.020415070       0.000000000  C
  1     6       0.000452592      -0.001363406       0.000000000  C
  1     6       0.118196847       0.064874342       0.000000000  C
  1     6       0.035972512      -0.018304757       0.000000000  C
  1     6      -0.001995762      -0.120361092       0.000000000  C
  1     6       0.001374489       0.039444289       0.000000000  C
  1     6      -0.122698126       0.063181802       0.000000000  C
  1     6       0.030062252      -0.014513576       0.000000000  C
  1     6      -0.013768658       0.008624125       0.000000000  C
  1     6       0.111010713       0.066808726       0.000000000  C
  1     6      -0.050615620      -0.025558526       0.000000000  C
  1     6       0.018526045       0.008849007       0.000000000  C
  2     5      -0.010142512      -0.004246468       0.000000000  B
  2     5       0.002607202       0.014247175       0.000000000  B
  2     5       0.001279653       0.016491397       0.000000000  B
  2     5       0.006627450       0.001448122       0.000000000  B
  2     5      -0.001824932      -0.005407788       0.000000000  B
  2     5       0.000370159       0.003165816       0.000000000  B
  2     5       0.002447238       0.001283512       0.000000000  B
  2     5       0.000073761       0.002174263       0.000000000  B
  2     5       0.002384588      -0.000231887       0.000000000  B
