               -850.2018739568
         -0.000367161      -0.000002798       0.000000000
         -0.000002798      -0.000361201       0.000000000
          0.000000000       0.000000000      -0.000000322
          72
  1     5      -0.000211059      -0.001045390       0.000000000  B
  1     5       0.000651546      -0.000241311       0.000000000  B
  2     6       0.112887377       0.065143430       0.000000000  C
  2     6       0.001269678       0.000665420       0.000000000  C
  2     6      -0.000993112       0.001873331       0.000000000  C
  2     6       0.001472483      -0.000066187       0.000000000  C
  2     6       0.000691860      -0.002578389       0.000000000  C
  2     6       0.000655013      -0.001702219       0.000000000  C
  2     6       0.000390179      -0.000011331       0.000000000  C
  2     6       0.000323866      -0.009970719       0.000000000  C
  2     6       0.002659778       0.001361756       0.000000000  C
  2     6      -0.021571966      -0.009531285       0.000000000  C
  2     6       0.000471483       0.012236904       0.000000000  C
  2     6      -0.000603837       0.000596760       0.000000000  C
  2     6      -0.000163159       0.000848442       0.000000000  C
  2     6       0.003411871       0.022270570       0.000000000  C
  2     6       0.002178777      -0.009857144       0.000000000  C
  2     6       0.002601234      -0.002292486       0.000000000  C
  2     6      -0.006498897      -0.001737998       0.000000000  C
  2     6       0.000497374       0.000110184       0.000000000  C
  2     6       0.007917552      -0.001919579       0.000000000  C
  2     6      -0.003324519      -0.002094653       0.000000000  C
  2     6      -0.002445864      -0.009909374       0.000000000  C
  2     6      -0.002627319       0.022208841       0.000000000  C
  2     6      -0.112445365       0.064881625       0.000000000  C
  2     6       0.021657800      -0.009279795       0.000000000  C
  2     6      -0.007547923       0.007003704       0.000000000  C
  2     6       0.009120523       0.004651002       0.000000000  C
  2     6      -0.010991136      -0.006225905       0.000000000  C
  2     6       0.020118691      -0.011770529       0.000000000  C
  2     6       0.000826141      -0.133570637       0.000000000  C
  2     6      -0.021053378      -0.011385320       0.000000000  C
  2     6       0.010832122      -0.006219824       0.000000000  C
  2     6      -0.008578968       0.004643182       0.000000000  C
  2     6       0.007320817       0.006975886       0.000000000  C
  2     6      -0.000081759       0.002141089       0.000000000  C
  2     6      -0.004842918      -0.004547765       0.000000000  C
  2     6       0.000444402       0.022170699       0.000000000  C
  2     6      -0.116035120       0.066978860       0.000000000  C
  2     6       0.117520650       0.066810062       0.000000000  C
  2     6      -0.001070886       0.022572797       0.000000000  C
  2     6       0.004484340      -0.004579994       0.000000000  C
  2     6       0.000812211      -0.000897683       0.000000000  C
  2     6       0.001646879       0.006606366       0.000000000  C
  2     6      -0.019123753      -0.011989357       0.000000000  C
  2     6       0.001109050       0.012696843       0.000000000  C
  2     6       0.018303341      -0.011624578       0.000000000  C
  2     6      -0.001859333       0.006558875       0.000000000  C
  2     6      -0.002183209      -0.001711686       0.000000000  C
  2     6      -0.009764675       0.003093737       0.000000000  C
  2     6       0.000318977      -0.010606357       0.000000000  C
  2     6       0.011151997       0.002804599       0.000000000  C
  2     6       0.019770731      -0.015044654       0.000000000  C
  2     6       0.001034176      -0.128950385       0.000000000  C
  2     6      -0.020064704      -0.014629099       0.000000000  C
  2     6       0.010211079      -0.005196983       0.000000000  C
  2     6       0.000063658       0.001902754       0.000000000  C
  2     6      -0.002224737       0.001581394       0.000000000  C
  2     6      -0.000872129      -0.001113499       0.000000000  C
  2     6       0.000063316       0.000178880       0.000000000  C
  2     6       0.001064786      -0.001504048       0.000000000  C
  2     6      -0.000069435      -0.002488572       0.000000000  C
  2     6      -0.000060315      -0.001638959       0.000000000  C
  2     6      -0.000072071       0.000799915       0.000000000  C
  2     6      -0.000913854      -0.000147342       0.000000000  C
  2     6       0.000516371      -0.000293740       0.000000000  C
  2     6      -0.007928015       0.004417894       0.000000000  C
  2     6       0.002140416       0.002092269       0.000000000  C
  2     6       0.000261723      -0.000428098       0.000000000  C
  2     6      -0.000649238      -0.000282039       0.000000000  C
  2     6       0.006874744       0.004666676       0.000000000  C
  2     6      -0.011415054      -0.004938690       0.000000000  C
