               -909.3904671915
         -0.004377384      -0.000024266       0.000000000
         -0.000024266      -0.020973247       0.000000000
          0.000000000       0.000000000      -0.000000203
          72
  1     7      -1.057743586     -25.794452250       0.000000000  N
  1     7       1.035513378     -25.671914664       0.000000000  N
  1     7       1.263284095      -0.320229967       0.000000000  N
  1     7      -0.004135078       0.024889767       0.000000000  N
  1     7      -0.023909146      -0.103501633       0.000000000  N
  1     7      -1.154414763      -0.358415179       0.000000000  N
  1     7      -0.070438058       0.169238543       0.000000000  N
  1     7       0.083109470       0.022419246       0.000000000  N
  1     7       0.033157390       0.000669698       0.000000000  N
  1     7       0.008313908       0.044271492       0.000000000  N
  1     7       0.007084439       0.086605303       0.000000000  N
  1     7      -0.004894071       0.016250926       0.000000000  N
  1     7      -0.034415067      -0.020860762       0.000000000  N
  1     7      -0.026725862      -0.030980798       0.000000000  N
  1     7      -0.028438064       4.890038340       0.000000000  N
  1     7       0.001683264       4.173763621       0.000000000  N
  1     7      -0.038661889     -25.124296860       0.000000000  N
  2     6       0.006834037      21.348419922       0.000000000  C
  2     6      -0.017883734      -4.881436122       0.000000000  C
  2     6      -0.030779908       4.442909270       0.000000000  C
  2     6       0.000942369       4.458210381       0.000000000  C
  2     6       1.033263466       0.241004006       0.000000000  C
  2     6       1.399700049     -21.337757775       0.000000000  C
  2     6       0.065675142      -0.020487294       0.000000000  C
  2     6      -0.119296680       0.059581460       0.000000000  C
  2     6       0.037162828       0.073983221       0.000000000  C
  2     6      -0.021473926       0.000030832       0.000000000  C
  2     6      -1.013666722       0.219378851       0.000000000  C
  2     6      -1.462687280     -21.405007607       0.000000000  C
  2     6       0.150047174      21.186577824       0.000000000  C
  2     6      -0.174275807      -4.834431803       0.000000000  C
  2     6       0.983717419      21.373239881       0.000000000  C
  2     6      -0.059997646      -0.015405155       0.000000000  C
  2     6       0.028483551      -0.021941760       0.000000000  C
  2     6      -0.030967169      -0.019787125       0.000000000  C
  2     6       0.023902110      -0.090716573       0.000000000  C
  2     6       0.002970188       0.267874930       0.000000000  C
  2     6      -0.025168569      -0.227221210       0.000000000  C
  2     6      -0.194830785      21.239609573       0.000000000  C
  2     6       0.087474935      -4.827492370       0.000000000  C
  2     6       0.122005309      21.300466104       0.000000000  C
  2     6      -0.023805229      -4.846946937       0.000000000  C
  2     6      -0.260358578      26.524384524       0.000000000  C
  2     6       0.957432896      -0.143819792       0.000000000  C
  2     6      -0.071011150       0.136765696       0.000000000  C
  2     6      -0.023364816       0.054786976       0.000000000  C
  2     6      -0.811403743      21.350682502       0.000000000  C
  2     6       0.290587040      26.689728934       0.000000000  C
  2     6      -0.948685355      -0.187826859       0.000000000  C
  2     6       0.035432899      26.705512179       0.000000000  C
  2     6      -0.011040849      -0.025901699       0.000000000  C
  2     6       0.069836324       0.004195917       0.000000000  C
  2     6       0.037332857      -0.004298357       0.000000000  C
  2     6      -0.043311770       0.073125593       0.000000000  C
  2     6      -0.088916969      -0.004195212       0.000000000  C
  2     6      -0.043814026      -0.005579591       0.000000000  C
  2     6      -0.009612220      -0.146455548       0.000000000  C
  2     6       0.025900532      -0.035385930       0.000000000  C
  2     6       0.029086619       0.178871934       0.000000000  C
  2     6      -0.002177245      -0.235352915       0.000000000  C
  2     6       0.021999062       0.044903970       0.000000000  C
  2     6       0.035328534       0.073662080       0.000000000  C
  2     6      -0.058001918      -0.107774201       0.000000000  C
  2     6       0.021697635       0.004354408       0.000000000  C
  2     6      -0.018237086     -21.961747935       0.000000000  C
  2     6       0.060724159      -0.094402916       0.000000000  C
  2     6       0.949366676       0.192100974       0.000000000  C
  2     6       0.940374686     -21.923883163       0.000000000  C
  2     6      -0.974589610       0.189812382       0.000000000  C
  2     6      -0.840772554     -21.959364133       0.000000000  C
  2     6       0.063627151      -0.009952304       0.000000000  C
  2     6      -0.094729685     -21.062112508       0.000000000  C
