               -967.8292268114
         -0.004337514      -0.000030215       0.000000000
         -0.000030213      -0.024249220       0.000000000
          0.000000000       0.000000000      -0.000000534
          72
  1     7      -0.003895741       4.244910738       0.000000000  N
  1     7      -1.035947103     -25.604214139       0.000000000  N
  1     7       0.005320194       4.172857368       0.000000000  N
  1     7       1.022262632     -25.601201922       0.000000000  N
  1     7       1.189771895       0.244158596       0.000000000  N
  1     7       0.954818679     -25.516911138       0.000000000  N
  1     7       0.131463748       0.017762401       0.000000000  N
  1     7       0.030443443      -0.134099395       0.000000000  N
  1     7      -1.307396593       0.176877444       0.000000000  N
  1     7      -0.969924330     -25.537194085       0.000000000  N
  1     7      -0.079559581      -0.095239215       0.000000000  N
  1     7       0.030380198      -0.120196087       0.000000000  N
  1     7       0.013891697       0.219153713       0.000000000  N
  1     7       0.019791997     -26.883600471       0.000000000  N
  1     7      -0.012511630      -0.018100923       0.000000000  N
  1     7      -0.022809418      -0.113847521       0.000000000  N
  1     7       1.261831241       0.432346987       0.000000000  N
  1     7       0.037222270     -26.436623225       0.000000000  N
  1     7      -1.261219088       0.430975330       0.000000000  N
  1     7      -0.056657393     -26.344186292       0.000000000  N
  1     7       0.008616413       4.055776501       0.000000000  N
  1     7       0.007322360     -25.892423998       0.000000000  N
  1     7      -0.004031921       4.208541155       0.000000000  N
  1     7       0.009318840     -25.078324161       0.000000000  N
  2     6      -0.012338800      24.779505873       0.000000000  C
  2     6      -0.014776532      -4.520552233       0.000000000  C
  2     6       0.049854079       0.091376662       0.000000000  C
  2     6      -0.069854331       0.095663199       0.000000000  C
  2     6       0.817870832      25.491899898       0.000000000  C
  2     6      -0.070709034      -4.466370740       0.000000000  C
  2     6       0.848871847      25.598540777       0.000000000  C
  2     6       1.021185917      -0.142188546       0.000000000  C
  2     6      -0.104986965      -0.051652222       0.000000000  C
  2     6       0.053171918      -0.004186332       0.000000000  C
  2     6      -0.038965773       0.009541339       0.000000000  C
  2     6       0.071108086      -0.100812552       0.000000000  C
  2     6      -0.000469625       0.292335866       0.000000000  C
  2     6      -0.011861821      -0.262690424       0.000000000  C
  2     6      -0.819619132      25.447550676       0.000000000  C
  2     6       0.076315177      -4.497086462       0.000000000  C
  2     6       0.009669400      26.309151278       0.000000000  C
  2     6       0.016163184      -4.444844303       0.000000000  C
  2     6      -0.081569041      26.684088223       0.000000000  C
  2     6       0.963485265      -0.164259139       0.000000000  C
  2     6      -0.063126954       0.111929561       0.000000000  C
  2     6       0.012867328       0.018969657       0.000000000  C
  2     6      -0.017884310       0.035061428       0.000000000  C
  2     6      -0.010643412      -0.035409756       0.000000000  C
  2     6      -0.816355207      25.579670903       0.000000000  C
  2     6      -1.029149826      -0.143568892       0.000000000  C
  2     6       0.084814531      26.666549174       0.000000000  C
  2     6      -0.961914972      -0.169306582       0.000000000  C
  2     6      -0.011536982      26.646104478       0.000000000  C
  2     6      -0.031783660       0.029451967       0.000000000  C
  2     6       0.031058617       0.031429637       0.000000000  C
  2     6       0.025388760      -0.027691283       0.000000000  C
  2     6       0.101275640      -0.050180217       0.000000000  C
  2     6      -0.063657903       0.004643764       0.000000000  C
  2     6       0.074992437       0.142987213       0.000000000  C
  2     6      -0.026060661      -0.001938869       0.000000000  C
  2     6       0.006607423       0.034480303       0.000000000  C
  2     6       0.044363508      -0.016219780       0.000000000  C
  2     6      -0.067038161      -0.071670588       0.000000000  C
  2     6       0.022334309       0.037480955       0.000000000  C
  2     6       0.032423445      -0.017978066       0.000000000  C
  2     6       0.000797133       0.279516407       0.000000000  C
  2     6       0.010006791      -0.269189697       0.000000000  C
  2     6      -0.055653918       0.089955483       0.000000000  C
  2     6       0.032654066       0.037845207       0.000000000  C
  2     6      -0.014757896       0.050334578       0.000000000  C
  2     6      -0.062641489       0.035384703       0.000000000  C
  2     6       0.071140161      -0.007020078       0.000000000  C
